Frequenze (Hz),Parte Reale,Parte Immaginaria,Ampiezza,Fase
4275000000.0,-0.7794551387,0.0457841861,0.7807986327745943,3.0829213623805707
4275150150.0,-0.7791867059,0.0550398844,0.7811282298867828,3.0710721821465063
4275300300.0,-0.7782950675,0.058823139,0.7805148132973793,3.066156588979034
4275450450.0,-0.7778830974,0.0605246918,0.7802341645545283,3.06394217298116
4275600601.0,-0.7777651147,0.0614265129,0.7801870225345702,3.0627780212517406
4275750751.0,-0.7775646873,0.0619016725,0.780024781653919,3.0621505221199152
4275900901.0,-0.7773696143,0.0623782138,0.77986829579988,3.061521545269867
4276051051.0,-0.777201948,0.0627363572,0.7797299009847709,3.0610465002383074
4276201201.0,-0.7770243927,0.0628737059,0.7795639869468083,3.0608525593373437
4276351351.0,-0.7769056734,0.0630623163,0.7794608913205516,3.0605990880439107
4276501502.0,-0.7768386477,0.063188997,0.7794043455756651,3.0604301280739787
4276651652.0,-0.7767763133,0.0633435616,0.7793547636988644,3.060225972705191
4276801802.0,-0.7767211076,0.0634041903,0.779304671061947,3.060142674008718
4276951952.0,-0.7766277156,0.0634009661,0.7792113263681989,3.060137046706638
4277102102.0,-0.7765533319,0.0634403904,0.7791403984001188,3.0600788468579174
4277252252.0,-0.7764504278,0.0634791323,0.7790409919050242,3.0600185264378688
4277402402.0,-0.7764522272,0.0634260079,0.7790384583587457,3.0600866801539635
4277552553.0,-0.776411919,0.0634104077,0.7789970139672827,3.0601024269256807
4277702703.0,-0.7763952232,0.0633634146,0.7789765496582997,3.0601608088046155
4277852853.0,-0.776383157,0.0633397776,0.7789626010918009,3.060189792462782
4278003003.0,-0.7762904656,0.0632663507,0.7788642488343911,3.0602740776777244
4278153153.0,-0.7762904707,0.0631577997,0.7788554439448779,3.0604129901100747
4278303303.0,-0.7762536023,0.0630587502,0.7788106708697001,3.0605359129590397
4278453453.0,-0.776283932,0.0630068438,0.7788367001156393,3.060605493284722
4278603604.0,-0.7762650449,0.0629225289,0.7788110583297918,3.060711437598149
4278753754.0,-0.7762395329,0.0627815946,0.7787742555178163,3.0608891686652355
4278903904.0,-0.7763123326,0.0626482185,0.7788360784067958,3.0610673971930384
4279054054.0,-0.7763146347,0.0624860359,0.7788253441766584,3.0612752001897885
4279204204.0,-0.7762970137,0.062403793,0.7788011857080887,3.0613786463855566
4279354354.0,-0.7763277872,0.0622114346,0.7788164711752305,3.061628006428445
4279504505.0,-0.7763944472,0.0620622741,0.7788710185322453,3.061825739588343
4279654655.0,-0.7764215824,0.0618936857,0.7788846525295324,3.0620442758476645
4279804805.0,-0.7764001121,0.0617229926,0.7788497042975573,3.0622605527366042
4279954955.0,-0.7764055233,0.0615779026,0.7788436137629697,3.0624468064356467
4280105105.0,-0.7765168564,0.0613649189,0.778937790548733,3.062730679343024
4280255255.0,-0.7764796281,0.0612221389,0.7788894421840659,3.0629096564593623
4280405405.0,-0.776516642,0.0609779536,0.7789071871078094,3.0632259190143882
4280555556.0,-0.7765541584,0.0607884411,0.7789297757177476,3.063472241474046
4280705706.0,-0.7765923803,0.0605561696,0.7789497896633928,3.0637733468705104
4280855856.0,-0.7766851239,0.0603135219,0.7790234287950139,3.0640931361192227
4281006006.0,-0.7766968115,0.0600947584,0.7790181750006998,3.064374274287279
4281156156.0,-0.7767916086,0.0598588652,0.779094530165889,3.0646855370061754
4281306306.0,-0.7768073476,0.0596489194,0.7790941206753745,3.06495576683782
4281456456.0,-0.7768190558,0.0594024092,0.7790869602764301,3.0652723978039202
4281606607.0,-0.776889856,0.0591197114,0.7791360527094867,3.0656411050711996
4281756757.0,-0.7770016979,0.058918494,0.7792323321543523,3.06590947651643
4281906907.0,-0.7769998141,0.0586621679,0.7792111145602084,3.066237307964884
4282057057.0,-0.7770223938,0.0584743729,0.7792195151256996,3.0664798095340635
4282207207.0,-0.7771017485,0.0582620252,0.7792827414373827,3.066759174006491
4282357357.0,-0.7771629731,0.0580866974,0.7793307071920563,3.066989390115773
4282507508.0,-0.7772662588,0.0578721824,0.7794177484280734,3.067273726246842
4282657658.0,-0.777266628,0.0576867352,0.7794043690027181,3.0675110391456863
4282807808.0,-0.7773450155,0.0574347351,0.7794639324039968,3.067840894926689
4282957958.0,-0.7774020218,0.0571542037,0.7795001645280832,3.0682051915864625
4283108108.0,-0.7775132744,0.0570027263,0.7796000273690621,3.0684094333648453
4283258258.0,-0.7775400619,0.056713163,0.7796056251188292,3.0687823743368683
4283408408.0,-0.7776450033,0.0565127907,0.7796957398050595,3.0690484723405813
4283558559.0,-0.7776951889,0.0563109695,0.7797311922221892,3.069311290937674
4283708709.0,-0.7777997921,0.0560495024,0.7798166857089497,3.069655395722108
4283858859.0,-0.7778768946,0.0557927992,0.7798751820612777,3.0699908096980257
4284009009.0,-0.7779414267,0.0555654752,0.7799233202118226,3.0702874519337695
4284159159.0,-0.7779543503,0.0553156004,0.7799184488126356,3.0706082041576592
4284309309.0,-0.7780829377,0.0550809007,0.780030104266358,3.070920023780585
4284459459.0,-0.7780944968,0.0547931546,0.7800213687723334,3.071289044499677
4284609610.0,-0.7782497437,0.0545002315,0.7801557144587671,3.07167756300733
4284759760.0,-0.7783114309,0.0542567432,0.780200280474364,3.071994408317556
4284909910.0,-0.7783621277,0.0539893301,0.7802323048953549,3.072340832404715
4285060060.0,-0.7784298584,0.0537410891,0.7802827366450562,3.0726642186563886
4285210210.0,-0.7785675251,0.0534509117,0.7804001480662984,3.0730473169729575
4285360360.0,-0.7786367804,0.0532113372,0.7804528699404532,3.0733596424560905
4285510511.0,-0.7787097426,0.0528658193,0.7805021832579448,3.073807672555498
4285660661.0,-0.7788250729,0.0526645098,0.7806036412739596,3.074074977057427
4285810811.0,-0.7788982421,0.0523292616,0.7806540995639948,3.074509767351301
4285960961.0,-0.7789898038,0.0520171789,0.7807246001792676,3.0749164643934153
4286111111.0,-0.7789991171,0.0517698039,0.7807174501946424,3.0752334111247
4286261261.0,-0.7790510156,0.0514710056,0.7807494792344511,3.0756196836596463
4286411411.0,-0.7791952374,0.0512190454,0.780876820374718,3.0759538207692554
4286561562.0,-0.779258223,0.0509008418,0.7809188650615801,3.0763657069709662
4286711712.0,-0.7793393757,0.0506003074,0.7809803157733493,3.076756478541514
4286861862.0,-0.779449521,0.0503211982,0.7810721981836334,3.0771222055002965
4287012012.0,-0.7795292853,0.0499787552,0.7811298116265122,3.077566268010227
4287162162.0,-0.7795951089,0.0497143243,0.7811786273711079,3.0779094682057195
4287312312.0,-0.779704126,0.0494362155,0.7812697763924996,3.0782735971252504
4287462462.0,-0.7797930238,0.0491365246,0.7813395919937206,3.0786635882379145
4287612613.0,-0.7798353823,0.0488222766,0.7813621683824947,3.0790683810817283
4287762763.0,-0.7799244946,0.048481963,0.7814299188112769,3.079510156704147
4287912913.0,-0.7800116934,0.0481852858,0.7814986011557303,3.0798959740312815
4288063063.0,-0.7800701961,0.0479311222,0.7815413637926297,3.080225178816251
4288213213.0,-0.7801390894,0.0476441955,0.7815925845187526,3.0805969988136126
4288363363.0,-0.7802323747,0.0472635726,0.7816625895006851,3.081090308283273
4288513514.0,-0.7802997716,0.046969376,0.781712131056466,3.0814711818613283
4288663664.0,-0.7803797714,0.0466464205,0.7817726499154208,3.0818896907692754
4288813814.0,-0.7804655069,0.0464058115,0.7818439146029389,3.0822034310583835
4288963964.0,-0.7805308964,0.0460891001,0.7818904561273371,3.082612739276048
4289114114.0,-0.7805371839,0.0457807029,0.7818786147533135,3.0830069585051865
4289264264.0,-0.7806938823,0.0454891964,0.7820180335834744,3.0833908133590127
4289414414.0,-0.7807506266,0.0451551394,0.7820553225639003,3.0838214633621734
4289564565.0,-0.7808242116,0.0448500691,0.7821112312958026,3.0842163050142797
4289714715.0,-0.7809029407,0.0445316159,0.7821716356456381,3.0846285468640993
4289864865.0,-0.7809895218,0.0442225514,0.7822405430644198,3.085029309202132
4290015015.0,-0.7810342679,0.0439522786,0.7822699856368138,3.0853774884860403
4290165165.0,-0.781087072,0.0436538476,0.7823059966891582,3.0857621543562987
4290315315.0,-0.7811544144,0.0433654398,0.7823571949599839,3.086135022711421
4290465465.0,-0.7812237969,0.0430473383,0.7824089047151541,3.086545879849105
4290615616.0,-0.7812537789,0.0427579233,0.7824229719598338,3.086917323712293
4290765766.0,-0.781363932,0.042476242,0.782517619843121,3.0872844464875775
4290915916.0,-0.7814399629,0.042110853,0.7825737917650584,3.0877559386160778
4291066066.0,-0.7814819119,0.0418403229,0.7826011699756497,3.088104002821798
4291216216.0,-0.7815420238,0.041568521,0.7826467127021791,3.088454897993087
4291366366.0,-0.7815903073,0.0412651811,0.7826788764471188,3.0888451937182158
4291516517.0,-0.781661805,0.0409670458,0.782734614181229,3.089230369257312
4291666667.0,-0.7817268535,0.0406939601,0.7827853293666348,3.0895831044687414
4291816817.0,-0.7817662279,0.0403932023,0.7828090737063819,3.0899694030658615
4291966967.0,-0.7818174976,0.0401281502,0.782846643980799,3.090310906145959
4292117117.0,-0.7818640248,0.0398544305,0.7828791279034933,3.0906631250374397
4292267267.0,-0.7819470264,0.0395277335,0.7829454603045153,3.091085247429355
4292417417.0,-0.7819478278,0.039270721,0.7829333272565413,3.0914131491874963
4292567568.0,-0.7820440727,0.0389747384,0.783014662620408,3.091796842565456
4292717718.0,-0.7820612248,0.0386981087,0.7830180731966747,3.0921507814683755
4292867868.0,-0.7821446093,0.0384176327,0.7830875457822846,3.0925137731572754
4293018018.0,-0.7821744109,0.0381446032,0.7831039648859195,3.092863870715051
4293168168.0,-0.7822293164,0.0378879875,0.7831463484128695,3.093194569464737
4293318318.0,-0.7822748155,0.0375890731,0.7831773907500625,3.0935786020022262
4293468468.0,-0.7822900064,0.0373379366,0.7831805511009947,3.093899825732012
4293618619.0,-0.7823546299,0.0370840881,0.7832330410013195,3.0942274941939045
4293768769.0,-0.782394864,0.0368106124,0.783260329902416,3.0945786851950494
4293918919.0,-0.7824257635,0.0365765642,0.7832802311032973,3.0948790141896265
4294069069.0,-0.7824576739,0.0362948966,0.7832990048277882,3.0952401156932146
4294219219.0,-0.782502927,0.0360717855,0.7833339035639435,3.095527309068116
4294369369.0,-0.7825348906,0.0358278351,0.7833546379350204,3.0958402752498797
4294519520.0,-0.7825508524,0.0355852729,0.78335952680703,3.0961505266735294
4294669670.0,-0.7826027493,0.0353136586,0.7833990794579963,3.0964998906375287
4294819820.0,-0.7826234719,0.0350673466,0.783408716805203,3.0968151740186327
4294969970.0,-0.7826531995,0.0348175633,0.7834272738434221,3.097135387044312
4295120120.0,-0.7826870122,0.0346180183,0.7834522105767411,3.0973917531146924
4295270270.0,-0.7827025595,0.0343633285,0.7834565303789675,3.097717397256782
4295420420.0,-0.7827429324,0.0341587636,0.7834879190854392,3.097980501300113
4295570571.0,-0.782762514,0.033907796,0.7834965806901634,3.098301603779311
4295720721.0,-0.7827681266,0.0337240244,0.783494256419666,3.098536247903345
4295870871.0,-0.7827970497,0.0334904957,0.7835131360234211,3.0988356139280877
4296021021.0,-0.7828240131,0.0332603884,0.7835302731372337,3.099130496627891
4296171171.0,-0.7828306934,0.0330870551,0.783529608722169,3.0993518802676325
4296321321.0,-0.7828597483,0.0328764263,0.7835497718170804,3.0996220199115223
4296471471.0,-0.7828698404,0.0326730988,0.7835513501954521,3.0998818266132173
4296621622.0,-0.7828783393,0.0324832071,0.7835519465157542,3.100124415421641
4296771772.0,-0.7828955333,0.0322845894,0.7835609170790857,3.10037858807097
4296921922.0,-0.7828986476,0.0321116841,0.7835569236945376,3.1005992316326423
4297072072.0,-0.7829099636,0.0319208788,0.7835604339216712,3.1008431295469876
4297222222.0,-0.7829178833,0.0317509162,0.783561441541435,3.1010602716025772
4297372372.0,-0.7829103487,0.0315795995,0.7835469897881913,3.101278344909348
4297522523.0,-0.7829275503,0.0313980051,0.7835568797113702,3.1015107978959375
4297672673.0,-0.7829227324,0.0312243266,0.7835451253631187,3.1017320307819136
4297822823.0,-0.7829338095,0.031076889,0.7835503321983219,3.1019206107670994
4297972973.0,-0.7829272156,0.0309369744,0.7835382066703546,3.1020987041712957
4298123123.0,-0.7829166857,0.0307653348,0.7835209266974485,3.102317064644344
4298273273.0,-0.7829176335,0.0306181056,0.7835161065579782,3.1025048755575475
4298423423.0,-0.7829103945,0.0304873718,0.7835037751379486,3.102671244963758
4298573574.0,-0.7829031176,0.0303369814,0.7834906661781386,3.102862687382498
4298723724.0,-0.7829040932,0.0301957714,0.783486186068239,3.103042833355451
4298873874.0,-0.7828797552,0.0300645396,0.7834568192589633,3.1032090152116423
4299024024.0,-0.7828576878,0.0299647338,0.7834309443845495,3.1033352362509588
4299174174.0,-0.782850992,0.0298406995,0.7834195191734971,3.103493117739568
4299324324.0,-0.7828359201,0.0297321922,0.783400332557902,3.103630792512837
4299474474.0,-0.7828194146,0.0296171204,0.7833794800066407,3.1037767785504027
4299624625.0,-0.7828044648,0.0295170494,0.7833607638349629,3.1039037114471757
4299774775.0,-0.7827878409,0.0294095942,0.7833401101002632,3.104039990058967
4299924925.0,-0.7827721788,0.0293211171,0.7833211421960288,3.104152111004162
4300075075.0,-0.7827423337,0.0292346035,0.7832880843009961,3.104261056634944
4300225225.0,-0.7827324224,0.0291476508,0.7832749393561182,3.104371518738876
4300375375.0,-0.7827033502,0.0290459291,0.7832421084259873,3.10449992015348
4300525526.0,-0.7826806446,0.0289755862,0.783216812911409,3.104588596103062
4300675676.0,-0.782656495,0.0288959867,0.7831897389605227,3.104689020783533
4300825826.0,-0.7826280833,0.0288388838,0.7831592417820668,3.1047605461654784
4300975976.0,-0.7826036923,0.0287688138,0.7831322901330606,3.1048488126166056
4301126126.0,-0.782573592,0.0287088986,0.7831000113361049,3.104923859233795
4301276276.0,-0.7825465566,0.0286526071,0.7830709323810608,3.104994430779535
4301426426.0,-0.7825230389,0.0286082007,0.7830458068060785,3.105050003709546
4301576577.0,-0.7824870853,0.0285578699,0.7830080399296772,3.1051125620088804
4301726727.0,-0.7824649042,0.0285131267,0.782984242944215,3.105168635221799
4301876877.0,-0.782428529,0.0285007408,0.7829474409047217,3.1051827524486804
4302027027.0,-0.7824033465,0.0284624789,0.7829208831801155,3.1052304199107676
4302177177.0,-0.7823642912,0.0284277739,0.7828805927303267,3.1052729068930107
4302327327.0,-0.7823365995,0.0284143355,0.7828524314193129,3.105288777065464
4302477477.0,-0.7822955652,0.0283840578,0.7828103257295354,3.1053255271845277
4302627628.0,-0.7822648408,0.0283753166,0.7827793046216792,3.1053352635309945
4302777778.0,-0.7822482737,0.0283551424,0.7827620173508386,3.105360252470582
4302927928.0,-0.7821945706,0.0283592877,0.7827084996823337,3.1053524744205085
4303078078.0,-0.7821649357,0.028355767,0.7826787566816564,3.1053555978594143
4303228228.0,-0.7821389641,0.0283680188,0.7826532461148156,3.1053387517206708
4303378378.0,-0.782078713,0.0283788063,0.7825934257165398,3.1053221859406586
4303528529.0,-0.7820517175,0.028393581,0.7825669838976747,3.1053020676533745
4303678679.0,-0.782027473,0.0284070127,0.782543242828985,3.1052837906951622
4303828829.0,-0.7819737207,0.0284316912,0.7824904222608056,3.105249779428214
4303978979.0,-0.7819502537,0.0284601779,0.7824680063667742,3.10521230753204
4304129129.0,-0.7819082076,0.0284932645,0.7824271922895522,3.105168093806485
4304279279.0,-0.781862871,0.0285312393,0.7823832696730909,3.1051174784451976
4304429429.0,-0.7818264334,0.0285747002,0.7823484424823025,3.1050602651078556
4304579580.0,-0.7817815093,0.028609384,0.7823048159996495,3.1050138618687124
4304729730.0,-0.7817494763,0.0286827095,0.7822754895301179,3.104918693454668
4304879880.0,-0.781699845,0.0287296295,0.7822276134759187,3.104856424854274
4305030030.0,-0.7816893886,0.0287795159,0.7822189979700571,3.1047922014281615
4305180180.0,-0.7816268644,0.0288575596,0.7821593916190251,3.104689548106809
4305330330.0,-0.7815570439,0.0289239633,0.7820920716403449,3.1046014069522854
4305480480.0,-0.781497464,0.029005978,0.7820355701617208,3.1044937877729892
4305630631.0,-0.7814669811,0.0291062611,0.7820088343393373,3.1043641924100447
4305780781.0,-0.7814370711,0.0291784797,0.781981636464022,3.104270479460066
4305930931.0,-0.7813820996,0.0292757481,0.7819303389702429,3.1041435476375563
4306081081.0,-0.7813274981,0.0293568738,0.7818788175456057,3.1040372484034493
4306231231.0,-0.7812905392,0.0294619025,0.7818458354064094,3.103901233964611
4306381381.0,-0.7812371891,0.0295571117,0.78179611695436,3.1037769663430055
4306531532.0,-0.781179838,0.0296851923,0.7817436599932195,3.103610470222517
4306681682.0,-0.7811308544,0.0298014082,0.7816991336993901,3.1034595270616636
4306831832.0,-0.7810870011,0.029886898,0.7816585763358921,3.1033480979650436
4306981982.0,-0.7810614487,0.0300258295,0.7816383672021902,3.103169234033632
4307132132.0,-0.7809998424,0.0301619233,0.7815820465222956,3.1029922086089394
4307282282.0,-0.7809674548,0.0302991277,0.7815549901294028,3.1028151870767293
4307432432.0,-0.7809012239,0.0304329618,0.7814940093515997,3.1026407761254617
4307582583.0,-0.7808500471,0.0305844304,0.7814487849110553,3.102444542361852
4307732733.0,-0.7808136228,0.0307250808,0.7814179062065492,3.10226286209429
4307882883.0,-0.7807499575,0.030872273,0.781360092003961,3.102071424530773
4308033033.0,-0.7806996627,0.0310246213,0.7813158711217264,3.1018740440108172
4308183183.0,-0.7806662904,0.0311841548,0.7812888764583095,3.1016683162218754
4308333333.0,-0.7805954163,0.0313405055,0.7812243155672804,3.1014647191800284
4308483483.0,-0.7805359166,0.0315041781,0.7811714474687095,3.101252310237265
4308633634.0,-0.7804773005,0.0316840882,0.7811201559560684,3.1010191480474503
4308783784.0,-0.7804178481,0.0318500817,0.7810675037007566,3.10080371414484
4308933934.0,-0.7803728174,0.0320129977,0.7810291711316254,3.100592945140837
4309084084.0,-0.7803195408,0.032185402,0.7809830253316806,3.1003695816034895
4309234234.0,-0.7802318485,0.0323805809,0.7809034763869018,3.1001152262112326
4309384384.0,-0.7801992606,0.0325720519,0.7808788797283245,3.0998685072844645
4309534535.0,-0.7801674358,0.0327416314,0.7808541748044129,3.099649824469156
4309684685.0,-0.7800829233,0.0329439242,0.7807782459610212,3.099386422476568
4309834835.0,-0.7800346238,0.0331391552,0.7807382518707389,3.099133975419967
4309984985.0,-0.7799745189,0.0333610962,0.7806876538494458,3.0988466746165524
4310135135.0,-0.7799398361,0.0335465419,0.7806609497144988,3.0986074434861757
4310285285.0,-0.779859622,0.0337556708,0.7805898252841507,3.098335363736988
4310435435.0,-0.7797895979,0.0339725108,0.780529274584304,3.0980539325656684
4310585586.0,-0.7797367356,0.0341821558,0.7804856158951808,3.097782630755775
4310735736.0,-0.7796901548,0.0343900151,0.7804482113699962,3.097513939111035
4310885886.0,-0.7796281977,0.0346051959,0.7803958266368598,3.0972349756756317
4311036036.0,-0.7795473203,0.0348385608,0.7803254128282162,3.0969316128607405
4311186186.0,-0.7795138968,0.035056294,0.780301774349729,3.0966509415460988
4311336336.0,-0.7794460761,0.0352929209,0.7802446897053134,3.0963440699517086
4311486486.0,-0.779407514,0.0355134194,0.7802161725042236,3.0960595115097282
4311636637.0,-0.7793289189,0.0357370241,0.7801478697819836,3.0957686046172013
4311786787.0,-0.7792710438,0.0359731966,0.7801009105101492,3.0954627778650337
4311936937.0,-0.7792099224,0.0362104396,0.7800508311018194,3.0951553502728295
4312087087.0,-0.7791389152,0.0364632296,0.7799916770657845,3.0948273805035345
4312237237.0,-0.7790888688,0.0366853064,0.7799520992943896,3.0945399608169155
4312387387.0,-0.7790330957,0.0369550633,0.7799091234877512,3.0941910975406914
4312537538.0,-0.7789734384,0.0372041374,0.7798613758690687,3.0938684490145665
4312687688.0,-0.7789222562,0.0374532123,0.7798221748035171,3.0935462819584054
4312837838.0,-0.7788384223,0.0377124161,0.7797509309894107,3.0932090831975385
4312987988.0,-0.7788169967,0.0379484744,0.7797409833131097,3.0929053691405204
4313138138.0,-0.7787260289,0.0382229498,0.7796635312606182,3.0925480645222287
4313288288.0,-0.7786942915,0.0384805064,0.7796445016720681,3.0922161147292058
4313438438.0,-0.7786341843,0.0387347218,0.779597057224724,3.0918866211133578
4313588589.0,-0.7785761319,0.0390005634,0.7795523312195811,3.0915423239795725
4313738739.0,-0.7784964268,0.0392675141,0.779486128294764,3.0911951670436
4313888889.0,-0.7784567532,0.0395540041,0.7794609905845375,3.0908255207604096
4314039039.0,-0.7784043516,0.0398183802,0.7794221179768818,3.090483351068104
4314189189.0,-0.7783548133,0.0400814813,0.7793861305735945,3.090142969960266
4314339339.0,-0.7782725941,0.0403655173,0.7793186804600799,3.089773559536867
4314489489.0,-0.7782381837,0.0406410973,0.7792986393921286,3.0894181214593313
4314639640.0,-0.7782016307,0.0409399388,0.7792777788523724,3.089032711881475
4314789790.0,-0.7781457667,0.0411989806,0.7792356448697725,3.0886969739846855
4314939940.0,-0.7780683383,0.0414935198,0.7791739544224487,3.08831423407602
4315090090.0,-0.7780274335,0.0417812415,0.7791484835510355,3.087942685186957
4315240240.0,-0.7779765131,0.0420669604,0.7791130111174692,3.087572984805254
4315390390.0,-0.7779183154,0.042362287,0.7790709010062206,3.0871904289898078
4315540541.0,-0.7778610347,0.0426576068,0.7790298201753627,3.086807905043488
4315690691.0,-0.7778034697,0.0429474526,0.7789882676665857,3.086432337056812
4315840841.0,-0.777772592,0.0432411195,0.7789736833051626,3.086053732975046
4315990991.0,-0.7777328993,0.0435506233,0.7789512946541668,3.08565418303355
4316141141.0,-0.7776630399,0.0438446717,0.7788980413783242,3.0852722405373267
4316291291.0,-0.7776341819,0.0441436871,0.7788861187426984,3.0848868623361225
4316441441.0,-0.7775708317,0.0444461037,0.778840069876185,3.0844945854992214
4316591592.0,-0.7775324985,0.0447548953,0.7788194828565643,3.0840959360627136
4316741742.0,-0.7774889967,0.0450502322,0.7787930812551217,3.0837141289966246
4316891892.0,-0.7774233452,0.0453512796,0.7787450136105628,3.0833233194362677
4317042042.0,-0.7774180425,0.0456741714,0.7787585907953815,3.0829090028324218
4317192192.0,-0.777358744,0.0459709633,0.7787168589031495,3.0825240633457844
4317342342.0,-0.7773210781,0.0462830394,0.7786977450812659,3.0821211401131343
4317492492.0,-0.777283716,0.0465927677,0.7786789204548399,3.081721230214922
4317642643.0,-0.7772299707,0.0468936835,0.7786433361344082,3.0813313308723815
4317792793.0,-0.7771924169,0.0472017498,0.7786244653689255,3.08093348980356
4317942943.0,-0.7771569078,0.0475004506,0.7786071873213481,3.080547795871428
4318093093.0,-0.7771195738,0.047841312,0.7785907931108452,3.080107893243364
4318243243.0,-0.7770802666,0.0481317432,0.7785694608977402,3.0797324640796706
4318393393.0,-0.7770514083,0.0484723615,0.7785617900786038,3.079293512610995
4318543544.0,-0.7770073323,0.0487735533,0.7785366105389461,3.0789038692423887
4318693694.0,-0.7769788289,0.0490643898,0.7785264381543262,3.0785287363294453
4318843844.0,-0.7769252433,0.0493924236,0.7784937027271615,3.0781038660978477
4318993994.0,-0.7769123437,0.0497046862,0.778500703675769,3.077702515257655
4319144144.0,-0.7768783371,0.0500069057,0.7784861214388795,3.0773123039291916
4319294294.0,-0.7768282373,0.0503151799,0.77845598950422,3.076912980450139
4319444444.0,-0.7767997724,0.0506157006,0.7784470666319712,3.076525372675089
4319594595.0,-0.7767818276,0.0509407259,0.7784503614520422,3.076107228724194
4319744745.0,-0.776734805,0.0512382821,0.7784229691182983,3.075721839892344
4319894895.0,-0.7767083042,0.0515496621,0.7784170845220857,3.0753204495674527
4320045045.0,-0.7766941342,0.0518490388,0.7784228291392613,3.074935494380297
4320195195.0,-0.7766612038,0.0521848465,0.778412412344699,3.074502233840427
4320345345.0,-0.7766190424,0.0524618153,0.7783889638753008,3.0741435799775103
4320495495.0,-0.776592272,0.0527753503,0.7783834495474642,3.0737393751418955
4320645646.0,-0.7765683648,0.0531028417,0.7783818709378842,3.073317527264424
4320795796.0,-0.7765402686,0.0533868601,0.7783732688040469,3.0729510276919543
4320945946.0,-0.7765050567,0.0536996763,0.7783596587152979,3.0725469796981435
4321096096.0,-0.7764997733,0.0539991767,0.778375108170366,3.0721626517705927
4321246246.0,-0.776464238,0.0542737026,0.7783587525600479,3.0718076358793187
4321396396.0,-0.7764675875,0.0546095,0.7783855804987141,3.0713775835541175
4321546547.0,-0.7764122872,0.0548873408,0.7783499597836635,3.071016517289097
4321696697.0,-0.7763868744,0.0551837429,0.7783455686396978,3.0706343524947433
4321846847.0,-0.7763514177,0.0554934087,0.7783322183836059,3.070234265785897
4321996997.0,-0.776343352,0.0557748465,0.7783442899493093,3.0698728619220916
4322147147.0,-0.7762964014,0.0560434158,0.7783167525378865,3.0695243620624857
4322297297.0,-0.7762991806,0.0563344281,0.7783405331791384,3.0691517015532805
4322447447.0,-0.7762651213,0.0566275161,0.778327832039019,3.068772960816794
4322597598.0,-0.7762540273,0.0569344354,0.7783391579727863,3.0683786429149373
4322747748.0,-0.7762129581,0.0572208817,0.7783192054837641,3.068007737141377
4322897898.0,-0.7762074214,0.0574723899,0.7783322148268403,3.067684951278146
4323048048.0,-0.7761667397,0.0577376534,0.7783112773413129,3.067341202810922
4323198198.0,-0.7761414309,0.0580151353,0.7783066726447723,3.066983252868423
4323348348.0,-0.7761244613,0.0583108697,0.7783118507085612,3.066602715691737
4323498498.0,-0.7761110578,0.0585689832,0.7783178655488494,3.066270727576569
4323648649.0,-0.7760853265,0.0588337454,0.7783121761905075,3.0659290294542125
4323798799.0,-0.7760311563,0.0590922086,0.7782777426250482,3.0655926218986806
4323948949.0,-0.7760279986,0.0593801555,0.7782965100000937,3.0652234111081498
4324099099.0,-0.7760014912,0.0596302699,0.7782892029528422,3.0649003849445364
4324249249.0,-0.7759800458,0.0598442827,0.7782842473361823,3.06462410180441
4324399399.0,-0.7759668025,0.0601466398,0.7782943510403406,3.064235456743398
4324549550.0,-0.7759465041,0.0603721156,0.7782915710497134,3.0639446015282386
4324699700.0,-0.7759399433,0.0606331911,0.7783053253520602,3.063609517374872
4324849850.0,-0.7758904308,0.060863887,0.7782739706220158,3.063309042192639
4325000000.0,-0.7758771893,0.061147881,0.778283030925677,3.0629439310829984
4325150150.0,-0.77586291,0.0613385333,0.7782837983544713,3.062698281814708
4325300300.0,-0.7758509467,0.0615891109,0.7782916613177471,3.0623761133506098
4325450450.0,-0.7757952636,0.061852547,0.7782570453228037,3.0620330179882926
4325600601.0,-0.7758068123,0.0620638325,0.7782853778118124,3.061763580415498
4325750751.0,-0.7757901175,0.0622546618,0.7782839773029484,3.0615174583076428
4325900901.0,-0.7757588598,0.0625359919,0.7782753746850231,3.0611539251158932
4326051051.0,-0.7757441847,0.0627134375,0.778275025514075,3.0609251486449027
4326201201.0,-0.7757251614,0.062956438,0.7782756832348701,3.0606119650208834
4326351351.0,-0.7757200381,0.0631890812,0.7782894304131116,3.060313496065702
4326501502.0,-0.775657518,0.0633491047,0.7782401263724532,3.0601020302305812
4326651652.0,-0.7756822595,0.0635807529,0.7782836756879565,3.0598079658541963
4326801802.0,-0.7756858358,0.0637996556,0.77830515346837,3.0595280257071615
4326951952.0,-0.775657559,0.063976902,0.7782915217470611,3.0592980761179804
4327102102.0,-0.7756598331,0.0641792435,0.7783104470460049,3.0590392208165404
4327252252.0,-0.7756237657,0.0643871409,0.7782916740091242,3.0587691890262922
4327402402.0,-0.7756263918,0.0645729795,0.7783096872956128,3.0585315145967398
4327552553.0,-0.7755964978,0.0647871568,0.7782976956703991,3.058254089797434
4327702703.0,-0.7756044815,0.0649611849,0.7783201573044963,3.058032125186573
4327852853.0,-0.7755863806,0.0651436125,0.778317367159283,3.0577966147722053
4328003003.0,-0.7755670765,0.0652804825,0.7783095987755706,3.0576193004213246
4328153153.0,-0.7755720891,0.0654738834,0.7783308389100454,3.0573722345502525
4328303303.0,-0.7755608821,0.0656391149,0.7783335886678574,3.057159486966519
4328453453.0,-0.7755619654,0.0658323801,0.7783509905208201,3.0569121880412924
4328603604.0,-0.7755994525,0.0659656328,0.7783996245046655,3.0567456866885485
4328753754.0,-0.7755682402,0.0660796444,0.778378195102455,3.0565963421221833
4328903904.0,-0.7755514531,0.0662805638,0.7783785515693294,3.0563373175068134
4329054054.0,-0.7755531442,0.0663953158,0.7783900162763444,3.0561906157069614
4329204204.0,-0.775522837,0.066580272,0.7783756184054859,3.0559505423170026
4329354354.0,-0.7755672066,0.066684677,0.778428762379655,3.0558217866834454
4329504505.0,-0.7755402714,0.0668746991,0.7784182281671603,3.0555756066930115
4329654655.0,-0.7755564786,0.0669980994,0.7784449863809545,3.055419459898042
4329804805.0,-0.775490812,0.0670663006,0.7783854367680506,3.055324905416128
4329954955.0,-0.7755516341,0.0671799197,0.7784558296821206,3.0551862256160405
4330105105.0,-0.7755455747,0.0673325971,0.7784629837500202,3.0549901588429322
4330255255.0,-0.7755506369,0.0674123731,0.778474931158974,3.0548886280513043
4330405405.0,-0.7755697847,0.0675861167,0.7785090713088644,3.0546684214560273
4330555556.0,-0.77554556,0.0676548036,0.7784909043051614,3.0545778222816873
4330705706.0,-0.7755693917,0.0677372951,0.7785218188910139,3.0544749243227645
4330855856.0,-0.7755838497,0.0678716003,0.7785479189123526,3.0543046870007076
4331006006.0,-0.7756030799,0.0679222421,0.7785714922357848,3.0542420433463486
4331156156.0,-0.7756255094,0.0680903674,0.7786085209941364,3.054029449268952
4331306306.0,-0.7755799846,0.0681414298,0.7785676380169706,3.0539590019860836
4331456456.0,-0.7756257365,0.0682585836,0.778623475985823,3.053814259417989
4331606607.0,-0.7756193136,0.0683158232,0.778622097893984,3.05374030532268
4331756757.0,-0.7756539542,0.0683083427,0.7786559486374688,3.053753778533927
4331906907.0,-0.7756755439,0.0684358843,0.7786886538691082,3.0535930520296124
4332057057.0,-0.7756962312,0.0685083644,0.778715634291907,3.0535026704934185
4332207207.0,-0.7756346122,0.0685963004,0.7786619960362849,3.053383214252209
4332357357.0,-0.7756612768,0.0685450903,0.7786840474359554,3.0534517401444474
4332507508.0,-0.7756662148,0.0685752969,0.7786916258231386,3.0534136574636546
4332657658.0,-0.775746601,0.0686907724,0.7787818765071269,3.05327504656309
4332807808.0,-0.7757227321,0.0687209848,0.7787607661204884,3.0532336988805096
4332957958.0,-0.775787368,0.0688008696,0.7788322027279584,3.05313885248331
4333108108.0,-0.7757788972,0.068785907,0.7788224433994316,3.053157028392654
4333258258.0,-0.7757697946,0.0688058393,0.7788151370739423,3.0531305030322904
4333408408.0,-0.7757781986,0.0688538181,0.7788277484078292,3.0530700933646093
4333558559.0,-0.7758717268,0.0688427185,0.7789199293496631,3.053094902956532
4333708709.0,-0.7758564157,0.0688617626,0.7789063615937605,3.0530688114976736
4333858859.0,-0.7758574944,0.068879212,0.7789089789329604,3.0530466192926125
4334009009.0,-0.7758974511,0.0689050304,0.7789510625436632,3.0530181401390695
4334159159.0,-0.7758919358,0.0688816414,0.7789435002369746,3.0530474226671602
4334309309.0,-0.7759313471,0.06886642,0.7789814113417836,3.0530713602005846
4334459459.0,-0.7759251896,0.0688987335,0.778978135337379,3.053029341901418
4334609610.0,-0.7760167307,0.0688511493,0.7790651109414715,3.053100573815011
4334759760.0,-0.7759672553,0.0688547867,0.7790161506344511,3.053090310052884
4334909910.0,-0.7760547568,0.0687625998,0.7790951679244085,3.0532180994266565
4335060060.0,-0.7760649913,0.0687928705,0.7791080347121949,3.053180557423376
4335210210.0,-0.7760549479,0.0687174908,0.7790913782746667,3.053275794621672
4335360360.0,-0.7760724952,0.0686500117,0.7791029084224781,3.053364054869366
4335510511.0,-0.7761738122,0.068612141,0.779200495788911,3.0534239250334454
4335660661.0,-0.7761181742,0.0686066663,0.7791445918341094,3.053424636398064
4335810811.0,-0.7761843877,0.0684950061,0.7792007248263203,3.0535748632001014
4335960961.0,-0.7762517907,0.0684723277,0.7792658739003094,3.0536114561233805
4336111111.0,-0.7762073737,0.0683322406,0.7792093313684505,3.053785533150159
4336261261.0,-0.7762611217,0.0683250384,0.7792622407991444,3.0538007884099154
4336411411.0,-0.7762983363,0.0681915734,0.7792876218861143,3.0539755813056155
4336561562.0,-0.7763467093,0.0681045873,0.7793282029108417,3.054092201374113
4336711712.0,-0.7763474914,0.0680126426,0.7793209524685631,3.0542098182453197
4336861862.0,-0.7763979248,0.0678425826,0.7793563714037272,3.054432838880465
4337012012.0,-0.7764445826,0.0678372326,0.7794023864318833,3.0544448881500927
4337162162.0,-0.7765136598,0.0677293776,0.7794618223146491,3.054590447557747
4337312312.0,-0.7765449848,0.0675768906,0.7794797941968711,3.0547888262161798
4337462462.0,-0.7766057072,0.0674654715,0.7795306371787637,3.054937972269131
4337612613.0,-0.7765779437,0.0672750111,0.7794865167274065,3.0551783137386663
4337762763.0,-0.7766711285,0.0672485547,0.7795770712089359,3.0552224404411574
4337912913.0,-0.7766766383,0.0670413652,0.77956471516409,3.0554878353112858
4338063063.0,-0.7767273663,0.0669857567,0.7796104752759586,3.0555644954093264
4338213213.0,-0.7766880991,0.0667993826,0.7795553609586126,3.05579836070428
4338363363.0,-0.776689984,0.0665878501,0.7795391414334885,3.056068925676126
4338513514.0,-0.7768383565,0.066453765,0.7796755318799585,3.0562565279924985
4338663664.0,-0.7767817996,0.0663224444,0.7796079981766514,3.056418176211688
4338813814.0,-0.7768620296,0.0661609141,0.7796742137513455,3.056633355853377
4338963964.0,-0.7768784543,0.0659988921,0.7796768474913082,3.0568422005332576
4339114114.0,-0.7769007001,0.0658683643,0.7796879755590871,3.057011425150941
4339264264.0,-0.7769787469,0.0657076653,0.7797521852572592,3.057225234043154
4339414414.0,-0.7770035954,0.0655464661,0.7797633785211546,3.0574339124279173
4339564565.0,-0.777095771,0.0653608426,0.7798396482941005,3.057681033437463
4339714715.0,-0.7771873139,0.0651628414,0.7799143009244148,3.057943853382862
4339864865.0,-0.7771604453,0.0649375876,0.7798687376874405,3.0582288004278033
4340015015.0,-0.7772059548,0.0647862047,0.7799014992266716,3.0584270903915134
4340165165.0,-0.7771785463,0.0645613298,0.7798555367082584,3.058711528789673
4340315315.0,-0.7772741068,0.0643804957,0.7799358212880824,3.0589527338340434
4340465465.0,-0.7772228404,0.0641569552,0.7798663081195255,3.05923296877364
4340615616.0,-0.7773965142,0.0639329869,0.7800210042712096,3.059537443504773
4340765766.0,-0.7773496267,0.0637148151,0.7799564217274298,3.059811298145113
4340915916.0,-0.7774517926,0.0634905832,0.7800399630608867,3.060108498846021
4341066066.0,-0.7775274161,0.0632925675,0.7800992448963686,3.0603693810200028
4341216216.0,-0.7775263361,0.0630623329,0.7800795223308201,3.060663438145338
4341366366.0,-0.7775794108,0.0627777516,0.7801094706488484,3.061032540809219
4341516517.0,-0.7775600857,0.0625514218,0.7800720269584039,3.061319745850737
4341666667.0,-0.7776456162,0.0623573062,0.7801417422696969,3.061576556789913
4341816817.0,-0.7777358041,0.0621261111,0.7802131982089787,3.0618811711728506
4341966967.0,-0.7776962791,0.0618292882,0.7801502184869936,3.0622563978197572
4342117117.0,-0.7777887957,0.0616479885,0.7802280981883135,3.062497432015548
4342267267.0,-0.7778166819,0.0613606363,0.7802332461059748,3.0628673947121805
4342417417.0,-0.7778273552,0.0610594199,0.7802202556047565,3.063253340678789
4342567568.0,-0.7778301095,0.0607696428,0.7802003772947188,3.063623891541165
4342717718.0,-0.7779321742,0.0605625491,0.7802860308944594,3.0638986809599733
4342867868.0,-0.7779798757,0.06035017,0.7803171342558206,3.0641747748833184
4343018018.0,-0.7779512744,0.0599466372,0.7802575117563255,3.064687569803009
4343168168.0,-0.7781015899,0.0597528649,0.7803925224325675,3.0649499354594867
4343318318.0,-0.7781159154,0.0594031665,0.7803801086579583,3.065398138454908
4343468468.0,-0.7780400329,0.0591514589,0.7802853246633769,3.0657123838404763
4343618619.0,-0.7781140889,0.0588731236,0.7803381190401363,3.066075237301458
4343768769.0,-0.7781646005,0.0585515006,0.780364289094418,3.0664910908225336
4343918919.0,-0.7782398157,0.0582480002,0.7804165812359891,3.06688612134836
4344069069.0,-0.7782182927,0.0579301691,0.7803714600014902,3.0672902086395117
4344219219.0,-0.7782382207,0.0576514042,0.780370689201314,3.067648339833813
4344369369.0,-0.778297249,0.0573283875,0.7804057610078992,3.0680667053426274
4344519520.0,-0.7784237217,0.0570476041,0.7805113193534283,3.068437379570637
4344669670.0,-0.7783798739,0.0566715351,0.7804401905227398,3.0689138521135395
4344819820.0,-0.7784344985,0.0563926724,0.7804744723278015,3.069275290047954
4344969970.0,-0.7785029373,0.0560907095,0.7805209741428741,3.069667487900187
4345120120.0,-0.7784527581,0.055681558,0.7804416265774171,3.07018576832879
4345270270.0,-0.7785350793,0.055407026,0.7805042012896676,3.0705441337258823
4345420420.0,-0.7785770631,0.0550949642,0.7805239895516477,3.070946754138242
4345570571.0,-0.7785739139,0.0547123642,0.7804939347630564,3.0714354489939866
4345720721.0,-0.7786555581,0.0543438247,0.7805496329145551,3.0719137736510604
4345870871.0,-0.7787120575,0.0540206363,0.780583562241827,3.0723318426563977
4346021021.0,-0.7787409511,0.0537110716,0.7805910248859852,3.072730030810555
4346171171.0,-0.7787768502,0.0533087073,0.7805992574179342,3.073247429239985
4346321321.0,-0.7787628589,0.0529536511,0.7805611312171019,3.073700016206303
4346471471.0,-0.7788690338,0.0526093667,0.7806437838586308,3.0741492533708286
4346621622.0,-0.7788686427,0.052279787,0.7806212517668896,3.0745704615698233
4346771772.0,-0.778877103,0.0519280418,0.7806062151320954,3.075020780935718
4346921922.0,-0.7789075492,0.0515292382,0.7806101668504086,3.0755331309060865
4347072072.0,-0.7789367034,0.0511449336,0.7806139840770263,3.0760268331900247
4347222222.0,-0.7789384226,0.0507871559,0.780592340089875,3.076484333973029
4347372372.0,-0.7790586873,0.0503879876,0.7806864848016628,3.0770045777209987
4347522523.0,-0.7790436558,0.0500439881,0.7806493568736106,3.0774430742867613
4347672673.0,-0.7791594167,0.0496850184,0.7807419533275335,3.0779114137624712
4347822823.0,-0.7791271747,0.0492545367,0.7806824986776225,3.0784590849702496
4347972973.0,-0.7791914183,0.0488855529,0.7807234232650538,3.078935952865512
4348123123.0,-0.7791753925,0.0484769206,0.780681948112282,3.079457070329372
4348273273.0,-0.779208213,0.0480884767,0.780690681895192,3.079956285085358
4348423423.0,-0.7792841156,0.0476776653,0.7807412456088977,3.0804874555889734
4348573574.0,-0.7792784929,0.0473042713,0.7807129200799224,3.0809643962944353
4348723724.0,-0.7792651666,0.0468953334,0.7806749465499856,3.081486225656327
4348873874.0,-0.7793097844,0.0464216478,0.7806911741822381,3.082095314683088
4349024024.0,-0.7793171061,0.0461040293,0.7806796611784977,3.082502001165265
4349174174.0,-0.7793175656,0.0456409947,0.7806529116386588,3.083094138338535
4349324324.0,-0.7794277065,0.0452458476,0.7807398647340179,3.0836076392134317
4349474474.0,-0.7794875226,0.0448195981,0.7807749959257987,3.084157092817181
4349624625.0,-0.7794826933,0.0444305498,0.7807479381399302,3.0846542181345615
4349774775.0,-0.7794096149,0.0439957799,0.7806503547988534,3.0852049213127533
4349924925.0,-0.7795125906,0.0436042216,0.7807312002509348,3.085713085296382
4350075075.0,-0.7795820821,0.0431275861,0.7807741103636724,3.086327568664227
4350225225.0,-0.7795405851,0.0427590488,0.7807124054812573,3.086795964564245
4350375375.0,-0.7795752314,0.0423568461,0.7807250756981632,3.087312787440504
4350525526.0,-0.7795746649,0.0418994364,0.7806998276703954,3.087897782219365
4350675676.0,-0.7796059839,0.0414986267,0.780709693900795,3.0884125867956778
4350825826.0,-0.7795734835,0.0410490042,0.7806534678858068,3.088985516194868
4350975976.0,-0.7796501497,0.0406818244,0.7807108086633263,3.089460343966165
4351126126.0,-0.7796568429,0.0402360029,0.7806943887400268,3.090031072563535
4351276276.0,-0.7797153469,0.0397749522,0.7807291905737224,3.0906246883997843
4351426426.0,-0.7796816254,0.039328245,0.7806728814562254,3.091193952652227
4351576577.0,-0.7797422373,0.0388464209,0.7807092935570509,3.091814242187585
4351726727.0,-0.7797505612,0.0384663828,0.7806987897373935,3.09230096197028
4351876877.0,-0.7797363387,0.0380234136,0.7806628836258823,3.092866802155429
4352027027.0,-0.7797677952,0.0375790526,0.7806727865279938,3.0934372918300497
4352177177.0,-0.7797772754,0.0371462948,0.7806615441070579,3.0939915813284626
4352327327.0,-0.7798161518,0.0366877076,0.7806786909459639,3.0945807067162976
4352477477.0,-0.7798387208,0.0362438638,0.7806805032291594,3.0951499716839863
4352627628.0,-0.7798464816,0.0358132151,0.7806683810938535,3.0957014794439472
4352777778.0,-0.7797932257,0.0353861014,0.7805957026655362,3.0962449373820657
4352927928.0,-0.7798860877,0.0349325822,0.7806680441052853,3.096830669863447
4353078078.0,-0.7798427659,0.0344540161,0.7806034965025338,3.097440644394128
4353228228.0,-0.7798337815,0.0340468856,0.7805766568298397,3.0979612046731644
4353378378.0,-0.7799385227,0.0336150869,0.7806625860503069,3.098519648676759
4353528529.0,-0.7799672365,0.0331135471,0.7806698386738089,3.0991630846590823
4353678679.0,-0.7798795993,0.0326709939,0.7805636317730557,3.0997247783054216
4353828829.0,-0.7798762526,0.0322224009,0.780541640458201,3.100298815367553
4353978979.0,-0.7798894939,0.0317788043,0.7805366840183335,3.100867353796544
4354129129.0,-0.7798950267,0.0313031427,0.7805229909581718,3.1014765510883717
4354279279.0,-0.7798997453,0.03085574,0.78050989065479,3.1020495508878883
4354429429.0,-0.7799410784,0.030422365,0.7805341799485453,3.102606439062632
4354579580.0,-0.779958435,0.0299838683,0.7805345557282399,3.1031686691622524
4354729730.0,-0.7798945197,0.0295183157,0.7804529408105646,3.103761598854029
4354879880.0,-0.7799360256,0.0290946128,0.7804785074060052,3.104306097634176
4355030030.0,-0.7799889606,0.0286211985,0.780513902285824,3.1049147460921387
4355180180.0,-0.7799485683,0.0282020352,0.780458278181891,3.105449560375749
4355330330.0,-0.7799904288,0.0277200054,0.7804828426807241,3.106068699751964
4355480480.0,-0.7799291851,0.0272593472,0.7804054111681442,3.1066558207859973
4355630631.0,-0.7799636205,0.0268296184,0.780424934075634,3.1072076604173775
4355780781.0,-0.7799450883,0.0263566495,0.7803902957726734,3.107812552934306
4355930931.0,-0.7799044195,0.0259366338,0.7803355768696614,3.108348735804069
4356081081.0,-0.7798788427,0.0255089467,0.7802959154403122,3.1088954523602106
4356231231.0,-0.7799474433,0.025038199,0.7803492331766402,3.1095012564532754
4356381381.0,-0.7799498161,0.0245906168,0.7803373719546106,3.1100746339701937
4356531532.0,-0.7799121493,0.0241224042,0.7802851087968639,3.1106728679972395
4356681682.0,-0.7798982304,0.0237343472,0.7802592960151526,3.1111694224556996
4356831832.0,-0.7798764705,0.0232163894,0.7802219619930663,3.111832126498007
4356981982.0,-0.7798692823,0.0227998362,0.7802024929503006,3.1123655199128915
4357132132.0,-0.7798795941,0.0223823822,0.7802007128467184,3.112900737411812
4357282282.0,-0.7798733276,0.0219468636,0.7801820761359326,3.1134585041303993
4357432432.0,-0.7798219287,0.0215202444,0.7801188123615682,3.1140032987319715
4357582583.0,-0.7798704979,0.0210559703,0.7801546945190219,3.1145998948540674
4357732733.0,-0.7798034657,0.0206508581,0.7800768571480616,3.115116709927766
4357882883.0,-0.7798261164,0.0201841,0.7800872833935419,3.1157156097983445
4358033033.0,-0.7797514737,0.0197705469,0.7800020738831704,3.1162431511494897
4358183183.0,-0.7797379388,0.0193049885,0.7799768815708948,3.11683940700917
4358333333.0,-0.7797398502,0.0188894031,0.7799686170221163,3.117372127693308
4358483483.0,-0.7797131287,0.018473379,0.7799319385682447,3.117904552296827
4358633634.0,-0.7796716257,0.0180496706,0.7798805258053629,3.1184464385217034
4358783784.0,-0.7795957104,0.0176238433,0.779794890677506,3.118990115157923
4358933934.0,-0.7795731827,0.0172138148,0.7797632093174031,3.1195151651242767
4359084084.0,-0.7795212082,0.016797063,0.7797021581084752,3.120048064617521
4359234234.0,-0.7795700015,0.016339288,0.7797412132054179,3.1206363622866924
4359384384.0,-0.7795392742,0.0159277562,0.7797019773207129,3.121163227147531
4359534535.0,-0.7795179043,0.0155102672,0.7796721949081418,3.121698022872306
4359684685.0,-0.7794450662,0.0151077248,0.7795914664567302,3.122212412502838
4359834835.0,-0.7794367508,0.0146494859,0.7795744069264944,3.1227999019390853
4359984985.0,-0.7793876195,0.0142506381,0.7795178908249213,3.1233102868013347
4360135135.0,-0.7793472182,0.0138389678,0.7794700786725862,3.12383739225745
4360285285.0,-0.779309509,0.0134117715,0.7794249075007734,3.1243845385966957
4360435435.0,-0.7793025728,0.0129827834,0.7794107085725155,3.1249347045741906
4360585586.0,-0.7792805971,0.0125672788,0.7793819253183701,3.1254672816146547
4360735736.0,-0.7792673459,0.0121898876,0.7793626817764184,3.1259511750409916
4360885886.0,-0.7791821185,0.0117613617,0.7792708793604354,3.1264993034067428
4361036036.0,-0.7791759519,0.0113686694,0.7792588855208503,3.1270030570682836
4361186186.0,-0.7791438862,0.0109596179,0.7792209626462525,3.1275273501705545
4361336336.0,-0.7791234496,0.0105569113,0.7791949679591108,3.1280437541044934
4361486486.0,-0.7790573786,0.0101835764,0.7791239339023018,3.1285217338834563
4361636637.0,-0.7790290044,0.0097483124,0.7790899943466758,3.129079892732547
4361786787.0,-0.7790632233,0.0094000194,0.7791199306033096,3.1295274411702954
4361936937.0,-0.7789412253,0.0089895098,0.7789930960915569,3.1300524879856333
4362087087.0,-0.7788958859,0.0085855047,0.7789432020134072,3.1305704397476477
4362237237.0,-0.7788371969,0.0082058735,0.7788804244779473,3.131056985914582
4362387387.0,-0.7788029249,0.007805922,0.7788420431968637,3.1315700145217735
4362537538.0,-0.7787232093,0.0074215631,0.7787585738220408,3.132062517174316
4362687688.0,-0.7787192595,0.007018181,0.7787508844173322,3.132580431396168
4362837838.0,-0.7786730081,0.0066644497,0.7787015271805408,3.133034135559549
4362987988.0,-0.7786322747,0.0063131288,0.7786578676156439,3.1334848591012454
4363138138.0,-0.7785736956,0.0059079163,0.7785961102877725,3.134004671944207
4363288288.0,-0.7785588861,0.0055243215,0.778578484966871,3.1344971995526847
4363438438.0,-0.7784948692,0.0051699896,0.7785120359783716,3.1349517445708814
4363588589.0,-0.7784532154,0.0048073748,0.7784680593441624,3.135417184604984
4363738739.0,-0.7783977156,0.0044678408,0.7784105377323156,3.1358529248537246
4363888889.0,-0.7783399687,0.0040916064,0.7783507230798012,3.136335864942732
4364039039.0,-0.7782947341,0.0037252624,0.7783036494246566,3.136806248403484
4364189189.0,-0.7782172362,0.0033825837,0.778224587501098,3.137246100672713
4364339339.0,-0.7781632849,0.0030188656,0.7781691406859239,3.1377131972934866
4364489489.0,-0.7781227112,0.0026688987,0.7781272882411395,3.138162746975188
4364639640.0,-0.7780870165,0.0023496103,0.778090564082635,3.1385729358610854
4364789790.0,-0.7780108566,0.0019827135,0.778013383008473,3.1390442197332162
4364939940.0,-0.7779621006,0.0016536425,0.777963858095916,3.139467048745765
4365090090.0,-0.7778999557,0.0013358793,0.7779011027447937,3.1398753659398744
4365240240.0,-0.7778491692,0.0010043521,0.7778498176050895,3.1403014629816064
4365390390.0,-0.7777850705,0.0006628764,0.7777853529720212,3.1407403921301067
4365540541.0,-0.777726363,0.0003591097,0.7777264459081897,3.1411309106277914
4365690691.0,-0.7776655609,1.36811e-05,0.7776655610203426,3.141575061065852
4365840841.0,-0.7775986837,-0.0002944812,0.7775987394608802,3.141971359459665
4365990991.0,-0.7775413444,-0.0006207079,0.7775415921541796,3.14239094910503
4366141141.0,-0.7774714439,-0.0009486215,0.7774720226237734,3.1428127897590312
4366291291.0,-0.7773941832,-0.0012422952,0.7773951758086481,3.1431906770499274
4366441441.0,-0.7773435585,-0.0015365603,0.7773450771433486,3.143569332089218
4366591592.0,-0.7772584408,-0.0018413942,0.7772606220100481,3.1439617378716243
4366741742.0,-0.7772054917,-0.0021384923,0.7772084337408826,3.14434416130061
4366891892.0,-0.7771238521,-0.0024444678,0.7771276966661065,3.1447381750292465
4367042042.0,-0.7770637724,-0.002713552,0.777068510326455,3.1450846977003932
4367192192.0,-0.7769894091,-0.0030112958,0.7769952443586525,3.1454682285822972
4367342342.0,-0.7769139954,-0.0032988496,0.7769209989806393,3.145838721744592
4367492492.0,-0.7768601377,-0.0035636193,0.7768683111890832,3.1461798297513472
4367642643.0,-0.7767837048,-0.0038594864,0.7767932927607482,3.1465611597744654
4367792793.0,-0.7767105941,-0.0041135195,0.776721486782651,3.146888681573227
4367942943.0,-0.7766331836,-0.0043983869,0.7766456384194746,3.1472559962964444
4368093093.0,-0.7765650266,-0.0046606614,0.7765790122730232,3.1475942185368466
4368243243.0,-0.7764847958,-0.004919439,0.7765003792585309,3.147928094036196
4368393393.0,-0.7764225689,-0.0051942244,0.7764399432437726,3.1482824989399028
4368543544.0,-0.7763536575,-0.0054348778,0.776372680747029,3.14859305729408
4368693694.0,-0.7762722881,-0.0056976062,0.7762931971803049,3.1489322224219456
4368843844.0,-0.7761870993,-0.0059434234,0.7762098539708574,3.1492497085055864
4368993994.0,-0.7761296999,-0.006176161,0.7761542733449079,3.1495501259546064
4369144144.0,-0.7760436276,-0.0064159723,0.7760701493029621,3.149860005959958
4369294294.0,-0.7759722894,-0.0066530373,0.7760008098075624,3.150166251353628
4369444444.0,-0.7759130218,-0.0069026022,0.7759437243228008,3.1504885219701086
4369594595.0,-0.7758252864,-0.0071298285,0.7758580472432323,3.150782387304732
4369744745.0,-0.7757529959,-0.0073577549,0.7757878880241648,3.151077031116099
4369894895.0,-0.77566262,-0.0075799171,0.7756996552845097,3.151364525581009
4370045045.0,-0.7755925315,-0.0077999701,0.7756317518333937,3.1516491031284306
4370195195.0,-0.7755220255,-0.0080165538,0.7755634578617349,3.1519292630264015
4370345345.0,-0.7754442571,-0.0082229787,0.775487854997144,3.1521964725264677
4370495495.0,-0.775364594,-0.0084377372,0.7754105035643,3.15247450738069
4370645646.0,-0.7752975421,-0.0086421945,0.7753457076118221,3.1527391310571904
4370795796.0,-0.7752277398,-0.0088619915,0.7752783909337101,3.153023624195557
4370945946.0,-0.7751583978,-0.0090453167,0.7752111708651175,3.1532611154245243
4371096096.0,-0.7750838917,-0.0092420199,0.77513899018476,3.1535159847650984
4371246246.0,-0.7749965866,-0.0094365655,0.775054035542095,3.1537683190635586
4371396396.0,-0.7749367287,-0.0096298726,0.7749965599501392,3.154018670581755
4371546547.0,-0.774856077,-0.0098182177,0.7749182779252497,3.15426299662267
4371696697.0,-0.7747801398,-0.0100111909,0.7748448160578633,3.1545132658806114
4371846847.0,-0.7747021224,-0.0101820277,0.7747690314791552,3.1547350488110313
4371996997.0,-0.774623776,-0.0103589056,0.7746930368021439,3.1549646781579384
4372147147.0,-0.7745648547,-0.0105375596,0.7746365304442825,3.1551963040827786
4372297297.0,-0.7744907095,-0.0106938849,0.7745645346102982,3.155399411046532
4372447447.0,-0.7744371532,-0.0108680167,0.7745134072716312,3.1556251716575
4372597598.0,-0.7743575667,-0.0110291125,0.7744361060979031,3.155834610114338
4372747748.0,-0.7742832632,-0.0111836242,0.7743640262317764,3.1560354900847702
4372897898.0,-0.7742068052,-0.0113305254,0.774289711944974,3.1562266202385354
4373048048.0,-0.7741376958,-0.0114877079,0.7742229262243072,3.156430924417669
4373198198.0,-0.7740811123,-0.0116439778,0.7741686835816933,3.1566338417816837
4373348348.0,-0.7739802657,-0.0117779096,0.774069874654471,3.1568088045992777
4373498498.0,-0.7739156279,-0.0119186832,0.7740073992650672,3.156991930503591
4373648649.0,-0.7738359259,-0.0120335985,0.7739294849702844,3.1571419816157973
4373798799.0,-0.7738087002,-0.0121635789,0.7739042945719258,3.1573104624120587
4373948949.0,-0.7737060476,-0.0122946371,0.7738037258854691,3.1574818953156765
4374099099.0,-0.7736286858,-0.0124129709,0.7737282632418175,3.157636404382152
4374249249.0,-0.7735617667,-0.0125330374,0.7736632884701813,3.157792964267132
4374399399.0,-0.7734909521,-0.0126481355,0.7735943564376557,3.1579432111819243
4374549550.0,-0.773405782,-0.0127530403,0.7735109201995307,3.1580806149234686
4374699700.0,-0.7733260296,-0.0128641967,0.7734330194746254,3.1582260136635316
4374849850.0,-0.7732877525,-0.0129643716,0.7733964204064331,3.1583563448724
4375000000.0,-0.7732185311,-0.0130282879,0.7733282828928779,3.1584404846518894
4375150150.0,-0.7731355875,-0.0131167782,0.773246847086568,3.1585567154461436
4375300300.0,-0.7730428835,-0.0132082429,0.7731557135600177,3.1586770328660934
4375450450.0,-0.7729861969,-0.0132920765,0.7731004720575505,3.158786707840158
4375600601.0,-0.7729108134,-0.0133738059,0.773026509348095,3.158894095365065
4375750751.0,-0.7728401012,-0.0134379926,0.7729569209651622,3.1589787061029977
4375900901.0,-0.7727621217,-0.0135289795,0.7728805405886456,3.1590981667849194
4376051051.0,-0.7727052977,-0.0135756866,0.7728245443568074,3.1591598814735993
4376201201.0,-0.7726310429,-0.0136491185,0.772751594555824,3.15925658131093
4376351351.0,-0.7725642621,-0.0137087307,0.7726858794953629,3.159335245166281
4376501502.0,-0.77249184,-0.0137614338,0.7726144057204846,3.1594051114446353
4376651652.0,-0.7723964235,-0.0138061792,0.7725198027362755,3.159465223579068
4376801802.0,-0.7723340176,-0.0138622254,0.7724584105537317,3.1595392114372656
4376951952.0,-0.7722684307,-0.0138917101,0.772393363944398,3.159578902285579
4377102102.0,-0.7722108241,-0.0139530442,0.772336872290614,3.1596596445787335
4377252252.0,-0.7721279086,-0.0139679727,0.7722542401957777,3.1596809122064866
4377402402.0,-0.7720541388,-0.0139964389,0.772180997914408,3.1597194988044657
4377552553.0,-0.7719848725,-0.0140170535,0.7721121169607837,3.1597478194635467
4377702703.0,-0.7719449496,-0.0140496722,0.7720727935252439,3.1597909994483446
4377852853.0,-0.7718463072,-0.0140706339,0.7719745492415049,3.159820473552774
4378003003.0,-0.7717925649,-0.014067479,0.7719207583685881,3.159817656132522
4378153153.0,-0.7717162938,-0.0140980817,0.7718450583012291,3.1598590991417033
4378303303.0,-0.7716446707,-0.0140872903,0.7717732500985687,3.1598468139620848
4378453453.0,-0.7715811854,-0.0141134803,0.7717102539097479,3.159882247524145
4378603604.0,-0.7714970011,-0.0140927028,0.7716257039384461,3.1598573203942633
4378753754.0,-0.7714432404,-0.0140958849,0.7715720103334271,3.159862716437493
4378903904.0,-0.7713750802,-0.0140960549,0.7715038646159202,3.1598645507685355
4379054054.0,-0.7713180089,-0.014096974,0.7714468196378913,3.15986709363919
4379204204.0,-0.7712292763,-0.0140684522,0.7713575811318156,3.1598322257776847
4379354354.0,-0.7711501086,-0.0140503516,0.7712780966511854,3.159810633456615
4379504505.0,-0.7710957925,-0.014040081,0.7712236025211427,3.1597986013808885
4379654655.0,-0.7710360426,-0.0140036463,0.7711632000413171,3.1597527733143393
4379804805.0,-0.770959801,-0.0139804114,0.7710865493969355,3.1597244411014067
4379954955.0,-0.7708966434,-0.0139480405,0.771022815900526,3.1596839488086785
4380105105.0,-0.7708179773,-0.0139236559,0.7709437218905704,3.159654170350181
4380255255.0,-0.7707560204,-0.013898997,0.7708813301024038,3.1596236391875316
4380405405.0,-0.77068522,-0.0138590953,0.7708098227507112,3.1595735377476135
4380555556.0,-0.7706214622,-0.0138042969,0.7707450918534412,3.1595039386252686
4380705706.0,-0.7705859439,-0.0137759185,0.7707090714833793,3.1594679487755597
4380855856.0,-0.7704867728,-0.0137036743,0.7706086281304404,3.1593765145019304
4381006006.0,-0.7704141657,-0.0136531884,0.7705351362947137,3.1593126799693554
4381156156.0,-0.7703495941,-0.013599858,0.7704696316323278,3.1592449577974673
4381306306.0,-0.7702838846,-0.013521005,0.770402544421211,3.1591441262883824
4381456456.0,-0.7702320937,-0.0134693195,0.7703498560610488,3.159078223012129
4381606607.0,-0.770127099,-0.0134047739,0.7702437514043629,3.1589968202946257
4381756757.0,-0.7700789564,-0.0133375103,0.770194448351269,3.1589105880792365
4381906907.0,-0.7700215526,-0.0132497825,0.770135538853267,3.1587979837708784
4382057057.0,-0.7699528984,-0.013173192,0.770065580805966,3.158700072623974
4382207207.0,-0.7699009001,-0.0131044715,0.7700124175284997,3.1586119949131857
4382357357.0,-0.7698678074,-0.0130280252,0.7699780323564404,3.158513456985096
4382507508.0,-0.7697762524,-0.0129427054,0.7698850514083643,3.158404663502272
4382657658.0,-0.7697364472,-0.012838317,0.7698435039223691,3.1582699549882958
4382807808.0,-0.7696701597,-0.0127576933,0.7697758852230695,3.158166669026076
4382957958.0,-0.7696134366,-0.0126648707,0.7697176370235452,3.1580473138749054
4383108108.0,-0.7695363893,-0.0125612642,0.7696389022231033,3.1579143622473933
4383258258.0,-0.7695111913,-0.012438059,0.7696117065427427,3.1577548304564047
4383408408.0,-0.7694556911,-0.0123490749,0.7695547805173225,3.157640380496968
4383558559.0,-0.7693898371,-0.012230203,0.769487036471821,3.157487291715684
4383708709.0,-0.7693353109,-0.0121219864,0.7694308046548964,3.1573477908114227
4383858859.0,-0.7692952119,-0.0120010919,0.7693888153976884,3.1571915008383913
4384009009.0,-0.7692451115,-0.0118817513,0.7693368687256593,3.157037414105296
4384159159.0,-0.769174202,-0.0117592012,0.7692640845868205,3.156879548490699
4384309309.0,-0.7691182339,-0.0116150357,0.7692059326160761,3.156693261431559
4384459459.0,-0.7690828052,-0.0114992575,0.7691687683319913,3.1565434503231304
4384609610.0,-0.769038488,-0.0113779402,0.7691226518238303,3.1563865947307344
4384759760.0,-0.7689882222,-0.011220383,0.7690700767010658,3.156182716875582
4384909910.0,-0.7689382247,-0.0110963407,0.7690182846862083,3.15602238303181
4385060060.0,-0.7688916213,-0.0109459853,0.7689695311906256,3.1558277494465417
4385210210.0,-0.7688511004,-0.0108100471,0.768927091280178,3.155651728039659
4385360360.0,-0.7688172835,-0.0106552656,0.7688911171897655,3.1554510614142846
4385510511.0,-0.7687688764,-0.0105105673,0.7688407230020314,3.155263748778721
4385660661.0,-0.7687444005,-0.0103571222,0.768814166935268,3.1550646159238283
4385810811.0,-0.7686895346,-0.0101923158,0.7687571033199833,3.15485121650792
4385960961.0,-0.7686395154,-0.0100615217,0.7687053654380633,3.154681945617868
4386111111.0,-0.7686023654,-0.0098926915,0.7686660272469373,3.154462956512757
4386261261.0,-0.7686008471,-0.0097221858,0.768662333576693,3.154241178975311
4386411411.0,-0.7685640624,-0.0095433701,0.7686233108133377,3.1540091587704278
4386561562.0,-0.7684769944,-0.0093752133,0.7685341798166676,3.1537917802971713
4386711712.0,-0.7684599676,-0.0092104828,0.7685151623730023,3.153577717458811
4386861862.0,-0.7684104263,-0.0090315112,0.7684635003961499,3.1533456114364222
4387012012.0,-0.7683888739,-0.008858439,0.7684399348516622,3.1531207312060574
4387162162.0,-0.7683699335,-0.0087061081,0.7684192547203924,3.152922789214783
4387312312.0,-0.7683385163,-0.0085180336,0.7683857316000188,3.152678502434058
4387462462.0,-0.768325337,-0.0083456054,0.7683706609479933,3.1524542987857402
4387612613.0,-0.7682783442,-0.0081709965,0.7683217941399922,3.1522277163901053
4387762763.0,-0.7682596594,-0.0079619699,0.7683009158045384,3.151955926955549
4387912913.0,-0.7682367976,-0.0077842232,0.7682762337320677,3.151724889953154
4388063063.0,-0.7682084643,-0.0075885991,0.7682459446417306,3.151470639361699
4388213213.0,-0.7681936505,-0.0074014617,0.7682293058090226,3.151227245960208
4388363363.0,-0.7681966839,-0.007199911,0.7682304236837828,3.150964862999599
4388513514.0,-0.768111997,-0.0069874667,0.7681437786158342,3.1506893399965854
4388663664.0,-0.7680968263,-0.0068199933,0.768127103336905,3.1504715004355806
4388813814.0,-0.768064161,-0.0066265791,0.7680927463289849,3.150220076954728
4388963964.0,-0.7680386912,-0.0064064028,0.7680654094392253,3.1499337102336082
4389114114.0,-0.7680210428,-0.0062136059,0.7680461777014974,3.149682888087358
4389264264.0,-0.7680052477,-0.0060096533,0.768028760156496,3.1494175098179604
4389414414.0,-0.767953722,-0.005808042,0.7679756848270178,3.1491555198135086
4389564565.0,-0.7679431778,-0.00562612,0.7679637866174529,3.1489187416495024
4389714715.0,-0.7679397081,-0.0054098969,0.7679587633858876,3.1486372266885794
4389864865.0,-0.7679103584,-0.0052061494,0.7679280060849399,3.148372181409847
4390015015.0,-0.7678935099,-0.004993899,0.7679097483257806,3.1480959363153507
4390165165.0,-0.7678595555,-0.004789564,0.767874492932255,3.1478301248190017
4390315315.0,-0.7678319141,-0.0045983767,0.7678456833106148,3.14758136237149
4390465465.0,-0.7678428913,-0.0043829047,0.7678554001721632,3.1473006664517342
4390615616.0,-0.7678063601,-0.0041872459,0.76781777762581,3.147046117649964
4390765766.0,-0.7677891902,-0.0039418306,0.767799308814778,3.146726609652185
4390915916.0,-0.7677720501,-0.0037718221,0.7677813149306976,3.1465052988942204
4391066066.0,-0.7677294055,-0.0035511715,0.7677376185184661,3.1462181715760247
4391216216.0,-0.7677477665,-0.0033193038,0.7677549418554434,3.1459160567484052
4391366366.0,-0.7677092187,-0.0031056919,0.7677155005593818,3.145638032859296
4391516517.0,-0.767687026,-0.0029309063,0.7676926208453903,3.1454104751246885
4391666667.0,-0.7676707256,-0.0026883586,0.7676754328589608,3.1450946076445927
4391816817.0,-0.7676355454,-0.0024620917,0.7676394938101444,3.1448000132178193
4391966967.0,-0.7676284445,-0.0022433751,0.7676317225970595,3.14451512048028
4392117117.0,-0.7676065445,-0.0020431241,0.7676092635679421,3.1442543287537026
4392267267.0,-0.7675881726,-0.0018321632,0.7675903592003999,3.143979558164317
4392417417.0,-0.7676254965,-0.0016152518,0.7676271959195095,3.1436968690221905
4392567568.0,-0.7675844404,-0.0013565143,0.767585639049629,3.1433599026589443
4392717718.0,-0.7675671894,-0.0011300631,0.7675680212763071,3.143064918557748
4392867868.0,-0.7675604712,-0.0009549286,0.7675610652172223,3.1428367615697494
4393018018.0,-0.7675042258,-0.000729919,0.7675045728870963,3.14254368259446
4393168168.0,-0.7675017822,-0.000475046,0.7675019292150856,3.142211604516493
4393318318.0,-0.7675047284,-0.0002760769,0.7675047780534088,3.141952360674163
4393468468.0,-0.7674595158,-9.43792e-05,0.7674595216031943,3.141715629717629
4393618619.0,-0.7674631467,0.0001443021,0.7674631602661862,3.1414046287980875
4393768769.0,-0.7674547305,0.000377062,0.7674548231280975,3.1411013386565783
4393918919.0,-0.7674243531,0.0005478705,0.7674245486645825,3.14087874556132
4394069069.0,-0.7674341329,0.0008251259,0.767434576477191,3.140517479126372
4394219219.0,-0.7674267039,0.0010180723,0.7674273791897357,3.140266049110696
4394369369.0,-0.7674251945,0.0012163505,0.7674261584425578,3.1400076789366693
4394519520.0,-0.7674227175,0.0014630714,0.7674241121524696,3.1396861819750486
4394669670.0,-0.7674162823,0.0016824654,0.7674181265965612,3.1394002806323575
4394819820.0,-0.7673580936,0.0019616856,0.7673606010369698,3.1390362443422655
4394969970.0,-0.7673769572,0.0021232532,0.7673798946061083,3.1388257633909675
4395120120.0,-0.7673342653,0.002382053,0.7673379626214161,3.1384883410939737
4395270270.0,-0.7673417588,0.0025833281,0.7673461072960165,3.1382260723883055
4395420420.0,-0.7673636261,0.0028296133,0.7673688431079073,3.1379052225221
4395570571.0,-0.7673621031,0.0030541894,0.7673681810884174,3.1376125596284723
4395720721.0,-0.7673528169,0.0032458487,0.7673596817256874,3.1373627488182874
4395870871.0,-0.7673446098,0.003456967,0.7673523967578086,3.137087580421038
4396021021.0,-0.7673163439,0.0036800239,0.7673251684859345,3.1367967233134033
4396171171.0,-0.7673444786,0.0038864601,0.7673543206433483,3.136527878933065
4396321321.0,-0.7673088357,0.0041640693,0.7673201345047742,3.1361658577173284
4396471471.0,-0.767347668,0.0043656308,0.7673600864765642,3.1359034674732555
4396621622.0,-0.7672522502,0.0045589963,0.7672657948092217,3.1356507451171125
4396771772.0,-0.7672733642,0.0047704913,0.7672881942256308,3.135375273900421
4396921922.0,-0.7672729305,0.005004734,0.767289252655391,3.135069990238644
4397072072.0,-0.7672773285,0.0051587147,0.7672946703629923,3.134869351885537
4397222222.0,-0.7672852135,0.0054318367,0.7673044400403768,3.134513479032774
4397372372.0,-0.7672603976,0.0056324913,0.7672810715008905,3.1342517428105214
4397522523.0,-0.7672683259,0.005832644,0.7672904949661631,3.1339909692049925
4397672673.0,-0.7673227395,0.006081573,0.7673468394956345,3.133667115416456
4397822823.0,-0.7673108496,0.0063133424,0.7673368218755916,3.1333649582012324
4397972973.0,-0.7673350205,0.0064884106,0.7673624522726205,3.1331370823039273
4398123123.0,-0.767304072,0.006728591,0.7673335733855429,3.1328237459526935
4398273273.0,-0.7673412062,0.0069016963,0.7673722435326211,3.1325985970430157
4398423423.0,-0.7673444694,0.0071824743,0.7673780832522112,3.1322327574302338
4398573574.0,-0.7672886097,0.0073401365,0.767323717982963,3.132026614801493
4398723724.0,-0.7673081632,0.0074993476,0.7673448100611506,3.1318193849254454
4398873874.0,-0.7673674649,0.0077388422,0.767406486723724,3.131508071940754
4399024024.0,-0.7673632284,0.0079464996,0.767404372646106,3.1312374329225503
4399174174.0,-0.7673773015,0.0081444959,0.7674205207517499,3.1309796342921326
4399324324.0,-0.7673876145,0.0084225829,0.7674338347966605,3.130617437732274
4399474474.0,-0.7673884385,0.008603156,0.7674366617751779,3.130382169869957
4399624625.0,-0.7673806777,0.0087817962,0.7674309248732485,3.1301492942180364
4399774775.0,-0.7673974896,0.0089856549,0.7674500954709459,3.1298839310685285
4399924925.0,-0.7673786759,0.0091022558,0.7674326571671848,3.129731718120384
4400075075.0,-0.767404251,0.0094028119,0.7674618539865663,3.1293405174014652
4400225225.0,-0.7674086415,0.0095411322,0.7674679512869143,3.1291603716025134
4400375375.0,-0.7674748302,0.0097898888,0.7675372674425882,3.1288373716185705
4400525526.0,-0.767452489,0.0100050316,0.7675177024210009,3.128556713255387
4400675676.0,-0.7675430862,0.0101908321,0.76761073613669,3.1283162219230025
4400825826.0,-0.7674684668,0.0103565731,0.7675383418036641,3.1280990118689225
4400975976.0,-0.767538545,0.0106058952,0.7676118179612078,3.127775470960148
4401126126.0,-0.7675105461,0.0106688866,0.7675846946858723,3.1276929103759876
4401276276.0,-0.7675117258,0.0108751404,0.7675887687552587,3.127424254176491
4401426426.0,-0.7675786913,0.0111061635,0.7676590351226966,3.127124575356988
4401576577.0,-0.7675596716,0.0112281726,0.7676417923267567,3.126965293383189
4401726727.0,-0.7675866576,0.0114325644,0.7676717921444683,3.1266995871019243
4401876877.0,-0.7676145795,0.0116560676,0.7677030718792635,3.1264090286848245
4402027027.0,-0.7676309257,0.0118245036,0.7677219919843545,3.1261899801195683
4402177177.0,-0.7676639924,0.0120196106,0.7677580844683324,3.1259365479939936
4402327327.0,-0.7676814891,0.0121891348,0.7677782516547118,3.12571613343277
4402477477.0,-0.7676909191,0.0123607076,0.767790423462663,3.1254928935176958
4402627628.0,-0.7676842947,0.0124818061,0.7677857590581857,3.1253350507190345
4402777778.0,-0.7677542825,0.012694693,0.7678592276761763,3.125059321812088
4402927928.0,-0.7677276036,0.0128183251,0.7678346064015141,3.124897755410395
4403078078.0,-0.7677265362,0.0130484015,0.767837414539924,3.1245981318758638
4403228228.0,-0.7678002105,0.0132338405,0.7679142515790573,3.124358313140713
4403378378.0,-0.7678281522,0.0133891285,0.7679448808819913,3.124156757781043
4403528529.0,-0.7678859583,0.0135631791,0.7680057322583003,3.1239314778277874
4403678679.0,-0.7678376953,0.0137390899,0.7679606037518435,3.12370134140721
4403828829.0,-0.7679193026,0.0138676345,0.7680445082104915,3.1235359030211796
4403978979.0,-0.7679456459,0.0140737951,0.7680745971357763,3.1232681538381653
4404129129.0,-0.76795606,0.0141468995,0.7680863524735919,3.123173240936822
4404279279.0,-0.7679409402,0.014292128,0.7680739238888588,3.12298382902874
4404429429.0,-0.7680068416,0.0144554433,0.7681428699046857,3.1227728516774413
4404579580.0,-0.7679582481,0.0146395559,0.7680977720458317,3.122532004130959
4404729730.0,-0.7680793635,0.0147677991,0.7682213200145015,3.122368104088517
4404879880.0,-0.7680358287,0.0148530003,0.7681794359293976,3.122256121994834
4405030030.0,-0.7680956195,0.0151017315,0.7682440647277315,3.1219339214833424
4405180180.0,-0.7681356128,0.0151984022,0.7682859565819646,3.1218091426127392
4405330330.0,-0.7682296184,0.0154039658,0.7683840372817341,3.1215440879957566
4405480480.0,-0.7681704694,0.0155284565,0.7683274061358795,3.1213805490482254
4405630631.0,-0.7682450302,0.0156440548,0.7684042964986494,3.121232101465321
4405780781.0,-0.7682518961,0.0157294497,0.7684129042702953,3.1211211748838705
4405930931.0,-0.7683672072,0.0158849243,0.7685313890273737,3.120921987703979
4406081081.0,-0.7682623589,0.0160256824,0.7684294857688493,3.120736030289441
4406231231.0,-0.7683571673,0.0161166016,0.7685261748232218,3.1206203254647624
4406381381.0,-0.7683315036,0.0161861739,0.7685019789497993,3.1205291153047745
4406531532.0,-0.7684294416,0.0163654431,0.7686036914077028,3.1202986107309254
4406681682.0,-0.7683930595,0.0165339119,0.768570923292371,3.120078455028698
4406831832.0,-0.7685024341,0.016666945,0.7686831455634094,3.1199084898234877
4406981982.0,-0.7685877311,0.0167537476,0.7687703092966652,3.1197980111234744
4407132132.0,-0.768497782,0.0168829781,0.7686832090584811,3.119627381583342
4407282282.0,-0.7685895464,0.0170280518,0.7687781509534862,3.119441341908514
4407432432.0,-0.7686322763,0.0170598633,0.7688215755986133,3.1194012061335363
4407582583.0,-0.7686157291,0.0172308412,0.768808845493068,3.119178390045489
4407732733.0,-0.7686650655,0.0172946225,0.7688596015447403,3.1190968933297065
4407882883.0,-0.7686381677,0.0173995744,0.7688350785666029,3.1189596332281826
4408033033.0,-0.7688187483,0.0175323539,0.7690186286240753,3.118792330703373
4408183183.0,-0.7686895893,0.0175840512,0.768890683748221,3.1187212822747736
4408333333.0,-0.7688494477,0.0177156723,0.7690535210722567,3.1185549338854397
4408483483.0,-0.7688323757,0.017802462,0.7690384578015376,3.118441597635151
4408633634.0,-0.7688619536,0.0178694958,0.7690695824005489,3.1183553490825466
4408783784.0,-0.7689571744,0.01799725,0.7691677561291779,3.1181921763108815
4408933934.0,-0.7690631499,0.0181278693,0.7692767695566193,3.1180256512136477
4409084084.0,-0.7690233281,0.0182256853,0.7692392701667374,3.117897307231141
4409234234.0,-0.769076285,0.0182964067,0.769293890946453,3.117807033756696
4409384384.0,-0.7691621618,0.0183365092,0.7693806981686576,3.117757580064637
4409534535.0,-0.7691458343,0.0184963782,0.7693682021162302,3.1175493407306796
4409684685.0,-0.7690976241,0.018505672,0.7693202293534446,3.117535757134808
4409834835.0,-0.7692741993,0.018640838,0.7695000159519155,3.117365673384813
4409984985.0,-0.7693263119,0.0186621392,0.7695526295330141,3.117339641972821
4410135135.0,-0.7693502782,0.0187291524,0.7695782167629486,3.1172533449691353
4410285285.0,-0.7693489809,0.0188121382,0.7695789439398173,3.1171455031501503
4410435435.0,-0.7694624968,0.0189085688,0.7696947888324011,3.117023861529788
4410585586.0,-0.7694689168,0.0189187472,0.7697014570058854,3.11701084659742
4410735736.0,-0.7695188832,0.0190222523,0.7697539591869209,3.1168780175451194
4410885886.0,-0.769565743,0.0190667916,0.7698019065584729,3.116821681372472
4411036036.0,-0.7696120006,0.0191157197,0.7698493633219315,3.116759633700082
4411186186.0,-0.7696111008,0.019157059,0.769849491383944,3.1167059233358407
4411336336.0,-0.7696018866,0.0191946701,0.7698412168873053,3.116656784967796
4411486486.0,-0.7697049659,0.01932553,0.7699475375899979,3.1164902163293604
4411636637.0,-0.7697527559,0.0193548465,0.7699960488851119,3.116453712577941
4411786787.0,-0.7698420106,0.0194583795,0.7700878844764515,3.1163222253060927
4411936937.0,-0.7698825544,0.0194332032,0.7701277796288623,3.1163562361709762
4412087087.0,-0.7699248911,0.0194778024,0.7701712294819122,3.1162997335598863
4412237237.0,-0.7701001331,0.0195330642,0.7703478146900132,3.116233773464554
4412387387.0,-0.7700687836,0.0195660024,0.7703173111939653,3.1161899960337895
4412537538.0,-0.7700389956,0.0196481272,0.7702896232243586,3.1160824327034415
4412687688.0,-0.770143002,0.0196629775,0.7703939746738272,3.116066606346908
4412837838.0,-0.770205806,0.0197012559,0.7704577360765137,3.1160190203931424
4412987988.0,-0.7702389783,0.0196988292,0.7704908354837704,3.116023269827547
4413138138.0,-0.7702186103,0.019724023,0.7704711186902258,3.115989905429426
4413288288.0,-0.7702981254,0.0197308982,0.770550783750515,3.115983627628922
4413438438.0,-0.7703841033,0.019793771,0.7706383457807854,3.1159049258419986
4413588589.0,-0.7704091507,0.0198481749,0.7706647841501234,3.115835190449075
4413738739.0,-0.7703309011,0.0198098004,0.7705855730426219,3.115882357803274
4413888889.0,-0.7705415204,0.0199155876,0.7707988487859831,3.1157521840870905
4414039039.0,-0.7705231051,0.019897958,0.7707799843181681,3.115774431560728
4414189189.0,-0.7706517351,0.0199012394,0.7709086561599219,3.1157744838659625
4414339339.0,-0.7706578807,0.0199214528,0.7709153217874697,3.115748478398967
4414489489.0,-0.7707698192,0.0199186684,0.7710271509748731,3.1157558401453533
4414639640.0,-0.7707676296,0.019914256,0.7710248481282794,3.1157614876434474
4414789790.0,-0.7709032938,0.0198899182,0.7711598389683502,3.115797580881354
4414939940.0,-0.770820802,0.0199033628,0.7710777215343935,3.115777391252084
4415090090.0,-0.7708315077,0.0200030296,0.7710910027073545,3.1156485384297183
4415240240.0,-0.7710149365,0.019974446,0.7712736290053653,3.1156917557051305
4415390390.0,-0.771117444,0.0199590632,0.7713757039503608,3.1157151326144805
4415540541.0,-0.771055352,0.0199441235,0.7713132462949325,3.1157324123519663
4415690691.0,-0.7711686477,0.0199157032,0.7714257698764005,3.115773038846804
4415840841.0,-0.7712353531,0.019978737,0.7714940828051742,3.115693594719616
4415990991.0,-0.7712303545,0.0199396525,0.7714880747257319,3.1157440711291384
4416141141.0,-0.7713061451,0.0199630309,0.7715644445357345,3.11571632007213
4416291291.0,-0.77133839,0.0199478115,0.7715962850295689,3.1157371192801273
4416441441.0,-0.7713949795,0.0199170592,0.7716520612588175,3.115778854424569
4416591592.0,-0.7714966266,0.0199554885,0.771754667220389,3.115732475838094
4416741742.0,-0.7715198003,0.0199028782,0.7717764746450853,3.115801397242726
4416891892.0,-0.7715644713,0.0198757863,0.7718204326483536,3.115837979434882
4417042042.0,-0.7716074394,0.0198491042,0.7718626998857809,3.115873969978819
4417192192.0,-0.7716765345,0.0198244957,0.7719311397577434,3.115908140385426
4417342342.0,-0.7717646322,0.0198172856,0.772019023291106,3.115920407207065
4417492492.0,-0.7718067646,0.0197661498,0.7720598309459156,3.115988019149211
4417642643.0,-0.7718261802,0.0197886766,0.7720798172233895,3.115959495749638
4417792793.0,-0.7718698445,0.0197177695,0.772121653162576,3.116052749108545
4417942943.0,-0.7718955557,0.0197236689,0.7721475066490137,3.1160459616931826
4418093093.0,-0.7719713996,0.0196872153,0.7722223955873408,3.1160956611780226
4418243243.0,-0.7720510867,0.0196680068,0.7723015673725748,3.1161231553833906
4418393393.0,-0.7721022931,0.0196217365,0.7723515802751709,3.116184732720324
4418543544.0,-0.7721009687,0.0196069671,0.7723498812237488,3.1162038056647248
4418693694.0,-0.7721401888,0.0195716812,0.7723881937634043,3.1162507641430732
4418843844.0,-0.7722020336,0.019553688,0.7724495630203805,3.1162760790890145
4418993994.0,-0.7723037356,0.0195188606,0.772550351718797,3.116324478149106
4419144144.0,-0.7723341052,0.0194733905,0.772579564182648,3.1163843074401925
4419294294.0,-0.7723447258,0.0194514816,0.772589629497777,3.1164130026721883
4419444444.0,-0.7724344763,0.019382139,0.7726776090253105,3.1165056419123793
4419594595.0,-0.7724324256,0.0193263081,0.7726741604991562,3.116577809320668
4419744745.0,-0.7725468041,0.0193177601,0.7727882894948687,3.116592569103981
4419894895.0,-0.7725417483,0.0192803529,0.7727823010876795,3.1166407963064944
4420045045.0,-0.7725604049,0.0192152204,0.7727993296543887,3.116725653644669
4420195195.0,-0.7725961322,0.0191213002,0.7728327164475753,3.1168482927363064
4420345345.0,-0.7726603555,0.0190821935,0.772895953586353,3.1169009307797517
4420495495.0,-0.7727244735,0.0190695122,0.7729597390817959,3.1169193799391532
4420645646.0,-0.7727982122,0.0190219567,0.773032283683038,3.1169832326619322
4420795796.0,-0.7728869167,0.0189768549,0.773119852951616,3.1170443756906923
4420945946.0,-0.7728693178,0.0189569637,0.7731017713531386,3.117069538260911
4421096096.0,-0.772897632,0.0188567614,0.7731276265932449,3.1172000037250025
4421246246.0,-0.7729786758,0.01883416,0.7732080954209075,3.1172317821732025
4421396396.0,-0.7729900773,0.0187669745,0.7732178599438477,3.1173190063462113
4421546547.0,-0.7730302286,0.0186688924,0.773255625180193,3.117447072312725
4421696697.0,-0.7730837028,0.0186643416,0.7733089739439989,3.117454624938995
4421846847.0,-0.7730629529,0.0186059173,0.7732868221462474,3.1175295084956276
4421996997.0,-0.7731673053,0.0185202433,0.7733890879736762,3.1176435002796556
4422147147.0,-0.7731410815,0.0184861721,0.7733620565180972,3.1176867315856813
4422297297.0,-0.7731866655,0.0184308078,0.7734063061439114,3.1177597050072237
4422447447.0,-0.7732143225,0.0183994332,0.773433208274131,3.1178011110071395
4422597598.0,-0.7732401311,0.0183914904,0.7734588206638273,3.1178121710925595
4422747748.0,-0.7731805895,0.0183146872,0.7733974733258452,3.1179096186440125
4422897898.0,-0.7732524117,0.0182933743,0.7734687710199722,3.1179393648118716
4423048048.0,-0.7732468823,0.0181781867,0.7734605274080703,3.1180880790630616
4423198198.0,-0.7733110264,0.0181466147,0.7735239124790466,3.1181308325185455
4423348348.0,-0.7733745143,0.0180568077,0.773585281448061,3.1182488178153
4423498498.0,-0.7733959011,0.0180037062,0.773605424796916,3.1183180859915085
4423648649.0,-0.7733176279,0.0179300955,0.773525463023372,3.1184108678795806
4423798799.0,-0.7733583368,0.017911026,0.7735657192187583,3.11843673251691
4423948949.0,-0.7734237808,0.0178466646,0.7736296582631196,3.118521862948038
4424099099.0,-0.7734195921,0.0177924153,0.7736242211088908,3.1185918429638586
4424249249.0,-0.7734793926,0.0177587587,0.7736832325231237,3.1186371108911377
4424399399.0,-0.7734963793,0.0176721509,0.7736982316818631,3.118749525373948
4424549550.0,-0.7734965247,0.0175981709,0.7736966907916843,3.1188451235860613
4424699700.0,-0.7735548459,0.0174631939,0.7737519387740245,3.119021237689671
4424849850.0,-0.7735650118,0.0174459971,0.7737617141574965,3.1190437534830036
4425000000.0,-0.7735885093,0.0173543843,0.7737831455746683,3.1191628040325226
