Frequenze (Hz),Parte Reale,Parte Immaginaria,Ampiezza,Fase
4019000000.0,-0.7387252528,0.2989820656,0.7969349249937956,2.7570179184881716
4019091091.0,-0.7384907195,0.2982266442,0.796434350149729,2.7577866640079707
4019182182.0,-0.738358364,0.2980159182,0.7962327305438691,2.7579698190833333
4019273273.0,-0.7383111969,0.2979277135,0.7961559809103043,2.758050380814021
4019364364.0,-0.7382681477,0.2979730853,0.796133040057747,2.7579772967340133
4019455455.0,-0.7382252722,0.298000287,0.7961034628531938,2.7579254543983622
4019546547.0,-0.7381930606,0.2980743574,0.7961013234867896,2.757824031496551
4019637638.0,-0.7382191862,0.298141074,0.7961505302891305,2.757758614518068
4019728729.0,-0.7382277479,0.2982158735,0.7961864825384025,2.7576755302194775
4019819820.0,-0.7381895263,0.2982963034,0.796181173704279,2.757563883426744
4019910911.0,-0.7381998486,0.2984149184,0.7962351913830119,2.7574306212069524
4020002002.0,-0.7382580895,0.2984746016,0.796311556184179,2.7573885454688383
4020093093.0,-0.7382784589,0.2985826086,0.7963709292999963,2.7572723959706096
4020184184.0,-0.7382760792,0.2986562728,0.7963963450454257,2.7571855260674543
4020275275.0,-0.7382752789,0.2987663406,0.7964368862065518,2.75705703468743
4020366366.0,-0.7382962461,0.2988736086,0.7964965667992159,2.756942069831673
4020457457.0,-0.7383127484,0.2990039188,0.79656076849649,2.756798206184683
4020548549.0,-0.7383199147,0.2990603393,0.7965885907950517,2.756735934666097
4020639640.0,-0.7383488381,0.2991993118,0.7966675811812688,2.7565878824934553
4020730731.0,-0.7383742552,0.299284708,0.7967232124049104,2.756500525712857
4020821822.0,-0.7384085082,0.2993801089,0.7967907972530339,2.7564057114252676
4020912913.0,-0.7384003767,0.2994915672,0.7968251471525067,2.7562722482441604
4021004004.0,-0.7383716096,0.2996128162,0.7968440710042272,2.75611767461872
4021095095.0,-0.7384311326,0.2996850592,0.7969263907668175,2.756061758289837
4021186186.0,-0.7384314014,0.299798405,0.7969692705582266,2.755930103259401
4021277277.0,-0.7384577419,0.2999077163,0.7970348015415188,2.755815461173447
4021368368.0,-0.7384762367,0.2999965647,0.7970853724679657,2.755720917487601
4021459459.0,-0.7385182571,0.3000788804,0.7971552863351903,2.755645087851619
4021550551.0,-0.7385460733,0.3002072367,0.7972293818932533,2.755509062213737
4021641642.0,-0.7385563442,0.300324035,0.7972828855285621,2.7553782012034027
4021732733.0,-0.7385867964,0.3004168826,0.7973460723973733,2.7552847189217733
4021823824.0,-0.7386096832,0.3005180304,0.7974053866837744,2.755178034446411
4021914915.0,-0.7386223538,0.3006256941,0.7974577038853904,2.7550589684662463
4022006006.0,-0.7386427492,0.3007220812,0.7975129347333455,2.7549566665139653
4022097097.0,-0.7386750235,0.3008121473,0.7975767914790165,2.7548673361263294
4022188188.0,-0.7386905525,0.3009240431,0.7976333819922572,2.75474475435381
4022279279.0,-0.7387136756,0.3010232516,0.7976922291976392,2.754640511646813
4022370370.0,-0.7387652873,0.3011144231,0.7977744327303912,2.7545590926249965
4022461461.0,-0.738783441,0.3012294716,0.7978346741375784,2.7544341460673114
4022552553.0,-0.73878705,0.3013648938,0.797889155498925,2.7542786903867134
4022643644.0,-0.7388055459,0.3014429121,0.797935751741909,2.754196912758843
4022734735.0,-0.738841086,0.301551744,0.7980097773029481,2.7540874645491367
4022825826.0,-0.7388520202,0.3016603496,0.7980609464661301,2.7539666452173854
4022916917.0,-0.738892914,0.3017394798,0.7981287189604106,2.7538942233916193
4023008008.0,-0.7389347132,0.3018261165,0.7982001722459335,2.7538135367184835
4023099099.0,-0.7389429791,0.301955849,0.7982568891694538,2.7536669994343193
4023190190.0,-0.7389702093,0.3020345962,0.798311886128838,2.753588589472621
4023281281.0,-0.7389917907,0.3021282626,0.7983673050568185,2.7534902153726124
4023372372.0,-0.7390289743,0.3022336738,0.7984416186757519,2.7533856364594125
4023463463.0,-0.7390652681,0.3023272665,0.7985106427475384,2.7532943538638213
4023554555.0,-0.7391064439,0.3024256947,0.7985860230615619,2.7531997980519116
4023645646.0,-0.7391280959,0.3025220498,0.7986425563191291,2.753098402477706
4023736737.0,-0.7391615781,0.3026184608,0.7987100671434182,2.75300256845527
4023827828.0,-0.7391720951,0.3027032565,0.7987519312466345,2.7529093117622456
4023918919.0,-0.7392109587,0.302831383,0.7988364588524148,2.7527793211435614
4024010010.0,-0.7392243026,0.3028834706,0.7988685538417177,2.7527253182518048
4024101101.0,-0.7392772777,0.3030023288,0.7989626427948595,2.752612798435194
4024192192.0,-0.7392717293,0.3030919294,0.7989914939532379,2.752506400160754
4024283283.0,-0.7393205702,0.3031587567,0.7990620359426062,2.752452205488222
4024374374.0,-0.7393503456,0.3032804688,0.7991357683738022,2.752325423813718
4024465465.0,-0.7394000028,0.3033663693,0.7992143130368125,2.7522495635252127
4024556557.0,-0.7394386165,0.3034473812,0.7992807896656671,2.752174130910833
4024647648.0,-0.7394519456,0.303550707,0.7993323536376,2.752060874648257
4024738739.0,-0.739465565,0.3036208049,0.7993715750443552,2.7519862227386938
4024829830.0,-0.7395021914,0.303710816,0.7994396480290353,2.751899469542525
4024920921.0,-0.7395544935,0.3037960881,0.7995204262562055,2.7518256639590657
4025012012.0,-0.7395486469,0.3038783978,0.7995462974594504,2.75172766109582
4025103103.0,-0.7396096489,0.3039622547,0.7996345946920311,2.751659655441387
4025194194.0,-0.7396286626,0.3040496223,0.7996853952400514,2.7515676421315027
4025285285.0,-0.7396586866,0.3041339107,0.7997452146155752,2.75148443709244
4025376376.0,-0.7396990645,0.3042100312,0.799811508484893,2.7514156131805803
4025467467.0,-0.7397109199,0.3043195469,0.7998641332405934,2.7512946233031133
4025558559.0,-0.7397683338,0.3043957286,0.7999462152439707,2.7512338584871068
4025649650.0,-0.7397980296,0.3044662597,0.8000005174346766,2.751166451811882
4025740741.0,-0.7398197389,0.3045747068,0.8000618714126865,2.75105143077929
4025831832.0,-0.7398662994,0.3046406438,0.8001300287095398,2.750997380708512
4025922923.0,-0.7398977974,0.3047102501,0.8001856579028245,2.7509319318741516
4026014014.0,-0.7399320432,0.3047820805,0.8002446783003527,2.750865230089603
4026105105.0,-0.739968975,0.3048472903,0.8003036638462947,2.7508074655182915
4026196196.0,-0.7399777098,0.3049132467,0.8003368659595709,2.7507354249137004
4026287287.0,-0.7400254742,0.3050021439,0.8004148988171892,2.7506554720192518
4026378378.0,-0.7400712222,0.3050910604,0.8004910799406812,2.750574552376463
4026469469.0,-0.7401125412,0.305122699,0.8005413387743111,2.7505576854633547
4026560561.0,-0.7401458781,0.3052065518,0.8006041219791877,2.7504767253878875
4026651652.0,-0.7401775004,0.3052804391,0.8006615256120908,2.750406467759393
4026742743.0,-0.7402152536,0.3053430256,0.8007202913281732,2.7503521868612735
4026833834.0,-0.7402563436,0.3054361559,0.800793793414391,2.750264244124873
4026924925.0,-0.7402815141,0.3054883505,0.8008369699317079,2.750215984108613
4027016016.0,-0.7403296052,0.3055597401,0.8009086584034208,2.750156493473747
4027107107.0,-0.740371833,0.3056109717,0.8009672384830718,2.750117483197302
4027198198.0,-0.7404079406,0.3056629112,0.8010204328147893,2.7500747462218684
4027289289.0,-0.7404354164,0.3057451796,0.8010772251837383,2.74999290806728
4027380380.0,-0.7404777602,0.3057992833,0.8011370138856414,2.749950659641231
4027471471.0,-0.7405162512,0.3058483811,0.8011913320254984,2.7499123566556007
4027562563.0,-0.7405553236,0.3059067569,0.8012497308763207,2.749863633566753
4027653654.0,-0.7405961986,0.305967331,0.8013106370316285,2.7498132410163816
4027744745.0,-0.7406342755,0.3060268389,0.8013685520236844,2.749762752373228
4027835836.0,-0.7406838551,0.3060608028,0.8014273443153648,2.7497472096464084
4027926927.0,-0.7407255247,0.3061364233,0.8014947364849049,2.749679866080909
4028018018.0,-0.7407607696,0.3061671567,0.8015390480944435,2.749661225483895
4028109109.0,-0.7408112726,0.3062223332,0.8016067982257157,2.749621677671669
4028200200.0,-0.7407481651,0.3062473494,0.8015580347757376,2.749562759097584
4028291291.0,-0.7407779918,0.3062897803,0.8016018105340477,2.749528058382286
4028382382.0,-0.740825005,0.3063602407,0.8016721805794511,2.7494692433113745
4028473473.0,-0.74086058,0.3064025191,0.8017212125849997,2.7494374686555014
4028564565.0,-0.740906348,0.3064474301,0.8017806707083873,2.7494075227592383
4028655656.0,-0.7409343565,0.3064919039,0.8018235515363189,2.749369619049697
4028746747.0,-0.7409893643,0.3065316601,0.8018895788382463,2.7493500268265403
4028837838.0,-0.7410296418,0.3065464717,0.8019324593367918,2.7493521589575045
4028928929.0,-0.7410928851,0.30659358,0.8020089074586755,2.749328025446103
4029020020.0,-0.7411260863,0.3066336058,0.8020548883962149,2.749297736438098
4029111111.0,-0.7411628735,0.306674175,0.8021043913772743,2.7492685342407945
4029202202.0,-0.7412463302,0.306685519,0.8021858448011076,2.749295244343923
4029293293.0,-0.7412788339,0.3067299205,0.8022328550477599,2.74925959148549
4029384384.0,-0.7413154242,0.306766087,0.802280493524626,2.7492353749857656
4029475475.0,-0.7413700693,0.3067910111,0.8023405163305959,2.7492327132636074
4029566567.0,-0.7414236132,0.3068031121,0.8023946185043794,2.7492442937867874
4029657658.0,-0.7414710375,0.3068321052,0.8024495250374258,2.749233505699884
4029748749.0,-0.741522627,0.3068593113,0.802507597026029,2.7492267612740693
4029839840.0,-0.7415675698,0.3068729805,0.8025543512685177,2.749232436395127
4029930931.0,-0.7416287156,0.3069003778,0.8026213264649079,2.7492300255250686
4030022022.0,-0.7416868038,0.30692343,0.8026838149695212,2.7492311603574238
4030113113.0,-0.7417139089,0.3069362917,0.802713778266117,2.7492292666512594
4030204204.0,-0.741790321,0.3069550354,0.8027915508316578,2.7492440882033233
4030295295.0,-0.7418522563,0.3069630065,0.8028518278841494,2.749264410944646
4030386386.0,-0.7418901598,0.306980795,0.8028936528002332,2.749261988581456
4030477477.0,-0.7419663556,0.3069830357,0.8029649164502352,2.749295691773395
4030568569.0,-0.7419965339,0.3069892985,0.802995196569155,2.749302853070189
4030659660.0,-0.7420603009,0.3070108865,0.8030623727963566,2.749308369913768
4030750751.0,-0.742111409,0.3070028982,0.8031065451552272,2.7493418899119093
4030841842.0,-0.742180278,0.3070122989,0.8031737774155853,2.7493638524957316
4030932933.0,-0.7422195332,0.3070338781,0.8032183001928875,2.749357708206851
4031024024.0,-0.7422918008,0.3070158084,0.8032781735752642,2.7494128846782373
4031115115.0,-0.7423389689,0.307023785,0.8033248093413033,2.749426150564873
4031206206.0,-0.742396037,0.3070370346,0.8033826089537083,2.74943805921285
4031297297.0,-0.7424501404,0.3070131489,0.8034234777360401,2.7494912686843085
4031388388.0,-0.7425252774,0.307000427,0.803488052030725,2.74954163483473
4031479479.0,-0.7425889533,0.3070006623,0.8035469869371847,2.7495716419597445
4031570571.0,-0.7426269679,0.3069845322,0.8035759556273449,2.7496082659913457
4031661662.0,-0.7427043685,0.3069668119,0.8036407173588417,2.7496654371583076
4031752753.0,-0.7427548769,0.3069695869,0.8036884560825114,2.749686251342343
4031843844.0,-0.7428219065,0.3069339447,0.8037367922307634,2.7497590885225045
4031934935.0,-0.7428748833,0.3068984656,0.8037722068009213,2.7498250538881255
4032026026.0,-0.7429323607,0.3068995939,0.8038257605422084,2.7498510587282916
4032117117.0,-0.7429754292,0.306883411,0.8038593884143663,2.74989012086863
4032208208.0,-0.7430481727,0.3068676191,0.8039205947137514,2.7499428208154093
4032299299.0,-0.7431138474,0.3068203493,0.8039632559652241,2.7500283464891084
4032390390.0,-0.743174586,0.3068217552,0.8040199342928507,2.750055560330548
4032481481.0,-0.743235044,0.3067735447,0.8040574223010971,2.7501396755388687
4032572573.0,-0.7432986274,0.3067631812,0.8041122426842338,2.750181757542847
4032663664.0,-0.7433619872,0.3067242469,0.8041559597803807,2.7502565702518
4032754755.0,-0.7434293595,0.3066992537,0.8042087072313487,2.750317252412059
4032845846.0,-0.7435023119,0.3066471475,0.8042562781045179,2.7504117370746335
4032936937.0,-0.7435624125,0.3066430313,0.804310269689299,2.7504449586325235
4033028028.0,-0.7436175741,0.306597062,0.8043437417779794,2.7505239393901157
4033119119.0,-0.7436866674,0.3065533074,0.8043909432274814,2.7506069686420482
4033210210.0,-0.7437313055,0.3065077204,0.8044148416367881,2.7506805106724643
4033301301.0,-0.7438081381,0.3064454559,0.8044621580568893,2.7507884623704566
4033392392.0,-0.7438637439,0.3064018236,0.8044969527563982,2.7508649382228345
4033483483.0,-0.7439376186,0.3063684367,0.8045525460616235,2.7509382791399584
4033574575.0,-0.7439760956,0.3063153832,0.8045679242979943,2.7510174623210326
4033665666.0,-0.7440543744,0.306249428,0.8046152025745614,2.751130299439893
4033756757.0,-0.7441127381,0.3062158245,0.8046563851588415,2.7511965245156356
4033847848.0,-0.7441710626,0.3061690205,0.8046925124077784,2.7512778947993817
4033938939.0,-0.7442578115,0.3061108728,0.8047506175363567,2.7513857301356306
4034030030.0,-0.7442958475,0.3060341862,0.8047566288815765,2.7514918370250205
4034121121.0,-0.7443922393,0.3059648418,0.8048194147433122,2.7516170708819963
4034212212.0,-0.74443756,0.3059088537,0.8048400508863868,2.751702819351226
4034303303.0,-0.7445042143,0.305852524,0.8048802964091188,2.7517990282039135
4034394394.0,-0.7445833056,0.3057986769,0.8049329970699509,2.7518982444038897
4034485485.0,-0.7446185754,0.3057332862,0.8049407836116745,2.751990036554099
4034576577.0,-0.7446934207,0.3056499137,0.8049783603170241,2.752121161042442
4034667668.0,-0.7447587927,0.3055670297,0.8050073719809293,2.7522472450114455
4034758759.0,-0.7448612331,0.3054976356,0.8050758112950872,2.7523752889926056
4034849850.0,-0.7449230033,0.3054322423,0.8051081514193592,2.75247955062339
4034940941.0,-0.7449913162,0.3053352093,0.8051345547495047,2.7526232472385046
4035032032.0,-0.7450188006,0.3052877465,0.8051419883539244,2.7526907389291058
4035123123.0,-0.7450878985,0.3052035101,0.8051739930403287,2.752820085080528
4035214214.0,-0.7451814734,0.3050933065,0.8052188236558419,2.752990783391432
4035305305.0,-0.7452482275,0.3050260667,0.8052551284893282,2.7530994684107473
4035396396.0,-0.7453088241,0.3049481449,0.8052816987609218,2.7532175249670825
4035487487.0,-0.7453522666,0.3048576889,0.8052876578013639,2.7533419157585204
4035578579.0,-0.7454291773,0.3047618758,0.805322580902392,2.75348819014628
4035669670.0,-0.7455349332,0.3046637343,0.805383342029837,2.7536506770076796
4035760761.0,-0.7455847556,0.3045689064,0.8053935972732859,2.7537830696894976
4035851852.0,-0.7456252251,0.3044736207,0.8053950347547426,2.753911595136396
4035942943.0,-0.7456952015,0.3043511729,0.8054135397333045,2.7540851889265907
4036034034.0,-0.7457689014,0.3042592975,0.8054470649338518,2.75422537572609
4036125125.0,-0.7458610326,0.3041543017,0.8054927182748166,2.7543892742601943
4036216216.0,-0.7459075819,0.3040562817,0.8054988163722743,2.7545237753653065
4036307307.0,-0.7459679185,0.3039532118,0.8055157915241379,2.7546705388917454
4036398398.0,-0.7460502775,0.3038371182,0.8055482673024055,2.7548425815898714
4036489489.0,-0.7461162529,0.3037238838,0.8055666703830868,2.755003655180876
4036580581.0,-0.7461917455,0.3035888428,0.8055856916088938,2.755194247095098
4036671672.0,-0.7462358877,0.3034832667,0.8055868005735387,2.755336289420195
4036762763.0,-0.7463034806,0.3033680062,0.805606003168694,2.755500429953123
4036853854.0,-0.7463765274,0.3032318756,0.80562242460943,2.7556911111303366
4036944945.0,-0.7464566091,0.303118161,0.8056538268990548,2.755859290413514
4037036036.0,-0.7465460423,0.3029733598,0.8056822264530189,2.7560675733267974
4037127127.0,-0.7465776054,0.3028727906,0.8056736610878064,2.7561979694242225
4037218218.0,-0.7466834975,0.302720677,0.8057146230038094,2.756422321274348
4037309309.0,-0.746747776,0.3025809496,0.8057217087939135,2.7566130083555325
4037400400.0,-0.7468352909,0.3024697526,0.8057610706478645,2.756781697847084
4037491491.0,-0.7469110751,0.3022864472,0.8057625272174402,2.7570278601272324
4037582583.0,-0.7469824047,0.3021745623,0.8057866833303906,2.7571897798266822
4037673674.0,-0.747037949,0.3020185453,0.8057796838784499,2.7573951221852715
4037764765.0,-0.7471027098,0.3018726438,0.805785053265016,2.7575931136314296
4037855856.0,-0.7471735536,0.3017240969,0.8057951041358918,2.757796973290335
4037946947.0,-0.7472432172,0.3015938112,0.8058109285716766,2.757979264749309
4038038038.0,-0.7473382976,0.3014503821,0.8058454342663376,2.758188474248609
4038129129.0,-0.7473882323,0.3013000616,0.8058355272018493,2.758384651096407
4038220220.0,-0.7474649575,0.3011219865,0.8058401289611873,2.75862520337849
4038311311.0,-0.7475331709,0.3009894244,0.8058538795566179,2.7588094165496577
4038402402.0,-0.7476012044,0.3008274565,0.8058565129131798,2.759027391875882
4038493493.0,-0.7476651417,0.300661673,0.8058539605439934,2.7592478622389067
4038584585.0,-0.7477582316,0.3005152042,0.8058856996379369,2.7594595848116166
4038675676.0,-0.747797171,0.3003640218,0.805865469261138,2.7596516743643815
4038766767.0,-0.7478677341,0.3001794608,0.8058621820100799,2.759896831071115
4038857858.0,-0.7479321516,0.2999979542,0.8058543763740387,2.7601356329416893
4038948949.0,-0.7480119995,0.2998303342,0.8058661059397346,2.760365568464341
4039040040.0,-0.7480882027,0.2996443457,0.8058676646502807,2.760614974555963
4039131131.0,-0.7481572899,0.2995038238,0.8058795635213329,2.7608087197219424
4039222222.0,-0.7482408239,0.2992827153,0.805874974315428,2.761101961941647
4039313313.0,-0.7482918323,0.2991327146,0.8058666435774943,2.7612982926012593
4039404404.0,-0.7483757003,0.2989219196,0.8058663057957345,2.761579810915338
4039495495.0,-0.7484367385,0.2987613248,0.8058634380171175,2.7617929723337125
4039586587.0,-0.7484997588,0.2985744002,0.8058526921084572,2.76203739411212
4039677678.0,-0.7485712647,0.2983936569,0.8058521656065164,2.762278596142476
4039768769.0,-0.7486153512,0.2981671722,0.8058092867608587,2.762559941134416
4039859860.0,-0.7486673663,0.2980045113,0.8057974398803525,2.762771362069784
4039950951.0,-0.7487001132,0.2977964885,0.8057509590863814,2.763026260775153
4040042042.0,-0.748773381,0.2975956901,0.8057448546905319,2.7632914314584824
4040133133.0,-0.7488477749,0.2974199651,0.80574910835369,2.7635282010692936
4040224224.0,-0.7489203581,0.2972026175,0.805736370424895,2.763812153466284
4040315315.0,-0.7489636442,0.2969988796,0.8057014799645086,2.7640670095062267
4040406406.0,-0.7490104887,0.2968151142,0.805677307735654,2.7643004683027073
4040497497.0,-0.7490822366,0.2965832671,0.8056586321224196,2.7646008095600383
4040588589.0,-0.7491092226,0.296371425,0.8056057652108176,2.7648576349022957
4040679680.0,-0.7491673,0.2961938053,0.8055944474035209,2.765089177274254
4040770771.0,-0.7492417436,0.2959823188,0.8055859503460775,2.7653672902178554
4040861862.0,-0.7493039926,0.29573978,0.805554772067517,2.765675706539242
4040952953.0,-0.7493510165,0.2955591191,0.805532208426672,2.765905752309735
4041044044.0,-0.7494246896,0.2953342666,0.805518276893961,2.766198981985868
4041135135.0,-0.7494426078,0.2950966294,0.8054478524828939,2.766481630270912
4041226226.0,-0.7495410286,0.2948807047,0.8054603550511438,2.766775834451216
4041317317.0,-0.7496042151,0.2946824213,0.805446589612817,2.767033642019201
4041408408.0,-0.7496641354,0.2944383705,0.8054131051378074,2.767342866067335
4041499499.0,-0.7497457243,0.2942157281,0.8054076891658936,2.767637199465853
4041590591.0,-0.7497968133,0.2939820696,0.8053699264816971,2.7679304474726303
4041681682.0,-0.749887928,0.2937420312,0.8053671743084858,2.7682492267216694
4041772773.0,-0.7499293779,0.293523747,0.8053261835370814,2.768520378127809
4041863864.0,-0.7499703364,0.2932651298,0.8052701048943391,2.7688379807675907
4041954955.0,-0.7500668129,0.293032356,0.8052752234341215,2.7691508225317985
4042046046.0,-0.7501127839,0.2927996813,0.8052334083603273,2.769440740110246
4042137137.0,-0.7501987044,0.2925697752,0.8052298860847238,2.7697455112555147
4042228228.0,-0.7502227789,0.2923076223,0.8051571051882469,2.7700597157160103
4042319319.0,-0.7503089101,0.2921065382,0.8051643870879026,2.7703312552383226
4042410410.0,-0.7504048492,0.291841795,0.8051577926168861,2.770680891341903
4042501502.0,-0.7504709732,0.2915588331,0.8051169075198886,2.7710382150729354
4042592593.0,-0.7505838007,0.2913653791,0.8051520514855216,2.771312923588128
4042683684.0,-0.7506277682,0.2911156581,0.8051027094625313,2.771621837272246
4042774775.0,-0.7507396695,0.290854533,0.8051126695858273,2.7719744823563564
4042865866.0,-0.7507741859,0.2905789432,0.8050453406144505,2.7723091806721403
4042956957.0,-0.7508989392,0.2903400212,0.8050754901262996,2.7726418758522864
4043048048.0,-0.750939978,0.2900870622,0.8050225799407537,2.7729533410959037
4043139139.0,-0.7510531562,0.2898377609,0.8050383662171059,2.7732928730433044
4043230230.0,-0.7511567602,0.2895754665,0.8050406382244644,2.7736431729759827
4043321321.0,-0.7512088211,0.2893443365,0.8050061105128812,2.7739343337596045
4043412412.0,-0.7513063908,0.2890756606,0.805000640004869,2.7742893525039527
4043503504.0,-0.7513913337,0.288816283,0.8049868208147266,2.7746279665938745
4043594595.0,-0.7514324388,0.2885301357,0.8049225734739809,2.7749781166142533
4043685686.0,-0.7515154198,0.28825087,0.8048999877332135,2.775338972092748
4043776777.0,-0.7515987609,0.2880001365,0.8048880518497178,2.775666905723291
4043867868.0,-0.7516787227,0.2877062937,0.8048576356067539,2.7760433695383115
4043958959.0,-0.7517573365,0.2874569406,0.8048419631708364,2.7763676309711167
4044050050.0,-0.7518156446,0.2871755656,0.8047959797010629,2.7767200703098984
4044141141.0,-0.7519296896,0.2868932147,0.8048018232725698,2.7770983724343012
4044232232.0,-0.7519868163,0.2866126828,0.8047552434317053,2.77744936918072
4044323323.0,-0.7520757447,0.2863346094,0.8047393579950656,2.777811612762967
4044414414.0,-0.7521433186,0.286065051,0.8047066453797022,2.7781545470576154
4044505506.0,-0.7522333338,0.2857713698,0.8046864384822393,2.7785354376356626
4044596597.0,-0.7522857022,0.2854842667,0.8046334844311315,2.778892104642365
4044687688.0,-0.7523862192,0.2852029406,0.8046277028346449,2.7792633161782083
4044778779.0,-0.7524415133,0.2848986782,0.8045716175563871,2.77964128993559
4044869870.0,-0.7524817832,0.2845957381,0.8045020622674225,2.7800111727212604
4044960961.0,-0.752482689,0.284284687,0.8043929266890397,2.7803732576032556
4045052052.0,-0.7525400168,0.2840035803,0.804347257413465,2.7807253772114513
4045143143.0,-0.7526452494,0.2836917146,0.8043356639967396,2.7811343294512887
4045234234.0,-0.752749072,0.2834148961,0.8043352340462494,2.781501896834803
4045325325.0,-0.7527944588,0.2831051541,0.8042686276847864,2.7818822039883813
4045416416.0,-0.7528935343,0.2828026136,0.8042549298883633,2.782277666214347
4045507508.0,-0.7529523473,0.282483846,0.8041979610491011,2.7826744479213916
4045598599.0,-0.7530449327,0.2822084446,0.8041879611562827,2.7830355249470062
4045689690.0,-0.7531277638,0.2819005804,0.8041575503819172,2.7834301648987823
4045780781.0,-0.7531984334,0.2815898432,0.8041148673352675,2.7838228850637567
4045871872.0,-0.7532605285,0.2812754741,0.8040630050725374,2.7842161479571765
4045962963.0,-0.7533516877,0.2809766409,0.8040439279615798,2.7846039891650904
4046054054.0,-0.7534231527,0.280672353,0.8040046124015485,2.784989655289653
4046145145.0,-0.7535289305,0.2803302431,0.8039843868490102,2.785434332348925
4046236236.0,-0.7536208366,0.2800381445,0.8039687355442914,2.785814711465612
4046327327.0,-0.7536904318,0.2797354623,0.8039286012172133,2.7861977907032847
4046418418.0,-0.7537457476,0.2794000192,0.8038638085857848,2.7866129464852953
4046509510.0,-0.7538257291,0.2790972385,0.8038336260641704,2.7870007166289175
4046600601.0,-0.7539490267,0.2788165359,0.8038518492565363,2.7873814453488057
4046691692.0,-0.7540170521,0.2784609398,0.8037923922580217,2.7878257335708403
4046782783.0,-0.7540908887,0.2781477546,0.8037532219589403,2.788223082551484
4046873874.0,-0.7541697267,0.2778250301,0.8037155740812907,2.7886337586349033
4046964965.0,-0.7542360364,0.2774910915,0.8036624319117098,2.789052185922062
4047056056.0,-0.7543295501,0.2771542714,0.8036339715998405,2.7894857090270913
4047147147.0,-0.7543591387,0.2768409987,0.8035537621724008,2.7898643486041728
4047238238.0,-0.7544679664,0.2765355488,0.8035507588658408,2.7902678617198258
4047329329.0,-0.754540257,0.2761797814,0.8034962794486219,2.7907145526777444
4047420420.0,-0.7546242112,0.2758409433,0.8034587270855026,2.791146497802782
4047511512.0,-0.7546997247,0.2755041256,0.8034140885526445,2.7915725182960687
4047602603.0,-0.7547509522,0.2751417544,0.8033380265250218,2.792018116390016
4047693694.0,-0.754867469,0.2748557631,0.8033496040104515,2.792402259124379
4047784785.0,-0.7549215712,0.2745135854,0.8032834414029956,2.792825568815614
4047875876.0,-0.7549979688,0.2741420339,0.8032283533609571,2.793292796141858
4047966967.0,-0.7550571502,0.2738088025,0.8031703184223316,2.7937079271864333
4048058058.0,-0.7551764995,0.2734503246,0.8031603983146324,2.7941781831925367
4048149149.0,-0.7552278221,0.2731071024,0.8030918706195657,2.7946017841556596
4048240240.0,-0.7552899498,0.2727699345,0.8030357062024208,2.79502293670927
4048331331.0,-0.7553611109,0.2724279463,0.8029865464534994,2.7954536117961646
4048422422.0,-0.7554368176,0.2720623233,0.8029338037129895,2.7959139519420626
4048513514.0,-0.7555172564,0.2717368075,0.8028992572349756,2.796329341112416
4048604605.0,-0.7555752734,0.27135794,0.802825712950531,2.7967978670864455
4048695696.0,-0.7556619916,0.2710186241,0.8027927130697785,2.7972321715730826
4048786787.0,-0.7557303604,0.2706636518,0.8027373107287499,2.79767716569576
4048877878.0,-0.7557852434,0.2702991503,0.8026661602397969,2.798127741734817
4048968969.0,-0.7558498063,0.2699261064,0.8026014157724939,2.7985924772590054
4049060060.0,-0.7559296022,0.2695599119,0.8025534932861398,2.799055624116292
4049151151.0,-0.7559712024,0.2692414848,0.802485785541034,2.7994467847519626
4049242242.0,-0.7560892049,0.2688632476,0.8024701437912398,2.7999401418587975
4049333333.0,-0.7561304355,0.2685319641,0.8023980628296802,2.800346361892558
4049424424.0,-0.7562088135,0.2681362281,0.8023395829913746,2.800843841189208
4049515516.0,-0.7562807328,0.2677677303,0.8022843038440416,2.801306701843396
4049606607.0,-0.7563636531,0.2674102159,0.8022432295123854,2.801761289010224
4049697698.0,-0.7564464437,0.2669998184,0.8021845954716472,2.802278032521401
4049788789.0,-0.7564851103,0.2666813904,0.8021151326906134,2.8026684278818528
4049879880.0,-0.7565504966,0.2662952401,0.8020485077634789,2.8031495988979374
4049970971.0,-0.756631227,0.2659174729,0.8019993242297949,2.8036273318866574
4050062062.0,-0.7567031772,0.265519965,0.8019355025176126,2.8041247257413295
4050153153.0,-0.7567766041,0.2651710191,0.8018893301969173,2.804565653858345
4050244244.0,-0.756823355,0.2648025962,0.8018117021020061,2.805018573014359
4050335335.0,-0.756896939,0.2644176245,0.8017541121901357,2.8055021041666452
4050426426.0,-0.7569833672,0.2640456737,0.8017131257607905,2.8059756457986365
4050517518.0,-0.7570336195,0.2636307402,0.8016240192457251,2.8064850291556334
4050608609.0,-0.7571030525,0.2632578159,0.8015670338388774,2.8069528813014455
4050699700.0,-0.7571595985,0.262887793,0.8014990014398595,2.807412106574085
4050790791.0,-0.7572352785,0.2624819679,0.8014374900624684,2.8079214380063533
4050881882.0,-0.7572733314,0.2621362443,0.8013602866534899,2.8083446166310297
4050972973.0,-0.7573691906,0.2617367528,0.8013202971573773,2.8088548624470087
4051064064.0,-0.7574312627,0.261356432,0.8012548297908021,2.8093287885356
4051155155.0,-0.7575033961,0.260971372,0.8011975112958076,2.809812475041723
4051246246.0,-0.7575636036,0.2605765325,0.8011259219305923,2.810302931935949
4051337337.0,-0.7576035674,0.2602033,0.8010423975471563,2.810759756976642
4051428428.0,-0.7576717497,0.2597743932,0.8009676745386718,2.811293855722245
4051519520.0,-0.7577226182,0.2593793087,0.8008877523807896,2.8117810980003117
4051610611.0,-0.7578013437,0.2589784535,0.8008325142567434,2.812286505670527
4051701702.0,-0.7578514066,0.2586068399,0.8007597967734537,2.8127458635847375
4051792793.0,-0.7579369829,0.2582175893,0.8007151762464968,2.8132404586845388
4051883884.0,-0.7579790777,0.2578021168,0.8006211423997641,2.8137486276199857
4051974975.0,-0.7580111304,0.2574065774,0.8005242156856144,2.8142293045903926
4052066066.0,-0.7580873707,0.2570112334,0.8004693846166938,2.814727591651464
4052157157.0,-0.7581779363,0.2566014523,0.8004236930617409,2.8152487694684467
4052248248.0,-0.7582120988,0.2561757039,0.8003196724030726,2.81576634967799
4052339339.0,-0.758251992,0.2557835866,0.8002320454380266,2.816246530594077
4052430430.0,-0.7583173208,0.2553831331,0.8001660475784151,2.8167468358417613
4052521522.0,-0.7583436473,0.2549778686,0.8000617481645187,2.817237387474598
4052612613.0,-0.7584101397,0.2545961374,0.8000032082303004,2.8177161572452416
4052703704.0,-0.7584596933,0.2541601894,0.7999115627596427,2.81825253244388
4052794795.0,-0.7585204131,0.253752661,0.7998397527342433,2.8187597626627987
4052885886.0,-0.7585668734,0.2533724694,0.7997632835218841,2.819229015050938
4052976977.0,-0.7586423977,0.2529592028,0.7997040989448638,2.819749089598215
4053068068.0,-0.7587135932,0.2525062194,0.7996284808222729,2.820314658198629
4053159159.0,-0.7587412393,0.252128916,0.7995356517991146,2.820773334254205
4053250250.0,-0.7587833008,0.2516735195,0.7994320846641447,2.8213305108466122
4053341341.0,-0.7588556309,0.2512826904,0.7993777949401016,2.8218230529584747
4053432432.0,-0.7588942259,0.2508666659,0.7992837607284051,2.8223323434311514
4053523524.0,-0.7589189316,0.2504627323,0.7991805334291289,2.8228219402119596
4053614615.0,-0.7589874858,0.2500132447,0.7991048905659551,2.823382977840076
4053705706.0,-0.7590626645,0.2495948153,0.7990454933622245,2.8239097863232323
4053796797.0,-0.7591118185,0.2491742492,0.7989609248585069,2.824429055498785
4053887888.0,-0.7591275824,0.2487912788,0.7988565495553054,2.824890697393934
4053978979.0,-0.7591796206,0.2483502644,0.7987687713987759,2.825435646392026
4054070070.0,-0.75923217,0.2479046589,0.7986802913977746,2.8259863781112977
4054161161.0,-0.7592869093,0.2474719977,0.7985981469299658,2.826522670448199
4054252252.0,-0.75932681,0.2470715787,0.7985120972071033,2.8270149270072835
4054343343.0,-0.7593928316,0.2466179438,0.7984346453465092,2.827580786500319
4054434434.0,-0.7594140828,0.2462283434,0.798334607948618,2.8280531620605873
4054525526.0,-0.7594805546,0.2458214539,0.7982724472340464,2.8285637076940833
4054616617.0,-0.7595282269,0.2453660275,0.7981776837953994,2.8291249553587203
4054707708.0,-0.7595687111,0.2449461747,0.7980872479762336,2.8296411493136
4054798799.0,-0.759637682,0.2445171064,0.7980213175326597,2.8301793909053097
4054889890.0,-0.7596458722,0.2441365586,0.7979125957118048,2.830636525615041
4054980981.0,-0.75967716,0.2436627912,0.7977975578058887,2.8312138892914396
4055072072.0,-0.7597326904,0.2432313623,0.79771878282308,2.8317501364406836
4055163163.0,-0.7597785798,0.2428051753,0.7976326494542263,2.8322765501372134
4055254254.0,-0.7598280317,0.2423664151,0.7975463102074524,2.8328194540930727
4055345345.0,-0.759861726,0.2419411125,0.7974492739713521,2.8333404003179226
4055436436.0,-0.7599487612,0.2415225339,0.7974053260612769,2.8338736986990165
4055527528.0,-0.759981538,0.2410768063,0.7973016773070613,2.834418935295021
4055618619.0,-0.7599978371,0.2406418982,0.7971858224817959,2.834945135331982
4055709710.0,-0.7600226622,0.2402081469,0.7970786666915051,2.835473327903311
4055800801.0,-0.7600486017,0.239781414,0.7969749076639518,2.8359936847485145
4055891892.0,-0.7600998004,0.2393912275,0.7969064351428445,2.8364799549334516
4055982983.0,-0.7601445375,0.238933725,0.7968117988794245,2.8370444683592284
4056074074.0,-0.7601933915,0.2384850669,0.7967239921168244,2.83760007040523
4056165165.0,-0.7602077102,0.238134928,0.7966329183388623,2.8380248215375925
4056256256.0,-0.7602540164,0.2376557594,0.7965340102144555,2.8386162605744536
4056347347.0,-0.7603027957,0.2371922887,0.7964424166052309,2.839189955258855
4056438438.0,-0.7603163099,0.2367971781,0.7963377390630662,2.8396686550130688
4056529530.0,-0.7603649963,0.2363701847,0.7962573653118765,2.8401988305014934
4056620621.0,-0.7603760438,0.2359041209,0.7961296893361919,2.8407619734736325
4056711712.0,-0.7604547759,0.2354585442,0.7960729817208361,2.841325860937009
4056802803.0,-0.7605043264,0.2349818411,0.7959794570966411,2.8419163662459788
4056893894.0,-0.7605191982,0.2345747281,0.7958735790902722,2.842410614546192
4056984985.0,-0.7605466058,0.2341263949,0.7957677477648685,2.84295913564145
4057076076.0,-0.7606022069,0.2336780721,0.7956891092138457,2.843518196259095
4057167167.0,-0.760629623,0.2332734865,0.7955965955740307,2.8440144232112385
4057258258.0,-0.7606916357,0.2328566893,0.7955337845595862,2.8445381736873814
4057349349.0,-0.7606616893,0.2323888592,0.7953683344520369,2.8450895848974906
4057440440.0,-0.760699632,0.2319607139,0.7952796381889411,2.8456183911009667
4057531532.0,-0.7607332207,0.2314638951,0.7951670062392294,2.846228342526347
4057622623.0,-0.7608006432,0.2311032915,0.7951266251583251,2.8466869034501814
4057713714.0,-0.7608632765,0.2306478094,0.7950542984647867,2.8472579626871326
4057804805.0,-0.7608950005,0.2301406109,0.79493767212991,2.8478801370990636
4057895896.0,-0.7609507699,0.2297813428,0.7948871238800977,2.8483330672820117
4057986987.0,-0.7609910145,0.2292484893,0.7947717873679659,2.8489895298621564
4058078078.0,-0.7609656963,0.2288514948,0.7946331213947341,2.8494586996305244
4058169169.0,-0.7610066517,0.2284453455,0.7945554730868446,2.84996305256318
4058260260.0,-0.7610604197,0.2279507293,0.7944649126439393,2.8505788014446405
4058351351.0,-0.7611148312,0.2275434921,0.7944002939763223,2.851089534198275
4058442442.0,-0.7611382476,0.2270743333,0.7942884770681484,2.851663895140493
4058533534.0,-0.761142166,0.2266837652,0.7941806634944094,2.8521365680275412
4058624625.0,-0.7611775939,0.2262006597,0.7940768652366775,2.852732379624827
4058715716.0,-0.7612098118,0.2257513498,0.7939798797936339,2.853286388907865
4058806807.0,-0.7612394042,0.2253685861,0.7938995088217929,2.8537592192970624
4058897898.0,-0.7612793416,0.2249343413,0.793814647032287,2.854298032410136
4058988989.0,-0.7613300925,0.224496025,0.7937392361392116,2.8548457339379376
4059080080.0,-0.7613539981,0.2240015046,0.7936224445452124,2.8554519289726117
4059171171.0,-0.7613834933,0.2236011704,0.7935378423704574,2.8559464004485164
4059262262.0,-0.7614393352,0.2230492818,0.7934360990661526,2.856633615180308
4059353353.0,-0.7614574042,0.2226423127,0.7933391316551873,2.85713231346708
4059444444.0,-0.7614651397,0.2221798728,0.7932169027799172,2.8576946147099473
4059535536.0,-0.7615332744,0.2218086386,0.7931784163578652,2.8581679742305663
4059626627.0,-0.7615434066,0.2213559126,0.7930616622803751,2.8587196302062283
4059717718.0,-0.7615629351,0.2209050913,0.7929547045578254,2.859272442696763
4059808809.0,-0.7616172454,0.2204697885,0.7928857144203814,2.8598188012892356
4059899900.0,-0.7616247111,0.2199991078,0.7927621383434974,2.8603917281683993
4059990991.0,-0.7616946549,0.2196061933,0.7927203967597573,2.8608923990705217
4060082082.0,-0.7617378573,0.219193779,0.7926477628785032,2.8614074341650064
4060173173.0,-0.761687726,0.218691709,0.7924608858009282,2.861998792604025
4060264264.0,-0.7617573781,0.2182866137,0.7924161462327729,2.862514413164483
4060355355.0,-0.7618246775,0.2178759279,0.7923678181288442,2.86303605882197
4060446446.0,-0.761834819,0.2174105852,0.7922497421885155,2.863604306280501
4060537538.0,-0.7618231113,0.2168946199,0.792097045223865,2.864226634418615
4060628629.0,-0.7619244714,0.216485736,0.7920826812963601,2.86475815865353
4060719720.0,-0.761910717,0.2160603819,0.791953299952862,2.8652700571440315
4060810811.0,-0.7619788911,0.2156167042,0.7918979691930369,2.865832561596142
4060901902.0,-0.7620085077,0.2152183437,0.7918180986010311,2.8663268339891657
4060992993.0,-0.7620260371,0.21477143,0.7917136151175976,2.8668760897861407
4061084084.0,-0.7620497423,0.2143207079,0.791614284594621,2.8674322338807183
4061175175.0,-0.7620957051,0.2139041105,0.7915458497273942,2.867954607416615
4061266266.0,-0.7620940174,0.2135053245,0.7914365514346188,2.868439160171734
4061357357.0,-0.7621628442,0.2130310433,0.7913750226589918,2.8690397156432765
4061448448.0,-0.7622265232,0.2125724998,0.7913130482563655,2.869619459698726
4061539540.0,-0.7622550734,0.2121633824,0.7912307487423931,2.8701272115588976
4061630631.0,-0.7622739749,0.2117564422,0.7911399393426222,2.870629153057466
4061721722.0,-0.7622668552,0.2113196003,0.7910162653242028,2.8711588481184713
4061812813.0,-0.7623698495,0.2109284459,0.7910111230042481,2.871670159290477
4061903904.0,-0.7623470455,0.2104415684,0.7908594511626139,2.8722558102731446
4061994995.0,-0.7623714354,0.2100261861,0.7907725364234447,2.8727703662558923
4062086086.0,-0.7624551911,0.2096014568,0.7907405953459199,2.873316335561065
4062177177.0,-0.7624114858,0.209157449,0.7905808700898037,2.8738432144374846
4062268268.0,-0.7625198142,0.2087570202,0.790579509303388,2.8743679188921534
4062359359.0,-0.7625059222,0.2083488261,0.7904584206188966,2.8748613515485597
4062450450.0,-0.7625682651,0.207960354,0.7904162623411978,2.875356239063431
4062541542.0,-0.762588928,0.2075183172,0.7903200143496993,2.8759027258046173
4062632633.0,-0.7626121407,0.2070304288,0.7902144491162817,2.876506187648037
4062723724.0,-0.7626152498,0.206686592,0.7901274368986884,2.8769271844204565
4062814815.0,-0.7626705286,0.2062205438,0.7900590154413599,2.877514837534048
4062905906.0,-0.7626984088,0.2057813121,0.789971398973184,2.8780607844063333
4062996997.0,-0.7627224105,0.2054268486,0.789902313963352,2.878501950678056
4063088088.0,-0.76278033,0.2049948829,0.7898460190759294,2.8790491016666477
4063179179.0,-0.7627316875,0.2045061167,0.7896723237421402,2.879630853201093
4063270270.0,-0.7628449797,0.2042024472,0.7897031736646131,2.880039423681028
4063361361.0,-0.7628917637,0.2037822943,0.7896398334629963,2.880568729271618
4063452452.0,-0.7628807899,0.2033669171,0.7895221355789881,2.881073433071352
4063543544.0,-0.7629145213,0.2028932746,0.7894328645859122,2.8816641719931817
4063634635.0,-0.7629743666,0.2025443604,0.7894011033806048,2.8821108074705286
4063725726.0,-0.7629487825,0.2021965723,0.7892872091755329,2.8825283751951454
4063816817.0,-0.7630091937,0.2017779626,0.7892384784472505,2.8830606815660555
4063907908.0,-0.7630387481,0.2012900885,0.7891424654841185,2.8836679435401082
4063998999.0,-0.7630809503,0.2008866986,0.789080479029331,2.8841758905284527
4064090090.0,-0.7631215174,0.2005385331,0.7890311486733451,2.8846156975766304
4064181181.0,-0.7631810243,0.2000389726,0.7889618916084988,2.885247262275932
4064272272.0,-0.7631516059,0.1996834875,0.7888433740406974,2.8856737220826187
4064363363.0,-0.7632170166,0.1993951987,0.788833733870717,2.886048271558049
4064454454.0,-0.7632466269,0.1989112856,0.7887402062867549,2.886651363818473
4064545546.0,-0.7631918203,0.1985256227,0.7885899932418938,2.887107083469514
4064636637.0,-0.7633302642,0.1982644706,0.7886582862976462,2.887471745940325
4064727728.0,-0.7632953329,0.197806658,0.7885095048102151,2.8880225678064235
4064818819.0,-0.7632971014,0.1973634573,0.7884001517523007,2.8885673065892212
4064909910.0,-0.7633578557,0.1969961701,0.7883671142893837,2.8890376477224278
4065001001.0,-0.7633753553,0.1966096857,0.7882875754383384,2.8895179252430734
4065092092.0,-0.7633882264,0.1961993254,0.7881977921141068,2.8900261757729644
4065183183.0,-0.7634510557,0.1958109552,0.7881620674872528,2.890523263018365
4065274274.0,-0.7634681024,0.1954593022,0.7880912905233554,2.8909608554957273
4065365365.0,-0.7634462746,0.1950588901,0.7879709289102375,2.8914462642180467
4065456456.0,-0.7634994832,0.194762033,0.7879490531404681,2.8918280012713677
4065547548.0,-0.7635692625,0.1943652379,0.7879186914515466,2.892337864254571
4065638639.0,-0.7636347442,0.1939786308,0.7878868775125285,2.8928338907392894
4065729730.0,-0.7635804583,0.1935468618,0.7877280647598296,2.8933481714948073
4065820821.0,-0.7635850336,0.1932069159,0.7876490436034965,2.8937679639382505
4065911912.0,-0.7635494492,0.1928068825,0.7875165111367458,2.8942493291065827
4066003003.0,-0.7636078897,0.1924658356,0.7874897504636449,2.8946873989509156
4066094094.0,-0.7636677886,0.1921229573,0.7874641084309252,2.8951282057521475
4066185185.0,-0.7637041012,0.1916810315,0.7873916255756114,2.8956837497995274
4066276276.0,-0.7636781018,0.191331598,0.7872814131948529,2.8961062062013196
4066367367.0,-0.7637215525,0.1910345458,0.787251425811362,2.8964856352968433
4066458458.0,-0.7637606712,0.1906238555,0.7871898228239231,2.897003817674135
4066549550.0,-0.763755972,0.1902817595,0.787102491905648,2.8974240631372776
4066640641.0,-0.7637677363,0.1899267238,0.787028154150935,2.8978654055314146
4066731732.0,-0.7638494313,0.189587956,0.7870257599072545,2.8983081742221977
4066822823.0,-0.7637665818,0.1891312188,0.7868354398470049,2.8988461894796456
4066913914.0,-0.763775442,0.1888039979,0.7867654513419603,2.899252609200087
4067005005.0,-0.7637641448,0.1885157972,0.7866853720999437,2.8996048061282798
4067096096.0,-0.7638635178,0.1880814905,0.7866779016182496,2.9001710678926944
4067187187.0,-0.7639368557,0.1878396042,0.7866913221860371,2.900491911956189
4067278278.0,-0.7639177341,0.1874955944,0.7865906828788958,2.9009108005732602
4067369369.0,-0.7639332615,0.1871055906,0.786512892494333,2.901397077921869
4067460460.0,-0.7639232173,0.1867389485,0.7864159947615948,2.9018468741071457
4067551552.0,-0.7639523884,0.186375028,0.7863579991352955,2.902305238666171
4067642643.0,-0.7639669358,0.1860779739,0.7863017813577496,2.9026766457639006
4067733734.0,-0.7639273468,0.1857601171,0.7861881532393458,2.903057546171598
4067824825.0,-0.7639657751,0.1853654352,0.7861323362456407,2.9035569358471145
4067915916.0,-0.7640445395,0.1850144508,0.7861262019196362,2.9040144449566236
4068007007.0,-0.7639903324,0.1846451151,0.7859866707081964,2.9044549152088486
4068098098.0,-0.7640589289,0.1843963828,0.7859949572494339,2.9047830167548834
4068189189.0,-0.7639876847,0.1840399187,0.7858421432122161,2.9052026959827537
4068280280.0,-0.7640521895,0.1837079292,0.7858271766302665,2.905632642264966
4068371371.0,-0.76404387,0.1833661844,0.785739265192972,2.906053049257233
4068462462.0,-0.7641220738,0.1831355107,0.7857615153134967,2.906361736700161
4068553554.0,-0.7640572027,0.182805583,0.7856215947730298,2.9067508837569687
4068644645.0,-0.7640409279,0.1823798465,0.7855068095921617,2.9072731753234677
4068735736.0,-0.7641196911,0.1820976876,0.7855179629747665,2.907645840966751
4068826827.0,-0.7641178693,0.1818209659,0.785452087542188,2.9079880148747566
4068917918.0,-0.7641620882,0.1815485278,0.7854320880817971,2.908338489819233
4069009009.0,-0.7641095951,0.1810882765,0.7852747526882717,2.9088932687895133
4069100100.0,-0.7641826742,0.1808836211,0.7852986972672956,2.9091683129523966
4069191191.0,-0.7641889968,0.1806040376,0.785240498973157,2.9095166419943763
4069282282.0,-0.764173396,0.1802486901,0.7851436616549475,2.909952527632238
4069373373.0,-0.7641700941,0.1799657765,0.7850755463189838,2.9103023019766354
4069464464.0,-0.7642220838,0.1796031206,0.7850431034643082,2.910767138479299
4069555556.0,-0.7641818231,0.1793216397,0.784939557686537,2.9111044950766
4069646647.0,-0.7642797177,0.1790222514,0.7849665301042564,2.9115043022851252
4069737738.0,-0.7641228726,0.1787066754,0.7847418940409623,2.91185026156969
4069828829.0,-0.7642149379,0.1784250793,0.7847674688929913,2.9122263767032783
4069919920.0,-0.7642308895,0.178083881,0.7847054996226185,2.912654421772144
4070011011.0,-0.7642005098,0.1777630319,0.7846031574553216,2.9130438963768004
4070102102.0,-0.7642844818,0.1775136083,0.7846284791237063,2.913377764837266
4070193193.0,-0.7642780281,0.1772045289,0.7845523241308353,2.9137596456235935
4070284284.0,-0.764230291,0.1768492379,0.7844256437851553,2.914187127045068
4070375375.0,-0.7642975545,0.176629453,0.7844416584308611,2.914479425455463
4070466466.0,-0.7641435142,0.1763085986,0.7842193776196948,2.9148338293479616
4070557558.0,-0.7642672109,0.1760222631,0.784275593630014,2.9152250374030686
4070648649.0,-0.7643273624,0.1758071207,0.7842859558873697,2.9155095689112995
4070739740.0,-0.7642485628,0.1755435537,0.7841501163600566,2.9158146072453444
4070830831.0,-0.7643752794,0.1752562279,0.784209355450166,2.916207870752111
4070921922.0,-0.7642321472,0.1749270164,0.7839963238947797,2.916576364523685
4071013013.0,-0.7642708243,0.1746184453,0.7839652379507592,2.916971052811776
4071104104.0,-0.7642973627,0.1743983581,0.7839421189974113,2.917252284505742
4071195195.0,-0.7642051295,0.1741055572,0.7837871043861555,2.917590316506153
4071286286.0,-0.7642912125,0.1738008718,0.783803419578634,2.9179937277978216
4071377377.0,-0.7642489848,0.1736008544,0.7837179131653433,2.918230642798447
4071468468.0,-0.7642478237,0.1732991047,0.7836499956740941,2.9186058058455853
4071559560.0,-0.7643141072,0.1731019259,0.783671060595721,2.9188698899532723
4071650651.0,-0.7643730813,0.1727433948,0.7836494674681309,2.9193327267605476
4071741742.0,-0.7643271252,0.1725387034,0.7835595436770901,2.9195746050547005
4071832833.0,-0.7642830414,0.1723070401,0.7834655598299503,2.9198506477586275
4071923924.0,-0.7643804142,0.1720404013,0.7835019574270562,2.9202099646709683
4072015015.0,-0.7644002698,0.1718014914,0.783468904882368,2.9205130259924057
4072106106.0,-0.7642700047,0.1715281882,0.7832819156799885,2.920816986050754
4072197197.0,-0.7643662156,0.1713255525,0.7833314474027554,2.921096288250417
4072288288.0,-0.7643561737,0.1710607536,0.783263775298912,2.9214233703450683
4072379379.0,-0.7644054362,0.1708287113,0.7832612077056613,2.9217262062183047
4072470470.0,-0.76437438,0.1705548039,0.7831712034630435,2.9220588795626012
4072561562.0,-0.7643933344,0.170400965,0.7831562159289048,2.9222558701641876
4072652653.0,-0.764307013,0.1701631519,0.7830202477493955,2.9225283197680256
4072743744.0,-0.7643333162,0.1698659,0.7829813805168672,2.9229061883500966
4072834835.0,-0.7643695674,0.1696570244,0.7829714819171418,2.92317665219317
4072925926.0,-0.7643111717,0.1694566614,0.7828710796026771,2.923410342485105
4073017017.0,-0.7642964371,0.1692424234,0.782810348451053,2.923673458032981
4073108108.0,-0.7643343839,0.1690697797,0.7828100924359619,2.9238992658278233
4073199199.0,-0.7643386488,0.1687164602,0.7827380238571703,2.924341178265538
4073290290.0,-0.7643141958,0.1685472666,0.7826776929105187,2.924545535315986
4073381381.0,-0.7642790865,0.1683577618,0.7826026182038877,2.924772339927592
4073472472.0,-0.7643702927,0.1681482746,0.7826466550195181,2.925058807815625
4073563564.0,-0.7644122761,0.1679070621,0.7826358727757347,2.925371340977229
4073654655.0,-0.7643398695,0.1677296672,0.7825271096686042,2.9255729060495046
4073745746.0,-0.7643683467,0.1674785928,0.7825011491896734,2.9258941105874756
4073836837.0,-0.7643729803,0.1673605607,0.7824804216659498,2.9260427260449124
4073927928.0,-0.7642322917,0.167036869,0.7822738083832009,2.9264084675466377
4074019019.0,-0.7643178869,0.166852912,0.7823181747078108,2.926661550424244
4074110110.0,-0.7643719701,0.1667117676,0.7823409244893634,2.9268525562744943
4074201201.0,-0.764240033,0.1664831008,0.7821633147187511,2.9271022481192785
4074292292.0,-0.7644603303,0.1663277536,0.7823455235508205,2.927356199336369
4074383383.0,-0.7643822216,0.1660964087,0.7822200442849755,2.9276239630067025
4074474474.0,-0.7642761676,0.1659178519,0.7820785088087088,2.927818272775599
4074565566.0,-0.764359814,0.1657668532,0.782128234292782,2.928029628285912
4074656657.0,-0.7643512912,0.1655457451,0.7820730720845855,2.9283036162510006
4074747748.0,-0.764354248,0.1653314555,0.7820306302270992,2.9285722242478456
4074838839.0,-0.7642963802,0.1652141926,0.7819492862221263,2.9287031513820776
4074929930.0,-0.7643340438,0.1650469086,0.7819507737383966,2.928922430191704
4075021021.0,-0.7642309765,0.1648843226,0.7818157233526354,2.9290978789253153
4075112112.0,-0.76434412,0.1646720813,0.7818815947048812,2.929393741379328
4075203203.0,-0.7642136839,0.1644706127,0.7817116713353603,2.929610545801482
4075294294.0,-0.7641931706,0.1643911554,0.7816749029906408,2.9297043990820177
4075385385.0,-0.7642292118,0.1642456471,0.7816795511971303,2.9298960809270547
4075476476.0,-0.7642506929,0.1640822213,0.781666231165753,2.9301062614824365
4075567568.0,-0.7643726432,0.1638747086,0.7817419381044421,2.930398542487416
4075658659.0,-0.764248612,0.1637211662,0.7815884858452142,2.930557360743937
4075749750.0,-0.7642564288,0.1635544684,0.7815612279890399,2.93076801211315
4075840841.0,-0.764406087,0.1633886264,0.7816728913551566,2.931015543361493
4075931932.0,-0.7642712158,0.1632333541,0.7815085534983902,2.931173764338873
4076023023.0,-0.7641527403,0.1630851175,0.7813617382864277,2.931327625333818
4076114114.0,-0.764303697,0.1629983371,0.7814912661989468,2.9314765414744914
4076205205.0,-0.7642680594,0.1627681336,0.7814084283744764,2.931755150590458
4076296296.0,-0.764229955,0.1626848581,0.781353816893678,2.9318492330000976
4076387387.0,-0.7643088073,0.1625812075,0.7814093689920197,2.931999982135496
4076478478.0,-0.7642455834,0.1623655388,0.7813026813829712,2.9322531420163163
4076569570.0,-0.7642231558,0.1623238204,0.7812720745874401,2.9322994086815677
4076660661.0,-0.7642622354,0.1621499742,0.7812742019237968,2.9325274618336707
4076751752.0,-0.7643356753,0.1620655362,0.7813285240922032,2.932652686388373
4076842843.0,-0.7642805811,0.1619604854,0.7812528435004619,2.932769598960841
4076933934.0,-0.7642664644,0.1618571535,0.7812176180460851,2.9328952496866694
4077025025.0,-0.7642850663,0.16168615,0.781200405575303,2.9331143318202595
4077116116.0,-0.7643011697,0.1615882227,0.7811958984276177,2.9332412395820517
4077207207.0,-0.7641793959,0.1614961134,0.7810577083426004,2.933324368778499
4077298298.0,-0.7642792084,0.1613534227,0.7811258768018989,2.9335295150243486
4077389389.0,-0.7641971095,0.1612749411,0.7810293392664347,2.9336061193156238
4077480480.0,-0.7641455795,0.1611311491,0.780949238990395,2.933772650815027
4077571572.0,-0.7642098079,0.1610734573,0.7810001851069754,2.933861898578704
4077662663.0,-0.7641466039,0.1609541088,0.780913732361972,2.9339947525472962
4077753754.0,-0.7641448427,0.1608265727,0.7808857324291667,2.9341541033276806
4077844845.0,-0.7641003831,0.1607964367,0.7808360196026972,2.9341801437504116
4077935936.0,-0.7639278403,0.160742173,0.7806560006598197,2.9342026494089546
4078027027.0,-0.7640001621,0.1606347714,0.7807046672536014,2.9343563460615845
4078118118.0,-0.7639118548,0.1605735239,0.7806056485073882,2.934409852255458
4078209209.0,-0.7639170446,0.1605208217,0.7805998880538233,2.9344772910152264
4078300300.0,-0.7638523185,0.1604737086,0.7805268577247443,2.934519308885356
4078391391.0,-0.7638168237,0.1603252838,0.7804616177575342,2.934696071405337
4078482482.0,-0.7637898925,0.1602908524,0.7804281883993428,2.934732160287202
4078573574.0,-0.7637460547,0.1601265977,0.7803515639510137,2.93492662277797
4078664665.0,-0.7636704977,0.1600518271,0.7802622741203203,2.9350005407056536
4078755756.0,-0.7637636713,0.1600748748,0.780358194126191,2.9349961256720003
4078846847.0,-0.7636823781,0.1599562264,0.7802542976393013,2.9351235836521687
4078937938.0,-0.7636918124,0.1599239394,0.780256913279217,2.935166563512762
4079029029.0,-0.7636291437,0.1598486606,0.7801801480450584,2.935244540158745
4079120120.0,-0.7636995409,0.1598084827,0.7802408217427149,2.935313427881986
4079211211.0,-0.7636790629,0.1597734811,0.7802136094523309,2.935351962541604
4079302302.0,-0.7637735978,0.1597566344,0.7803026918646195,2.935397904582394
4079393393.0,-0.7637794349,0.1596477419,0.7802861184654847,2.9355360345643344
4079484484.0,-0.7637349953,0.159691713,0.7802516172663568,2.935469218532096
4079575576.0,-0.7637560161,0.159599255,0.780253275754417,2.9355907214911983
4079666667.0,-0.7636461698,0.159558062,0.7801373262441723,2.9356136061737526
4079757758.0,-0.7637789618,0.1595450985,0.7802646608322464,2.935664677091186
4079848849.0,-0.7637723889,0.1595368307,0.7802565362724065,2.935673326960797
4079939940.0,-0.7637241015,0.1595267155,0.7802072007936098,2.935673363250378
4080031031.0,-0.7636902604,0.1594337766,0.7801550762193107,2.935781105968189
4080122122.0,-0.7637267403,0.1594223403,0.7801884493095195,2.935805010493566
4080213213.0,-0.7637272611,0.1593911105,0.7801825782813474,2.935844331137399
4080304304.0,-0.7636992789,0.1593539615,0.7801475973417616,2.935883616922237
4080395395.0,-0.76373277,0.1593856142,0.7801868481240786,2.935852669961685
4080486486.0,-0.7637522517,0.1593439735,0.7801974133945773,2.9359100175608446
4080577578.0,-0.7637864248,0.159347598,0.780231606445891,2.9359144153019088
4080668669.0,-0.763756308,0.1593510578,0.7802028310841802,2.935902190704612
4080759760.0,-0.763823112,0.1593556732,0.7802691695859767,2.935913886859281
4080850851.0,-0.7637677039,0.1593934469,0.7802226454258689,2.9358519896342172
4080941942.0,-0.7637303975,0.1593589166,0.780179071986319,2.93588554685992
4081033033.0,-0.7637211399,0.1592821315,0.7801543289281543,2.9359794709330904
4081124124.0,-0.7638226084,0.1593180731,0.7802609983327866,2.9359609284723938
4081215215.0,-0.7637403142,0.1593412738,0.7801851761412295,2.9359102799785797
4081306306.0,-0.7638004529,0.1593198172,0.7802396657456517,2.93595294222107
4081397397.0,-0.7637934691,0.1594296775,0.7802552694519702,2.9358132806824333
4081488488.0,-0.7637348208,0.1593786158,0.7801874259924547,2.935861987934856
4081579580.0,-0.7638423316,0.1594286063,0.7803028822520681,2.9358274196560825
4081670671.0,-0.763815992,0.1594867873,0.7802889881051889,2.935747532232128
4081761762.0,-0.7638390044,0.1594511383,0.7803042292259789,2.9357982816787787
4081852853.0,-0.7638416482,0.1595020423,0.7803172207652243,2.9357351155395532
4081943944.0,-0.7639449552,0.1595449904,0.7804271257057036,2.93570830373859
4082035035.0,-0.763802515,0.1596141062,0.7803018293060385,2.935584280475071
4082126126.0,-0.7638721364,0.1595766794,0.7803623244215667,2.935649476826301
4082217217.0,-0.7638015943,0.1595999168,0.7802980256913309,2.93560183919569
4082308308.0,-0.763786092,0.159672985,0.7802977998632591,2.935506113887866
4082399399.0,-0.7637937609,0.1596984248,0.7803105125995468,2.9354762127391187
4082490490.0,-0.7637973001,0.1597157347,0.7803175197000323,2.9354554273924873
4082581582.0,-0.7638263716,0.1597904075,0.7803612626730246,2.9353693883657606
4082672673.0,-0.7639447201,0.1598149775,0.7804821345822035,2.9353696243713396
4082763764.0,-0.7638489801,0.1599061089,0.7804070912436335,2.935230204073278
4082854855.0,-0.7638915616,0.1599629924,0.7804604261724288,2.9351700452255987
4082945946.0,-0.7637933341,0.1600200925,0.7803759909295664,2.9350726299094423
4083037037.0,-0.7638760163,0.1601025171,0.7804738203553747,2.934990988857068
4083128128.0,-0.7638582515,0.1601497176,0.7804661174144569,2.9349271284269927
4083219219.0,-0.7638560201,0.1602232635,0.7804790282958294,2.934834315217179
4083310310.0,-0.7638263317,0.160292553,0.7804642000409348,2.9347396171862554
4083401401.0,-0.7638676305,0.1603019338,0.7805065450755068,2.9347387218315406
4083492492.0,-0.7638641479,0.1604474801,0.7805330424251321,2.934555310257788
4083583584.0,-0.7638197736,0.1604468891,0.7804894943330262,2.9345443642227376
4083674675.0,-0.7638495678,0.1605387189,0.7805375343276582,2.9344370745213055
4083765766.0,-0.7638589599,0.1606074834,0.7805608716452491,2.9343533365698438
4083856857.0,-0.7639009576,0.1607328442,0.780627773158769,2.9342072528522456
4083947948.0,-0.7639116383,0.1608387287,0.7806600334204526,2.9340773416365233
4084039039.0,-0.7638959518,0.1608629868,0.7806496818026923,2.9340427940793234
4084130130.0,-0.7638886908,0.1609899967,0.7806687588020953,2.9338816753857273
4084221221.0,-0.7639203665,0.1610161722,0.7807051518104862,2.9338572350593286
4084312312.0,-0.7639025851,0.1611667677,0.7807188268085563,2.9336637914256776
4084403403.0,-0.7639768883,0.1612500278,0.7808087200602023,2.9335790997083255
4084494494.0,-0.7638863606,0.1613555412,0.7807419436578633,2.933422922192949
4084585586.0,-0.7639251168,0.1614666965,0.7808028420520232,2.933293893687643
4084676677.0,-0.7639192718,0.1615839712,0.7808213839132512,2.9331453982310234
4084767768.0,-0.7638972562,0.1617276448,0.7808295903220135,2.932959545272465
4084858859.0,-0.7639430346,0.16177281,0.7808837315305991,2.9329151032687304
4084949950.0,-0.7639602675,0.1619238688,0.7809318981869233,2.932730437210982
4085041041.0,-0.7639354011,0.1620588449,0.7809355711351227,2.9325547521664124
4085132132.0,-0.7639539455,0.162167912,0.7809763520923387,2.932423065069598
4085223223.0,-0.7639752901,0.1622696243,0.7810183575651999,2.932301348096189
4085314314.0,-0.7639422472,0.1624273372,0.7810188198288621,2.932095032236934
4085405405.0,-0.7639471028,0.1625393738,0.7810468768978018,2.9319560173208847
4085496496.0,-0.7639616546,0.1626498909,0.7810841162825881,2.931821500170207
4085587588.0,-0.7639768491,0.162770856,0.7811241754828337,2.931674085282831
4085678679.0,-0.763967869,0.162939625,0.7811505784799381,2.93146038072291
4085769770.0,-0.7640055048,0.1630871225,0.7812181647209906,2.9312857782500785
4085860861.0,-0.7640424251,0.1631830551,0.7812743031896408,2.931175559055217
4085951952.0,-0.764032749,0.1633396793,0.781297569673888,2.930976927047286
4086043043.0,-0.7640040399,0.1634645219,0.7812956053271491,2.930812986717492
4086134134.0,-0.7640584597,0.1636165754,0.7813806457705235,2.930637268996543
4086225225.0,-0.7640204789,0.1637682663,0.7813752857785388,2.9304372612992937
4086316316.0,-0.7640483191,0.1639302746,0.781436477808636,2.930242011929569
4086407407.0,-0.7640325644,0.1640784304,0.7814521679451454,2.930052410895605
4086498498.0,-0.7640368147,0.1642533156,0.7814930619669731,2.929834757830958
4086589590.0,-0.7640336968,0.1643672689,0.7815139723200855,2.9296913653379506
4086680681.0,-0.7640241736,0.1645181852,0.7815364170060564,2.9295000196327283
4086771772.0,-0.7640108443,0.1646871435,0.7815589711865564,2.9292850924414453
4086862863.0,-0.764103396,0.1648448502,0.7816826878063715,2.9291128184297537
4086953954.0,-0.7640628656,0.1650038155,0.7816766094226191,2.9289030928729223
4087045045.0,-0.7641142162,0.1652081668,0.7817699621860366,2.9286614527154313
4087136136.0,-0.7640116189,0.1653861979,0.7817073290369081,2.928411113694928
4087227227.0,-0.7640796516,0.1655117877,0.7818004002664792,2.9282725193933654
4087318318.0,-0.7640787408,0.1657538927,0.781850801040529,2.92796963535149
4087409409.0,-0.7641120955,0.16586017,0.781905934548287,2.927845847730542
4087500501.0,-0.7640466209,0.1660531791,0.7818829178322833,2.9275868505693445
4087591592.0,-0.7640557666,0.1662891228,0.781941997104841,2.9272944771785117
4087682683.0,-0.7640539407,0.1664373395,0.781971746471084,2.9271087739548443
4087773774.0,-0.7640536675,0.166641183,0.7820148916049107,2.92685400788844
4087864865.0,-0.7640512593,0.1667803507,0.7820422061612344,2.9266794847221
4087955956.0,-0.7641083195,0.1669943507,0.7821436166682105,2.926427730308339
4088047047.0,-0.7640999534,0.1671552395,0.7821698107688538,2.9262244942215876
4088138138.0,-0.7641275747,0.1673698608,0.7822426865884496,2.9259640121359967
4088229229.0,-0.7640991296,0.1676161078,0.7822676264869325,2.925648735642719
4088320320.0,-0.7640971037,0.1677595608,0.7822963978713806,2.9254690654651694
4088411411.0,-0.7641229715,0.1679988784,0.7823730176313903,2.925177385016313
4088502503.0,-0.7641366522,0.1681961241,0.7824287567553269,2.92493492589457
4088593594.0,-0.7641493564,0.1683830238,0.7824813618167308,2.92470514500341
4088684685.0,-0.7641100237,0.1686489209,0.7825002152329091,2.9243624847730487
4088775776.0,-0.7640774712,0.1688326987,0.7825080588375508,2.924124181045782
4088866867.0,-0.76417897,0.1690181168,0.7826471887107749,2.9239208305589974
4088957958.0,-0.7641195239,0.1692419957,0.7826375277953911,2.923625120478808
4089049049.0,-0.7641459228,0.1694750325,0.7827137267051982,2.9233417291723227
4089140140.0,-0.7641173105,0.1696736838,0.7827288311925247,2.9230860416048254
4089231231.0,-0.7641444558,0.1698658029,0.7827969981577214,2.9228539678948904
4089322322.0,-0.7641502963,0.1700692303,0.7828468678037949,2.9226019227660847
4089413413.0,-0.7641582113,0.1703364292,0.7829126841543839,2.922270981701296
4089504505.0,-0.7641743584,0.1705409929,0.7829729754566052,2.922020461758141
4089595596.0,-0.7641954387,0.1708142125,0.7830531040241655,2.9216857868130512
4089686687.0,-0.7642000953,0.1710272955,0.783104157480072,2.9214215362638893
4089777778.0,-0.7641688004,0.1712244643,0.783116704380386,2.9211671120324354
4089868869.0,-0.7642123363,0.1714878412,0.783216812021129,2.920851126137748
4089959960.0,-0.7641872368,0.1717121133,0.7832414587737113,2.9205647191369724
4090051051.0,-0.7642311477,0.1719205679,0.7833300254566511,2.9203173690607156
4090142142.0,-0.7642358963,0.1721368752,0.7833821602494434,2.920049311922962
4090233233.0,-0.7641861955,0.1724397781,0.7834002926116006,2.919658169823501
4090324324.0,-0.764212728,0.1726463277,0.7834716638816606,2.91940845639004
4090415415.0,-0.7642089713,0.1728881527,0.7835213239979003,2.9191063479526673
4090506507.0,-0.7642189442,0.1731378026,0.78358617481635,2.9187984100009916
4090597598.0,-0.7642337802,0.1733733505,0.7836527224876959,2.918509445307756
4090688689.0,-0.7642066625,0.1736548633,0.7836886081583238,2.9181514761381155
4090779780.0,-0.7642535501,0.1738795829,0.7837841528060714,2.9178851482606585
4090870871.0,-0.7642111993,0.174160356,0.7838051969319871,2.9175238696249486
4090961962.0,-0.7642495754,0.1743841545,0.7838923694230989,2.917256388069069
4091053053.0,-0.7642534726,0.1746149332,0.7839475398759788,2.9169704902698306
4091144144.0,-0.764244121,0.1749266702,0.7840079186017972,2.9165802026144427
4091235235.0,-0.7642722346,0.1751611225,0.7840876656445614,2.9162967274144065
4091326326.0,-0.7642442556,0.1754320012,0.7841209532097934,2.9159520313154177
4091417417.0,-0.7642466415,0.1756786252,0.7841784926891272,2.9156461844578354
4091508509.0,-0.7642550331,0.1759485572,0.784247187052299,2.9153131376152444
4091599600.0,-0.7642846249,0.1762361832,0.7843406021158396,2.9149642397322784
4091690691.0,-0.7642640949,0.1764874549,0.7843770958476515,2.914646204542256
4091781782.0,-0.7642563364,0.1767843238,0.7844363867573796,2.914275234650694
4091872873.0,-0.7642946232,0.1770062059,0.784523720469651,2.9140106848809535
4091963964.0,-0.7642921608,0.1773095987,0.7845898296890471,2.913633257942561
4092055055.0,-0.7642936647,0.1775326837,0.7846417397018083,2.9133567319532174
4092146146.0,-0.7642888179,0.1778497171,0.7847088116234769,2.9129617976452002
4092237237.0,-0.7643017652,0.1781001615,0.7847782207822552,2.9126547136736582
4092328328.0,-0.7642982917,0.1784024753,0.784843501526709,2.9122785697497924
4092419419.0,-0.7643223694,0.1786770489,0.7849294058505153,2.9119448927712455
4092510511.0,-0.7643236742,0.1789579715,0.7849946716417778,2.9115968006950794
4092601602.0,-0.76434445,0.1792468787,0.7850808122540602,2.911244527177603
4092692693.0,-0.7643340948,0.1795349418,0.7851365510539328,2.9108843111751486
4092783784.0,-0.7643068145,0.1798100133,0.7851729411881714,2.910535316083572
4092874875.0,-0.7643402303,0.1800704936,0.7852651592426628,2.9102221663951617
4092965966.0,-0.7643383019,0.1803631417,0.7853304416837984,2.909858889850996
4093057057.0,-0.7643298555,0.1806508605,0.7853883506954005,2.909499872769849
4093148148.0,-0.7643342822,0.1809140737,0.7854532430443701,2.909175044390467
4093239239.0,-0.7643416075,0.1812224521,0.7855314571045648,2.9087951746806398
4093330330.0,-0.7643287421,0.1815429061,0.7855929306933723,2.908394486555297
4093421421.0,-0.7643304249,0.1818057052,0.7856553397457972,2.9080695389003224
4093512513.0,-0.7643317149,0.1821047864,0.7857258578103208,2.907699607355925
4093603604.0,-0.7643199234,0.1824130096,0.7857858813808705,2.907314561468443
4093694695.0,-0.7643162696,0.182710262,0.7858513853238209,2.9069455600001763
4093785786.0,-0.7643241709,0.1830221545,0.7859316428671099,2.9065619280408055
4093876877.0,-0.7643216173,0.1833214184,0.7859989040172228,2.906190895762254
4093967968.0,-0.764308212,0.1835930894,0.7860492767034859,2.905850834281398
4094059059.0,-0.7643443077,0.1839127439,0.7861590920940997,2.9054662014142902
4094150150.0,-0.7643190022,0.1842119953,0.7862045512056076,2.9050886056131584
4094241241.0,-0.7643056133,0.1845106653,0.7862615697917188,2.9047153290299437
4094332332.0,-0.7643084083,0.1848021152,0.7863327315967926,2.9043558687075537
4094423423.0,-0.7643012563,0.1851282312,0.7864024875145036,2.903950652922405
4094514515.0,-0.7642943891,0.1854284133,0.786466534360298,2.903577639796737
4094605606.0,-0.7642945238,0.1857359831,0.7865392390267584,2.9031976625569187
4094696697.0,-0.764294338,0.1860168792,0.7866054375900066,2.9028506070557296
4094787788.0,-0.7642986724,0.1863448317,0.7866872675553507,2.9024468563537975
4094878879.0,-0.7642973773,0.1866634203,0.7867615352988179,2.9020530539766582
4094969970.0,-0.7643023922,0.186935054,0.7868308974211838,2.901719198225825
4095061061.0,-0.7642807432,0.1872618659,0.786887578277033,2.9013092311376685
4095152152.0,-0.7642823566,0.187566831,0.7869617758833222,2.9009333301884466
4095243243.0,-0.7642678135,0.187886841,0.7870239867837765,2.9005340362601837
4095334334.0,-0.7642775272,0.1881870325,0.7871051376938806,2.9001666231474057
4095425425.0,-0.7642809879,0.1885259607,0.7871895999841829,2.89974960644764
4095516517.0,-0.764253507,0.1888194065,0.7872332508429832,2.8993793381929205
4095607608.0,-0.7642684837,0.1891503908,0.7873272416961641,2.898975782340347
4095698699.0,-0.7642669415,0.1894579289,0.7873996854792626,2.8985961763676875
4095789790.0,-0.7642866614,0.1897864722,0.7874979402030711,2.8981972593871608
4095880881.0,-0.7642570383,0.1900756428,0.7875389327372462,2.8978318342380054
4095971972.0,-0.7642500279,0.1903964426,0.7876096180849278,2.89743441903017
4096063063.0,-0.7642493457,0.1907351035,0.787690892488947,2.8970170198487084
4096154154.0,-0.7642528381,0.1910382411,0.787767738680943,2.8966447392852896
4096245245.0,-0.7642636998,0.1913654888,0.7878576985316875,2.89624511721396
4096336336.0,-0.7642490993,0.1917129501,0.7879280049705724,2.895812841371114
4096427427.0,-0.76422775,0.1920150479,0.7879808579464997,2.8954343884141496
4096518519.0,-0.7642216652,0.1923419355,0.788054676854942,2.895030207621947
4096609610.0,-0.7642122069,0.1926597038,0.7881231240379082,2.8946362760304285
4096700701.0,-0.7641732546,0.1929973887,0.7881679739059279,2.8942087505329903
4096791792.0,-0.7640776461,0.1932927806,0.7881476690962148,2.8938156635464702
4096882883.0,-0.7640373589,0.1936493342,0.7881961370312536,2.8933645767356557
4096973974.0,-0.7639996151,0.1939579557,0.7882354346591324,2.8929732784325917
4097065065.0,-0.764001586,0.1943049755,0.7883228062884968,2.8925472282884863
4097156156.0,-0.763942843,0.1946155276,0.7883424832862612,2.8921470850515054
4097247247.0,-0.763953896,0.1949237621,0.7884293425823243,2.891771698389609
4097338338.0,-0.7639917369,0.195231735,0.7885422020428514,2.891405127028368
4097429429.0,-0.7639976871,0.1955604196,0.7886294082826721,2.891003191521062
4097520521.0,-0.7639792,0.1959159062,0.7886997276117237,2.8905607318384274
4097611612.0,-0.7639643658,0.1962155323,0.7887598413509455,2.8901880966436533
4097702703.0,-0.7639836427,0.1965601222,0.7888643026227261,2.889771089611353
4097793794.0,-0.7639726696,0.1968857348,0.7889348721304482,2.8893679169303814
4097884885.0,-0.7639785826,0.1972132528,0.7890223962293222,2.888967827436528
4097975976.0,-0.763985014,0.1975153376,0.7891041820975366,2.888599195456295
4098067067.0,-0.7640015913,0.1978500578,0.7892040780941236,2.8881938302523174
4098158158.0,-0.7639866599,0.1981544844,0.789265998376332,2.887815696303348
4098249249.0,-0.7640057701,0.1984424941,0.7893568522605746,2.887468594450849
4098340340.0,-0.7639927464,0.1987794746,0.7894290316894019,2.887051290149697
4098431431.0,-0.76399355,0.1990983481,0.7895101624790851,2.8866606723788797
4098522523.0,-0.7639734896,0.1993831583,0.7895626236248042,2.886305204574698
4098613614.0,-0.7639805674,0.1997115986,0.7896524741810118,2.885905017779714
4098704705.0,-0.7639628093,0.2000373838,0.7897177526883239,2.885500208568586
4098795796.0,-0.7639963875,0.2003600207,0.7898320188546135,2.885115811184267
4098886887.0,-0.763991974,0.2006756,0.7899078634700231,2.8847279479614687
4098977978.0,-0.7640142767,0.200970926,0.7900045114420053,2.8843735566409965
4099069069.0,-0.7640111302,0.2013154022,0.7900891710638928,2.8839508906959126
4099160160.0,-0.764014254,0.2016292154,0.7901722095961083,2.8835678610268802
4099251251.0,-0.7640053633,0.2019744223,0.7902517715352391,2.8831426196006977
4099342342.0,-0.7640251028,0.2022990223,0.7903538777864549,2.8827519413229687
4099433433.0,-0.7640430191,0.2026163445,0.7904524768093182,2.882369672282694
4099524525.0,-0.764019501,0.2029315503,0.7905106020892133,2.8819766313920967
4099615616.0,-0.7640436223,0.2032267408,0.7906097425111175,2.8816236050076585
4099706707.0,-0.7640400668,0.2035381836,0.7906864206870735,2.881241795453732
4099797798.0,-0.7640592223,0.2038460977,0.7907842479015366,2.8808717750406565
4099888889.0,-0.7640280037,0.2041623063,0.7908356578654899,2.880475270927561
4099979980.0,-0.764056517,0.2044745651,0.7909438721824738,2.8801031675390822
4100071071.0,-0.7640652344,0.2047881167,0.7910334096359393,2.8797231088623048
4100162162.0,-0.764065591,0.2051087308,0.7911168174173561,2.8793317743601747
4100253253.0,-0.7640595465,0.2053988651,0.7911862513859512,2.878975624767552
4100344344.0,-0.7640600747,0.2057090063,0.7912673334742836,2.8785972816571075
4100435435.0,-0.7640784142,0.2060428147,0.7913718876330428,2.878196000269134
4100526527.0,-0.7640755733,0.2063508634,0.7914494049145839,2.8778192684986146
4100617618.0,-0.7640589754,0.2066635667,0.791514969972434,2.8774323960404904
4100708709.0,-0.7640321714,0.2069702813,0.7915692365646863,2.8770495188417664
4100799800.0,-0.7640782205,0.207288213,0.7916968676780147,2.876677114771293
4100890891.0,-0.7640746802,0.2076073078,0.7917770590101081,2.8762869923128056
4100981982.0,-0.7640849514,0.2079303482,0.7918717337160821,2.875896720966813
4101073073.0,-0.7640789132,0.2082398174,0.7919472249763102,2.875517661052335
4101164164.0,-0.764073329,0.2085417849,0.7920212927304544,2.875147961729909
4101255255.0,-0.7640608898,0.2088174226,0.7920819145159639,2.8748081148195412
4101346346.0,-0.7640542522,0.2091243635,0.7921564868851237,2.8744321382055187
4101437437.0,-0.7640772404,0.2094177452,0.7922561588917637,2.8740826236368484
4101528529.0,-0.7640952615,0.209751564,0.7923618411099813,2.8736823241616722
4101619620.0,-0.7640766004,0.2100455787,0.7924217288857236,2.873318293274367
4101710711.0,-0.7640781339,0.210339756,0.7925012351146501,2.872960883071892
4101801802.0,-0.7641625861,0.2106050191,0.7926530969252258,2.8726665112256753
4101892893.0,-0.7641769994,0.2109191706,0.7927505174634574,2.872289305130367
4101983984.0,-0.7641776799,0.2111899855,0.7928232693563156,2.871960262405351
4102075075.0,-0.7641785674,0.2115134224,0.7929103421755055,2.871567387769199
4102166166.0,-0.7641606854,0.211806167,0.7929712513642785,2.8712055753007806
4102257257.0,-0.7641713433,0.2120924464,0.7930580355439716,2.87086129859403
4102348348.0,-0.764159947,0.212412558,0.7931327249553798,2.8704685528442666
4102439439.0,-0.7641598436,0.2127123749,0.7932129732968155,2.8701043474756465
4102530531.0,-0.7641395326,0.2130065247,0.7932723396456719,2.8697402573221975
4102621622.0,-0.7641529816,0.2132910329,0.7933617359084814,2.869399368170343
4102712713.0,-0.7641464724,0.2135547568,0.7934264083286308,2.8690770137715758
4102803804.0,-0.7641716734,0.2138593407,0.7935327113809455,2.8687158934062786
4102894895.0,-0.7641864952,0.2141446148,0.7936239131313396,2.8683747691991006
4102985986.0,-0.7641902737,0.2144151507,0.7937005929614672,2.868047842997264
4103077077.0,-0.7641720244,0.2147356349,0.7937696616597917,2.867652894205222
4103168168.0,-0.7641796335,0.2149982383,0.7938480677864611,2.8673370237710887
4103259259.0,-0.7641857666,0.2152904537,0.7939331617512784,2.866984810963957
4103350350.0,-0.7641789108,0.215565028,0.794001063606413,2.866649615528082
4103441441.0,-0.7642152101,0.215867209,0.7941180889953564,2.866295793699453
4103532533.0,-0.7641840168,0.2161303446,0.7941596422568308,2.8659662548302522
4103623624.0,-0.7641998956,0.2163804155,0.7942430135965967,2.8656687255602757
4103714715.0,-0.7641901431,0.216657225,0.7943090884258465,2.8653300717329113
4103805806.0,-0.7641966131,0.2169513199,0.7943955807278029,2.8649761189546914
4103896897.0,-0.7642002562,0.2172319302,0.7944757661971593,2.8646375964095996
4103987988.0,-0.7641967989,0.217507125,0.7945477310236136,2.864303251318881
4104079079.0,-0.7642046032,0.2177623965,0.7946251549513724,2.8639969635539293
4104170170.0,-0.7641795385,0.2180686757,0.7946850409965099,2.8636176651247953
4104261261.0,-0.7641846404,0.2183316079,0.7947621377692049,2.863301294942047
4104352352.0,-0.7641853478,0.2185942151,0.7948349996492304,2.862983858766361
4104443443.0,-0.7641925818,0.2188523615,0.7949129878246275,2.8626741361485677
4104534535.0,-0.7641871005,0.219126723,0.7949832987574744,2.8623404592619077
4104625626.0,-0.7641862993,0.219356947,0.795046017683876,2.862061825847313
4104716717.0,-0.7642063632,0.2196323969,0.7951413429846353,2.861735817657889
4104807808.0,-0.7642241693,0.2198902731,0.7952297235052697,2.8614303396874394
4104898899.0,-0.7642200789,0.2201698736,0.7953031511536731,2.8610910601514967
4104989990.0,-0.7641904961,0.2204106734,0.795341423087095,2.8607898333083184
4105081081.0,-0.7641756957,0.2206765291,0.7954009205389456,2.860463526674498
4105172172.0,-0.7642027381,0.2209210234,0.7954947664816158,2.8601776750422396
4105263263.0,-0.7641803022,0.2211574897,0.7955389176658103,2.8598842948962937
4105354354.0,-0.764177377,0.2214190954,0.7956088733330934,2.8595674219758194
4105445445.0,-0.7641852546,0.2216800598,0.7956891052798187,2.859255161397034
4105536537.0,-0.764239353,0.2219096657,0.7958050567852308,2.8589970037129038
4105627628.0,-0.764184204,0.2221657171,0.795823537913821,2.8586686980755918
4105718719.0,-0.764170408,0.222400001,0.7958757270502013,2.8583811897499265
4105809810.0,-0.7641732837,0.2226511181,0.7959486967839202,2.858079273609163
4105900901.0,-0.7641852523,0.2228913662,0.7960274247532664,2.857793719286399
4105991992.0,-0.764190045,0.2231054086,0.7960919847754246,2.857537293593437
4106083083.0,-0.7641600699,0.223363856,0.7961356822783172,2.857215123458764
4106174174.0,-0.7641754529,0.2235637833,0.7962065611500131,2.8569795292405176
4106265265.0,-0.7641959977,0.223795573,0.7962913922648522,2.856707397466086
4106356356.0,-0.7641852826,0.2240501176,0.7963526865271541,2.8563968612423256
4106447447.0,-0.7641805491,0.2242531023,0.796405277176107,2.8561506082217787
4106538539.0,-0.7641801184,0.224500675,0.7964746112923461,2.8558521975616262
4106629630.0,-0.7641831348,0.2247206898,0.7965395482566718,2.85558825124363
4106720721.0,-0.7641609144,0.2249580463,0.7965852281405658,2.8552945179069407
4106811812.0,-0.7641632016,0.2251574318,0.7966437521090176,2.855055234319228
4106902903.0,-0.7641395729,0.2253632283,0.7966792777156894,2.8547990659137468
4106993994.0,-0.764175588,0.2255689931,0.7967720501770211,2.8545641522756204
4107085085.0,-0.7641708381,0.2257830484,0.7968281212076122,2.8543048204712167
4107176176.0,-0.7641964638,0.2259832877,0.7969094563400071,2.8540729602858796
4107267267.0,-0.7641882607,0.2262076196,0.7969652344718616,2.8538001136179623
4107358358.0,-0.764190417,0.2264002627,0.7970220024473997,2.8535691185041667
4107449449.0,-0.7641873173,0.226643177,0.7970880664034711,2.853275815315414
4107540541.0,-0.7641708452,0.2268330578,0.7971262865848676,2.853041565221569
4107631632.0,-0.7642101667,0.2270102882,0.7972144315278599,2.852842479846792
4107722723.0,-0.7641435888,0.2272250724,0.7972118023658008,2.852560433601166
4107813814.0,-0.764186531,0.2274300171,0.797311398915079,2.852329402110777
4107904905.0,-0.7642001586,0.2275980774,0.797372414396461,2.8521322660008024
4107995996.0,-0.7641923502,0.2278097133,0.797425365522083,2.851875113125806
4108087087.0,-0.7642158566,0.2279901864,0.797499467444072,2.8516666660033847
4108178178.0,-0.7641680214,0.2281793366,0.7975077269729786,2.8514222405163245
4108269269.0,-0.7641823611,0.2283526128,0.7975710606516246,2.8512192120845437
4108360360.0,-0.7642050476,0.2285294552,0.797643445827349,2.851014930485402
4108451451.0,-0.7641758669,0.2287120979,0.7976678376857033,2.8507850773074743
4108542543.0,-0.7642006472,0.2288973888,0.7977447234425041,2.8505714677859864
4108633634.0,-0.764200148,0.2290881696,0.7977990070524658,2.8503422095848148
4108724725.0,-0.764202951,0.2292421879,0.7978459318880352,2.850158305627564
4108815816.0,-0.7641759885,0.2294149525,0.797869764955741,2.8499411942192108
4108906907.0,-0.7642499613,0.2295981396,0.7979933013846874,2.8497479827597525
4108997998.0,-0.7642017467,0.2297591311,0.7979934636218255,2.849537384278384
4109089089.0,-0.7642162044,0.2299086225,0.7980503629266703,2.8493632118335026
4109180180.0,-0.7642182217,0.2300857375,0.7981033372811,2.8491514286435566
4109271271.0,-0.7642158617,0.23023015,0.7981427223516456,2.848977322517396
4109362362.0,-0.7642394239,0.2303918262,0.7982119334003814,2.8487918992080328
4109453453.0,-0.7642669409,0.2305761527,0.7982915001091881,2.848580774502444
4109544545.0,-0.7642317985,0.2307346323,0.7983036467292134,2.848378000338884
4109635636.0,-0.7642635846,0.2308569341,0.7983694325108477,2.8482428564524294
4109726727.0,-0.7642572527,0.2310142156,0.7984088652525314,2.848051984989383
4109817818.0,-0.7642676973,0.2311734707,0.7984649564581581,2.8478648497201227
4109908909.0,-0.7642848631,0.231332342,0.7985273974128819,2.8476806391867044
4110000000.0,-0.7642475182,0.2314540635,0.7985269266502674,2.8475211948511223
