Frequenze (Hz),Parte Reale,Parte Immaginaria,Ampiezza,Fase
5778000000.0,-0.0002242773,-6.01795e-05,0.00023221085141642283,-2.8794414448478305
5778082082.0,-0.0002408748,-8.49619e-05,0.0002554196424056889,-2.802494733922874
5778164164.0,-0.0002292197,-7.29872e-05,0.0002405593528257216,-2.8333273132502232
5778246246.0,-0.0002388786,-6.19581e-05,0.00024678288371272834,-2.887814176334148
5778328328.0,-0.0002528841,-6.03716e-05,0.00025999057313558503,-2.907246685132148
5778410410.0,-0.0002418491,-7.36686e-05,0.0002528201926207042,-2.845915875257572
5778492492.0,-0.0002513505,-4.73204e-05,0.0002557660925658638,-2.95550617871478
5778574575.0,-0.0002568177,-7.68957e-05,0.0002680825986739535,-2.850670397340312
5778656657.0,-0.0002564841,-5.98234e-05,0.00026336843535315694,-2.912445359253253
5778738739.0,-0.0002732179,-3.93693e-05,0.00027603978456537746,-2.9984828291775503
5778820821.0,-0.0002452415,-7.04721e-05,0.0002551660443724047,-2.8617740211127454
5778902903.0,-0.0002549597,-6.26246e-05,0.00026253816703338586,-2.900735399778079
5778984985.0,-0.0002604045,-6.42232e-05,0.00026820723897480844,-2.899789571365169
5779067067.0,-0.0002545788,-7.35193e-05,0.0002649819859574043,-2.860453580813553
5779149149.0,-0.0002996958,-4.74703e-05,0.00030343203838706617,-2.984502772530581
5779231231.0,-0.000260564,-6.14525e-05,0.00026771254705794053,-2.909980854336383
5779313313.0,-0.0002620748,-9.9939e-05,0.0002804835191522668,-2.777277258548834
5779395395.0,-0.000256787,-4.15278e-05,0.0002601232814298636,-2.9812599926382846
5779477477.0,-0.000253783,-8.13945e-05,0.0002665161828468395,-2.8312323796935224
5779559560.0,-0.0002759173,-7.19021e-05,0.0002851320192887849,-2.886669281374146
5779641642.0,-0.000260081,-6.89498e-05,0.0002690654223066204,-2.8824451277877015
5779723724.0,-0.0002580894,-6.97583e-05,0.0002673506289711135,-2.8776130129407527
5779805806.0,-0.0002668791,-6.5537e-05,0.0002748082101863225,-2.900789497552545
5779887888.0,-0.0002358143,-3.14268e-05,0.00023789919680976227,-3.009104064546804
5779969970.0,-0.0002624866,-5.98013e-05,0.00026921257522866576,-2.917589916230819
5780052052.0,-0.0002641576,-5.85153e-05,0.0002705610429678485,-2.9235962008183836
5780134134.0,-0.0002684419,-6.1727e-05,0.0002754474109600778,-2.915576052484097
5780216216.0,-0.0002775562,-6.91608e-05,0.0002860431093647949,-2.8973881221952644
5780298298.0,-0.0002579036,-7.47071e-05,0.0002685058987869168,-2.85963907109335
5780380380.0,-0.0002601401,-5.48297e-05,0.0002658555390246741,-2.9338632027300644
5780462462.0,-0.0002789392,-8.66666e-05,0.0002920927538508958,-2.8403478591619606
5780544545.0,-0.0002716152,-6.82732e-05,0.0002800643617265146,-2.895334389105789
5780626627.0,-0.0002729059,-7.0122e-05,0.0002817706960257046,-2.890087611236716
5780708709.0,-0.0002570391,-5.86336e-05,0.00026364179861655093,-2.9173185278183484
5780790791.0,-0.0002454731,-5.45947e-05,0.0002514709209664211,-2.922748547385122
5780872873.0,-0.0002741401,-6.02838e-05,0.000280690097742065,-2.9251363700524027
5780954955.0,-0.0002597577,-6.3416e-05,0.0002673867082808904,-2.9021413664250764
5781037037.0,-0.0002554955,-8.84622e-05,0.0002703766102108132,-2.808273383155595
5781119119.0,-0.0002716173,-3.96809e-05,0.0002745005127210148,-2.9965276581850318
5781201201.0,-0.0002741447,-6.23482e-05,0.0002811451841688383,-2.917968344557011
5781283283.0,-0.0002925471,-4.79032e-05,0.00029644311813339507,-2.979287768632171
5781365365.0,-0.0002575173,-4.58084e-05,0.0002615598771024524,-2.9655493370988557
5781447447.0,-0.0002839019,-4.43239e-05,0.00028734108118196397,-2.986718911979325
5781529530.0,-0.0002847444,-4.41657e-05,0.0002881492363131473,-2.9877123787413544
5781611612.0,-0.0003148067,-5.43946e-05,0.0003194714867935009,-2.970494739569055
5781693694.0,-0.000289554,-7.36743e-05,0.00029877988787147306,-2.8924389676410307
5781775776.0,-0.0002996144,-7.00054e-05,0.0003076841639027267,-2.9120588572512
5781857858.0,-0.0002978353,-4.43796e-05,0.0003011235872897538,-2.993673814166988
5781939940.0,-0.0002706215,-6.63437e-05,0.0002786350351121337,-2.9011809541502944
5782022022.0,-0.0002822118,-6.8169e-05,0.00029032828422363537,-2.9045801301752867
5782104104.0,-0.0002712006,-5.34868e-05,0.0002764246790983034,-2.94686940185732
5782186186.0,-0.0002567058,-3.75727e-05,0.0002594408902600552,-2.99625976933128
5782268268.0,-0.000311354,-7.46338e-05,0.00032017419855203826,-2.9063245309917325
5782350350.0,-0.0002914604,-3.44722e-05,0.0002934919033653228,-3.0238655290290275
5782432432.0,-0.0002850367,-4.68665e-05,0.0002888639630849442,-2.978628099415955
5782514515.0,-0.0003078975,-4.96797e-05,0.00031187969330871804,-2.9816199790337947
5782596597.0,-0.0002666917,-7.12566e-05,0.0002760470356523504,-2.8805043797980767
5782678679.0,-0.0002798169,-5.42126e-05,0.0002850201809071947,-2.950220496753567
5782760761.0,-0.0002888137,-6.15512e-05,0.0002952996842685918,-2.931616692009715
5782842843.0,-0.000288561,-6.73107e-05,0.00029630757846449017,-2.912427109409402
5782924925.0,-0.0002962426,-5.57705e-05,0.00030144655699644335,-2.9555110460263823
5783007007.0,-0.0003174762,-3.97167e-05,0.00031995086157929,-3.0171378732803724
5783089089.0,-0.000292608,-4.00939e-05,0.00029534211091750866,-3.005418092879067
5783171171.0,-0.0002925311,-4.06867e-05,0.0002953470027342414,-3.0033941952817336
5783253253.0,-0.0002939804,-6.06225e-05,0.0003001658926167495,-2.9382305171630287
5783335335.0,-0.0003262297,-5.12295e-05,0.0003302276167014806,-2.985829654828384
5783417417.0,-0.0002835159,-4.25367e-05,0.00028668909361833077,-2.9926705738122656
5783499499.0,-0.0003083377,-4.7258e-05,0.00031193822434143914,-2.9895091192184977
5783581582.0,-0.0003098492,-4.58604e-05,0.0003132246845777006,-2.994650682518922
5783663664.0,-0.00032799,-4.78865e-05,0.00033146727890132684,-2.996617082725679
5783745746.0,-0.0003295979,-7.25592e-05,0.000337490167544256,-2.9249044221399982
5783827828.0,-0.0002901077,-3.48939e-05,0.00029219866847146993,-3.0218885750654274
5783909910.0,-0.000265223,-6.54046e-05,0.0002731684488189659,-2.899814379857069
5783991992.0,-0.0002970196,-4.05881e-05,0.00029977998039523924,-3.005782586126235
5784074074.0,-0.0002989856,-7.27857e-05,0.0003077176418924499,-2.9027955356692594
5784156156.0,-0.0002936537,-4.88336e-05,0.0002976864390808725,-2.9768041020252727
5784238238.0,-0.0003197289,-3.71671e-05,0.0003218819081862477,-3.0258663908085017
5784320320.0,-0.0002995666,-4.33208e-05,0.0003026827374466539,-2.9979766723292784
5784402402.0,-0.0003128547,-3.8921e-05,0.0003152664072702482,-3.0178225689673877
5784484484.0,-0.0002884354,-5.42097e-05,0.0002934853855769483,-2.9558158267931276
5784566567.0,-0.0003219717,-4.32835e-05,0.0003248680300878189,-3.007961189632049
5784648649.0,-0.0003203307,-4.25446e-05,0.0003231436218644118,-3.0095508093202517
5784730731.0,-0.0003139784,-3.22869e-05,0.0003156340912800295,-3.039121233758236
5784812813.0,-0.0003375083,-4.90434e-05,0.0003410529396625251,-2.997292428792204
5784894895.0,-0.0003029262,-3.8569e-05,0.00030537165946996456,-3.014952590355506
5784976977.0,-0.0003075495,-1.81746e-05,0.00030808604485664396,-3.0825664228664746
5785059059.0,-0.0003385493,-3.42844e-05,0.00034028083785874575,-3.040668159785035
5785141141.0,-0.0003162397,-5.28805e-05,0.00032063046507832034,-2.9759090380132736
5785223223.0,-0.0003295027,-4.12151e-05,0.0003320703446188774,-3.0171561944495138
5785305305.0,-0.000320309,-3.95184e-05,0.000322737601496262,-3.018837125532595
5785387387.0,-0.000329879,-4.58161e-05,0.00033304544683903124,-3.0035879021627983
5785469469.0,-0.0003122405,-5.50875e-05,0.0003170627106685679,-2.9669632071840923
5785551552.0,-0.0003413707,-4.31327e-05,0.0003440848509129398,-3.0159071734498815
5785633634.0,-0.0003236809,-5.0108e-05,0.00032753646619698696,-2.988005039379341
5785715716.0,-0.0003342972,-3.08982e-05,0.00033572208251927667,-3.0494271720673196
5785797798.0,-0.0003248672,-3.46609e-05,0.00032671099709781737,-3.0353022289895972
5785879880.0,-0.00033846,-6.03047e-05,0.0003437903844526342,-2.96526917738401
5785961962.0,-0.0003267184,-4.0382e-05,0.00032920452430451196,-3.0186175457778184
5786044044.0,-0.0003345923,-6.12641e-05,0.0003401548135306922,-2.960497911730077
5786126126.0,-0.0003302913,-3.60256e-05,0.0003322501869240257,-3.0329499230480406
5786208208.0,-0.0003025043,-3.04738e-05,0.0003040353663719568,-3.0411929628657237
5786290290.0,-0.0003281789,-3.99661e-05,0.00033060350807942137,-3.0204079450225882
5786372372.0,-0.0003249659,-3.16411e-05,0.00032650267284054505,-3.0445311630027203
5786454454.0,-0.0003084101,-6.05717e-05,0.00031430195771407467,-2.9476611527016123
5786536537.0,-0.0003275448,-3.6748e-05,0.00032959977474361234,-3.0298675693475055
5786618619.0,-0.0003381822,-2.84439e-05,0.0003393762747218049,-3.0576819370285264
5786700701.0,-0.0003234591,-1.9186e-05,0.0003240276098865805,-3.082346996814759
5786782783.0,-0.0003374259,-4.12397e-05,0.0003399366865269178,-3.019977260855903
5786864865.0,-0.0003080549,-5.823e-05,0.0003135100545660538,-2.9547721467517367
5786946947.0,-0.0003228218,-4.82547e-05,0.0003264083801426213,-2.9932134312508216
5787029029.0,-0.0003598485,-9.4348e-06,0.00035997216337279475,-3.1153798474170085
5787111111.0,-0.000343747,-4.89983e-05,0.0003472215912236593,-3.000004694593939
5787193193.0,-0.0003288178,-5.83078e-05,0.0003339475185379883,-2.9660914271477496
5787275275.0,-0.0003149253,-6.68227e-05,0.0003219366673980769,-2.9325078340045465
5787357357.0,-0.0003279948,-4.40235e-05,0.00033093603215620087,-3.008169930018528
5787439439.0,-0.0003422411,-4.11844e-05,0.0003447102048570219,-3.021831142393283
5787521522.0,-0.0003401071,-2.73404e-05,0.0003412042452001001,-3.0613775256734437
5787603604.0,-0.0003402528,-3.67868e-05,0.00034223564478598657,-3.03389489990111
5787685686.0,-0.0003514197,-8.685e-07,0.00035142077320548376,-3.1391212547701266
5787767768.0,-0.0003273844,-2.66634e-05,0.00032846838852912467,-3.0603283048588374
5787849850.0,-0.0003262248,-3.1896e-05,0.00032778037609204125,-3.0441293655946047
5787931932.0,-0.000337458,-3.84402e-05,0.00033964032555048587,-3.028170481562488
5788014014.0,-0.000348566,-6.54187e-05,0.00035465174843173975,-2.956071284944176
5788096096.0,-0.0003658034,-3.9273e-06,0.00036582448132519785,-3.130856971202254
5788178178.0,-0.0003441784,-3.47564e-05,0.0003459288631605059,-3.040950159710297
5788260260.0,-0.0003310793,-2.41208e-05,0.00033195679821496353,-3.0688660929147353
5788342342.0,-0.0003591276,-2.08239e-05,0.0003597308269984239,-3.083672825744344
5788424424.0,-0.0003404318,-4.52206e-05,0.00034342206265119306,-3.0095326818095502
5788506507.0,-0.0003622959,-2.55072e-05,0.0003631926987270669,-3.07130430514346
5788588589.0,-0.0003684774,-4.09077e-05,0.00037074119575527343,-3.031027205204088
5788670671.0,-0.000335756,-9.3874e-06,0.00033588720549428494,-3.11364094137509
5788752753.0,-0.0003280126,-9.679e-06,0.0003281553729557997,-3.112093200749647
5788834835.0,-0.0003649363,-2.75315e-05,0.00036597334131045664,-3.066293359070412
5788916917.0,-0.000359223,-1.63277e-05,0.0003595938785856762,-3.0961710915060947
5788998999.0,-0.0003651155,-2.53385e-05,0.0003659936719705684,-3.072305156835571
5789081081.0,-0.000380303,-1.0296e-05,0.0003804423470448578,-3.114526115585505
5789163163.0,-0.0003780998,-3.80532e-05,0.00038000987459575313,-3.0412871414327607
5789245245.0,-0.0003527924,-1.96823e-05,0.0003533410115328392,-3.0858603943860747
5789327327.0,-0.0003424757,-3.6865e-05,0.00034445410915750444,-3.034362863228535
5789409409.0,-0.000341314,-4.09986e-05,0.00034376755489423373,-3.0220455415479424
5789491491.0,-0.0003769126,-2.00102e-05,0.00037744339462070334,-3.088552686250203
5789573574.0,-0.0003873291,-1.893e-07,0.0003873291462584503,-3.1411039219532393
5789655656.0,-0.0003764771,6.6265e-06,0.0003765354131109848,-3.159192172431891
5789737738.0,-0.0003646245,-2.268e-07,0.0003646245705359006,-3.1409706439037994
5789819820.0,-0.0003624926,9.584e-07,0.0003624938669623529,-3.1442365634705576
5789901902.0,-0.0003918606,-2.63283e-05,0.000392744075974737,-3.0745055574660145
5789983984.0,-0.00037402,-1.73799e-05,0.00037442358542700004,-3.095158219757921
5790066066.0,-0.0003709853,3.0295e-06,0.0003709976693812779,-3.1497585638344936
5790148148.0,-0.0003854164,-8.9614e-06,0.0003855205676470712,-3.118345626160649
5790230230.0,-0.0003833795,-1.32268e-05,0.0003836075980197603,-3.1071057917535105
5790312312.0,-0.0003909168,-1.58151e-05,0.000391236580485836,-3.1011582692139306
5790394394.0,-0.000397256,-1.17626e-05,0.0003974301049175314,-3.1119916802455823
5790476476.0,-0.0003912424,-2.1452e-06,0.0003912482810707288,-3.136109662730999
5790558559.0,-0.0004101211,-1.1963e-06,0.00041012284476593105,-3.138675718550148
5790640641.0,-0.000381926,-8.5269e-06,0.00038202117415087083,-3.1192703092831664
5790722723.0,-0.0003914697,6.7952e-06,0.00039152867169739945,-3.158949086653571
5790804805.0,-0.0003664373,-2.17808e-05,0.0003670840477056038,-3.0822231422423787
5790886887.0,-0.0003503338,6.1602e-06,0.00035038795568124195,-3.159174643186157
5790968969.0,-0.0004114384,-8.5129e-06,0.0004115264590047279,-3.120905023265128
5791051051.0,-0.0003876718,2.59746e-05,0.000388540994439969,-3.2084941819823363
5791133133.0,-0.0003748576,1.45045e-05,0.00037513810896523165,-3.1802667204851667
5791215215.0,-0.0003781257,1.05916e-05,0.0003782740104620591,-3.16959612236026
5791297297.0,-0.0004089019,2.26747e-05,0.0004095301037087506,-3.1969885840905694
5791379379.0,-0.000382533,-1.58845e-05,0.0003828626560912542,-3.1000919735773853
5791461461.0,-0.0003951027,3.4819e-06,0.0003951180420771747,-3.1504050708834725
5791543544.0,-0.0003903879,3.34176e-05,0.0003918155796496229,-3.226985500363889
5791625626.0,-0.000368446,-1.75607e-05,0.00036886424752270307,-3.093967164354501
5791707708.0,-0.0004419692,8.8581e-06,0.00044205795964358567,-3.1616323174373875
5791789790.0,-0.0003752324,-1.51071e-05,0.0003755363876912196,-3.1013537364199015
5791871872.0,-0.000378099,1.8596e-05,0.0003785560262589938,-3.1907359399280244
5791953954.0,-0.0003973776,1.59289e-05,0.00039769672721430587,-3.181656252137622
5792036036.0,-0.0004036245,1.44806e-05,0.0004038841724759835,-3.177453687919187
5792118118.0,-0.0003884912,-1.17196e-05,0.0003886679321755269,-3.111434835816746
5792200200.0,-0.00039624,2.52369e-05,0.00039704286761206277,-3.2051976859326574
5792282282.0,-0.0004153685,3.90136e-05,0.0004171966583965049,-3.235243178429979
5792364364.0,-0.0004037057,-1.97681e-05,0.00040418939866119694,-3.0926651225309825
5792446446.0,-0.0004281972,1.06821e-05,0.0004283304207597798,-3.1665341638838047
5792528529.0,-0.0003999636,5.2452e-06,0.00039999799180495893,-3.1547060952569272
5792610611.0,-0.0004138026,2.0477e-05,0.0004143089418486644,-3.191037268232333
5792692693.0,-0.0004134107,1.57974e-05,0.00041371241789587367,-3.179786434468368
5792774775.0,-0.0004275838,1.15649e-05,0.0004277401698864043,-3.168633156887785
5792856857.0,-0.0004224229,4.5887e-06,0.00042244782235454834,-3.15245503705174
5792938939.0,-0.000418745,1.08036e-05,0.00041888434298498195,-3.1673868812544907
5793021021.0,-0.000410463,7.36e-06,0.0004105289806688439,-3.1595217028758844
5793103103.0,-0.000406179,1.47198e-05,0.00040644563296096567,-3.1778164888000435
5793185185.0,-0.0004257892,3.35821e-05,0.00042711146118671413,-3.220299971851901
5793267267.0,-0.0004163926,4.435e-06,0.00041641621793556507,-3.152243256658819
5793349349.0,-0.000431366,2.51109e-05,0.00043209626618938746,-3.1997395476925985
5793431431.0,-0.0003954512,2.0165e-06,0.0003954563412738377,-3.1466918479339716
5793513514.0,-0.0004113994,7.1963e-06,0.0004114623349154209,-3.1590831170255305
5793595596.0,-0.0004192423,4.68845e-05,0.00042185573653743294,-3.2529614331793018
5793677678.0,-0.0004189853,-8.2876e-06,0.0004190672570481378,-3.1218150637830444
5793759760.0,-0.0004338955,3.43894e-05,0.00043525617256118265,-3.220684651411769
5793841842.0,-0.0004247368,2.4458e-06,0.00042474384187634787,-3.1473509796097403
5793923924.0,-0.0004158237,2.28073e-05,0.00041644870322163325,-3.1963862364599827
5794006006.0,-0.0004305022,5.02514e-05,0.00043342513471971144,-3.257794192106809
5794088088.0,-0.0004458305,2.11932e-05,0.00044633394051594376,-3.1890933474267924
5794170170.0,-0.0004216238,2.45719e-05,0.00042233920845222264,-3.1998060119183735
5794252252.0,-0.0004285522,5.75726e-05,0.0004324021188611361,-3.275135195137118
5794334334.0,-0.0004188907,3.9348e-05,0.00042073469508764074,-3.235251641553216
5794416416.0,-0.0004253327,3.53633e-05,0.0004268002678960968,-3.224544542680194
5794498498.0,-0.0004047649,5.27806e-05,0.0004081916412769497,-3.2712591850044492
5794580581.0,-0.0004323507,4.15417e-05,0.0004343418476607797,-3.2373819415615683
5794662663.0,-0.0004256203,5.65703e-05,0.0004293632944421076,-3.2737307772611346
5794744745.0,-0.0004252981,4.90988e-05,0.0004281228398778206,-3.2565294550950448
5794826827.0,-0.0004527904,3.11436e-05,0.0004538601878917339,-3.2102659880564386
5794908909.0,-0.0004346175,2.9595e-05,0.0004356239609241553,-3.2095820566784594
5794990991.0,-0.0004570941,4.04885e-05,0.0004588837923560387,-3.2299401161016674
5795073073.0,-0.0004364992,4.77605e-05,0.00043910433493748384,-3.2505762656435673
5795155155.0,-0.0004393421,2.89658e-05,0.000440295921400653,-3.20742731868608
5795237237.0,-0.0004513527,6.1081e-05,0.00045546695638464267,-3.27610424040981
5795319319.0,-0.0004262439,4.27347e-05,0.0004283808082434366,-3.241517532670806
5795401401.0,-0.0004713775,6.61286e-05,0.0004759934235304202,-3.280971033625116
5795483483.0,-0.0004306768,5.87714e-05,0.00043466836038087703,-3.2772178061970996
5795565566.0,-0.0004577955,5.51744e-05,0.00046110837580292334,-3.261536074713197
5795647648.0,-0.00047678,5.1104e-05,0.0004795109875863117,-3.248370686718888
5795729730.0,-0.0004411462,4.65128e-05,0.00044359149038082326,-3.246640782130264
5795811812.0,-0.0004733016,7.82435e-05,0.00047972539004602414,-3.3054251802522745
5795893894.0,-0.0004547856,6.83783e-05,0.0004598973079702142,-3.2908276450331653
5795975976.0,-0.0004679924,4.81026e-05,0.00047045801787674955,-3.2440179671761147
5796058058.0,-0.0004270192,8.29117e-05,0.0004349939622173278,-3.3333703028664425
5796140140.0,-0.0004195346,0.0001154821,0.00043513836422173806,-3.41020279736958
5796222222.0,-0.0004761755,6.13957e-05,0.0004801172135830375,-3.269820239390658
5796304304.0,-0.0004832132,7.5934e-05,0.0004891430966601082,-3.29746185902162
5796386386.0,-0.0004810728,3.69725e-05,0.0004824914555265098,-3.218296144677315
5796468468.0,-0.0004935648,5.36589e-05,0.0004964730499717482,-3.249884374268416
5796550551.0,-0.0004508972,4.67557e-05,0.00045331488002306957,-3.244918180862472
5796632633.0,-0.0004754675,7.69078e-05,0.0004816473328661646,-3.301955676600505
5796714715.0,-0.00043386,9.68917e-05,0.0004445475240386454,-3.3613120505643557
5796796797.0,-0.0004596654,5.42775e-05,0.000462858862898195,-3.2591288570398156
5796878879.0,-0.000453292,6.8416e-05,0.0004584259878322781,-3.2913933894115424
5796960961.0,-0.0004469493,8.7556e-05,0.0004554445409778121,-3.3350398680574984
5797043043.0,-0.0004521442,7.75169e-05,0.0004587409371085711,-3.311384819389836
5797125125.0,-0.0004988678,5.28788e-05,0.000501662485508215,-3.247195950858923
5797207207.0,-0.0004574711,9.4033e-05,0.000467035343870472,-3.3443186245736203
5797289289.0,-0.0004511364,7.91349e-05,0.0004580244358142587,-3.315238397436213
5797371371.0,-0.0004812017,7.14604e-05,0.00048647884316900156,-3.289019246641607
5797453453.0,-0.0004898555,7.47239e-05,0.0004955220198048317,-3.292968455746886
5797535536.0,-0.0004805955,9.01274e-05,0.0004889733968745232,-3.3269722496711345
5797617618.0,-0.0005208718,8.51698e-05,0.0005277890931681707,-3.3036722532500558
5797699700.0,-0.0004779677,0.0001010803,0.0004885389946476945,-3.3500012945811353
5797781782.0,-0.0004941805,9.28019e-05,0.0005028186146353972,-3.327220239237456
5797863864.0,-0.0004717285,9.85066e-05,0.00048190385758552505,-3.3474549372828624
5797945946.0,-0.0004832818,8.06042e-05,0.0004899574831236686,-3.306856554496888
5798028028.0,-0.0005023397,9.98756e-05,0.0005121721484730012,-3.3378541469277154
5798110110.0,-0.0004624451,0.0001110644,0.0004755951760282793,-3.377296243820293
5798192192.0,-0.0004755931,0.0001039053,0.00048681116270654683,-3.356688092096582
5798274274.0,-0.0005112629,7.44024e-05,0.0005166483040155751,-3.286104885723717
5798356356.0,-0.0004862973,0.0001183638,0.0005004948083024739,-3.380348101604237
5798438438.0,-0.0004980119,0.0001026238,0.0005084756600546874,-3.344814967919184
5798520521.0,-0.0005154506,0.0001029037,0.0005256220053556072,-3.3386404352808756
5798602603.0,-0.0004792706,9.89067e-05,0.0004893698430933909,-3.3451048952631535
5798684685.0,-0.0005143436,0.0001368849,0.000532246948989818,-3.4016987302295205
5798766767.0,-0.000495149,9.93818e-05,0.0005050240334600325,-3.3396716748233857
5798848849.0,-0.0004991108,9.54311e-05,0.0005081522267233019,-3.3305146894006876
5798930931.0,-0.0005082392,0.0001029829,0.0005185677989511594,-3.341512734688586
5799013013.0,-0.0004982286,8.07646e-05,0.0005047322641471614,-3.3022982348847494
5799095095.0,-0.0004887447,0.0001151154,0.0005021184492679491,-3.3729094551785384
5799177177.0,-0.0005084098,0.0001163916,0.0005215625842471831,-3.3666470762862626
5799259259.0,-0.0004886615,0.0001166957,0.0005024021775238837,-3.3760091354983612
5799341341.0,-0.0005027192,0.0001302516,0.0005193188551855209,-3.3951120260699117
5799423423.0,-0.0004840329,0.0001259818,0.0005001592368572733,-3.3962185469877766
5799505506.0,-0.0004955513,0.0001156062,0.0005088574303379386,-3.370781648021225
5799587588.0,-0.0005064298,0.0001196243,0.0005203663281559732,-3.373551946274136
5799669670.0,-0.0004902028,0.0001305772,0.0005072959592660678,-3.4019216353010586
5799751752.0,-0.000520881,0.0001133791,0.0005330777021014947,-3.3559174846036477
5799833834.0,-0.0005192737,0.0001109712,0.0005309988538039701,-3.35213035863574
5799915916.0,-0.0005353244,0.0001183386,0.0005482483355974007,-3.359153420527081
5799997998.0,-0.0005038132,0.0001137434,0.0005164932734681064,-3.363635138916707
5800080080.0,-0.0005150181,0.0001216548,0.0005291913960852444,-3.373555346505478
5800162162.0,-0.0005145237,0.0001521353,0.000536544301402764,-3.4290831146390106
5800244244.0,-0.0005239176,0.0001539906,0.0005460794415450192,-3.4274634731242455
5800326326.0,-0.0005141146,0.0001349062,0.0005315199946677452,-3.3982120303277377
5800408408.0,-0.0005217541,0.0001239286,0.0005362701173520393,-3.374794227694431
5800490490.0,-0.0005141929,0.0001439073,0.0005339509803378021,-3.4144810436548916
5800572573.0,-0.0005428738,0.0001309694,0.0005584486963569706,-3.3783211273317844
5800654655.0,-0.0005322544,0.0001372493,0.0005496654588655267,-3.393959014697977
5800736737.0,-0.0005274493,0.0001665647,0.0005531243651807251,-3.4474745646669342
5800818819.0,-0.0005307772,0.0001587879,0.0005540198852263788,-3.432279653002085
5800900901.0,-0.0005247803,0.0001410712,0.0005434109372634396,-3.404203911944336
5800982983.0,-0.0005095674,0.0001375433,0.0005278040304105777,-3.4052315089019394
5801065065.0,-0.000525813,0.0001656742,0.0005512959745133643,-3.446828054281958
5801147147.0,-0.0005239521,0.0001306457,0.0005399945388824779,-3.3859563029926583
5801229229.0,-0.0005165104,0.0001714127,0.0005442107193261173,-3.4620228286995296
5801311311.0,-0.000546268,0.0001494987,0.0005663555324402597,-3.408724570757511
5801393393.0,-0.0005384099,0.0001553507,0.0005603740361655776,-3.42249922314753
5801475475.0,-0.0005713244,0.0001512006,0.0005909933937665631,-3.4003106633864313
5801557558.0,-0.0004928928,0.0001942178,0.000529777185360676,-3.516947615630221
5801639640.0,-0.0005296161,0.0001541636,0.0005515973431264603,-3.4248511329264253
5801721722.0,-0.0005578271,0.0001300041,0.0005727758195936872,-3.3705601073112046
5801803804.0,-0.0005541185,0.0001767748,0.0005816327380377501,-3.4504062385120147
5801885886.0,-0.0005244554,0.0002007735,0.0005615723149260566,-3.5072039942129862
5801967968.0,-0.0005603182,0.0001688936,0.0005852192182184382,-3.43435576143693
5802050050.0,-0.0005490774,0.0001535746,0.0005701501108970513,-3.4143191777840314
5802132132.0,-0.0005245395,0.0001782954,0.0005540134806314825,-3.469249080246717
5802214214.0,-0.0005462861,0.000188223,0.0005778030813194146,-3.4734042160723773
5802296296.0,-0.0005378589,0.0001785,0.0005667049023161966,-3.462026914639375
5802378378.0,-0.0005485655,0.0001863968,0.0005793685138497691,-3.469142465529537
5802460460.0,-0.0005612892,0.0001777427,0.0005887597416942926,-3.4482707865381874
5802542543.0,-0.0005377991,0.0002062677,0.0005759984687688848,-3.5078297238874514
5802624625.0,-0.0005385924,0.0001871912,0.0005701949830498336,-3.476088831008782
5802706707.0,-0.0005220309,0.0002031098,0.0005601516325164554,-3.5126466385700255
5802788789.0,-0.0005382703,0.0002135968,0.00057910146678482,-3.519355258124426
5802870871.0,-0.0005769408,0.0001897197,0.000607333723147933,-3.4592914054169297
5802952953.0,-0.000561664,0.0002052408,0.0005979884905921183,-3.4919342202980053
5803035035.0,-0.0005843391,0.0002044764,0.0006190822093597668,-3.4782030048816175
5803117117.0,-0.0005498754,0.0001748445,0.0005770039468716051,-3.4494541000752763
5803199199.0,-0.0005517568,0.0002285667,0.0005972255040561562,-3.53432507259367
5803281281.0,-0.0005480377,0.0002036789,0.0005846626505314838,-3.497424212064067
5803363363.0,-0.000599152,0.000198023,0.0006310279135133406,-3.4607959554188477
5803445445.0,-0.0005365495,0.0001840495,0.0005672385603963292,-3.4720395474852594
5803527528.0,-0.0005938278,0.0002036719,0.0006277847552325956,-3.4720012059396477
5803609610.0,-0.000594952,0.0001928214,0.0006254182397419826,-3.4550064499173874
5803691692.0,-0.0005576699,0.0001817849,0.0005865504814029395,-3.456703648526464
5803773774.0,-0.0005722403,0.0002161797,0.000611712860446942,-3.502796456660662
5803855856.0,-0.0005967182,0.0002113084,0.0006330275271438044,-3.481930968457208
5803937938.0,-0.0005739849,0.0002358412,0.0006205479329152987,-3.531446416911666
5804020020.0,-0.0005793141,0.0002268212,0.0006221355826733028,-3.514779566892415
5804102102.0,-0.0005801762,0.0001922199,0.0006111897520430542,-3.4615237803062415
5804184184.0,-0.0005937902,0.0002071155,0.0006288748937239346,-3.4772002503928863
5804266266.0,-0.0005600625,0.0002227446,0.0006027314167482977,-3.5201266391977626
5804348348.0,-0.0006121625,0.000262461,0.0006660545795407837,-3.546630225386196
5804430430.0,-0.0005750232,0.0002117234,0.0006127629873334387,-3.4943881754829547
5804512513.0,-0.0005819355,0.0002601666,0.000637444574779494,-3.562008316355346
5804594595.0,-0.0006132985,0.0002137564,0.0006494819848488564,-3.476962346962544
5804676677.0,-0.0006117357,0.0002571634,0.000663591426221022,-3.5395463246381023
5804758759.0,-0.0005966219,0.0002289964,0.0006390594986169676,-3.5080748513124935
5804840841.0,-0.0006124837,0.0002597748,0.0006652963471121197,-3.5427290622381267
5804922923.0,-0.000605201,0.0002321919,0.000648213952971247,-3.5079346506732763
5805005005.0,-0.0006114141,0.000270731,0.0006686721738189873,-3.5584386237039998
5805087087.0,-0.0006085544,0.0002439838,0.0006556420917099512,-3.5228949544249355
5805169169.0,-0.0005913641,0.0002566319,0.0006446483001345927,-3.55103298838183
5805251251.0,-0.0006271158,0.0002532986,0.0006763389737192438,-3.525465521779503
5805333333.0,-0.0005853016,0.0002784191,0.0006481474818337027,-3.585599612520342
5805415415.0,-0.0006105336,0.0002421116,0.0006567871067427557,-3.5191277295005
5805497497.0,-0.0006096386,0.0002721152,0.0006676120914730349,-3.561411212705272
5805579580.0,-0.0006005888,0.0002686123,0.0006579205684554406,-3.5621558814454155
5805661662.0,-0.0006235779,0.0002670716,0.0006783632042607927,-3.5462458727193806
5805743744.0,-0.0006265475,0.0002963196,0.0006930851860344514,-3.5833591674580476
5805825826.0,-0.0005999972,0.0002536887,0.0006514250505741469,-3.5416123813780604
5805907908.0,-0.0006131154,0.0002809227,0.000674409413555631,-3.5712356061141963
5805989990.0,-0.0006370782,0.0002507112,0.0006846347484028838,-3.5165114993086326
5806072072.0,-0.0006399475,0.0002705264,0.0006947786236300092,-3.5415408677038513
5806154154.0,-0.0006188923,0.0002726018,0.0006762687486218256,-3.556490937848463
5806236236.0,-0.0006288212,0.0002917562,0.0006932083249701203,-3.5760057638288614
5806318318.0,-0.0006650721,0.000296542,0.0007281882009222685,-3.561014670730298
5806400400.0,-0.0006385428,0.0002971013,0.000704276997986964,-3.5770806588420303
5806482482.0,-0.0006151198,0.0002989858,0.000683933386342325,-3.5940270815370563
5806564565.0,-0.0006386466,0.0002894701,0.000701186436324584,-3.5671505762225304
5806646647.0,-0.0006509868,0.000281195,0.0007091223038371026,-3.5493368756361456
5806728729.0,-0.0006366184,0.0002957959,0.0007019816248844196,-3.5765510925070014
5806810811.0,-0.0006374014,0.0002908138,0.0007006091713590395,-3.5696311459588355
5806892893.0,-0.0006502954,0.0002974558,0.0007150972382933666,-3.57059694132661
5806974975.0,-0.0006577073,0.0002962009,0.0007213278489245372,-3.564740657685066
5807057057.0,-0.0006279006,0.0003325588,0.0007105311526863548,-3.6286670621421573
5807139139.0,-0.0006438931,0.0003317558,0.0007243343392807288,-3.6173532800246813
5807221221.0,-0.0006472573,0.0003179291,0.0007211247638447178,-3.5981709242271656
5807303303.0,-0.0006999296,0.0003309743,0.0007742386145218088,-3.5833000208247276
5807385385.0,-0.0006520408,0.0003415042,0.0007360586413338818,-3.624056628873407
5807467467.0,-0.0006995127,0.0003193492,0.0007689615913697706,-3.569864431726964
5807549550.0,-0.0006481003,0.0003201056,0.0007228427173399826,-3.6003593573809707
5807631632.0,-0.0006462192,0.0003665383,0.0007429330924218748,-3.6575485121087543
5807713714.0,-0.0006527718,0.0003298632,0.0007313827681792072,-3.6094927568802775
5807795796.0,-0.0006709686,0.0003609782,0.0007619082117034834,-3.635172795629439
5807877878.0,-0.0006612485,0.0003601548,0.0007529681658046972,-3.6403258716712004
5807959960.0,-0.000642396,0.0003365734,0.0007252270502425843,-3.62420397902656
5808042042.0,-0.0006794561,0.0003724068,0.0007748208931833537,-3.642972465695576
5808124124.0,-0.0006845571,0.0003684836,0.0007774307600226338,-3.635393509195447
5808206206.0,-0.0006751826,0.0003384642,0.0007552678717014248,-3.6062739960027166
5808288288.0,-0.0007112751,0.0003686886,0.0008011513912176461,-3.6198113251854958
5808370370.0,-0.0006634422,0.0003952113,0.0007722354073652219,-3.6788430346604426
5808452452.0,-0.0006822321,0.0003427116,0.0007634735614577429,-3.607109487941281
5808534535.0,-0.0006895671,0.0003804911,0.0007875761947783973,-3.6458034027402593
5808616617.0,-0.0007142475,0.0003644246,0.0008018446110945748,-3.6133841733313186
5808698699.0,-0.0007218457,0.0004028089,0.0008266294360399344,-3.6505772148670808
5808780781.0,-0.0006868506,0.0003679684,0.0007792076039919786,-3.6334162207168994
5808862863.0,-0.0007168599,0.0004168053,0.0008292254062292713,-3.66824733191006
5808944945.0,-0.0006908508,0.0004240319,0.0008106034049263856,-3.692084512669843
5809027027.0,-0.0007123256,0.0003832316,0.000808872189937273,-3.635176620516665
5809109109.0,-0.0007335444,0.0003868096,0.0008292822519646251,-3.6268533994213463
5809191191.0,-0.0006754592,0.000381653,0.0007758248148091423,-3.655900014231609
5809273273.0,-0.0007169275,0.0004104001,0.0008260830965080086,-3.661503126394829
5809355355.0,-0.0007005279,0.0004494854,0.0008323319430921597,-3.7120670925765347
5809437437.0,-0.0007208764,0.0004062174,0.0008274511225079823,-3.654745169448562
5809519520.0,-0.000714421,0.0004255611,0.0008315645585727004,-3.6788242548059595
5809601602.0,-0.0007283573,0.000436395,0.0008490847734403733,-3.6813866403432653
5809683684.0,-0.0007069037,0.000429109,0.0008269506484396091,-3.6871623977714383
5809765766.0,-0.0007152079,0.0004233178,0.0008310958428600459,-3.6760207392672717
5809847848.0,-0.0007368063,0.0004461636,0.0008613625727210639,-3.6860736565506422
5809929930.0,-0.0007212515,0.0004723561,0.0008621624043412355,-3.721413045504945
5810012012.0,-0.0007314781,0.0004413938,0.0008543352371628189,-3.6845283623580056
5810094094.0,-0.0007150297,0.0004566417,0.0008484038625919734,-3.709935600749472
5810176176.0,-0.000736851,0.0004472731,0.0008619759986128442,-3.68714782665844
5810258258.0,-0.0007545594,0.0004686873,0.0008882722968266263,-3.6974116842714824
5810340340.0,-0.0007679633,0.0004636746,0.0008970851491536631,-3.684780937107319
5810422422.0,-0.0007348473,0.0004849262,0.000880428289961045,-3.724896442556025
5810504505.0,-0.000768734,0.0004890015,0.0009110842056353792,-3.7081432799114755
5810586587.0,-0.0007653086,0.0004650383,0.0008955210068450934,-3.6876167710396404
5810668669.0,-0.0007490309,0.0004760773,0.0008875228925104411,-3.707771744529922
5810750751.0,-0.0007654364,0.0005003194,0.0009144464907589289,-3.720522084277407
5810832833.0,-0.0007498171,0.0004837458,0.0008923203922751346,-3.7145520466276896
5810914915.0,-0.0007522665,0.0005136116,0.0009108796642130122,-3.7406488718117186
5810996997.0,-0.0007600286,0.0005154086,0.0009183079536690946,-3.737498857788684
5811079079.0,-0.0007277968,0.000532417,0.0009017516531613568,-3.7731783594990698
5811161161.0,-0.000769067,0.0004870379,0.000910313114552026,-3.706126904973528
5811243243.0,-0.0007750013,0.0005186171,0.0009325184777869552,-3.7313347812063804
5811325325.0,-0.0007849843,0.0004913836,0.0009260983714462789,-3.7008955794467027
5811407407.0,-0.0007905713,0.0005449104,0.0009601720285510561,-3.7450751884764024
5811489489.0,-0.0007976507,0.0005312036,0.0009583443555755155,-3.7291059882312028
5811571572.0,-0.0007856664,0.0005650549,0.0009677596458330808,-3.7650916773536767
5811653654.0,-0.0007933827,0.000532619,0.0009555831244953472,-3.732814507857554
5811735736.0,-0.0008077817,0.0005746458,0.0009913269240328993,-3.759920416470627
5811817818.0,-0.0007921664,0.0005892331,0.00098728073587231,-3.781129975685581
5811899900.0,-0.0007830648,0.0005743054,0.0009710907133055078,-3.7743895528155758
5811981982.0,-0.0008014743,0.0006002027,0.00100130132060623,-3.784372281198737
5812064064.0,-0.00080394,0.0006072641,0.0010075163575589282,-3.788515331373439
5812146146.0,-0.0007945262,0.0006013715,0.000996453492893015,-3.789490850807329
5812228228.0,-0.0007945315,0.0006048966,0.0009985891052799495,-3.7923023753202796
5812310310.0,-0.0008061511,0.000598919,0.0010042826119137033,-3.7805577129005994
5812392392.0,-0.0008204643,0.0006243799,0.0010310246976181026,-3.792101741104215
5812474474.0,-0.0008456479,0.0006382807,0.001059491681310854,-3.78814789210165
5812556557.0,-0.0008340033,0.0006402773,0.0010514354594106953,-3.7963356402017956
5812638639.0,-0.0008239964,0.0006251391,0.0010342963606054941,-3.7906177778152914
5812720721.0,-0.0008257002,0.0006251407,0.0010356552105196643,-3.789624668043227
5812802803.0,-0.0008273973,0.0006303241,0.0010401417033693533,-3.79261290489111
5812884885.0,-0.0008285164,0.0006474626,0.0010514976193352604,-3.804933663288526
5812966967.0,-0.0008218749,0.0006415956,0.0010426520345682782,-3.8044221616113534
5813049049.0,-0.0008282143,0.0006710653,0.0010659585186997569,-3.82255582025041
5813131131.0,-0.0008421386,0.000672709,0.0010778380306386299,-3.8156077567825646
5813213213.0,-0.0008477603,0.000714436,0.0011086551873112263,-3.841852980807322
5813295295.0,-0.000849282,0.0007298033,0.0011197735361290202,-3.8514714781694055
5813377377.0,-0.0008575871,0.0007076161,0.0011118346005884237,-3.831466754583404
5813459459.0,-0.0008728178,0.0007221107,0.001132808357601289,-3.832779100584906
5813541542.0,-0.0008847119,0.0007431265,0.0011554012900303774,-3.840231605355142
5813623624.0,-0.0008739913,0.0007694322,0.001164425481889043,-3.8634537179290165
5813705706.0,-0.0008657593,0.0007630303,0.0011540166395050723,-3.8640034868578126
5813787788.0,-0.000867713,0.0007601088,0.0011535559103079658,-3.86098366593942
5813869870.0,-0.0008558351,0.0007564453,0.0011422185475136097,-3.8654232465672482
5813951952.0,-0.0008529232,0.0007613784,0.0011433175644084191,-3.8703428789791823
5814034034.0,-0.0008933441,0.0007854189,0.0011895152497896023,-3.8627906397446585
5814116116.0,-0.0008387768,0.0007981991,0.001157872326061492,-3.902207683648501
5814198198.0,-0.0008741211,0.0008263742,0.0012029056554405462,-3.8989199612473144
5814280280.0,-0.0008998996,0.0008300087,0.0012242278105629892,-3.8866112720206907
5814362362.0,-0.0008972644,0.0008346564,0.001225452858974314,-3.890857092128195
5814444444.0,-0.000912197,0.0008279146,0.0012318871505548551,-3.8785935848464113
5814526527.0,-0.0009180529,0.0008222246,0.0012324262331042657,-3.87198141728239
5814608609.0,-0.0008835854,0.0008805243,0.001247415809577404,-3.9252556091780404
5814690691.0,-0.0008889427,0.0008510889,0.0012306792594281013,-3.905239585535657
5814772773.0,-0.0008654325,0.0008766296,0.0012318493688971918,-3.933418226096012
5814854855.0,-0.0008996895,0.0009158088,0.001283801758281897,-3.9358693031029555
5814936937.0,-0.0008776692,0.0008887819,0.0012490942680183311,-3.933281709162734
5815019019.0,-0.0009056224,0.0009312348,0.001298980440234879,-3.94093351231795
5815101101.0,-0.0008845197,0.0009271305,0.00128138443244732,-3.95050691574714
5815183183.0,-0.0009172248,0.0009535568,0.0013230917974809155,-3.9464091356743585
5815265265.0,-0.0009078405,0.000965615,0.0013253628566039,-3.9578195159936462
5815347347.0,-0.0008893202,0.0009720164,0.0013174620677640022,-3.9713900156555355
5815429429.0,-0.0009223423,0.0009906254,0.0013535338937368544,-3.962670521252592
5815511512.0,-0.0009048562,0.0010055148,0.0013527101521380995,-3.979632739447914
5815593594.0,-0.0009036683,0.001030228,0.0013703963398991148,-3.992340488320551
5815675676.0,-0.0009024044,0.0010306093,0.001369850075879054,-3.9932176677273516
5815757758.0,-0.0009510914,0.0010536019,0.0014193843083666838,-3.9780815705112786
5815839840.0,-0.0008942335,0.0010574352,0.0013848547774843723,-4.010418341335711
5815921922.0,-0.0008961594,0.0010784286,0.0014021804147492292,-4.0190374340863215
5816004004.0,-0.0009174121,0.0011005731,0.0014327966044313546,-4.017507091291495
5816086086.0,-0.000914186,0.0010997288,0.0014300837304666604,-4.018861880357824
5816168168.0,-0.0008978322,0.0011600352,0.00146689615331007,-4.053722863079796
5816250250.0,-0.0008995982,0.0011636371,0.0014708256939350937,-4.054272227169961
5816332332.0,-0.0009091368,0.0012085847,0.0015123513805291183,-4.0674605440796014
5816414414.0,-0.0008920247,0.0011646397,0.0014670016006215468,-4.058774595030558
5816496496.0,-0.0009065636,0.0012181841,0.0015184959869350232,-4.072614976010435
5816578579.0,-0.0009176965,0.0012248792,0.0015305214538531924,-4.069391177200474
5816660661.0,-0.0009327439,0.00125565,0.0015641828874806201,-4.073487656839809
5816742743.0,-0.0009278308,0.0012609826,0.001565550098505762,-4.07803808652951
5816824825.0,-0.0008835004,0.0012699831,0.0015470714369691433,-4.104568998600177
5816906907.0,-0.0008725116,0.0013134025,0.00157680138861583,-4.126016951262928
5816988989.0,-0.0008901504,0.0013219335,0.0015936988150345125,-4.119759933803385
5817071071.0,-0.0009047899,0.0013560374,0.0016301785771322018,-4.123995934486047
5817153153.0,-0.0008762739,0.0013468236,0.001606794870958384,-4.13557618975017
5817235235.0,-0.0009051646,0.001367532,0.0016399593666055145,-4.127696097132757
5817317317.0,-0.0008931126,0.0013764073,0.001640776392983532,-4.136806912479539
5817399399.0,-0.0008480521,0.0014047704,0.0016409059208347596,-4.169257396724975
5817481481.0,-0.0008828901,0.0014575593,0.001704105055944175,-4.1677655357185746
5817563564.0,-0.0008575554,0.0014765207,0.0017074878159441286,-4.186210733123019
5817645646.0,-0.0008531878,0.0015384511,0.0017591933404717203,-4.2060394434331325
5817727728.0,-0.0008648886,0.0015329624,0.0017601153400342037,-4.198713411069411
5817809810.0,-0.0008120916,0.0015634977,0.0017618223022472642,-4.233336608918537
5817891892.0,-0.0008353449,0.0015436433,0.001755173991258673,-4.216364609882217
5817973974.0,-0.0008497227,0.0015740257,0.0017887385418656858,-4.217379274872558
5818056056.0,-0.0008085605,0.001607947,0.001799795443090478,-4.2464618117294215
5818138138.0,-0.0007860421,0.0016231378,0.0018034518293431766,-4.261401800456023
5818220220.0,-0.000794693,0.001687326,0.0018651021405073234,-4.2722275524059885
5818302302.0,-0.0007460561,0.001662975,0.001822658924476055,-4.290677120958991
5818384384.0,-0.0007730001,0.0017306245,0.0018954129667701073,-4.292316377750411
5818466466.0,-0.0007392046,0.0017430271,0.0018932952521980213,-4.311287303197285
5818548549.0,-0.0007558656,0.0017594359,0.0019149275420945228,-4.3066228246234
5818630631.0,-0.0007228849,0.0017789269,0.0019201936085175423,-4.326411817606687
5818712713.0,-0.0006807875,0.0017864422,0.0019117655070894782,-4.348293643163354
5818794795.0,-0.0006938208,0.0018449619,0.001971109260027016,-4.352687216430356
5818876877.0,-0.0006828715,0.001853896,0.0019756628923802387,-4.359466423063504
5818958959.0,-0.0006536196,0.0019181498,0.002026454351014155,-4.383973646374979
5819041041.0,-0.0006268269,0.0019030202,0.0020035962278292622,-4.394195844726794
5819123123.0,-0.0005836946,0.0019499718,0.002035458033678022,-4.421542487509175
5819205205.0,-0.0005671033,0.0019519198,0.002032633035868238,-4.429637054564164
5819287287.0,-0.0005518231,0.0020092019,0.002083602891305639,-4.444350135410422
5819369369.0,-0.0005126398,0.0020133447,0.0020775842812175227,-4.4630659108760184
5819451451.0,-0.0004732537,0.0019869562,0.0020425386178190437,-4.478565361523781
5819533534.0,-0.0004502751,0.0020436135,0.002092630832961767,-4.495521254293596
5819615616.0,-0.0004331154,0.0020855141,0.0021300136175658527,-4.507621745257271
5819697698.0,-0.0003896183,0.002099386,0.002135233944253156,-4.528889906065596
5819779780.0,-0.0003861462,0.0021107438,0.0021457745168150543,-4.531446690539104
5819861862.0,-0.0003668429,0.0021480124,0.002179112430287655,-4.5432384132845165
5819943944.0,-0.0003229211,0.0021439818,0.0021681641993992174,-4.56289521149084
5820026026.0,-0.000266568,0.0021756644,0.0021919338676272514,-4.590474037864895
5820108108.0,-0.000254263,0.0022129749,0.0022275339685847687,-4.597994135381428
5820190190.0,-0.0001840729,0.0022197954,0.002227414296976557,-4.629654905123367
5820272272.0,-0.0001640807,0.0022130334,0.002219107772422973,-4.638381499057179
5820354354.0,-0.0001430302,0.0022638899,0.002268403649581364,-4.64929388509792
5820436436.0,-0.0001185758,0.0022733652,0.002276455480108645,-4.6602774914514065
5820518519.0,-6.79573e-05,0.0022924129,0.0022934199569005454,-4.682753218130866
5820600601.0,-2.59736e-05,0.0023063444,0.0023064906501671146,-4.701127651841768
5820682683.0,6.59835e-05,0.0023081913,0.002309134231626204,-4.740967865919245
5820764765.0,7.27215e-05,0.0022994596,0.0023006092385701687,-4.744003917173828
5820846847.0,0.0001029748,0.002322627,0.0023249085983246824,-4.756695452821396
5820928929.0,0.0001686909,0.0023230879,0.002329204587594061,-4.784876696446553
5821011011.0,0.0002128445,0.0023290881,0.002338793312531456,-4.8035211893108825
5821093093.0,0.0002797231,0.0022965618,0.0023135343338478577,-4.833592778273617
5821175175.0,0.0002885071,0.0023310498,0.002348835779025526,-4.835529785596199
5821257257.0,0.0003623361,0.0022958923,0.002324308263239302,-4.868917247963875
5821339339.0,0.00038699,0.0023450128,0.0023767301681646234,-4.875941706094183
5821421421.0,0.0004322628,0.0023226931,0.0023625736739944113,-4.896388135968129
5821503504.0,0.00045614,0.0023240527,0.0023683928415652016,-4.906194687198406
5821585586.0,0.0005334912,0.0023485572,0.0024083882125083738,-4.935755532360758
5821667668.0,0.000569217,0.0022822372,0.00235215106448392,-4.956814013107398
5821749750.0,0.0006114137,0.0022924207,0.002372555453163567,-4.973032713938985
5821831832.0,0.0006591404,0.0023067983,0.002399121602544367,-4.990710751086745
5821913914.0,0.0006909403,0.0022430897,0.002347093926627177,-5.011196930958205
5821995996.0,0.0007244505,0.0022590546,0.0023723735398818225,-5.022715410832484
5822078078.0,0.000777127,0.0021875411,0.0023214785026612265,-5.053734409825138
5822160160.0,0.0008378267,0.0021669316,0.0023232619607593654,-5.081327040840618
5822242242.0,0.0008528308,0.0021930146,0.0023530051868284945,-5.0832770168484185
5822324324.0,0.0009240187,0.002162325,0.0023514803770337293,-5.116228513785917
5822406406.0,0.000950567,0.0021061314,0.0023107070553306753,-5.136351033813503
5822488488.0,0.0009728717,0.0021199802,0.002332551262684902,-5.142624433741624
5822570571.0,0.0010260148,0.0020835166,0.002322444357200964,-5.169973365215387
5822652653.0,0.0010634687,0.0020796388,0.0023357789309660986,-5.185092611689814
5822734735.0,0.0010875908,0.0020306905,0.002303596678030877,-5.204091353604104
5822816817.0,0.0011347814,0.0019866493,0.002287903902478522,-5.231365548073602
5822898899.0,0.001170442,0.0019895741,0.0023083196431072563,-5.2441519914131485
5822980981.0,0.0011755129,0.001944487,0.002272192833197792,-5.2561372922368435
5823063063.0,0.0012075161,0.0018950045,0.0022470285238019253,-5.279720484798732
5823145145.0,0.0012647,0.0018956112,0.0022787733348372846,-5.300741817387444
5823227227.0,0.0012300818,0.0018293394,0.0022044463874369004,-5.304363112871458
5823309309.0,0.0012760947,0.0018072597,0.0022123754895162304,-5.327192983271223
5823391391.0,0.0013235839,0.0017990349,0.0022334728365836958,-5.346687331129633
5823473473.0,0.0013442564,0.0017208035,0.002183618546027032,-5.3755481859352505
5823555556.0,0.0013658995,0.0016789214,0.002164360993798911,-5.395342338383148
5823637638.0,0.0013554461,0.0016594823,0.002142688879426619,-5.397283324750199
5823719720.0,0.0013923454,0.0016355918,0.002147972590404356,-5.417625260390647
5823801802.0,0.0014118077,0.0015619166,0.002105417879456439,-5.4473515339527
5823883884.0,0.0014279787,0.001562738,0.0021169017984539787,-5.452758402368255
5823965966.0,0.0014215397,0.0015142098,0.002076922347390997,-5.466231543066261
5824048048.0,0.0014633655,0.0014827982,0.002083297647604271,-5.491191305882113
5824130130.0,0.0014300295,0.0014591603,0.002043069541637372,-5.4877047971987984
5824212212.0,0.0014668512,0.0014346931,0.0020518276570241105,-5.508869788077097
5824294294.0,0.0014658424,0.0013860116,0.0020173552232991394,-5.525772432783237
5824376376.0,0.001471494,0.0013518376,0.001998189052319565,-5.540143073890883
5824458458.0,0.0014814227,0.0013412558,0.001998394439821361,-5.547403796754681
5824540541.0,0.0014406736,0.0013330084,0.00196276636821796,-5.5365843723265655
5824622623.0,0.0014890527,0.0012304076,0.0019316264663529151,-5.59261089563342
5824704705.0,0.0014874951,0.0012277625,0.0019287411513550126,-5.593153682425345
5824786787.0,0.0014617347,0.0011769653,0.0018766767570863607,-5.605291411513372
5824868869.0,0.0015003628,0.0011667585,0.0019006351383014282,-5.622221190223931
5824950951.0,0.0014996652,0.0011671698,0.0019003370896035997,-5.621824985786277
5825033033.0,0.0015385055,0.0010979141,0.00189008321100132,-5.663374270778672
5825115115.0,0.0014804752,0.0010918774,0.0018395660016552273,-5.647720528211276
5825197197.0,0.0014991189,0.0010482991,0.0018292863306213216,-5.672944862154964
5825279279.0,0.001500194,0.0010061617,0.0018063619250257936,-5.692404058417112
5825361361.0,0.0014991741,0.0009955837,0.001799641599268171,-5.69696998090798
5825443443.0,0.0014941999,0.0009813074,0.0017876234375434805,-5.702083466047647
5825525526.0,0.0014858994,0.0009605287,0.0017693254111225696,-5.709324440944952
5825607608.0,0.001504218,0.0009144192,0.0017603506085017951,-5.7369747583370145
5825689690.0,0.001457565,0.0009029454,0.001714586283803227,-5.728558819076975
5825771772.0,0.0014708518,0.0009160509,0.0017327880046197372,-5.726167423871761
5825853854.0,0.0014858476,0.0008585132,0.0017160384625642866,-5.7592541143848095
5825935936.0,0.0014633132,0.0008238406,0.0016792852216054902,-5.770418561310564
5826018018.0,0.0014644878,0.0008058077,0.0016715413742196543,-5.7801641787632825
5826100100.0,0.0014571683,0.0007731438,0.0016495729113935311,-5.795374327798534
5826182182.0,0.0014512306,0.0007685166,0.001642159559498382,-5.796168725409777
5826264264.0,0.0014337353,0.0007378869,0.0016124744920952084,-5.807878217800104
5826346346.0,0.0014364746,0.000732465,0.0016124404648451861,-5.811645454011071
5826428428.0,0.0014215145,0.0006669283,0.0015701900620788364,-5.844506572479779
5826510511.0,0.0014122006,0.0007184519,0.00158445058845455,-5.81256512579953
5826592593.0,0.0014101764,0.0006449205,0.0015506514535630533,-5.854249841688305
5826674675.0,0.0014011312,0.0006857855,0.0015599584583006337,-5.828012206900995
5826756757.0,0.0014144111,0.0005987471,0.0015359221495771262,-5.882739338482357
5826838839.0,0.0013808517,0.0006199203,0.0015136223425098415,-5.86121278282045
5826920921.0,0.0013773864,0.0005686221,0.001490142405112132,-5.891670431586127
5827003003.0,0.0013814756,0.0005820611,0.0014990897096333394,-5.884424834887181
5827085085.0,0.0013741083,0.000553192,0.0014812815427841157,-5.900454593041996
5827167167.0,0.0013683687,0.0005650823,0.0014804563164487429,-5.891556206396348
5827249249.0,0.0013301208,0.0005405097,0.0014357479160307808,-5.897207054942484
5827331331.0,0.0013513014,0.000532241,0.0014523415423800836,-5.907972047521288
5827413413.0,0.0013240476,0.0004751689,0.0014067293736156113,-5.9386251296766694
5827495495.0,0.0012911727,0.0005272379,0.0013946708373023722,-5.895509723009925
5827577578.0,0.0013164594,0.0004623255,0.0013952814124034655,-5.945452016812433
5827659660.0,0.0013060144,0.0004491747,0.0013810979415405157,-5.951930200686903
5827741742.0,0.0012865694,0.0004628026,0.001367277246056234,-5.937879099977255
5827823824.0,0.0012850875,0.0004322065,0.0013558216480416957,-5.958745060521432
5827905906.0,0.0012700713,0.0003984178,0.0013310964842717188,-5.979210130921007
5827987988.0,0.0012927805,0.0004138446,0.0013574051621124072,-5.9733737190579275
5828070070.0,0.0012719146,0.000414583,0.0013377764437984996,-5.968092674299701
5828152152.0,0.0012795224,0.0003721139,0.0013325337994493686,-6.000169360675335
5828234234.0,0.0012440502,0.0003736605,0.001298954606358625,-5.9914000530726685
5828316316.0,0.0012379066,0.0003644136,0.0012904301694351848,-5.996893417442026
5828398398.0,0.0012237809,0.0003896647,0.0012843201585394895,-5.974924872631413
5828480480.0,0.0012449494,0.0003693111,0.0012985721763319783,-5.99480705166217
5828562563.0,0.0012133238,0.0003921855,0.0012751329774014512,-5.970553019241228
5828644645.0,0.0012166024,0.0003574785,0.001268034809320316,-5.997395440708624
5828726727.0,0.0011887421,0.0003391476,0.0012361750988020143,-6.005269114334136
5828808809.0,0.0011829123,0.0003172827,0.001224724385815266,-6.021131721582421
5828890891.0,0.0011687338,0.0003056037,0.0012080282764555348,-6.027428910449682
5828972973.0,0.001150756,0.0002982739,0.00118878370234337,-6.029568412354702
5829055055.0,0.0011698202,0.0002919521,0.001205701177333111,-6.038611332372632
5829137137.0,0.0011460114,0.000294946,0.00118335762635222,-6.031284709484508
5829219219.0,0.0011739062,0.0002739239,0.0012054418564948085,-6.053943313218924
5829301301.0,0.0011717254,0.0002946432,0.0012082032231008986,-6.036832091386347
5829383383.0,0.0011281162,0.0002433472,0.0011540641318619517,-6.070729553365599
5829465465.0,0.0011012288,0.0002365768,0.0011263540527949815,-6.071571800720474
5829547548.0,0.0011086905,0.0002283486,0.001131961884478541,-6.080063261240943
5829629630.0,0.001093964,0.0002458202,0.0011212425268531513,-6.062150780777828
5829711712.0,0.0010911027,0.0002171969,0.0011125104922277813,-6.086691996563366
5829793794.0,0.0011067844,0.0002212977,0.0011286914459269414,-6.08584116152676
5829875876.0,0.0011031483,0.0002077377,0.0011225378050623417,-6.097051616655259
5829957958.0,0.0010686318,0.0001776677,0.001083300390286337,-6.11843508433616
5830040040.0,0.0010851227,0.0002312763,0.001109495381241842,-6.073193597542819
5830122122.0,0.0010510209,0.0002226482,0.0010743449879810723,-6.07443154484442
5830204204.0,0.0010650821,0.0001928297,0.0010823969571938476,-6.1040786116382035
5830286286.0,0.0010386052,0.000163906,0.0010514589570225935,-6.126662618470929
5830368368.0,0.0010377371,0.0001723098,0.001051945319820593,-6.118642734112298
5830450450.0,0.001053952,0.0001878989,0.0010705703222699619,-6.106758577786464
5830532533.0,0.0010340984,0.0001796322,0.0010495843120775956,-6.111192551716063
5830614615.0,0.0010336281,0.0001577233,0.001045592505937423,-6.1317614399320695
5830696697.0,0.001022769,0.0001548786,0.0010344292185060127,-6.132896460965518
5830778779.0,0.0009982566,0.0001740972,0.0010133242691712264,-6.1105206567814205
5830860861.0,0.0010186119,0.0001472931,0.001029206228182292,-6.139578921446395
5830942943.0,0.0010074556,0.000134215,0.0010163564592190872,-6.1507434088913575
5831025025.0,0.001015899,0.0001156287,0.0010224582018178983,-6.169853932150356
5831107107.0,0.000984081,0.000146459,0.0009949199230299892,-6.135441574635869
5831189189.0,0.0010139206,0.0001523604,0.0010253041863722784,-6.1340327084808575
5831271271.0,0.000995883,0.0001568373,0.0010081571744327816,-6.126982573363645
5831353353.0,0.0009291089,0.0001225678,0.0009371585851156943,-6.152022937771436
5831435435.0,0.0009566519,0.0001152057,0.0009635638074803868,-6.163336513250191
5831517518.0,0.0009368724,0.0001453059,0.0009480736777574672,-6.129314491227433
5831599600.0,0.0009302019,0.0001230244,0.000938301965125817,-6.151692843304053
5831681682.0,0.0009239549,0.0001076227,0.0009302017538089789,-6.167227381668974
5831763764.0,0.0009067124,7.83889e-05,0.0009100946082451922,-6.196945755702146
5831845846.0,0.0009231541,8.56217e-05,0.0009271162644769532,-6.190700810483844
5831927928.0,0.0009220165,9.00681e-05,0.0009264052509079706,-6.185808268917959
5832010010.0,0.0009056275,0.000120376,0.0009135926609448272,-6.1510399183100875
5832092092.0,0.000917147,9.2329e-05,0.0009217826554291417,-6.182853535907504
5832174174.0,0.0009135805,9.10851e-05,0.0009181099201197317,-6.183812474828343
5832256256.0,0.0009030622,8.61449e-05,0.0009071616619240752,-6.18808109200102
5832338338.0,0.0009081711,8.69417e-05,0.0009123231916783109,-6.187743433745126
5832420420.0,0.0008955539,5.46369e-05,0.0008972190249024036,-6.222251774433956
5832502503.0,0.0009142533,9.53407e-05,0.0009192110452107176,-6.179278291313642
5832584585.0,0.0008694182,3.93923e-05,0.0008703101514922884,-6.23790746831826
5832666667.0,0.0008753964,6.313e-05,0.0008776697864418941,-6.211194035447402
5832748749.0,0.0008720799,1.5268e-05,0.0008722135425502231,-6.2656795255077915
5832830831.0,0.0008686376,6.98327e-05,0.0008714401219378472,-6.20296446981128
5832912913.0,0.0008547386,7.54778e-05,0.0008580646669236532,-6.195108641400096
5832994995.0,0.0008626021,3.64036e-05,0.0008633699120408181,-6.241008257905137
5833077077.0,0.0008429561,6.2084e-05,0.000845239261737888,-6.209667708374991
5833159159.0,0.000835503,3.98131e-05,0.0008364510421660135,-6.235569671189255
5833241241.0,0.000829894,3.59121e-05,0.0008306706508372678,-6.239939170605665
5833323323.0,0.0008154311,4.203e-06,0.0008154419317500235,-6.278031024027917
5833405405.0,0.000829683,3.86669e-05,0.0008305835356209573,-6.236614578426602
5833487487.0,0.0008338612,3.34265e-05,0.0008345309052202261,-6.243120350719696
5833569570.0,0.0007871751,1.07342e-05,0.0007872482842849834,-6.269549796183394
5833651652.0,0.0008335557,2.59008e-05,0.0008339580064026785,-6.252122633152863
5833733734.0,0.0007834217,1.41506e-05,0.0007835494875955507,-6.265124713000112
5833815816.0,0.0007846612,1.70624e-05,0.000784846688391561,-6.26144380716582
5833897898.0,0.0008304351,5.6628e-06,0.0008304544073071381,-6.276366336944066
5833979980.0,0.000801129,2.97309e-05,0.0008016804856398901,-6.246091078464277
5834062062.0,0.0008201919,4.06437e-05,0.0008211983092866789,-6.233671917852522
5834144144.0,0.000774672,2.04354e-05,0.0007749414901508113,-6.256812001026669
5834226226.0,0.0008225186,1.99191e-05,0.0008227597570924152,-6.258972836646554
5834308308.0,0.000787146,2.57098e-05,0.0007875657554338178,-6.250534867029267
5834390390.0,0.0007626056,3.07503e-05,0.0007632253154222873,-6.242884461744194
5834472472.0,0.000772381,4.2834e-05,0.0007735678126169677,-6.2277849684497815
5834554555.0,0.0007794091,2.07386e-05,0.0007796849586164723,-6.256583477885466
5834636637.0,0.0007694976,1.35698e-05,0.0007696172398522529,-6.265552511941141
5834718719.0,0.0007465365,-8.1738e-06,0.0007465812459730621,-6.294133831999278
5834800801.0,0.0007568849,1.1328e-06,0.0007568857477082324,-6.281688647444165
5834882883.0,0.0007588108,-9.7687e-06,0.000758873677034808,-6.296058292634443
5834964965.0,0.0007520453,1.07215e-05,0.0007521217214084034,-6.268929817890028
5835047047.0,0.0007314461,-7.3418e-06,0.0007314829452779128,-6.293222346758315
5835129129.0,0.0007524434,-1.21097e-05,0.0007525408394483651,-6.299277752996974
5835211211.0,0.0007443201,4.1232e-06,0.0007443315202530725,-6.277645811705717
5835293293.0,0.0007341884,-1.22789e-05,0.0007342910717690703,-6.299908201955926
5835375375.0,0.0007297348,2.45623e-05,0.0007301480568434939,-6.249538795587349
5835457457.0,0.0007227423,9.2615e-06,0.0007228016377897465,-6.270371620875579
5835539540.0,0.0007512024,3.4679e-06,0.0007512104046777906,-6.278568874425063
5835621622.0,0.0006935736,-1.42682e-05,0.000693720347220838,-6.303754411465368
5835703704.0,0.0007491976,-8.275e-06,0.0007492432979151432,-6.2942300082315
5835785786.0,0.0007285757,-1.024e-05,0.0007286476571227618,-6.297239201396792
5835867868.0,0.000716655,-2.33704e-05,0.0007170359576905192,-6.315784146176078
5835949950.0,0.0007118131,-5.3509e-06,0.0007118332118287401,-6.29070244786038
5836032032.0,0.0006989641,-3.71366e-05,0.0006999499554599385,-6.336266309252946
5836114114.0,0.0007108757,1.4501e-06,0.0007108771790123101,-6.281145431588587
5836196196.0,0.0006780248,-2.88855e-05,0.0006786398172265536,-6.325761985201547
5836278278.0,0.000701247,-5.35229e-05,0.0007032866100199904,-6.3593629282755595
5836360360.0,0.0006966161,-1.15984e-05,0.0006967126478411096,-6.299833398498129
5836442442.0,0.0006860738,3.26e-07,0.0006860738774523047,-6.282710139675065
5836524525.0,0.0006984977,-2.54175e-05,0.0006989600032988582,-6.319558068438758
5836606607.0,0.000670447,-3.34254e-05,0.0006712797011486047,-6.332999457455967
5836688689.0,0.0006917519,-2.79485e-05,0.000692316264293899,-6.323565835989354
5836770771.0,0.0006719278,-3.88261e-05,0.0006730486122517822,-6.340904267931089
5836852853.0,0.0006554413,-2.95584e-05,0.0006561074582385495,-6.32825171730246
5836934935.0,0.00068321,-3.80817e-05,0.0006842705020493649,-6.338867066747514
5837017017.0,0.0006624835,-2.63658e-05,0.0006630079510698873,-6.322962739858323
5837099099.0,0.0006413017,-4.89788e-05,0.0006431693348351816,-6.359411365675999
5837181181.0,0.000677565,-8.33825e-05,0.0006826763292595181,-6.405631658314933
5837263263.0,0.0006809521,-4.86119e-05,0.0006826850513348158,-6.354452540034028
5837345345.0,0.0006499818,-3.81502e-05,0.0006511004362548685,-6.341812304092536
5837427427.0,0.000648863,-3.65278e-05,0.0006498903545536277,-6.3394210395398956
5837509510.0,0.0006237371,-2.01411e-05,0.0006240622034906617,-6.3154650993218775
5837591592.0,0.0006491578,-7.23693e-05,0.0006531792746890627,-6.394208712121003
5837673674.0,0.0006232583,-6.67427e-05,0.0006268217422219654,-6.389865500000355
5837755756.0,0.0006555066,-3.93779e-05,0.0006566882987018804,-6.343185671175408
5837837838.0,0.000679985,-4.86356e-05,0.0006817221001349157,-6.354588231765206
5837919920.0,0.0006584179,-5.67662e-05,0.0006608604485841546,-6.369188698482226
5838002002.0,0.0006093823,-4.83771e-05,0.0006112995430700894,-6.362406271365924
5838084084.0,0.0006427386,-5.40453e-05,0.0006450068235158835,-6.367073940549467
5838166166.0,0.000604746,-3.65332e-05,0.0006058484952677855,-6.343522795691355
5838248248.0,0.0006182744,-6.52937e-05,0.0006217125549279586,-6.388401660574639
5838330330.0,0.0006511572,-6.17934e-05,0.0006540826579228348,-6.377799788011917
5838412412.0,0.0006269762,-3.42602e-05,0.0006279115516300683,-6.337774558882901
5838494494.0,0.0006316864,-6.45375e-05,0.0006349746426836351,-6.3849990337590485
5838576577.0,0.0005982593,-2.6698e-05,0.0005988547179746436,-6.327781852852841
5838658659.0,0.0006168247,-8.21426e-05,0.0006222701320687423,-6.4155764428306625
5838740741.0,0.0006243896,-4.22888e-05,0.0006258200341900218,-6.350810258365851
5838822823.0,0.0005857727,-3.87253e-05,0.0005870513648100821,-6.349199020598113
5838904905.0,0.0006086892,-4.64172e-05,0.0006104564674507758,-6.359295639213746
5838986987.0,0.0005904187,-6.40083e-05,0.0005938781893440607,-6.391175261367332
5839069069.0,0.0005945175,-5.56631e-05,0.0005971176086064285,-6.376540508785009
5839151151.0,0.0005955883,-7.35899e-05,0.0006001174022463437,-6.406120567390365
5839233233.0,0.0006171601,-5.81786e-05,0.0006198962320662789,-6.377175794133869
5839315315.0,0.0006179231,-5.74194e-05,0.0006205851633820856,-6.375842442173571
5839397397.0,0.0006031973,-7.22656e-05,0.0006075107403747278,-6.402421257307103
5839479479.0,0.0005788926,-8.09921e-05,0.000584530891054673,-6.42219168380381
5839561562.0,0.0005881665,-8.45343e-05,0.0005942102991355333,-6.425932874506798
5839643644.0,0.0005962401,-6.06242e-05,0.0005993142334982959,-6.384514568828782
5839725726.0,0.0005887012,-7.97705e-05,0.0005940811691609911,-6.417867534170572
5839807808.0,0.0006099238,-6.87068e-05,0.0006137814482148185,-6.395360585503443
5839889890.0,0.0005712433,-7.79646e-05,0.0005765391458071603,-6.418829517633218
5839971972.0,0.0005878084,-4.8306e-05,0.0005897899496825629,-6.365180891553259
5840054054.0,0.0005491994,-5.98226e-05,0.0005524479382087691,-6.391684461324071
5840136136.0,0.0005746929,-7.03263e-05,0.0005789798941086815,-6.40495186753474
5840218218.0,0.0005617663,-7.99273e-05,0.0005674237826360294,-6.424515304327224
5840300300.0,0.0005778776,-5.85862e-05,0.0005808397915193138,-6.384221768408173
5840382382.0,0.0005776792,-6.22984e-05,0.0005810286987363016,-6.390612683685929
5840464464.0,0.0005613331,-5.20279e-05,0.0005637390810774254,-6.37560757296571
5840546547.0,0.0005446909,-7.85143e-05,0.0005503205173781003,-6.426343928242345
5840628629.0,0.0005833178,-9.47903e-05,0.0005909694211809356,-6.444279145004238
5840710711.0,0.0005859059,-6.08646e-05,0.0005890587603864067,-6.386695223459047
5840792793.0,0.0005631217,-6.18887e-05,0.0005665123654419028,-6.392648879973333
5840874875.0,0.0005842758,-7.22674e-05,0.000588728110054548,-6.406247426880851
5840956957.0,0.0005545586,-6.8731e-05,0.0005588015669224272,-6.406494710300335
5841039039.0,0.000539381,-4.94095e-05,0.0005416393281984332,-6.374534443035166
5841121121.0,0.000569022,-6.89469e-05,0.0005731838374410168,-6.403764873657733
5841203203.0,0.0005342978,-9.05668e-05,0.0005419192599890504,-6.451095513836718
5841285285.0,0.0005896468,-8.80706e-05,0.0005961877047831497,-6.431450861761271
5841367367.0,0.0005435545,-7.79739e-05,0.0005491187699864756,-6.42566512871961
5841449449.0,0.0005392445,-4.19061e-05,0.0005408703652424119,-6.360742044232917
5841531532.0,0.000569971,-7.70961e-05,0.0005751614986038356,-6.417632512788003
5841613614.0,0.0005167176,-5.97416e-05,0.0005201597225086925,-6.398291736819511
5841695696.0,0.0005414406,-7.84051e-05,0.000547088003007167,-6.42699398423338
5841777778.0,0.0005310918,-7.67496e-05,0.0005366087971021347,-6.426704596459542
5841859860.0,0.0005432366,-9.65203e-05,0.0005517446618605839,-6.459026617193503
5841941942.0,0.0005172569,-0.0001080774,0.000528427312871288,-6.489165286155753
5842024024.0,0.0005248185,-6.31639e-05,0.0005286058420084477,-6.402962994714461
5842106106.0,0.0005405303,-8.1044e-05,0.000546572168294444,-6.43201094170341
5842188188.0,0.0005162506,-9.18115e-05,0.0005243510594369101,-6.459188051825078
5842270270.0,0.0005479742,-9.60879e-05,0.0005563349785803962,-6.456771658018701
5842352352.0,0.0005221516,-7.96549e-05,0.0005281923858562995,-6.434569464953943
5842434434.0,0.0005136104,-9.27675e-05,0.0005219209250877091,-6.461877194762098
5842516517.0,0.0004918289,-0.000106189,0.0005031617737827566,-6.49582764446475
5842598599.0,0.0005050585,-0.0001073444,0.0005163399157857255,-6.492607581903311
5842680681.0,0.0005307954,-6.99059e-05,0.0005353789233019637,-6.4141319639380034
5842762763.0,0.0005330472,-9.45344e-05,0.0005413650064523934,-6.458707463742073
5842844845.0,0.0005165654,-9.42194e-05,0.0005250877143997181,-6.4635979605705325
5842926927.0,0.0005310631,-0.000110613,0.0005424603690138202,-6.488535315582323
5843009009.0,0.0004983556,-6.66e-05,0.00050278610168874,-6.416037659572612
5843091091.0,0.0005283985,-7.92535e-05,0.0005343089855734226,-6.4320636405812355
5843173173.0,0.000523391,-0.0001118741,0.0005352139321166911,-6.493765062143638
5843255255.0,0.0005292632,-9.24444e-05,0.0005372760016654383,-6.456107088915661
5843337337.0,0.0005093639,-0.0001129595,0.000521738853511467,-6.501419281028587
5843419419.0,0.000493821,-0.0001192213,0.0005080087582066769,-6.520078323101886
5843501502.0,0.0005089539,-9.08054e-05,0.0005169909989490822,-6.459743307093281
5843583584.0,0.0005050867,-0.0001015628,0.0005151966390231306,-6.481619048552661
5843665666.0,0.0004967097,-0.000104053,0.0005074914313395745,-6.489683756086648
5843747748.0,0.000497457,-9.82028e-05,0.0005070574491878015,-6.478088885956091
5843829830.0,0.0004868036,-9.80649e-05,0.0004965827922763434,-6.481971381428008
5843911912.0,0.0004863194,-8.14041e-05,0.0004930853742641024,-6.4490358767908935
5843993994.0,0.0004923417,-0.0001165665,0.0005059526642692378,-6.5156638861195875
5844076076.0,0.0004809174,-8.43988e-05,0.0004882670407309918,-6.456911629550562
5844158158.0,0.0004795244,-0.0001045336,0.0004907860264150968,-6.497821731323022
5844240240.0,0.0004902566,-0.0001096742,0.0005023743265625743,-6.503269425742742
5844322322.0,0.0004884047,-9.83474e-05,0.0004982081513472557,-6.481892603866305
5844404404.0,0.0004582937,-9.3102e-05,0.00046765489184193295,-6.483607105075586
5844486486.0,0.0004806564,-0.0001178394,0.000494890593013567,-6.523606805332691
5844568569.0,0.0004576031,-0.0001141262,0.0004716199599847848,-6.527599157716355
5844650651.0,0.0005159368,-0.0001146668,0.0005285255496345281,-6.501880439419014
5844732733.0,0.0004650853,-0.0001208226,0.00048052308679901113,-6.537352805483254
5844814815.0,0.0004475695,-0.0001194469,0.0004632343027560243,-6.543985923728393
5844896897.0,0.0004676422,-0.0001171574,0.00048209447579867576,-6.528660718761437
5844978979.0,0.0004980269,-8.48636e-05,0.0005052055262252878,-6.451963844751208
5845061061.0,0.0004498572,-9.50031e-05,0.00045977939210174485,-6.491312194593822
5845143143.0,0.0004531968,-8.8036e-05,0.0004616683623839087,-6.475051318710883
5845225225.0,0.0004650418,-0.0001248601,0.00048151211855907637,-6.54549126720259
5845307307.0,0.0004403173,-0.0001152474,0.00045514974226736635,-6.539179840777739
5845389389.0,0.0004644524,-0.0001262213,0.00048129808688530024,-6.548540267889894
5845471471.0,0.0004579178,-0.0001273693,0.0004753016412125357,-6.5544765964755936
5845553554.0,0.0004477895,-0.0001018997,0.00045923739522205726,-6.506936586085227
5845635636.0,0.0004238462,-0.0001198366,0.0004404615896465888,-6.558729341222649
5845717718.0,0.0004391895,-0.0001205603,0.0004554362774816473,-6.551092503730678
5845799800.0,0.0004562933,-0.0001085145,0.0004690191598806386,-6.516665567509828
5845881882.0,0.0004351457,-0.0001046578,0.0004475545054284785,-6.5192144278501365
5845963964.0,0.0004796459,-0.0001215641,0.0004948110950611556,-6.531404165546108
5846046046.0,0.0004492621,-0.0001268867,0.0004668368763640036,-6.558449232730659
5846128128.0,0.0004434643,-0.0001332477,0.0004630502509769107,-6.5750732008348445
5846210210.0,0.0004592281,-0.0001093357,0.0004720643421442674,-6.516919577761479
5846292292.0,0.0004677733,-0.000126968,0.0004846986003867661,-6.548230081373289
5846374374.0,0.0004573112,-0.0001188884,0.0004725124181436928,-6.5375277380567525
5846456456.0,0.0004440148,-0.0001318566,0.00046317956084287657,-6.57185484945336
5846538539.0,0.0004588043,-0.0001330626,0.0004777102063147175,-6.565461533226006
5846620621.0,0.000429103,-0.0001179951,0.00044503059246866393,-6.551533697761475
5846702703.0,0.0004068302,-0.0001202807,0.0004242384452457486,-6.570649568192777
5846784785.0,0.0004239992,-0.0001216411,0.00044110302516515347,-6.562571542976865
5846866867.0,0.0004325908,-0.0001256805,0.00045047795542611183,-6.565931320513845
5846948949.0,0.0004140942,-0.0001150417,0.0004297773833190039,-6.554166981697797
5847031031.0,0.0004195738,-0.0001319837,0.0004398430068923797,-6.587951363244301
5847113113.0,0.0004364357,-0.0001196458,0.00045253865878191004,-6.55075461439191
5847195195.0,0.0004402365,-0.0001190492,0.0004560492165905891,-6.547289505999446
5847277277.0,0.0004483167,-0.000122076,0.00046464009004270175,-6.5490382972636
5847359359.0,0.0004226878,-0.0001259863,0.0004410640815760562,-6.572861280423311
5847441441.0,0.0004139191,-0.0001417824,0.00043752859368796686,-6.6131957185965025
5847523524.0,0.0004057415,-0.0001028609,0.00041857679053079375,-6.531467939697321
5847605606.0,0.0004147913,-0.0001052273,0.00042793061028743905,-6.531631382167242
5847687688.0,0.0004224996,-0.0001096374,0.00043649315169761826,-6.537082205032596
5847769770.0,0.0004220613,-0.0001683034,0.0004543806503464358,-6.662626832907491
5847851852.0,0.0004263582,-0.0001378052,0.00044807542652357095,-6.595801536957517
5847933934.0,0.0003982673,-0.0001391661,0.000421881554039164,-6.6193512507701175
5848016016.0,0.0004316307,-0.0001289519,0.0004504815797522691,-6.57349965815611
5848098098.0,0.0003980545,-0.0001297155,0.000418656775784771,-6.598207251510338
5848180180.0,0.0004147011,-0.0001192034,0.0004314932825812819,-6.563083531283031
5848262262.0,0.0004237409,-0.0001328462,0.00044407709149116216,-6.586988313608094
5848344344.0,0.0004044122,-0.0001317072,0.0004253187205387038,-6.598028173515984
5848426426.0,0.0003970677,-0.00014371,0.0004222739898256699,-6.630446818304346
5848508509.0,0.0004117776,-0.000134474,0.0004331790028819033,-6.598836098915894
5848590591.0,0.0004292862,-0.0001224405,0.00044640600080049324,-6.561026826844165
5848672673.0,0.0004201238,-0.0001092371,0.000434093021532079,-6.5375643171739455
5848754755.0,0.0004013639,-0.0001294487,0.0004217225938397183,-6.59517433765078
5848836837.0,0.0004007275,-0.000140823,0.00042475127614316824,-6.621123137806208
5848918919.0,0.0003979269,-0.0001561128,0.00042745411925427737,-6.657049414790583
5849001001.0,0.0003896337,-0.0001341251,0.0004120727637513792,-6.614714017926942
5849083083.0,0.0004000319,-0.0001348558,0.00042215116701396196,-6.608333350210837
5849165165.0,0.0003907323,-0.0001552056,0.0004204289577736648,-6.661290440926002
5849247247.0,0.0003896659,-0.000126185,0.0004095878023669772,-6.596357436732686
5849329329.0,0.0004091015,-0.0001221143,0.0004269378638241635,-6.573259781409957
5849411411.0,0.0003784086,-0.0001455538,0.0004054367734288541,-6.650386836723351
5849493493.0,0.000383588,-0.00013366,0.00040620776622807194,-6.618475734058085
5849575576.0,0.000389174,-0.0001608383,0.00042110017931947023,-6.675088310545382
5849657658.0,0.0003938587,-0.0001086658,0.00040857426700090894,-6.552388483948601
5849739740.0,0.000381647,-0.0001462136,0.00040869652486161414,-6.6490489568526465
5849821822.0,0.0003788916,-0.0001483094,0.00040688391794087904,-6.656281673455388
5849903904.0,0.0004046537,-0.0001575188,0.0004342312624364234,-6.654405998416772
5849985986.0,0.000401435,-0.0001178751,0.00041838331518478364,-6.568791860593121
5850068068.0,0.0003929794,-0.0001547825,0.0004223629140095162,-6.658395404396069
5850150150.0,0.0003694261,-0.000155704,0.0004008982152332559,-6.682066772514704
5850232232.0,0.0003649269,-0.0001349497,0.000389079765438528,-6.637388652756875
5850314314.0,0.000371906,-0.0001519993,0.00040176841592699894,-6.671172148436652
5850396396.0,0.0003814212,-0.0001605898,0.0004138492668514468,-6.6816886007902685
5850478478.0,0.0003795234,-0.0001617626,0.00041255926835585696,-6.686093615480038
5850560561.0,0.0003686994,-0.0001325242,0.0003917931994636966,-6.628242376861003
5850642643.0,0.0004048851,-0.0001605368,0.00043555023631752283,-6.6606705028128665
5850724725.0,0.0003603032,-0.0001338398,0.0003843585409409813,-6.638852646765883
5850806807.0,0.0003994057,-0.0001534365,0.0004278640820689907,-6.649964138561248
5850888889.0,0.0003657935,-0.0001400302,0.00039168015210665197,-6.6487873427036694
5850970971.0,0.0003766381,-0.0001538946,0.0004068658332678845,-6.671084041676048
5851053053.0,0.0003916477,-0.0001497412,0.00041929744560720853,-6.648372388565573
5851135135.0,0.0003821816,-0.0001625523,0.0004153143696211943,-6.685333218818965
5851217217.0,0.0003665108,-0.0001560981,0.0003983676484608784,-6.685820672257603
5851299299.0,0.0003647176,-0.0001268118,0.00038613489918550486,-6.61780841482647
5851381381.0,0.0003805619,-0.0001496391,0.0004089244673291389,-6.657820822987762
5851463463.0,0.0003501003,-0.0001523939,0.0003818299632261722,-6.693736268814323
5851545546.0,0.0003400586,-0.0001602899,0.0003759424204262802,-6.723659250646083
5851627628.0,0.0003712316,-0.0001499193,0.000400360709050039,-6.667000258141919
5851709710.0,0.0003798753,-0.0001893782,0.00042446359818638154,-6.745654046166466
5851791792.0,0.0003706374,-0.0001474001,0.00039887199921625235,-6.661701777481378
5851873874.0,0.0003634553,-0.0001737343,0.00040284409154731315,-6.729084499098781
5851955956.0,0.0003323799,-0.0001530885,0.0003659405508498067,-6.714805045146757
5852038038.0,0.0003383877,-0.0001588517,0.00037381826882080014,-6.722084943018948
5852120120.0,0.0003445068,-0.000162506,0.00038091092827883003,-6.723942785334704
5852202202.0,0.0003558609,-0.0001483911,0.0003855604994135421,-6.6782534860657865
5852284284.0,0.0003591301,-0.0001733839,0.0003987936878954079,-6.732969191890906
5852366366.0,0.0003346168,-0.0001602333,0.00037100284806336725,-6.72977517998546
5852448448.0,0.0003647964,-0.0001406902,0.0003909861197395631,-6.651275552682779
5852530531.0,0.0003238981,-0.0001725404,0.0003669879682166297,-6.772649140715874
5852612613.0,0.0003846842,-0.0001352074,0.00040775357109950613,-6.6211747579239
5852694695.0,0.0003394327,-0.0001552688,0.00037325990687821,-6.712205933616296
5852776777.0,0.0003530859,-0.000140129,0.00037987601848472874,-6.6609900074458155
5852858859.0,0.0003478079,-0.0001661054,0.0003854365566621438,-6.7287349546922215
5852940941.0,0.0003275848,-0.0001636134,0.00036617092436538434,-6.7463956819227375
5853023023.0,0.0003628821,-0.0001582914,0.00039590350568588045,-6.694509238743238
5853105105.0,0.0003375098,-0.0001369394,0.00036423243179101996,-6.668625499075115
5853187187.0,0.0003513691,-0.000167725,0.0003893480705741458,-6.728546875344516
5853269269.0,0.000367296,-0.0001479515,0.00039597474410402736,-6.6661140867854165
5853351351.0,0.0003380336,-0.0001554256,0.000372053533600099,-6.714153471613941
5853433433.0,0.0003351884,-0.0001632467,0.00037282804153583994,-6.73640292625878
5853515516.0,0.0003468736,-0.0001784224,0.0003900715924016,-6.75826505690708
5853597598.0,0.0003477407,-0.000141808,0.00037554374352462587,-6.67039606352196
5853679680.0,0.0003175033,-0.0001854043,0.00036767254448677564,-6.811715620766075
5853761762.0,0.000328929,-0.0001799923,0.0003749553508089863,-6.783881765538021
5853843844.0,0.0003346454,-0.0001527248,0.0003678483495629687,-6.711330508882095
5853925926.0,0.0003196269,-0.0001511108,0.00035354749197279,-6.724814613260768
5854008008.0,0.0003401767,-0.0001730325,0.0003816548614640458,-6.753732733200266
5854090090.0,0.0003287875,-0.0001565626,0.00036416077201561673,-6.727597386167571
5854172172.0,0.0003244772,-0.0001729866,0.00036770887546998374,-6.772979684830982
5854254254.0,0.0003553345,-0.0001617887,0.0003904333366119497,-6.710449391995609
5854336336.0,0.0003087423,-0.0001704923,0.00035268886028421705,-6.78772792714776
5854418418.0,0.0003298006,-0.0001500961,0.0003623496584730969,-6.7102819563490845
5854500501.0,0.0003208103,-0.0001557206,0.00035660644112305376,-6.735083029393469
5854582583.0,0.0002916557,-0.0001621178,0.0003336843245034594,-6.790511348231397
5854664665.0,0.0003160508,-0.0001699194,0.00035883242701433774,-6.7764842944957815
5854746747.0,0.0003196237,-0.0001557654,0.00035555895353492367,-6.736653683244797
5854828829.0,0.0003105807,-0.0001694512,0.00035379949179433536,-6.7826400797832695
5854910911.0,0.0003415611,-0.0001810969,0.00038660066247074646,-6.770702767264943
5854992993.0,0.0003358783,-0.0001655831,0.00037447562726631493,-6.741205510410137
5855075075.0,0.0003415107,-0.0001527189,0.0003741024199757334,-6.7036968805030925
5855157157.0,0.0003041868,-0.0001648307,0.0003459750987523958,-6.779767793179478
5855239239.0,0.0003146303,-0.000179308,0.00036213752158826347,-6.801178815699346
5855321321.0,0.0003261026,-0.0001945919,0.000379748486859882,-6.8211894541137
5855403403.0,0.0003237627,-0.0001390263,0.00035235010714200157,-6.688783654956694
5855485485.0,0.0003042514,-0.0001566407,0.0003422064045257628,-6.758634076095245
5855567568.0,0.0003322107,-0.0001830572,0.00037930711523293366,-6.786816970661713
5855649650.0,0.0003080468,-0.0001856689,0.0003596745354031197,-6.825609391077034
5855731732.0,0.0003174417,-0.0001780611,0.0003639711365370886,-6.794377797346606
5855813814.0,0.0003132291,-0.0001618501,0.00035257328877386616,-6.760115136133503
5855895896.0,0.0003307592,-0.00018687,0.0003798974141589279,-6.797451341540162
5855977978.0,0.0003003049,-0.0001502091,0.0003357764236613703,-6.7469838180811585
5856060060.0,0.0003199906,-0.0001461554,0.00035178883586253843,-6.711637544363781
5856142142.0,0.0002964885,-0.0001714883,0.00034251082854289437,-6.807569384313016
5856224224.0,0.0002969003,-0.0001393367,0.00032797027930436015,-6.721976526967129
5856306306.0,0.0003086475,-0.000150239,0.00034327108293191554,-6.736189489947182
5856388388.0,0.0003205053,-0.0001747068,0.00036502892117519953,-6.782257202628641
5856470470.0,0.0003003471,-0.0001733653,0.00034679087029865707,-6.806683745461284
5856552553.0,0.0002886098,-0.0001490597,0.0003248298182435381,-6.759925753340542
5856634635.0,0.0003177813,-0.0001581365,0.00035495366917661237,-6.744932576134195
5856716717.0,0.0002829575,-0.0002107716,0.00035283085773895966,-6.923406594921605
5856798799.0,0.0002832037,-0.0001911873,0.0003416971164276632,-6.876995136877586
5856880881.0,0.0003028631,-0.0002043248,0.0003653418689893755,-6.876690425758392
5856962963.0,0.0003031205,-0.0001563513,0.00034106856573413503,-6.759397422487122
5857045045.0,0.000271294,-0.0001651849,0.0003176263301806228,-6.8301070588961
5857127127.0,0.0003065664,-0.000169483,0.00035029622449858064,-6.788208402420928
5857209209.0,0.0002955683,-0.000154342,0.0003334397590703454,-6.764424765210548
5857291291.0,0.0002806113,-0.0001835891,0.0003353321626782913,-6.862540322022156
5857373373.0,0.0003244467,-0.0001607665,0.0003620932596212473,-6.743234260223489
5857455455.0,0.0003203501,-0.0001893747,0.0003721383661625068,-6.817071435297045
5857537538.0,0.0003092491,-0.000166465,0.00035120592545657595,-6.776991934820886
5857619620.0,0.0002592077,-0.0001591301,0.0003041562435086612,-6.833769737159917
5857701702.0,0.0002938655,-0.0001852872,0.00034740218562077295,-6.8457420859356075
5857783784.0,0.0002645158,-0.0001646037,0.000311549332375035,-6.839828477840854
5857865866.0,0.0002920014,-0.0001969667,0.0003522225127825449,-6.876619069062973
5857947948.0,0.0002888574,-0.0001763924,0.0003384566092020069,-6.831403017337553
5858030030.0,0.0002676048,-0.0001750741,0.0003197862871885691,-6.862525834254636
5858112112.0,0.0002922816,-0.0001614651,0.0003339154267424163,-6.787892182895172
5858194194.0,0.0002811555,-0.0001855033,0.000336838076070892,-6.866411307704201
5858276276.0,0.0002653534,-0.0001771887,0.0003190740702395762,-6.871934843755246
5858358358.0,0.0002684209,-0.0001721455,0.00031887905658267994,-6.853439146774816
5858440440.0,0.0002439457,-0.0001511291,0.00028696604226859313,-6.837833824467207
5858522523.0,0.000249847,-0.0001426313,0.0002876929111895008,-6.801913693866048
5858604605.0,0.0002585701,-0.0001911509,0.00032155429274823873,-6.919778227469754
5858686687.0,0.0002822863,-0.0001704429,0.0003297519330164723,-6.826390170986387
5858768769.0,0.0002803071,-0.000180143,0.00033320199693190615,-6.854385398477494
5858850851.0,0.0002687259,-0.0001774015,0.0003220013998930129,-6.866668228125922
5858932933.0,0.0002915434,-0.0001831253,0.0003442853897330672,-6.844027678795943
5859015015.0,0.0002740775,-0.0001926514,0.00033501199669296923,-6.895860608146226
5859097097.0,0.0003009956,-0.0001730989,0.00034721978687939146,-6.8050855749776105
5859179179.0,0.0002610327,-0.0001915913,0.0003237982345612465,-6.916350845157297
5859261261.0,0.0002961595,-0.0001528093,0.0003332583556442959,-6.759526826651076
5859343343.0,0.0002517439,-0.0001621414,0.0002994408535607157,-6.855382491640032
5859425425.0,0.0002386055,-0.0001546438,0.000284336577859216,-6.8582342436503145
5859507508.0,0.000264124,-0.0001616063,0.00030964186340947183,-6.832278104192836
5859589590.0,0.0002541094,-0.0001730598,0.0003074431354647555,-6.8810758303822155
5859671672.0,0.0002370605,-0.0001701169,0.0002917832077516799,-6.905632312501483
5859753754.0,0.0002533411,-0.0001845441,0.00031342979723379845,-6.912745426398365
5859835836.0,0.0002688214,-0.0001665877,0.0003162537065225481,-6.837961828033372
5859917918.0,0.0002688789,-0.0001557898,0.0003107512263036946,-6.808323818100088
5860000000.0,0.0002576175,-0.0001579824,0.00030220062047588516,-6.833286209867257
