Frequenze (Hz),Parte Reale,Parte Immaginaria,Ampiezza,Fase
5200000000.0,-0.2521874028,0.3787765193,0.4550495991691815,2.1581950250310684
5200700701.0,-0.2293271929,0.3991644502,0.46035119170787653,2.0922683543240876
5201401401.0,-0.2025078853,0.4161172529,0.46277749704336374,2.0237156072026954
5202102102.0,-0.1729026068,0.4285561065,0.4621208152168378,1.954276601509062
5202802803.0,-0.1417403504,0.435898193,0.4583640055590971,1.885180597641146
5203503504.0,-0.1103179711,0.4379233113,0.4516047844383152,1.817573351532479
5204204204.0,-0.0800431755,0.4350077804,0.4423106136558995,1.7527648903788837
5204904905.0,-0.0519588872,0.4276722074,0.4308169482987536,1.6916961243339166
5205605606.0,-0.0267211695,0.4169449887,0.41780036441043333,1.6347967978789473
5206306306.0,-0.0046846477,0.4036614757,0.4036886583598489,1.5824011929555717
5207007007.0,0.0139532358,0.3888340728,0.38908434684464765,1.5349269107257724
5207707708.0,0.0293827005,0.3730943308,0.3742495461103093,1.4922044606269105
5208408408.0,0.0418481849,0.3571916078,0.35963469696648237,1.4541690790381498
5209109109.0,0.051692172,0.3415097095,0.34539971385172274,1.4205729582813702
5209809810.0,0.0592670356,0.3263435712,0.33168163647145305,1.391145008079941
5210510511.0,0.0649209285,0.3119404594,0.31862450810944404,1.3656057739889986
5211211211.0,0.0690176255,0.2984021572,0.3062797414966778,1.3435024908108226
5211911912.0,0.0717862382,0.2858478619,0.2947240474540695,1.324750255648169
5212612613.0,0.0735136878,0.2741993383,0.28388296781968747,1.308853363191691
5213313313.0,0.0743822412,0.2634375218,0.27373718362338073,1.2956074921526128
5214014014.0,0.0745539388,0.2536524619,0.2643820364898589,1.2849253279535249
5214714715.0,0.0742182885,0.24464799,0.25565796165758137,1.2762528058841756
5215415415.0,0.0734306112,0.2364151168,0.24755638168458352,1.2696430614866128
5216116116.0,0.0723382798,0.2289657147,0.24012106370017788,1.2647851439459745
5216816817.0,0.070990993,0.2221544441,0.2332216073191034,1.2614953444319241
5217517518.0,0.069461152,0.2159892629,0.22688369999903568,1.2596468529311144
5218218218.0,0.0677940265,0.210385498,0.2210386567951197,1.259065343070439
5218918919.0,0.0660312867,0.205305599,0.2156629773605252,1.259620580435751
5219619620.0,0.0641893181,0.2007316183,0.2107449907909554,1.2612958467073934
5220320320.0,0.0623326494,0.1966064198,0.20625092360471298,1.2637781933355645
5221021021.0,0.0604226015,0.1928792258,0.2021219595126546,1.2672132977016062
5221721722.0,0.0585349393,0.1895604826,0.19839232768027998,1.2712922612693616
5222422422.0,0.0566400824,0.1865942819,0.19500134607754752,1.2760888446361158
5223123123.0,0.0547756598,0.1839692919,0.1919507053092349,1.2814110046440284
5223823824.0,0.052911823,0.1816511048,0.18920038289666308,1.2873561241927427
5224524525.0,0.0510675192,0.1796448025,0.18676227290999212,1.2938330200235117
5225225225.0,0.0492910507,0.1779024044,0.184604640164897,1.3005085972956187
5225925926.0,0.0475457744,0.1764309719,0.18272517207236197,1.3075631144328512
5226626627.0,0.0458508819,0.1752067275,0.1811068765460522,1.3148404108986058
5227327327.0,0.044187715,0.174244571,0.17976018658172133,1.3224361277497423
5228028028.0,0.0425689617,0.173491847,0.17863800680618747,1.3301840194677634
5228728729.0,0.0410076699,0.1729993936,0.17779319215480408,1.3380525917889128
5229429429.0,0.039500881,0.1727197423,0.17717908730985882,1.3459636566454025
5230130130.0,0.03804613,0.1726327763,0.17677551714256912,1.3538763083957346
5230830831.0,0.0366272838,0.172814124,0.17665299140533433,1.3619409388662762
5231531532.0,0.0352948066,0.173160257,0.17672067784285306,1.3697232889351267
5232232232.0,0.0340418889,0.1737699668,0.17707301195143502,1.3773442119378116
5232932933.0,0.0328227569,0.1745739294,0.1776327396531188,1.384949588387319
5233633634.0,0.0316608079,0.1755957087,0.17842718310486202,1.392407845748609
5234334334.0,0.0306013598,0.1768491807,0.1794772295748692,1.399456467043777
5235035035.0,0.0296088429,0.1783296522,0.1807709833785551,1.4062629666445574
5235735736.0,0.0287113827,0.1800612683,0.18233596419343728,1.4126740594960425
5236436436.0,0.0278720262,0.1820184551,0.18414007668480048,1.418849137366081
5237137137.0,0.0271877295,0.1842476806,0.18624279970469942,1.42429278424164
5237837838.0,0.0266115975,0.1867448037,0.1886313834717159,1.4292468598455432
5238538539.0,0.0261315464,0.1894734663,0.19126696565008972,1.4337442650007288
5239239239.0,0.0258305406,0.1925229133,0.19424800892984093,1.437424152234152
5239939940.0,0.0256955731,0.1958760421,0.1975542617755902,1.440358328911485
5240640641.0,0.0257605505,0.1995712809,0.20122699153475848,1.4424266836218183
5241341341.0,0.0260164525,0.2035796429,0.20523529619433467,1.4436903240439813
5242042042.0,0.0265384085,0.2079053372,0.20959226217100332,1.443836307948411
5242742743.0,0.0273526198,0.2126780778,0.21442978008342548,1.442888037701624
5243443443.0,0.028481453,0.2177650949,0.2196197389166038,1.4407447280513972
5244144144.0,0.0300057223,0.2233268753,0.22533361178929004,1.437238293406636
5244844845.0,0.0319829228,0.2293076835,0.2315273656891706,1.432214330728456
5245545546.0,0.0344840015,0.2357287285,0.23823765403411512,1.425539833295822
5246246246.0,0.0376381989,0.2425945822,0.24549697621198618,1.4168749601540043
5246946947.0,0.0415130409,0.2499138646,0.25333825665317944,1.4061899084089697
5247647648.0,0.0462331278,0.2577018228,0.26181621718414183,1.3932792779962953
5248348348.0,0.0519346859,0.2659156722,0.2709397651159931,1.3779191464376455
5249049049.0,0.0588397791,0.2744661394,0.2807023001004392,1.359613795970909
5249749750.0,0.0670679513,0.2833564404,0.29118547767314557,1.3383823620229711
5250450450.0,0.0769006816,0.2923286677,0.3022743204273257,1.3135619215722882
5251151151.0,0.0885078474,0.3012431364,0.3139762192897588,1.2850292792689102
5251851852.0,0.1021342913,0.3098519319,0.326250874575863,1.2523888743570497
5252552553.0,0.1179608851,0.3177659479,0.33895422708436745,1.2153442662068978
5253253253.0,0.1361620361,0.3245003763,0.3519099235510975,1.1735040068064766
5253953954.0,0.156773386,0.3294375357,0.36483829909426146,1.1266286217894836
5254654655.0,0.1796724832,0.3319069532,0.37741810608628895,1.0746308944000467
5255355355.0,0.2045235965,0.3311402689,0.3892091715420631,1.0175112189130788
5256056056.0,0.2307400984,0.3264175702,0.3997366922674395,0.9554636413976165
5256756757.0,0.2573984567,0.3171317237,0.4084439933313684,0.8889948494050982
5257457457.0,0.2833321342,0.3029401248,0.41478888302866357,0.8188308973520183
5258158158.0,0.3072204647,0.2840389499,0.41840475498108126,0.7462112227042471
5258858859.0,0.3277943296,0.2607865627,0.4188779700614422,0.6720399098470039
5259559560.0,0.3440056756,0.2343256724,0.4162312165019877,0.597974939994845
5260260260.0,0.355155374,0.2059087496,0.4105286260943509,0.5254123432179243
5260960961.0,0.3611852675,0.1768920077,0.40217605578550225,0.4554174374567967
5261661662.0,0.362307014,0.1485662239,0.3915843399288346,0.38914531054134305
5262362362.0,0.3592226382,0.1219871057,0.3793702119993491,0.32736767591305277
5263063063.0,0.352756928,0.0978145066,0.36606710853803653,0.2704901082317664
5263763764.0,0.343752512,0.0763720127,0.35213417021095683,0.2186206141641138
5264464464.0,0.3330348426,0.0578847616,0.3380278864400031,0.17209072334011033
5265165165.0,0.3212237938,0.0421693932,0.3239799120719078,0.13053087330898264
5265865866.0,0.3089927107,0.0289993685,0.3103505415479933,0.0935772005581349
5266566567.0,0.296715327,0.0181363831,0.29726909302627963,0.061047897936353006
5267267267.0,0.2846333171,0.0092796518,0.28478454512293744,0.03259058431010854
5267967968.0,0.2729603956,0.0021676061,0.2729690020539205,0.007940934189715927
5268668669.0,0.261858797,-0.0035345541,0.2618826505115851,-0.013497119460358403
5269369369.0,0.2514131684,-0.0079571964,0.25153905903353246,-0.03163931745944095
5270070070.0,0.2416247336,-0.0113634168,0.24189179218948603,-0.0469945690986248
5270770771.0,0.2324919742,-0.01392372,0.23290854008827558,-0.05981758751456441
5271471471.0,0.2240155555,-0.0157879951,0.22457121341625957,-0.0703608855514297
5272172172.0,0.2161505187,-0.0170808941,0.21682436135622413,-0.07885926922035343
5272872873.0,0.2089173121,-0.0178837064,0.2096813540820695,-0.08539366736582175
5273573574.0,0.2022072432,-0.0182993957,0.2030335861022238,-0.09025236959689842
5274274274.0,0.1960524824,-0.0184052763,0.19691452473314824,-0.09360498590230704
5274974975.0,0.1903839829,-0.0182255189,0.1912543606928787,-0.09543948023891224
5275675676.0,0.1851770192,-0.0178489851,0.18603525125335033,-0.09609191356730415
5276376376.0,0.1803851538,-0.0172939504,0.1812122634699079,-0.09558023211934051
5277077077.0,0.1759829535,-0.0165958447,0.17676374623742758,-0.09402563465956545
5277777778.0,0.1719677239,-0.0157622367,0.1726885814671412,-0.09140271733145203
5278478478.0,0.1683023955,-0.0148576159,0.16895693262269634,-0.08805102888766055
5279179179.0,0.16495085,-0.0138701315,0.16553296790533842,-0.08388910849089942
5279879880.0,0.1619218469,-0.012799707,0.16242695897785223,-0.07888463649836297
5280580581.0,0.1591441682,-0.0116814554,0.15957231173462416,-0.07327031790251883
5281281281.0,0.1566525618,-0.0105308061,0.15700612407042797,-0.0671229741367579
5281981982.0,0.1544295767,-0.00933201,0.1547112813287424,-0.060355509200817364
5282682683.0,0.1524104488,-0.0080915401,0.15262508943357683,-0.05304065917023444
5283383383.0,0.1506433667,-0.0068660756,0.15079975770821247,-0.04554682474206455
5284084084.0,0.1490980194,-0.0055960209,0.1492029987597971,-0.03751488757648314
5284784785.0,0.1477558507,-0.0043325847,0.14781935836101903,-0.02931419351594332
5285485485.0,0.1466584945,-0.0030338702,0.1466898714206164,-0.020683681182453947
5286186186.0,0.1457125456,-0.0017586299,0.14572315781768266,-0.012068586887871137
5286886887.0,0.1450145891,-0.000442136,0.1450152631142127,-0.0030488975815745026
5287587588.0,0.144481624,0.0008608961,0.14448418880892253,0.005958445703952576
5288288288.0,0.1441515446,0.0021852436,0.14416810708390787,0.01515818810826126
5288988989.0,0.1440268256,0.0034890106,0.14406907956733717,0.024219990489135937
5289689690.0,0.1440956333,0.0048148929,0.14417605463379324,0.03340213713255336
5290390390.0,0.144355835,0.0061300967,0.1444859342084847,0.04243968314625569
5291091091.0,0.1448329746,0.007446292,0.14502426623166728,0.051367732362763034
5291791792.0,0.1455271744,0.008764727,0.14579087395386772,0.060154761368842645
5292492492.0,0.1464329478,0.0100619706,0.14677823903342344,0.0686060021960645
5293193193.0,0.1475627979,0.0113287103,0.1479970236225633,0.07662183051488713
5293893894.0,0.1489423183,0.0125812427,0.14947274617285525,0.0842705199532026
5294594595.0,0.1505890951,0.0137950519,0.15121963834092625,0.09135227351278462
5295295295.0,0.1524745658,0.014983083,0.1532089618530307,0.0979516401814121
5295995996.0,0.1547011858,0.0161268455,0.1555394870562038,0.10386996267919019
5296696697.0,0.1571929573,0.0172274262,0.15813415202983847,0.10915849646409301
5297397397.0,0.1600128207,0.0182340357,0.16104838666152238,0.11346415467523242
5298098098.0,0.1631739549,0.0191577433,0.16429473115731963,0.1168718281103558
5298798799.0,0.1667849765,0.019974058,0.16797675844917628,0.11919167139526032
5299499499.0,0.1707605457,0.0206360179,0.1720029337032683,0.12026450094017899
5300200200.0,0.1752196627,0.021111811,0.1764869365148636,0.11990965731935276
5300900901.0,0.1801667231,0.02133115,0.18142509769299994,0.11784811210859593
5301601602.0,0.1856143435,0.0212682343,0.18682885832540883,0.11408537559372657
5302302302.0,0.1916589322,0.0208366472,0.19278825731506954,0.10829201458401438
5303003003.0,0.1982990617,0.0199287874,0.19929795392410532,0.10016233796722007
5303703704.0,0.2055828828,0.0184140114,0.20640590475128823,0.08933138406619923
5304404404.0,0.2135914326,0.0161682121,0.21420250036503058,0.07555282641487712
5305105105.0,0.2222425986,0.013031024,0.2226243028489237,0.05856717557421863
5305805806.0,0.2315911705,0.008719842,0.23175527156478024,0.03763409840407966
5306506507.0,0.2415019705,0.0030534495,0.2415212729952207,0.012642906395415559
5307207207.0,0.251952283,-0.0043502389,0.25198983607955133,-0.017264406693449863
5307907908.0,0.2626170131,-0.0137576817,0.2629771270953504,-0.05233901935462141
5308608609.0,0.2731992107,-0.0255235456,0.2743888848096771,-0.09315427402433508
5309309309.0,0.2831610733,-0.0399502457,0.2859654097332374,-0.14016153782627824
5310010010.0,0.2918714744,-0.0572175914,0.2974269831976366,-0.19358203958012496
5310710711.0,0.2984046077,-0.0773362822,0.30826321616616686,-0.25358656297624366
5311411411.0,0.3018581154,-0.1000224741,0.31799814017997796,-0.31996982958616177
5312112112.0,0.3012763114,-0.1246007314,0.32602570155772187,-0.39215499125323533
5312812813.0,0.2958944866,-0.1499292565,0.3317112134898674,-0.4689919412568791
5313513514.0,0.2854240617,-0.1746217887,0.33460374188898856,-0.5490491589436285
5314214214.0,0.2700691518,-0.1971261626,0.3343591941839989,-0.6305190134883045
5314914915.0,0.2507476707,-0.2161020992,0.33102040970327234,-0.7113225580729974
5315615616.0,0.2286620152,-0.2306577558,0.32479119062255596,-0.7897431277708149
5316316316.0,0.205296459,-0.2404637546,0.31617946384018636,-0.8641279477338107
5317017017.0,0.1819969894,-0.2456473702,0.30572133493892695,-0.9331529735355856
5317717718.0,0.1598037016,-0.2468383119,0.29405165407918304,-0.9962493948409448
5318418418.0,0.1394373116,-0.2448516932,0.2817713887695882,-1.0531229302645562
5319119119.0,0.121313914,-0.2404542234,0.26932378149895436,-1.1035394277660564
5319819820.0,0.105432394,-0.2343770297,0.25699918629358715,-1.148074645187773
5320520521.0,0.0918195095,-0.2272998526,0.2451449475653176,-1.1868828635027666
5321221221.0,0.0801711415,-0.2196441823,0.23381826008173237,-1.2208173937897842
5321921922.0,0.0703981342,-0.211766357,0.22316112397972157,-1.2498562535374036
5322622623.0,0.062175919,-0.2039060847,0.21317489599194867,-1.2748279762473247
5323323323.0,0.0552882156,-0.1962495973,0.20388891883730278,-1.2961897037516676
5324024024.0,0.0495805146,-0.1889045427,0.19530272317788336,-1.31412230637726
5324724725.0,0.0448347364,-0.1819025106,0.1873464089611557,-1.329136419465896
5325425425.0,0.0408570909,-0.1752998747,0.17999818873157186,-1.3418144200105784
5326126126.0,0.0375377957,-0.1690960967,0.17321251694144593,-1.35234782251082
5326826827.0,0.0348243541,-0.1632895021,0.1669616636672865,-1.3606766487740625
5327527528.0,0.0325583902,-0.1578502415,0.16117303593971224,-1.3673876345195708
5328228228.0,0.0307208081,-0.1528232282,0.15588042573648014,-1.3724184119479095
5328928929.0,0.0292374499,-0.1481323862,0.15099017291850805,-1.3759272432737386
5329629630.0,0.0280278794,-0.1437744221,0.14648087408890592,-1.3782675448937998
5330330330.0,0.0270739478,-0.1397237642,0.14232262269820045,-1.3794005138670906
5331031031.0,0.0263224004,-0.1359608451,0.138485451088279,-1.3795594188892106
5331731732.0,0.0257370598,-0.1324577793,0.13493501971036387,-1.3788837613888585
5332432432.0,0.0253330612,-0.12922296,0.1316827148145289,-1.377209911001647
5333133133.0,0.0250304618,-0.1261934873,0.12865193451657272,-1.3749879327399404
5333833834.0,0.0248639793,-0.123392805,0.12587295894034925,-1.3719563132144008
5334534535.0,0.0247694144,-0.1207730107,0.12328683629350394,-1.3685107442779763
5335235235.0,0.0247854967,-0.1183610114,0.12092828397978961,-1.3643731864080444
5335935936.0,0.0248580954,-0.1161036549,0.11873492994082994,-1.359878066890093
5336636637.0,0.0250183726,-0.1140307068,0.11674297007040722,-1.3548180972131392
5337337337.0,0.0252373333,-0.1120866888,0.11489277087024811,-1.349330495609831
5338038038.0,0.0255184167,-0.1102985943,0.11321205543329223,-1.3434389422872048
5338738739.0,0.0258889824,-0.1086453974,0.1116873394163879,-1.3368699672805089
5339439439.0,0.0262696828,-0.1071323351,0.11030608985179063,-1.3303330426343212
5340140140.0,0.0267110533,-0.1057410005,0.10906254882009883,-1.3233643132461883
5340840841.0,0.0272096051,-0.1044661935,0.10795160116495442,-1.3159943926164677
5341541542.0,0.0277263899,-0.1033202522,0.10697582536049174,-1.3086194045309458
5342242242.0,0.0282856507,-0.1022705026,0.10611000771642144,-1.3009647478554964
5342942943.0,0.0288712666,-0.1013564276,0.10538821305498218,-1.2932969269635144
5343643644.0,0.0295053246,-0.1005619409,0.10480108843579086,-1.285401392269208
5344344344.0,0.0301601029,-0.0998773488,0.10433176223114153,-1.2775318907358206
5345045045.0,0.030861204,-0.0993010875,0.10398615240027044,-1.2694754161099049
5345745746.0,0.0315911914,-0.098841458,0.10376722600916533,-1.2614428538912739
5346446446.0,0.0323539737,-0.0985147818,0.10369157076292124,-1.2534765703250912
5347147147.0,0.0331153969,-0.0982881859,0.10371690797241061,-1.2458199620542234
5347847848.0,0.0339450416,-0.0981777491,0.10388039404800253,-1.2379119328214339
5348548549.0,0.0348029639,-0.0981900409,0.10417547901578555,-1.2301671443907953
5349249249.0,0.0357143189,-0.0983185723,0.10460427445186561,-1.2223657302392787
5349949950.0,0.0366317546,-0.098593388,0.10517861761020234,-1.2150592535759321
5350650651.0,0.0376170112,-0.0990014643,0.10590717381351039,-1.2076806086527951
5351351351.0,0.0386072188,-0.0995427911,0.1067674323164574,-1.2008117207924245
5352052052.0,0.0396511484,-0.100265914,0.10782145927269866,-1.1942099452455421
5352752753.0,0.0407312807,-0.1011388263,0.10903256125031532,-1.1879417717897225
5353453453.0,0.0418292056,-0.1021860851,0.11041593376497576,-1.1822612836002833
5354154154.0,0.0429544552,-0.1034115671,0.11197784348524761,-1.177107329948442
5354854855.0,0.0441020989,-0.1048696383,0.11376570733115585,-1.1727076038601014
5355555556.0,0.0452746737,-0.1065454372,0.11576582512460495,-1.1689824189232887
5356256256.0,0.0464596413,-0.1084777027,0.11800809401390336,-1.1661444576295241
5356956957.0,0.0476255757,-0.1106634662,0.12047654631568326,-1.1643910816852947
5357657658.0,0.0488117571,-0.1131980451,0.12327361861181424,-1.1636803043126773
5358358358.0,0.0499552649,-0.1160351489,0.1263316439831064,-1.1642608582319063
5359059059.0,0.0510414613,-0.1192698997,0.12973257010514921,-1.1664303125327136
5359759760.0,0.0520411063,-0.122874758,0.13344093411875707,-1.1701717168750005
5360460460.0,0.0529087279,-0.1269496113,0.1375337678434548,-1.175917576419938
5361161161.0,0.0535842135,-0.1315353202,0.1420310120942962,-1.1839483224243474
5361861862.0,0.054022202,-0.1366861382,0.1469744831083216,-1.1944104178611357
5362562563.0,0.0540667507,-0.142431953,0.15234853056938277,-1.2080014605595037
5363263263.0,0.0536994326,-0.14885811,0.158247799271693,-1.224583673580841
5363963964.0,0.0526808013,-0.1559518285,0.16460935464943507,-1.245029598669511
5364664665.0,0.0508301431,-0.1637730023,0.17147973562471538,-1.2698535973871412
5365365365.0,0.0479477966,-0.1722781806,0.17882606831678985,-1.299349757069189
5366066066.0,0.0437389836,-0.1813822071,0.1865813595695678,-1.3341712215835269
5366766767.0,0.0378821979,-0.190961182,0.19468239249755456,-1.374962376505512
5367467467.0,0.0300616938,-0.2006814002,0.20292050123227448,-1.4221038356905096
5368168168.0,0.0199566489,-0.2101147531,0.21106036412740273,-1.4761006394440668
5368868869.0,0.0073808195,-0.2186912534,0.21881576910760933,-1.5370591795523159
5369569570.0,-0.007689008,-0.2256135142,0.2257444985679555,-1.6048635821756567
5370270270.0,-0.024935887,-0.2300151091,0.23136280789003594,-1.6787843732723775
5370970971.0,-0.0437510623,-0.2311060312,0.23521086945418543,-1.7578938156757475
5371671672.0,-0.0631102583,-0.2283878879,0.236947108110894,-1.8403979288002106
5372372372.0,-0.0817879129,-0.2217113893,0.236315896295349,-1.924202724373419
5373073073.0,-0.0986030149,-0.2114247142,0.23328729995848746,-2.007183229241517
5373773774.0,-0.1126580179,-0.198381136,0.22813790592053576,-2.087268376498584
5374474474.0,-0.1234716676,-0.183597635,0.22125402657921983,-2.1628349953408614
5375175175.0,-0.130942694,-0.1681264102,0.21310203874838057,-2.2324977457629194
5375875876.0,-0.1353417795,-0.1528446364,0.20415405985303067,-2.295534505428916
5376576577.0,-0.1371946525,-0.1383934283,0.19487204435532307,-2.3518446350181454
5377277277.0,-0.1369540683,-0.1251552408,0.1855269552480907,-2.401179033961688
5377977978.0,-0.1352672375,-0.1132987957,0.17644784682152329,-2.4443461516011182
5378678679.0,-0.1325168055,-0.1028548218,0.16774927155560046,-2.4815555531466513
5379379379.0,-0.1290590648,-0.0937661755,0.15952535182517982,-2.5132777930537094
5380080080.0,-0.1252281497,-0.0858968789,0.15185639032338047,-2.5403768916086906
5380780781.0,-0.1212033911,-0.0791221655,0.14474314867222196,-2.563248161526739
5381481481.0,-0.1171006227,-0.0733095329,0.13815514268656068,-2.582246687274928
5382182182.0,-0.113055085,-0.068332688,0.13210150829442702,-2.597929920523887
5382882883.0,-0.1091193861,-0.0640323917,0.12651951473849044,-2.6109278355042522
5383583584.0,-0.1053202061,-0.0603564901,0.12138884508116005,-2.6212054581827653
5384284284.0,-0.1017319165,-0.0571944214,0.11670726058837878,-2.6294256039614443
5384984985.0,-0.0983166903,-0.0544695589,0.11239708376246549,-2.635667172974681
5385685686.0,-0.095088522,-0.052114336,0.10843307167495247,-2.6402391304836565
5386386386.0,-0.0920498283,-0.0500791667,0.10479071441414009,-2.6433336016729125
5387087087.0,-0.0892119437,-0.048308008,0.10145163643658014,-2.645301017627542
5387787788.0,-0.0865470231,-0.0467922032,0.09838647004432075,-2.645951311453861
5388488488.0,-0.0840371969,-0.0454614392,0.09554576346936931,-2.6457101906064673
5389189189.0,-0.0816981392,-0.0443109715,0.09294110040243977,-2.6446229483669565
5389889890.0,-0.079501111,-0.0433209405,0.0905380060308314,-2.642665805476233
5390590591.0,-0.0774521441,-0.0424558009,0.08832513603582846,-2.6401668458519483
5391291291.0,-0.0755339534,-0.041696936,0.08627869139029329,-2.6371929710644406
5391991992.0,-0.0737304681,-0.0410457616,0.08438564138269705,-2.6336199421698034
5392692693.0,-0.0720614842,-0.040494356,0.08265984740465945,-2.6296273713364036
5393393393.0,-0.070486116,-0.0400143855,0.0810521042028402,-2.6252680733444365
5394094094.0,-0.0690160039,-0.0395982958,0.07956905067040271,-2.620694326218225
5394794795.0,-0.0676418441,-0.0392625179,0.07821102470302077,-2.6156743069168003
5395495495.0,-0.0663627906,-0.0389697944,0.07695885167930795,-2.610620564073374
5396196196.0,-0.0651651229,-0.0387512711,0.07581658297785386,-2.6051068451420893
5396896897.0,-0.0640313444,-0.0385618188,0.074746417538471,-2.599532513211708
5397597598.0,-0.063007436,-0.0384241037,0.0737993816806242,-2.5939733191782417
5398298298.0,-0.0620173141,-0.0383371191,0.07291009497364301,-2.587921328149467
5398998999.0,-0.0611191348,-0.0382905953,0.07212293898011196,-2.5819217896970974
5399699700.0,-0.0602668082,-0.038277301,0.07139495740218765,-2.5757414758829897
5400400400.0,-0.0594833284,-0.0383003671,0.07074732841271823,-2.56952888457583
5401101101.0,-0.0587572336,-0.0383735561,0.07017793319901075,-2.5630507199931256
5401801802.0,-0.058098065,-0.0384755756,0.06968324816263619,-2.556652398485636
5402502503.0,-0.0574660499,-0.0386122404,0.06923331567834003,-2.5499661100249633
5403203203.0,-0.0569332353,-0.0387935873,0.06889365498598465,-2.5434679154716395
5403903904.0,-0.0564201864,-0.039012195,0.0685943787210641,-2.5366225414475627
5404604605.0,-0.0559855413,-0.0392421865,0.06836907221803427,-2.5302399138352194
5405305305.0,-0.0555910351,-0.0395243356,0.06820950291646216,-2.523532864592599
5406006006.0,-0.0552604138,-0.0398580114,0.0681349719755557,-2.5167297366982377
5406706707.0,-0.0549873781,-0.0401998731,0.06811491428144399,-2.510314258696543
5407407407.0,-0.054763978,-0.0405836324,0.06816248605474139,-2.5038349244019997
5408108108.0,-0.0546084946,-0.0410171444,0.06829709962515744,-2.4973796732181666
5408808809.0,-0.0545072249,-0.0414719839,0.0684906053039469,-2.4911817512000805
5409509510.0,-0.0544777564,-0.041986112,0.06877979022397702,-2.484973423405455
5410210210.0,-0.0545167039,-0.0425587129,0.0691615142100352,-2.4787595322685783
5410910911.0,-0.0546227998,-0.0431521931,0.06961150786565802,-2.472977042467244
5411611612.0,-0.054818323,-0.0437964774,0.07016537585719212,-2.4674992063852828
5412312312.0,-0.0550778175,-0.0444815321,0.07079669963018499,-2.462227168704306
5413013013.0,-0.0554595053,-0.0452194223,0.07155803855100044,-2.457556211560521
5413713714.0,-0.0559201239,-0.0460343401,0.07243079956367884,-2.452855055309781
5414414414.0,-0.0564976017,-0.0468732568,0.0734103616725227,-2.4490318634002843
5415115115.0,-0.0572080145,-0.0477806794,0.07453690526818103,-2.445748129869906
5415815816.0,-0.0580529865,-0.0487354015,0.07579768202877568,-2.443226868128329
5416516517.0,-0.059037819,-0.0497346402,0.07719454973053613,-2.4415156562024873
5417217217.0,-0.0602274034,-0.0508177404,0.07880217547547862,-2.4407298195152487
5417917918.0,-0.0615957118,-0.0519370619,0.08056978410640736,-2.441063807352594
5418618619.0,-0.0632028514,-0.0530683352,0.08252786575448344,-2.44313750435465
5419319319.0,-0.0650859223,-0.0542718528,0.08474438794390166,-2.4465499311527377
5420020020.0,-0.0672063958,-0.055459807,0.08713489443904494,-2.451663975975767
5420720721.0,-0.0696929774,-0.0566726041,0.08982702908563907,-2.458869496191068
5421421421.0,-0.0725725381,-0.0578234396,0.09279182859201988,-2.4688258595529704
5422122122.0,-0.075853144,-0.0588956082,0.09603328652052184,-2.4813819757443536
5422822823.0,-0.0796729126,-0.0598377678,0.09964101292868291,-2.4974244832826233
5423523524.0,-0.0840042816,-0.0605262101,0.10353811586175131,-2.5172315673744268
5424224224.0,-0.0890068713,-0.0608892406,0.1078411923128609,-2.541620482733159
5424924925.0,-0.0946271707,-0.0607525301,0.11245075076778431,-2.5708477910504284
5425625626.0,-0.100950563,-0.0598842005,0.11737603520114814,-2.606185763803871
5426326326.0,-0.1078983314,-0.0580574045,0.12252637322707649,-2.647950918319315
5427027027.0,-0.1153919816,-0.0549823906,0.1278216440735516,-2.6969345021076183
5427727728.0,-0.12320032,-0.0503054471,0.13307500462533636,-2.7539324686849893
5428428428.0,-0.1309062917,-0.0437396619,0.1380203435359143,-2.819125664709707
5429129129.0,-0.1379265949,-0.0350975018,0.14232210022800293,-2.8924159987538585
5429829830.0,-0.1435367217,-0.0244209123,0.14559935245030298,-2.973069313150325
5430530531.0,-0.1470135397,-0.0120633495,0.14750764473844272,-3.0597200354430916
5431231231.0,-0.1476908583,0.0012292375,0.14769597371026094,-3.149915505328763
5431931932.0,-0.1453753616,0.0144992409,0.14609662469409412,-3.2410004841186377
5432632633.0,-0.1402441379,0.02676692,0.1427756499603508,-3.3301839807786124
5433333333.0,-0.1328642756,0.0372106096,0.13797661105244022,-3.414661464415635
5434034034.0,-0.1240807989,0.0453893736,0.13212206436270446,-3.4922776650635328
5434734735.0,-0.1146741496,0.0512432189,0.12560265948504631,-3.56183176674938
5435435435.0,-0.1052530472,0.0550252552,0.1187686097195322,-3.6233057049404738
5436136136.0,-0.0963708833,0.0570263322,0.11197923786223488,-3.6759151468901146
5436836837.0,-0.0882116843,0.0576745282,0.10539284819253848,-3.7206483217224346
5437537538.0,-0.0809374243,0.0573367254,0.09918854133373087,-3.7579393631575573
5438238238.0,-0.0745093891,0.0562934828,0.09338418104694764,-3.7886184863551566
5438938939.0,-0.0689297214,0.0547848027,0.08804931061149511,-3.8131500115294603
5439639640.0,-0.0640627243,0.0529830551,0.08313384853636602,-3.832611060808849
5440340340.0,-0.059848582,0.0510477091,0.07866207073150913,-3.847795510033191
5441041041.0,-0.0562256898,0.0490269993,0.07459875906372722,-3.8587028016461282
5441741742.0,-0.0530831357,0.0469804936,0.07088713617183484,-3.8660786479370737
5442442442.0,-0.0503614379,0.0449900624,0.0675305867152911,-3.870717926141652
5443143143.0,-0.0480020804,0.0430448629,0.06447526614763106,-3.872597692646461
5443843844.0,-0.045951204,0.0411955974,0.061713777993188064,-3.872474823522605
5444544545.0,-0.044159049,0.0394075965,0.05918598035422927,-3.870193728616093
5445245245.0,-0.042609003,0.0377121542,0.05690108708151881,-3.866100317702753
5445945946.0,-0.0412445251,0.0361116785,0.05481937773098024,-3.860734546909114
5446646647.0,-0.0400764015,0.0345801644,0.05293303058696176,-3.8535031145651226
5447347347.0,-0.0390321839,0.0331327851,0.05119856275801306,-3.8454234069535467
5448048048.0,-0.0381128707,0.0317980561,0.04963574603784722,-3.8369087008721854
5448748749.0,-0.0373339913,0.0305113787,0.04821588054327422,-3.826766540503514
5449449449.0,-0.0366349319,0.0293021641,0.04691199266990229,-3.816237361773769
5450150150.0,-0.0360244225,0.028145594,0.04571579024878978,-3.8048217424725266
5450850851.0,-0.0355075643,0.027064998,0.04464640231036134,-3.7928763228929894
5451551552.0,-0.0350553712,0.026039706,0.04366858525915655,-3.7804804085633443
5452252252.0,-0.0346706348,0.0250727781,0.0427866465043337,-3.7677005805626824
5452952953.0,-0.03433146,0.0241618786,0.04198149024525854,-3.754852658220124
5453653654.0,-0.0340680251,0.0233147883,0.04128207465338978,-3.741744564122346
5454354354.0,-0.0338473989,0.0224902892,0.040638153508683904,-3.7280669621299563
5455055055.0,-0.0336616669,0.0217236152,0.04006274174147629,-3.714693258828413
5455755756.0,-0.033525667,0.0209886284,0.03955367075137497,-3.7009441953622613
5456456456.0,-0.0334399661,0.0203110889,0.039125077189353284,-3.6874280016046903
5457157157.0,-0.0333827904,0.0196488046,0.03873610998925051,-3.6735808247600117
5457857858.0,-0.0333638662,0.019041039,0.03841495456213665,-3.66019570780836
5458558559.0,-0.0333720405,0.0184464431,0.03813088446620636,-3.646545832026569
5459259259.0,-0.0334304216,0.0179059232,0.037923807482873405,-3.6333267246917202
5459959960.0,-0.033527865,0.0173803743,0.03776499890462497,-3.6198406045223197
5460660661.0,-0.0336468149,0.0168808879,0.03764402381796118,-3.60660600642453
5461361361.0,-0.0338044387,0.0164312934,0.03758626715462632,-3.594033568676867
5462062062.0,-0.0339940527,0.0159939017,0.037568610708404435,-3.581355768117395
5462762763.0,-0.0342191573,0.0155851047,0.037601146456352964,-3.568969294805733
5463463463.0,-0.0344690402,0.0152182931,0.03767905488712162,-3.557360678958666
5464164164.0,-0.0347653868,0.0148585011,0.03780750156109652,-3.545488887453532
5464864865.0,-0.0350919389,0.0145453744,0.03798699898909506,-3.534530503146027
5465565566.0,-0.0354494694,0.0142593351,0.03820986153122815,-3.5240319845011205
5466266266.0,-0.0358562541,0.0140039816,0.03849392755665373,-3.513933808833543
5466966967.0,-0.0362907462,0.0137731592,0.03881646782103389,-3.50432245597145
5467667668.0,-0.0367744775,0.0135781818,0.03920113794766495,-3.495293722149434
5468368368.0,-0.0372963704,0.0134167568,0.03963620324960935,-3.4869123596808316
5469069069.0,-0.0378569984,0.013274435,0.04011686618402324,-3.4788435623846174
5469769770.0,-0.0384629297,0.0131836879,0.040659643231978175,-3.4718062013662063
5470470470.0,-0.0391241873,0.0131394146,0.04127161552345843,-3.465596303911414
5471171171.0,-0.0398436721,0.0131447481,0.04195596035159691,-3.460257290206308
5471871872.0,-0.0406201273,0.0131935915,0.042709080984459004,-3.4556475270988964
5472572573.0,-0.0414437004,0.0132997517,0.04352543736858497,-3.452122028693852
5473273273.0,-0.0423206909,0.0134501922,0.044406627303481216,-3.449313201183085
5473973974.0,-0.043303247,0.0136928304,0.04541656971971984,-3.4478519962930583
5474674675.0,-0.0443281527,0.0139835959,0.04648145948750979,-3.4471685522703512
5475375375.0,-0.0454421654,0.0144060235,0.0476709965211921,-3.4485890360425575
5476076076.0,-0.0466274038,0.014909844,0.04895322495232148,-3.4510830393147205
5476776777.0,-0.0478965357,0.0155440728,0.05035569810133779,-3.4554033630197063
5477477477.0,-0.0492404072,0.0162954646,0.05186675108151334,-3.4611848126520477
5478178178.0,-0.0507083612,0.0172033865,0.05354712319684455,-3.468668891101505
5478878879.0,-0.0522397354,0.0182995886,0.055352189636827046,-3.4785348669381677
5479579580.0,-0.0538778464,0.0196604003,0.05735288722164066,-3.49148539071577
5480280280.0,-0.055587598,0.0212860352,0.05952374606781098,-3.5072955222724636
5480980981.0,-0.057356634,0.0232206898,0.06187878391337195,-3.52627091100475
5481681682.0,-0.0591881171,0.0255295033,0.06445920217151328,-3.5488110997625166
5482382382.0,-0.0610112706,0.028294369,0.06725285464078522,-3.5758273563415055
5483083083.0,-0.0627700166,0.0315749328,0.0702641541989142,-3.6076579078957973
5483783784.0,-0.0643567034,0.0354629362,0.07348064450207852,-3.645231813320382
5484484484.0,-0.065643161,0.0400183355,0.07687972269891771,-3.6890662425234404
5485185185.0,-0.0664432877,0.0453121497,0.08042326399009295,-3.740113337663198
5485885886.0,-0.0664942287,0.0513476482,0.08401228140027425,-3.7991586143065468
5486586587.0,-0.0654998365,0.0580224407,0.08750332682996544,-3.866529801730427
5487287287.0,-0.0631042823,0.0651498991,0.0907009360334185,-3.9429391731381043
5487987988.0,-0.0590474269,0.0723275392,0.0933695429475714,-4.0277341675595135
5488688689.0,-0.0531535372,0.0789964707,0.09521418434208079,-4.120111176489893
5489389389.0,-0.0455274698,0.0845099266,0.09599311537984012,-4.218244678517534
5490090090.0,-0.0365626422,0.0882677434,0.09554067892564645,-4.319680753139899
5490790791.0,-0.0269438802,0.0898424379,0.09379571593653577,-4.421022572586086
5491491491.0,-0.0174647913,0.0891900957,0.09088394856149085,-4.5190203252022245
5492192192.0,-0.0087839018,0.0866242776,0.08706849258229928,-4.611332096368165
5492892893.0,-0.0013739588,0.0825778266,0.08258925601289653,-4.69575216525973
5493593594.0,0.0045721901,0.0776625563,0.07779702804967044,-4.771193620778353
5494294294.0,0.0091026274,0.0723453272,0.07291573350970482,-4.837553160200051
5494994995.0,0.0123643638,0.067007753,0.06813894961244824,-4.894857936481434
5495695696.0,0.0145898193,0.061906881,0.06360286740670434,-4.943839219619759
5496396396.0,0.0159736792,0.0571239271,0.05931527184891448,-4.985056424347294
5497097097.0,0.0167557402,0.0528024822,0.0553972648795156,-5.019666832881828
5497797798.0,0.0170554235,0.0488784228,0.051768597490949204,-5.048115275957241
5498498498.0,0.0170183042,0.0453847651,0.048470605329683225,-5.071140667141838
5499199199.0,0.0167307686,0.0422828042,0.04547256479419524,-5.089171992073028
5499899900.0,0.0163162506,0.0395057476,0.042742532997903926,-5.104059926460376
5500600601.0,0.0157672292,0.0370501518,0.040265608961598684,-5.114737664355198
5501301301.0,0.0151606944,0.0348601337,0.03801414968498002,-5.12261558166711
5502002002.0,0.0144918925,0.0328962251,0.03594685763820569,-5.127342818730383
5502702703.0,0.0138103668,0.0311513922,0.03407543788638325,-5.129682845748134
5503403403.0,0.0131394456,0.0295844924,0.0323710861918629,-5.130353101498767
5504104104.0,0.0124609993,0.0281706913,0.030803641860573827,-5.128853897464429
5504804805.0,0.011783122,0.0269185999,0.029384570519971256,-5.124993803690614
5505505506.0,0.0111268598,0.0257754165,0.028074527685382853,-5.119908201129543
5506206206.0,0.0104952105,0.0247293079,0.026864253435603093,-5.113754472935186
5506906907.0,0.0098920126,0.0237953108,0.0257695310269154,-5.106366966782738
5507607608.0,0.0092860351,0.0229416467,0.024749739416528267,-5.096998582171893
5508308308.0,0.0087312388,0.0221751647,0.023832172801797818,-5.087486772331358
5509009009.0,0.0082032816,0.02145319,0.02296809069524497,-5.07761447702777
5509709710.0,0.0076741486,0.0207904013,0.022161528443451813,-5.065994460061189
5510410410.0,0.0071813299,0.0201882651,0.021427495114467114,-5.054148703750178
5511111111.0,0.0067061313,0.0196394005,0.020752788945398157,-5.041438426421019
5511811812.0,0.0062471126,0.0191307547,0.020124914688729758,-5.0280204924539245
5512512513.0,0.0058063204,0.0186676593,0.019549804611001427,-5.013939851312158
5513213213.0,0.0053889862,0.0182367101,0.01901627638459308,-4.999714173291095
5513913914.0,0.0049891128,0.0178315709,0.01851637565218557,-4.985203854124585
5514614615.0,0.0045964903,0.0174591856,0.018054109916948037,-4.969818099822539
5515315315.0,0.004227823,0.0171271242,0.017641226450605826,-4.954400328597512
5516016016.0,0.0038782627,0.0168087867,0.017250398021388034,-4.939148962315305
5516716717.0,0.0035308767,0.0165191917,0.016892329167167916,-4.9229642427892095
5517417417.0,0.0032094721,0.0162566327,0.016570419967622655,-4.907307735355866
5518118118.0,0.0028822026,0.0160109755,0.016268325921527608,-4.890495652017681
5518818819.0,0.0025807251,0.0157825767,0.015992181506384703,-4.874471900597279
5519519520.0,0.0022638338,0.0155752747,0.015738936604945155,-4.856726142047888
5520220220.0,0.0019920851,0.0153876524,0.015516064237714015,-4.841132897886372
5520920921.0,0.0017140991,0.0152142239,0.015310478261764132,-4.824580135417197
5521621622.0,0.0014523243,0.0150528364,0.01512273551833581,-4.80857303715248
5522322322.0,0.0011905058,0.0149239666,0.014971375459113609,-4.791991821752569
5523023023.0,0.0009354449,0.0147997351,0.01482926890278506,-4.775511876624961
5523723724.0,0.0006947095,0.0146909725,0.014707389104975311,-4.759641969489143
5524424424.0,0.000472118,0.0146014815,0.014609112135950158,-4.744711287977583
5525125125.0,0.0002385859,0.0145244199,0.014526379337715053,-4.72881403872229
5525825826.0,1.70663e-05,0.0144755467,0.014475556760362503,-4.713567954308537
5526526527.0,-0.0001844654,0.0144258663,0.014427045643140969,-4.69960254918316
5527227227.0,-0.0003994122,0.014397751,0.014403290039553804,-4.6846548024907
5527927928.0,-0.0005815558,0.0144023368,0.014414073416253571,-4.6720316380855
5528628629.0,-0.0007780627,0.0144112816,0.014432270054278705,-4.6584515132809345
5529329329.0,-0.0009606021,0.0144408854,0.014472799574735276,-4.645967221587803
5530030030.0,-0.0011474671,0.0144903154,0.01453567752590362,-4.633365333893577
5530730731.0,-0.0013160672,0.0145606467,0.01462000222972407,-4.622248698334036
5531431431.0,-0.0014577816,0.0146427318,0.014715118815695297,-4.613159288924803
5532132132.0,-0.0016097521,0.0147734528,0.014860895311430002,-4.603854681961277
5532832833.0,-0.0017261331,0.0149400172,0.01503940322669791,-4.597361444695837
5533533534.0,-0.0018464824,0.0150870965,0.01519967032714269,-4.59060643755044
5534234234.0,-0.0019304188,0.0152821877,0.015403628716683115,-4.586736254069741
5534934935.0,-0.0020161168,0.0155450106,0.015675205947781184,-4.583413498457998
5535635636.0,-0.002071802,0.0157969021,0.015932183763821845,-4.581980872179425
5536336336.0,-0.0020862839,0.0161091886,0.016243723029581894,-4.583596908055279
5537037037.0,-0.0020394323,0.0164760161,0.01660175866086911,-4.589233541673462
5537737738.0,-0.0019479643,0.0168730516,0.016985123938621616,-4.597449575676752
5538438438.0,-0.0017854219,0.0173114707,0.01740329707721954,-4.609617148031741
5539139139.0,-0.0015361992,0.0177971015,0.01786327880830904,-4.626285020292788
5539839840.0,-0.0011694632,0.0183128014,0.018350104612562736,-4.64861515883417
5540540541.0,-0.0006599944,0.0188515276,0.018863077306250777,-4.677393145647866
5541241241.0,-2.1799e-06,0.0193811663,0.01938116642259231,-4.712276505213843
5541941942.0,0.0008542229,0.0198702142,0.01988856729673523,-4.755352646001971
5542642643.0,0.001922221,0.0202648253,0.02035578733462209,-4.806961070051786
5543343343.0,0.0031932944,0.0204823803,0.020729810222934974,-4.867048397613468
5544044044.0,0.0046884686,0.0204495794,0.02098015813691809,-4.9377636341662345
5544744745.0,0.0062595736,0.0200346321,0.02098972951317304,-5.015217055275403
5545445445.0,0.0078280399,0.0192244998,0.02075715783136487,-5.0990789312881155
5546146146.0,0.0092574143,0.0179795001,0.020222812449502282,-5.187875287700479
5546846847.0,0.0103754848,0.0163961719,0.01940322493322645,-5.276577075500975
5547547548.0,0.0110681065,0.0145839122,0.018308289831457526,-5.361578137734402
5548248248.0,0.0113198305,0.0127251782,0.017031404016418773,-5.439407013112536
5548948949.0,0.0111900444,0.0109672948,0.01566839650072969,-5.507839889484971
5549649650.0,0.0107401103,0.0094091696,0.014278740904496105,-5.563745335254617
5550350350.0,0.0100746144,0.0080673045,0.012906558689457372,-5.60798376666782
5551051051.0,0.0092824664,0.0069525456,0.011597502868600996,-5.640326005557669
5551751752.0,0.0084603827,0.0060697968,0.010412516920694512,-5.660851860446951
5552452452.0,0.0076451021,0.0053688839,0.009341975190028263,-5.670941151996931
5553153153.0,0.0068298729,0.0048164329,0.008357343460116786,-5.668977290302582
5553853854.0,0.0060510737,0.0043931856,0.007477671605445044,-5.655210475909499
5554554555.0,0.0053516561,0.0040357832,0.0067028179932077415,-5.637053525681809
5555255255.0,0.0046967272,0.0037887722,0.006034404790425703,-5.604382343303578
5555955956.0,0.0040638868,0.0035889285,0.005421769425319237,-5.559770853751443
5556656657.0,0.0034983463,0.0034404661,0.004906651997031468,-5.50612846420821
5557357357.0,0.0029571116,0.0033169939,0.004443754892823384,-5.440489990120647
5558058058.0,0.0024751239,0.0032095239,0.004053058349570411,-5.369308699872109
5558758759.0,0.0020185712,0.0031298427,0.0037243180605599103,-5.285201212566126
5559459459.0,0.0016023321,0.0030605889,0.0034546595452364937,-5.194688548631679
5560160160.0,0.0012020458,0.0030004535,0.0032322802030393173,-5.093430908846721
5560860861.0,0.0008292293,0.0029732467,0.003086716244010677,-4.984374490348958
5561561562.0,0.0004881465,0.0029104512,0.0029511037245484426,-4.87856422699957
5562262262.0,0.0001401727,0.0028840023,0.002887406734810768,-4.760954295109968
5562962963.0,-0.0001775752,0.0028496131,0.0028551405869670678,-4.65015390745376
5563663664.0,-0.0004736733,0.0028182182,0.002857747402753457,-4.545869906084041
5564364364.0,-0.0007719246,0.0027820704,0.0028871756612027124,-4.44173338153477
5565065065.0,-0.0010441041,0.0027455575,0.002937386484179952,-4.348989847572302
5565765766.0,-0.0013118807,0.0027209429,0.003020688867806961,-4.263129608479702
5566466466.0,-0.0015645991,0.0026842618,0.003106965039175699,-4.184653787470826
5567167167.0,-0.0018248623,0.0026542117,0.0032210188081379125,-4.110078160000951
5567867868.0,-0.0020663946,0.0026215852,0.0033380676451756036,-4.044870303312559
5568568569.0,-0.002312518,0.0025782911,0.003463426698612692,-3.9812787577941746
5569269269.0,-0.0025468355,0.002522025,0.0035842685675999855,-3.922096166233628
5569969970.0,-0.0027823909,0.0024906086,0.003734277750622839,-3.8717120263548135
5570670671.0,-0.0030126961,0.002437907,0.0038755294259757867,-3.8219249134610087
5571371371.0,-0.0032384857,0.002396336,0.004028674205492484,-3.7786343666528888
5572072072.0,-0.0034747131,0.0023519311,0.0041958564115635345,-3.736626281508355
5572772773.0,-0.0036927439,0.002293263,0.0043468854020040845,-3.697323884315293
5573473473.0,-0.0039243679,0.0022227583,0.004510135017354725,-3.6569390779771367
5574174174.0,-0.0041587228,0.0021543355,0.0046836029692748395,-3.6195585482101005
5574874875.0,-0.0043910133,0.002092462,0.004864092415057601,-3.5862908995826728
5575575576.0,-0.0046279767,0.0020303531,0.005053761178213954,-3.555020686036492
5576276276.0,-0.0048684501,0.001944365,0.005242362218448379,-3.521565035839065
5576976977.0,-0.005112994,0.0018656432,0.005442732052355898,-3.4914640200030567
5577677678.0,-0.0053626869,0.0017868153,0.005652532149731278,-3.4632178364880124
5578378378.0,-0.0056095597,0.0016877955,0.005857970098735938,-3.4338551496427603
5579079079.0,-0.0058813374,0.0015967211,0.006094230704840765,-3.4066922207812826
5579779780.0,-0.0061486554,0.0014970077,0.006328269532961476,-3.380415220864731
5580480480.0,-0.0064308314,0.0014070699,0.006582965760104785,-3.35699866152663
5581181181.0,-0.0067247732,0.0013002983,0.0068493321032361346,-3.332594970756232
5581881882.0,-0.0070348082,0.0011843468,0.0071338071009424886,-3.3083838128328664
5582582583.0,-0.0073399654,0.0010551414,0.007415417415573523,-3.284367451622144
5583283283.0,-0.0076785487,0.0009371442,0.007735525152817056,-3.263039077048874
5583983984.0,-0.0080309866,0.0008106437,0.008071795895445402,-3.2421914084499117
5584684685.0,-0.0083876195,0.0006804367,0.00841517409086034,-3.2225393267331475
5585385385.0,-0.0087761444,0.0005320316,0.008792256146919851,-3.202141028304717
5586086086.0,-0.0092013777,0.0003955271,0.009209874769229586,-3.1845518461025626
5586786787.0,-0.009633081,0.0002317267,0.009635867725122316,-3.1656433201106813
5587487487.0,-0.0101031822,7.80693e-05,0.010103483824008396,-3.1493196988594154
5588188188.0,-0.0106031635,-7.61458e-05,0.010603436914066584,-3.134411354251885
5588888889.0,-0.0111368943,-0.0002457169,0.011139604635906882,-3.119532909269644
5589589590.0,-0.0117164735,-0.0004092578,0.011723619032664917,-3.1066767315928194
5590290290.0,-0.0123426135,-0.0005811261,0.012356286479136176,-3.094544493423833
5590990991.0,-0.0130222891,-0.0007468496,0.01304368804169277,-3.0843037731141822
5591691692.0,-0.0137573077,-0.0009000654,0.013786719438530562,-3.0762612309312036
5592392392.0,-0.0145785213,-0.0010458546,0.014615987655266229,-3.0699759292528572
5593093093.0,-0.0154553812,-0.0011676238,0.015499424291748384,-3.0661878509293667
5593793794.0,-0.0164287746,-0.0012951044,0.016479743027866197,-3.0629238773309684
5594494494.0,-0.0175035215,-0.0013587011,0.01755617650800149,-3.064123559828729
5595195195.0,-0.0186942456,-0.0014023012,0.01874676684680963,-3.066720423580935
5595895896.0,-0.0200114932,-0.0013503021,0.02005699817656946,-3.0742184534946952
5596596597.0,-0.0214604646,-0.0011960068,0.021493765912782695,-3.0859195405285873
5597297297.0,-0.0230541069,-0.0009335118,0.023072999138329782,-3.101122549756943
5597997998.0,-0.0248141112,-0.000476323,0.024818682443802177,-3.1223993605059075
5598698699.0,-0.0267385331,0.0002013071,0.026739290882301012,-3.1491212377458075
5599399399.0,-0.0287703495,0.0011953341,0.028795170323559,-3.1831162027083777
5600100100.0,-0.0309010737,0.0025659447,0.031007425369035235,-3.2244399821064107
5600800801.0,-0.0330734837,0.0044144944,0.033366796143198964,-3.2742837070595745
5601501502.0,-0.0351482049,0.0068127489,0.03580237220166892,-3.3330477849107183
5602202202.0,-0.0369474487,0.0097996336,0.03822494975972344,-3.400854842157499
5602902903.0,-0.0382468767,0.0133822263,0.04052045851232948,-3.478170093961487
5603603604.0,-0.0388030316,0.0174006136,0.04252595225279622,-3.5631438502230806
5604304304.0,-0.0384606069,0.0216446853,0.044132875329535956,-3.6541913320949773
5605005005.0,-0.0371147942,0.0257849628,0.04519261283778288,-3.748776609186104
5605705706.0,-0.0348910406,0.029438981,0.04565126850887288,-3.842441461185656
5606406406.0,-0.0319704039,0.0323944382,0.04551380397003479,-3.9335787017975337
5607107107.0,-0.0286891354,0.0344912052,0.044863233567678115,-4.01856742796436
5607807808.0,-0.0253446976,0.035742605,0.043816520955245526,-4.0955888489078
5608508509.0,-0.0221711834,0.0362869479,0.042524157384406215,-4.163923325618967
5609209209.0,-0.0192929305,0.0362473807,0.04106202351186023,-4.223269824005341
5609909910.0,-0.0167784744,0.035817508,0.039552636859272974,-4.2743038368929245
5610610611.0,-0.014633939,0.035120516,0.03804737592478589,-4.317588382623017
5611311311.0,-0.0128707358,0.0342698737,0.0366071042756369,-4.353118694777103
5612012012.0,-0.0114007755,0.0333558276,0.03525037470555912,-4.383044491706427
5612712713.0,-0.0102195062,0.0324441728,0.03401562369923706,-4.407239602600797
5613413413.0,-0.0092685467,0.0315144539,0.03284915162595994,-4.426349522413145
5614114114.0,-0.0085049888,0.0306364115,0.03179503961446593,-4.441597453533154
5614814815.0,-0.0079015424,0.0298241632,0.030853121120548437,-4.453401550660134
5615515516.0,-0.0074291228,0.0290401592,0.029975368420401848,-4.461937976742607
5616216216.0,-0.0070508709,0.0283148986,0.029179586412023537,-4.46833637940772
5616916917.0,-0.0067863949,0.027667027,0.028487182008009763,-4.471849857346077
5617617618.0,-0.0065717047,0.0270698272,0.027856109694317725,-4.474227812769177
5618318318.0,-0.0064358723,0.0265291226,0.027298622642685438,-4.474390363008569
5619019019.0,-0.0063436906,0.0260379007,0.02679952766918829,-4.473411752415009
5619719720.0,-0.0063106589,0.0256016084,0.026367911718964392,-4.470712203715446
5620420420.0,-0.0062943381,0.0251926293,0.025967041863953818,-4.46755300553638
5621121121.0,-0.0063186132,0.0248314755,0.02562278377300785,-4.463217248615862
5621821822.0,-0.0063849829,0.024498271,0.02531666029757348,-4.457430959985844
5622522523.0,-0.0064631492,0.0242352803,0.025082286753823475,-4.451770879634055
5623223223.0,-0.006555153,0.0239933067,0.02487265159273683,-4.445689940605189
5623923924.0,-0.0066854246,0.0237720271,0.024694213381385922,-4.438239384265383
5624624625.0,-0.006810669,0.0235772785,0.024541256563063822,-4.4311781052640224
5625325325.0,-0.0069699552,0.0234261979,0.024441092928508157,-4.423201404546562
5626026026.0,-0.0071236397,0.0232876641,0.02435285490060344,-4.415530398211791
5626726727.0,-0.0072978393,0.0231712195,0.024293288611585806,-4.407271141274448
5627427427.0,-0.0075097772,0.0231034021,0.024293290065117244,-4.398111218716403
5628128128.0,-0.0076992823,0.0230425812,0.02429484505597199,-4.389919073783276
5628828829.0,-0.007919317,0.0229919727,0.024317614816918916,-4.380677432110814
5629529530.0,-0.0081501702,0.0229871051,0.024389183569103207,-4.37166291483717
5630230230.0,-0.0083852908,0.0229881734,0.024469761299796777,-4.362621139964713
5630930931.0,-0.0086381355,0.0230216347,0.02458888060031616,-4.353427056933652
5631631632.0,-0.0089018528,0.0230693899,0.024727307448064173,-4.3441201281583774
5632332332.0,-0.0091717011,0.0231467932,0.02489767331521778,-4.335127590690517
5633033033.0,-0.0094632284,0.0232417857,0.025094487328401253,-4.325721670189273
5633733734.0,-0.0097572082,0.0233322772,0.025290280172346594,-4.3163048357466725
5634434434.0,-0.0100684728,0.0234959774,0.025562376620839673,-4.307541485867354
5635135135.0,-0.01038912,0.0236401093,0.025822249748818294,-4.298326186057187
5635835836.0,-0.0107292434,0.0238244974,0.02612897511000097,-4.289248184877136
5636536537.0,-0.011105001,0.0240180926,0.026461100116060475,-4.279304295575204
5637237237.0,-0.0114730949,0.0242610359,0.0268370968907871,-4.2706537307255115
5637937938.0,-0.0118366606,0.0245254811,0.027232439430687247,-4.26273607552496
5638638639.0,-0.0122520381,0.0247880317,0.02765065918136594,-4.253333999924781
5639339339.0,-0.0126652991,0.0251073945,0.028121007447655413,-4.245191714103129
5640040040.0,-0.0131224479,0.0254487832,0.028632834390762234,-4.236306641776677
5640740741.0,-0.0135690436,0.0258322054,0.02917913261299057,-4.228725454512286
5641441441.0,-0.0140622595,0.0262437075,0.02977380267266673,-4.220487123681346
5642142142.0,-0.0145721307,0.0267056407,0.0304226599483901,-4.21288592526421
5642842843.0,-0.0150903041,0.027200597,0.031106104786470547,-4.205884524337549
5643543544.0,-0.0156546905,0.0277556612,0.03186606444636638,-4.1988471837849435
5644244244.0,-0.0162319875,0.0283474116,0.03266577968792373,-4.192353337780164
5644944945.0,-0.0168335586,0.0290100939,0.03354033755385373,-4.186606491167316
5645645646.0,-0.0174640028,0.0297351502,0.03448435226613613,-4.181346325741425
5646346346.0,-0.0181261067,0.0305267207,0.035502625547916784,-4.176556761476538
5647047047.0,-0.018829712,0.0314051461,0.03661749930791683,-4.172282705600037
5647747748.0,-0.0195523833,0.0323720096,0.037818549658237964,-4.169040521016272
5648448448.0,-0.0203046695,0.0334409448,0.039122581620093494,-4.1667068609332
5649149149.0,-0.0210771415,0.0346426082,0.040550662099523474,-4.165803700669145
5649849850.0,-0.0218890257,0.0359518657,0.04209116407758399,-4.165492959498549
5650550551.0,-0.0227185589,0.0374243775,0.043780326058119705,-4.166800008018855
5651251251.0,-0.0235555011,0.0390570399,0.045610459302908725,-4.16968942421366
5651951952.0,-0.0244049532,0.0408977467,0.04762591128610088,-4.174376625089847
5652652653.0,-0.0252431939,0.0429664582,0.049833075045850266,-4.181204445425518
5653353353.0,-0.0260498642,0.0452960776,0.05225256042323346,-4.190478058526503
5654054054.0,-0.0267976369,0.0479173757,0.05490162326743347,-4.202474262466473
5654754755.0,-0.0274446841,0.050867757,0.0577991296436187,-4.21761962996403
5655455455.0,-0.0279384906,0.0542320426,0.0610055218941245,-4.236682516511632
5656156156.0,-0.0282010272,0.0579908069,0.06448435174558419,-4.259759953039081
5656856857.0,-0.0281208594,0.0622011828,0.0682625070966016,-4.28779400800584
5657557558.0,-0.0275494595,0.0669229838,0.07237166903863143,-4.321872182283323
5658258258.0,-0.0263557679,0.0721332644,0.07679735890379939,-4.362082316395983
5658958959.0,-0.0242765471,0.0777639886,0.08146526046161914,-4.409793499453029
5659659660.0,-0.0210876028,0.0836759938,0.08629228777977906,-4.465514778875359
5660360360.0,-0.0165290153,0.0896235222,0.0911349772497998,-4.53001111501098
5661061061.0,-0.0104542405,0.095212944,0.09578515464088877,-4.6030285275039695
5661761762.0,-0.0027825456,0.0999126257,0.09995136484453016,-4.684546387676122
5662462462.0,0.0063254957,0.1031152193,0.103309052590457,-4.77365616439825
5663163163.0,0.0163491042,0.1042887928,0.10556251944617365,-4.867890950994291
5663863864.0,0.0265929073,0.1031179266,0.10649173444427217,-4.964778040387863
5664564565.0,0.0362086008,0.0996302394,0.106005883680082,-5.060977557460791
5665265265.0,0.0445072366,0.0942175189,0.10420093558812338,-5.153704100808429
5665965966.0,0.0510011153,0.0875363592,0.10131005845341971,-5.239936849657901
5666666667.0,0.0556225049,0.0802613149,0.09765112247602425,-5.318413391215656
5667367367.0,0.0584735175,0.0729648098,0.09350409465885963,-5.387978983563158
5668068068.0,0.0598592927,0.066093199,0.08917088020535557,-5.4483333905965905
5668768769.0,0.0601373549,0.05984398,0.08483986914540212,-5.500232310070412
5669469469.0,0.0595602754,0.0543286209,0.08061653338254977,-5.543691349075752
5670170170.0,0.0584807574,0.0495398275,0.07664328734342891,-5.580369509014797
5670870871.0,0.0570539608,0.0454600836,0.07295048761925396,-5.610404125519548
5671571572.0,0.0554152901,0.041986906,0.06952520875423528,-5.634788821507849
5672272272.0,0.0536717336,0.0390652507,0.06638334730851722,-5.6540081539292935
5672972973.0,0.0519237148,0.0365994899,0.0635263317024676,-5.669198088044092
5673673674.0,0.050180482,0.0345248164,0.060910128231731975,-5.680549796616729
5674374374.0,0.0485059078,0.0328168555,0.05856423052008778,-5.688368974715439
5675075075.0,0.0468811997,0.0313585863,0.05640219694343322,-5.693641800490433
5675775776.0,0.0453406804,0.0301717451,0.0544620188894455,-5.696028704756467
5676476476.0,0.0439041261,0.0291531367,0.052701780501740056,-5.697018532404521
5677177177.0,0.0425417366,0.0283364778,0.05111511838051118,-5.695584442823813
5677877878.0,0.0412606056,0.0276675405,0.04967826860708706,-5.692495022309176
5678578579.0,0.0400453831,0.027123971,0.04836675005036628,-5.687836140412374
5679279279.0,0.0389354463,0.0266930279,0.04720685031910477,-5.682208756083894
5679979980.0,0.0378746534,0.0263737176,0.04615259852071908,-5.674918496295686
5680680681.0,0.0368870833,0.026121332,0.04519934623238883,-5.667015084165858
5681381381.0,0.0359582776,0.0259418976,0.04433937053057415,-5.658211648550728
5682082082.0,0.0350936763,0.0258216774,0.04356977323786357,-5.64883892658002
5682782783.0,0.0342946702,0.0257910599,0.042910408701061754,-5.63837808600864
5683483483.0,0.0335377648,0.0257977567,0.0423120067892379,-5.62749949536033
5684184184.0,0.0328366176,0.0258580856,0.04179574196381202,-5.616127038354881
5684884885.0,0.0321878664,0.0259630834,0.04135384435599192,-5.604426316760093
5685585586.0,0.0315566466,0.02612486,0.04096742919267563,-5.5916788596241105
5686286286.0,0.0309880411,0.0263215018,0.040658088349339455,-5.579034808934105
5686986987.0,0.0304471916,0.0265580893,0.04040251952037008,-5.565905134844532
5687687688.0,0.0299542787,0.026803713,0.04019574409093135,-5.553238996646456
5688388388.0,0.0294731471,0.027121298,0.04005285514395999,-5.53931942988095
5689089089.0,0.0290284053,0.0274466441,0.039949550518286595,-5.525787965454769
5689789790.0,0.0286383257,0.0278277249,0.03993164123861378,-5.512141700457637
5690490490.0,0.0282711078,0.0282427218,0.03996131718188749,-5.498289427874612
5691191191.0,0.027923203,0.0286973718,0.04004053463687322,-5.484115072016272
5691891892.0,0.0276058561,0.0291726986,0.04016378511321299,-5.4701984712285965
5692592593.0,0.0273214324,0.0296809075,0.04034125603413119,-5.456418158680655
5693293293.0,0.0270561166,0.0302349614,0.040573221912146504,-5.442358118749061
5693993994.0,0.0268256653,0.0308422857,0.0408761899641839,-5.428248622335732
5694694695.0,0.0266269604,0.0314558891,0.04121247358767327,-5.414839272719124
5695395395.0,0.026444062,0.0321238498,0.04160805380010947,-5.401111645696434
5696096096.0,0.0262987349,0.0328385859,0.04207132255173537,-5.387647135532646
5696796797.0,0.0261842009,0.0336018574,0.042599262875095564,-5.37434794204646
5697497497.0,0.0260888772,0.0343936944,0.04316892085791897,-5.361331186020779
5698198198.0,0.0260369986,0.0352462838,0.04382038130603777,-5.348629216811865
5698898899.0,0.0260049035,0.0361581541,0.04453837798981524,-5.335884217032365
5699599600.0,0.0260286443,0.037112526,0.04533023174655738,-5.32401633215159
5700300300.0,0.026067431,0.0381286758,0.04618773513825143,-5.3120709172085565
5701001001.0,0.0261520222,0.0392055448,0.04712751858748877,-5.30065627801933
5701701702.0,0.0262890167,0.0403640526,0.04817021010280571,-5.289675963393076
5702402402.0,0.0264664458,0.0415831723,0.049291307264220784,-5.279193970763587
5703103103.0,0.0267083499,0.042874125,0.05051263751672897,-5.269511330430429
5703803804.0,0.0269968103,0.0442617055,0.05184521520972708,-5.2600823933070435
5704504505.0,0.0273748516,0.0457196812,0.05328857053019584,-5.251891955144817
5705205205.0,0.0278047417,0.0473022811,0.05486902093410394,-5.243796833954988
5705905906.0,0.0283381963,0.0489691336,0.0565776405930115,-5.236995770850534
5706606607.0,0.0289666634,0.0507516558,0.058436274307749746,-5.231025722963945
5707307307.0,0.0297025415,0.0526638156,0.06046253753449342,-5.225919329909935
5708008008.0,0.0305932796,0.0546921933,0.06266725432511257,-5.222399071629246
5708708709.0,0.0316357175,0.0568554538,0.06506428550705633,-5.22015057365678
5709409409.0,0.0328632355,0.0591849328,0.06769673934591662,-5.219264315719653
5710110110.0,0.0342826351,0.0616651303,0.07055414491237018,-5.219787683825925
5710810811.0,0.0359606038,0.0643043745,0.0736764386048676,-5.222287006836324
5711511512.0,0.0379556309,0.0671019944,0.07709285031359696,-5.227161185726629
5712212212.0,0.04029845,0.0700735921,0.08083485252166718,-5.2342890495634355
5712912913.0,0.0430477086,0.0731887139,0.08490991142408856,-5.244067610567361
5713613614.0,0.0463310701,0.0764572573,0.08939955397231866,-5.257189170873033
5714314314.0,0.0502090173,0.0798470616,0.09432125245344176,-5.2737268495741825
5715015015.0,0.0547677926,0.0832443915,0.0996450692331632,-5.2943087331782825
5715715716.0,0.060159916,0.0866239985,0.10546531472126303,-5.31941061193698
5716416416.0,0.066512098,0.0898299885,0.1117733689850661,-5.349731922373444
5717117117.0,0.0739747391,0.0926758591,0.11857941172411052,-5.386037120901324
5717817818.0,0.082621317,0.0948529054,0.1257909205214583,-5.428975591922623
5718518519.0,0.0925286373,0.0960079052,0.133338166259654,-5.4793351610724645
5719219219.0,0.1036318307,0.0957008768,0.14106102989317157,-5.537553687600178
5719919920.0,0.1156953392,0.0933665728,0.1486698638898306,-5.604188350896462
5720620621.0,0.1282287691,0.0885501114,0.1558324082270871,-5.6788206601536295
5721321321.0,0.1405131656,0.0808337106,0.16210502298293403,-5.7611443860866
5722022022.0,0.1515627571,0.0701731521,0.16701958153283505,-5.849575521196435
5722722723.0,0.160388699,0.0568985895,0.1701822089820264,-5.942281276768739
5723423423.0,0.1661166537,0.0418484112,0.17130683628054666,-6.036398683494592
5724124124.0,0.1683221593,0.0261144118,0.17033587941204448,-6.129267003674852
5724824825.0,0.1671184592,0.0108771946,0.16747206563408817,-6.218190249479126
5725525526.0,0.1630513777,-0.0029033833,0.16307722527825513,-6.300989980390258
5726226226.0,0.1568830185,-0.0146827225,0.1575686004052944,-6.3765037377784495
5726926927.0,0.1494276064,-0.024190795,0.15137306271977635,-6.443682585638443
5727627628.0,0.1414329838,-0.0315751128,0.14491472200885522,-6.502834792736565
5728328328.0,0.1333694656,-0.0370023134,0.13840731754998142,-6.553820559640872
5729029029.0,0.1255934693,-0.0408711105,0.13207636883376697,-6.597800517653156
5729729730.0,0.1183411365,-0.0434476621,0.12606476085753468,-6.6350465101833835
5730430430.0,0.111682588,-0.0450230035,0.12041624187184533,-6.666390139237857
5731131131.0,0.1056642956,-0.0458171051,0.11517009370660695,-6.6923261193325825
5731831832.0,0.100261151,-0.0460488938,0.11033040841059405,-6.713737474154614
5732532533.0,0.0954551064,-0.0458576272,0.10589900523729909,-6.731038790505884
5733233233.0,0.0911767333,-0.0453546795,0.10183439324612804,-6.7447804044381225
5733933934.0,0.0873853551,-0.0446822809,0.09814635251694075,-6.755851490183005
5734634635.0,0.0840413042,-0.0438134815,0.09477637877017553,-6.763753080273121
5735335335.0,0.0810609334,-0.0428633181,0.09169590482797485,-6.76959015754409
5736036036.0,0.0784508805,-0.0418360216,0.08890890481015357,-6.773098490432207
5736736737.0,0.0761455622,-0.0407805658,0.08637824488678963,-6.774875089451014
5737437437.0,0.0741084943,-0.0397148467,0.0840793552295546,-6.775139869881665
5738138138.0,0.0723362593,-0.0386300811,0.08200498506377166,-6.773688613252658
5738838839.0,0.0707557485,-0.0375669544,0.08011024908641173,-6.771276327858871
5739539540.0,0.0694008323,-0.0365112741,0.07841905801741089,-6.767488555389236
5740240240.0,0.068205026,-0.0354912742,0.07688664458799241,-6.762989165757686
5740940941.0,0.0672039574,-0.0344690137,0.07552803979762618,-6.757100802233697
5741641642.0,0.0663075582,-0.0334928907,0.07428637830644683,-6.750915918818077
5742342342.0,0.065575523,-0.0325373785,0.07320403142160813,-6.743773662361438
5743043043.0,0.0649549974,-0.0316213987,0.07224309339292144,-6.736233516013763
5743743744.0,0.064480385,-0.0307140031,0.07142177564423216,-6.7277190197774175
5744444444.0,0.064075673,-0.0298539571,0.07068911249217641,-6.719196838814154
5745145145.0,0.0637920403,-0.0290237513,0.07008425318972213,-6.7101683171879705
5745845846.0,0.0636111824,-0.0282153502,0.06958799115677007,-6.700670497914807
5746546547.0,0.0635070915,-0.0274415839,0.0691823040793678,-6.691056566709195
5747247247.0,0.0635123086,-0.0266760876,0.06888705969443396,-6.680825585022441
5747947948.0,0.0635783422,-0.0259460029,0.06866877502465811,-6.670650586060723
5748648649.0,0.0637563149,-0.0252282068,0.06856624612716908,-6.659977035378541
5749349349.0,0.0640065243,-0.02456162,0.06855733607711789,-6.64959302225853
5750050050.0,0.0643415464,-0.0238925288,0.06863444853426144,-6.638742521932817
5750750751.0,0.0647645706,-0.0232646402,0.0688163722426418,-6.628048991153609
5751451451.0,0.0652617977,-0.0226672242,0.0690862163674404,-6.61747739703876
5752152152.0,0.0658574091,-0.0220728889,0.06945797835926774,-6.6065805932256225
5752852853.0,0.0665133282,-0.0215200838,0.06990805987151938,-6.596101041254828
5753553554.0,0.0672686949,-0.0209647564,0.07045990579372517,-6.585301947353082
5754254254.0,0.0681134827,-0.0204533166,0.07111810378140741,-6.574901656204764
5754954955.0,0.0690594098,-0.0199547582,0.0718845912330647,-6.5644744698169735
5755655656.0,0.070092011,-0.0194928036,0.0727520405089252,-6.554434124763211
5756356356.0,0.0712445092,-0.0190748697,0.07375385240935461,-6.544787734911807
5757057057.0,0.0724841201,-0.0186817336,0.07485288796681522,-6.5354311201894335
5757757758.0,0.0738363043,-0.0183095497,0.07607259324420963,-6.526257081465059
5758458458.0,0.0753457922,-0.0179717346,0.07745948390467379,-6.517333641648504
5759159159.0,0.0769568173,-0.0176966504,0.07896532887492712,-6.509211516923997
5759859860.0,0.0787203687,-0.0174662003,0.08063476050180629,-6.5015247810166725
5760560561.0,0.0806203743,-0.0172773052,0.0824508946418779,-6.494296556194488
5761261261.0,0.0826843742,-0.0171641247,0.08444710127389084,-6.48786441519802
5761961962.0,0.0849060817,-0.0171366012,0.08661816097294445,-6.482339937735642
5762662663.0,0.0873263648,-0.017176063,0.08899950072535603,-6.47739439771674
5763363363.0,0.0899426875,-0.0173508544,0.09160097806864649,-6.473754470687997
5764064064.0,0.0927903956,-0.017633286,0.09445099412267875,-6.470979610804723
5764764765.0,0.095855561,-0.018075027,0.09754483674534214,-6.469562121688649
5765465465.0,0.0991780218,-0.0186874863,0.1009232488199521,-6.469425402387466
5766166166.0,0.1027811117,-0.0195060818,0.10461569743339748,-6.470737562682687
5766866867.0,0.1066959652,-0.0205888123,0.10866429119947474,-6.473809420144072
5767567568.0,0.1108943666,-0.0219837356,0.11305240012731221,-6.478888303506036
5768268268.0,0.115436117,-0.0237478265,0.11785353779803046,-6.4860773324554835
5768968969.0,0.1203226078,-0.0259727991,0.12309393259166587,-6.4957830148277855
5769669670.0,0.1255485762,-0.0287443591,0.12879706194598137,-6.508256316216756
5770370370.0,0.1311620706,-0.0322071678,0.13505847038144903,-6.523973680452728
5771071071.0,0.1370565065,-0.0364466537,0.14181976075255617,-6.543094477388584
5771771772.0,0.1432419581,-0.0417057211,0.149189898226365,-6.5665084996875756
5772472472.0,0.1495807576,-0.0481096244,0.1571271427987508,-6.59436593351105
5773173173.0,0.1558815834,-0.0558553102,0.16558648411277227,-6.627251823711179
5773873874.0,0.1620072955,-0.0652328703,0.17464733368362925,-6.665977438344091
5774574575.0,0.1675102477,-0.0763725115,0.1840990048787146,-6.710957513807278
5775275275.0,0.1719777388,-0.0894352093,0.19384271795787386,-6.762735654638572
5775975976.0,0.1747333792,-0.1044186907,0.20355593033403194,-6.8218298970773965
5776676677.0,0.1751481416,-0.1210985907,0.21293600018658135,-6.8881206126318055
5777377377.0,0.1724920361,-0.1390126064,0.22153556657125062,-6.961517950212087
5778078078.0,0.1661206926,-0.1573043007,0.22878095971609988,-7.041330755731248
5778778779.0,0.1558162424,-0.1748577845,0.2342091932352443,-7.126103975917273
5779479479.0,0.1417247301,-0.1903861732,0.2373453055521812,-7.2140699017114125
5780180180.0,0.1245778896,-0.2027546654,0.2379687057548865,-7.30302171105483
5780880881.0,0.1055282895,-0.211199006,0.236095828044851,-7.390603810730022
5781581582.0,0.0858886597,-0.215443427,0.23193260250030984,-7.474631030494373
5782282282.0,0.0668940639,-0.2157855101,0.225916360970547,-7.5533736141826955
5782982983.0,0.0494530007,-0.2128972626,0.21856542201548615,-7.625743422169759
5783683684.0,0.0340760244,-0.2075700712,0.21034854384302845,-7.691266662920085
5784384384.0,0.0210770145,-0.2006096375,0.20171382500491783,-7.74930086832574
5785085085.0,0.0102769937,-0.19272946,0.19300326772208143,-7.800708668887234
5785785786.0,0.0015952307,-0.1844453199,0.18445221818671512,-7.845333049519729
5786486486.0,-0.0052797052,-0.176161299,0.17624039988710394,-7.883943522571039
5787187187.0,-0.0106440277,-0.1681502662,0.1684868165430436,-7.917197977488712
5787887888.0,-0.0147594081,-0.1605229233,0.1612000280156304,-7.9456696330907155
5788588589.0,-0.0178360789,-0.1533957591,0.1544292220416598,-7.9697367526693785
5789289289.0,-0.0200908081,-0.1468038602,0.14817224416108493,-7.989991481103054
5789989990.0,-0.021685374,-0.1407119499,0.1423731305063564,-8.006890470762773
5790690691.0,-0.0227623644,-0.1351635275,0.13706678809734196,-8.020822267613239
5791391391.0,-0.0234290949,-0.1300627158,0.13215609153234206,-8.032207176183515
5792092092.0,-0.0237671299,-0.1254283127,0.12766024475322163,-8.041249140772134
5792792793.0,-0.0238340026,-0.1211981072,0.12351939470706412,-8.04815711098228
5793493493.0,-0.0237024974,-0.1173395533,0.11970956165503467,-8.05329877270579
5794194194.0,-0.0234207139,-0.1138441214,0.11622828320561046,-8.05687700479121
5794894895.0,-0.0230203323,-0.110684658,0.11305321408867325,-8.059039551226718
5795595596.0,-0.0224821949,-0.1077939035,0.1101134629338706,-8.059600460092037
5796296296.0,-0.0218887203,-0.105169737,0.107423412983487,-8.059179797273487
5796996997.0,-0.021232412,-0.1027889912,0.10495900166851542,-8.057679822333379
5797697698.0,-0.0205423665,-0.1006363923,0.1027115975758328,-8.055340021641957
5798398398.0,-0.0198036057,-0.0986965615,0.10066376731795983,-8.05200348540291
5799099099.0,-0.0190384108,-0.0969245392,0.09877665404801833,-8.047937423820938
5799799800.0,-0.0182521257,-0.0953192451,0.09705101019053061,-8.043175639574187
5800500501.0,-0.0174213927,-0.0939036796,0.09550605198639021,-8.037420078615822
5801201201.0,-0.0166147106,-0.0926136653,0.09409218675651117,-8.031491448434268
5801901902.0,-0.0157718833,-0.0914719003,0.09282166151993812,-8.024726039588748
5802602603.0,-0.0149391272,-0.0904707447,0.09169587323358865,-8.01763150278829
5803303303.0,-0.0141071813,-0.089595039,0.09069886205263322,-8.010154380757445
5804004004.0,-0.0132477567,-0.0888188972,0.08980144518551225,-8.002044788060402
5804704705.0,-0.0123952294,-0.0881814892,0.08904839554651359,-7.993631653171631
5805405405.0,-0.0115311824,-0.0876404789,0.0883958240493487,-7.984803875582673
5806106106.0,-0.0106901421,-0.0872060615,0.08785884304075472,-7.975957933584938
5806806807.0,-0.0098314402,-0.0868781704,0.08743268100920623,-7.966665782409873
5807507508.0,-0.0089790874,-0.0866472479,0.08711124829309297,-7.957241133417259
5808208208.0,-0.0081121839,-0.0865168199,0.08689630402517966,-7.947472531447976
5808908909.0,-0.0072299034,-0.0864949476,0.08679658670420212,-7.937375354336138
5809609610.0,-0.00637135,-0.0865609959,0.08679516180077274,-7.9274544617621325
5810310310.0,-0.0055079092,-0.0867262074,0.08690093275531201,-7.917405620885106
5811011011.0,-0.004636187,-0.0869817426,0.08710521095566914,-7.907231935902669
5811711712.0,-0.0037363288,-0.0873546005,0.08743446906921955,-7.896727554749388
5812412412.0,-0.0028505907,-0.0878172573,0.08786351089635179,-7.886430724435188
5813113113.0,-0.0019455346,-0.0883879731,0.0884093823844852,-7.8759893848125895
5813813814.0,-0.0010637937,-0.0890578047,0.08906415797064217,-7.8659260459547955
5814514515.0,-0.0001533535,-0.0898689896,0.08986912044201208,-7.855688044070289
5815215215.0,0.0007599137,-0.0907540981,0.09075727954701965,-7.84560850309869
5815915916.0,0.0016635046,-0.0918003804,0.09181545125488916,-7.835862726963391
5816616617.0,0.0025778225,-0.0929692101,0.0930049417797756,-7.826261035187216
5817317317.0,0.0034861242,-0.0942762214,0.094340653927136,-7.817020706530659
5818018018.0,0.0044100628,-0.0957314064,0.09583293184089645,-7.807947137103988
5818718719.0,0.0053301122,-0.0973437688,0.09748958621438723,-7.799280701750591
5819419419.0,0.0062354611,-0.099143684,0.09933957445158233,-7.79117118812682
5820120120.0,0.0071178132,-0.1011135537,0.10136377068061782,-7.783703311381942
5820820821.0,0.0079966763,-0.1033000838,0.10360914122283807,-7.7767236155787725
5821521522.0,0.0088589058,-0.1056972938,0.10606789395767595,-7.770363136866086
5822222222.0,0.0096762837,-0.108348437,0.10877965925018268,-7.764910843941312
5822922923.0,0.0104336719,-0.111248305,0.11173650645464926,-7.760467933659896
5823623624.0,0.0111304718,-0.1144266242,0.11496668964660425,-7.7570149959214385
5824324324.0,0.0117499188,-0.1179478802,0.11853169633258501,-7.754689644815011
5825025025.0,0.0122473721,-0.1218142889,0.12242842441021824,-7.7537770279263825
5825725726.0,0.0126147753,-0.1260081039,0.12663796746767014,-7.754203254478746
5826426426.0,0.0127648985,-0.1306849508,0.13130688862094678,-7.75661362357137
5827127127.0,0.012683778,-0.1357917435,0.13638282819740571,-7.760845761432714
5827827828.0,0.0122643424,-0.1414132431,0.14194407144563712,-7.767471126670406
5828528529.0,0.0114609109,-0.1475585893,0.1480030058980689,-7.776467018254364
5829229229.0,0.0101085132,-0.1542591572,0.15459000491354183,-7.788545769144632
5829929930.0,0.008094973,-0.1615763718,0.16177902370802763,-7.8039235080500235
5830630631.0,0.0052328592,-0.1694677699,0.1695485412803259,-7.823113245010445
5831331331.0,0.00137251,-0.1779367728,0.17794206612877944,-7.846268316715698
5832032032.0,-0.0038052953,-0.1868806781,0.18691941611142496,-7.874340986022577
5832732733.0,-0.0105621032,-0.1961952933,0.19647939112558466,-7.907764358033134
5833433433.0,-0.0191507071,-0.2055887116,0.20647873478830203,-7.946864181516779
5834134134.0,-0.0298929565,-0.2147080006,0.21677895278361434,-7.992318466937469
5834834835.0,-0.0429993918,-0.2230112492,0.22711883445657782,-8.044456833524297
5835535536.0,-0.0585197921,-0.2298504448,0.23718303700346083,-8.10328446518112
5836236236.0,-0.0763242478,-0.2343493561,0.24646503100180442,-8.168833653103652
5836936937.0,-0.0958981973,-0.2357568807,0.2545147756865675,-8.240308269938854
5837637638.0,-0.1164179178,-0.2333520512,0.2607801974539765,-8.316743981490957
5838338338.0,-0.1367338705,-0.2268122986,0.2648395177048288,-8.396494334535607
5839039039.0,-0.1555468469,-0.2161911696,0.2663333313604364,-8.477667086994618
5839739740.0,-0.1717340219,-0.2021726089,0.2652665415527975,-8.55815199640681
5840440440.0,-0.1844490338,-0.1857219407,0.26175195381721195,-8.63594111100673
5841141141.0,-0.1933938205,-0.1680452585,0.2562037835628468,-8.709397474928796
5841841842.0,-0.1986541099,-0.1502493576,0.24907493820008056,-8.777233800150867
5842542543.0,-0.2006990358,-0.1332237363,0.24089140060363637,-8.838763580353149
5843243243.0,-0.2000875118,-0.1175633317,0.23206927702459748,-8.8935560604618
5843943944.0,-0.1975383354,-0.1035415621,0.22302970437749103,-8.941990210915385
5844644645.0,-0.193596414,-0.091339839,0.21406199499725614,-8.983939333358276
5845345345.0,-0.1887907048,-0.0808666664,0.20538098245341418,-9.020081457889656
5846046046.0,-0.1835047149,-0.0719691378,0.1971130061315226,-9.051020419743022
5846746747.0,-0.1779852595,-0.0644853144,0.18930691580750342,-9.077181523002501
5847447447.0,-0.1725005106,-0.0582656603,0.18207502115187493,-9.099038887829366
5848148148.0,-0.1671121185,-0.0530614574,0.17533390548028654,-9.117326174909762
5848848849.0,-0.1619487214,-0.0488345773,0.16915142418308068,-9.131905752958524
5849549550.0,-0.1570367272,-0.0453317049,0.1634487600406559,-9.14374831112262
5850250250.0,-0.1524384343,-0.0424525448,0.15823935923730045,-9.153170240172582
5850950951.0,-0.1481397703,-0.0401061497,0.15347278191358743,-9.160384156297706
5851651652.0,-0.1441326069,-0.0382515399,0.1491220596575544,-9.165366641781475
5852352352.0,-0.140432062,-0.0367621472,0.1451641123154284,-9.168744387967518
5853053053.0,-0.1370263091,-0.0355915656,0.14157319282769548,-9.170651047535404
5853753754.0,-0.1338788212,-0.0346955315,0.13830154978151568,-9.171200400870573
5854454454.0,-0.1309985822,-0.0340196977,0.13534388929689267,-9.170695461521868
5855155155.0,-0.1283471995,-0.0335546225,0.13266090724328064,-9.16906497893502
5855855856.0,-0.1259379418,-0.0332679078,0.13025789371170365,-9.166516227819896
5856556557.0,-0.1237511042,-0.033109061,0.1281036522157779,-9.163355186092904
5857257257.0,-0.1217689156,-0.0331082082,0.12618962816576673,-9.159301884514754
5857957958.0,-0.1199709487,-0.0331916994,0.1244777789046623,-9.15486496123755
5858658659.0,-0.118334542,-0.0333798705,0.12295234680536413,-9.14984102547407
5859359359.0,-0.1168735433,-0.0336511958,0.12162165967567994,-9.144432620379026
5860060060.0,-0.1156071982,-0.0340152644,0.1205075204618201,-9.138621852977252
5860760761.0,-0.1144414989,-0.0344355318,0.11951009380310733,-9.1324950035655
5861461461.0,-0.1134749648,-0.0349233559,0.11872745438052355,-9.126214771607943
5862162162.0,-0.1126112717,-0.0354572407,0.1180614858112033,-9.119740822112515
5862862863.0,-0.1119027698,-0.0360675405,0.1175716690645792,-9.112979709987037
5863563564.0,-0.1113476037,-0.0367257321,0.11724789229667724,-9.106184102197844
5864264264.0,-0.1108845637,-0.037433198,0.11703260562529812,-9.099203916683717
5864964965.0,-0.1105768882,-0.0381771831,0.11698181702062173,-9.092336877724973
5865665666.0,-0.1103899266,-0.0389855512,0.11707181171025419,-9.085288804013413
5866366366.0,-0.1103230564,-0.039823664,0.11729066880115603,-9.078361125293489
5867067067.0,-0.110384658,-0.0407235634,0.11765704967306796,-9.071344695889387
5867767768.0,-0.1105989833,-0.0416615679,0.11818553780763529,-9.064526178487833
5868468468.0,-0.1109093636,-0.042643205,0.11882478641608842,-9.057715999323273
5869169169.0,-0.1113690293,-0.0436478869,0.11961688308119155,-9.051255383040317
5869869870.0,-0.1119418989,-0.0447230331,0.12054517169510158,-9.044685401701456
5870570571.0,-0.112685616,-0.0458359003,0.12165104935680168,-9.038458383693637
5871271271.0,-0.1135630429,-0.0469954292,0.1229029498360371,-9.032409057379022
5871971972.0,-0.1145955734,-0.0481956507,0.12431800428446073,-9.026664127052081
5872672673.0,-0.1157863857,-0.0494416071,0.12590059422457042,-9.021208522861087
5873373373.0,-0.1171661568,-0.0507329646,0.12767827535014342,-9.01615066760811
5874074074.0,-0.1187247905,-0.0520597976,0.1296371798729896,-9.011535710428081
5874774775.0,-0.1204740608,-0.0534145613,0.13178434916375145,-9.007451365168116
5875475475.0,-0.1224422794,-0.0548373136,0.1341612565069827,-9.003702946459427
5876176176.0,-0.1246433421,-0.0562935303,0.1367659470902558,-9.00056363694905
5876876877.0,-0.1271036651,-0.0577889143,0.13962413938078796,-8.998055788470936
5877577578.0,-0.1298403291,-0.0592764604,0.14273125032153638,-8.996504072155757
5878278278.0,-0.1328822599,-0.0608097011,0.14613526180905995,-8.995604583841146
5878978979.0,-0.1362540189,-0.0623411809,0.1498385147497401,-8.995674419059009
5879679680.0,-0.1400191221,-0.063875091,0.15390055816634646,-8.99678974046291
5880380380.0,-0.144191034,-0.0653658027,0.15831532600668985,-8.999160091231731
5881081081.0,-0.1488102613,-0.0667918454,0.16311236764915094,-9.002889961977012
5881781782.0,-0.1539423696,-0.06814956,0.1683526527449348,-9.008015223699593
5882482482.0,-0.1596340655,-0.0693514605,0.17404786681123488,-9.014938600803157
5883183183.0,-0.1659358689,-0.0703606359,0.1802368765592945,-9.023735076084481
5883883884.0,-0.1729317458,-0.0710923163,0.18697461363066126,-9.034739019269308
5884584585.0,-0.1806997025,-0.0714407667,0.19430945841690864,-9.048281167968828
5885285285.0,-0.1892319162,-0.0712865582,0.20221397451394352,-9.064504314001868
5885985986.0,-0.1986699536,-0.0704437779,0.2107891750262586,-9.084031550687161
5886686687.0,-0.2090020387,-0.0686731433,0.21999511992646253,-9.107314713325234
5887387387.0,-0.2202586463,-0.0657786339,0.22987105069507716,-9.134566872568337
5888088088.0,-0.2323310602,-0.0613896676,0.2403048331217966,-9.166448496604037
5888788789.0,-0.2451627702,-0.0551731834,0.25129437729210746,-9.203418638184534
5889489489.0,-0.2585095681,-0.0467347309,0.26270007969458997,-9.245924467994106
5890190190.0,-0.2719047675,-0.0356525665,0.27423221562622063,-9.294400233638784
5890890891.0,-0.2847386329,-0.021580731,0.2855552783897635,-9.349131216498478
5891591592.0,-0.2963458434,-0.0043436777,0.29637767533405546,-9.410121549114239
5892292292.0,-0.3056701675,0.0160317589,0.3060902948361901,-9.477177850772469
5892992993.0,-0.3116680766,0.0391434379,0.31411653681742807,-9.54971713435355
5893693694.0,-0.3133801428,0.0640850013,0.3198655987957589,-9.626492883947883
5894394394.0,-0.3102328368,0.0896533089,0.32292743585160777,-9.706100869071154
5895095095.0,-0.3020712647,0.1143771594,0.32300028413280146,-9.78673863218053
5895795796.0,-0.289367106,0.1368054509,0.3200766368086986,-9.866409098670331
5896496496.0,-0.2730913853,0.1558065131,0.3144114728336953,-9.94324555812151
5897197197.0,-0.2545068049,0.1707376306,0.306471943647879,-10.015675845384811
5897897898.0,-0.2348628178,0.1814635782,0.29679887701624397,-10.082609708220229
5898598599.0,-0.215284898,0.188310825,0.28602194691850313,-10.14344098340824
5899299299.0,-0.1965975883,0.1917599102,0.27463152565808674,-10.197720003403003
5900000000.0,-0.1793010389,0.1925015729,0.26306979704936356,-10.24566536268486
