Frequenze (Hz),Parte Reale,Parte Immaginaria,Ampiezza,Fase
4840000000.0,-0.0924408575,-0.6819997662,0.6882361464150151,-1.7055191081559244
4841561562.0,0.0464866167,-0.6896633196,0.6912282545830317,-1.503493333951771
4843123123.0,0.184448435,-0.6700458082,0.6949695031153097,-1.3021722833408023
4844684685.0,0.3160116171,-0.6238124275,0.6992891296492458,-1.1018976691140174
4846246246.0,0.4360228374,-0.5526836882,0.7039710036192554,-0.9028485134183948
4847807808.0,0.5399197825,-0.4594437377,0.7089442288689525,-0.7050442541462139
4849369369.0,0.6236650608,-0.3476371773,0.714009604349815,-0.5085145079282053
4850930931.0,0.6840833049,-0.2215762158,0.7190730056476565,-0.31323882615750015
4852492492.0,0.7187619909,-0.0860542147,0.7238951080302763,-0.11915841811142205
4854054054.0,0.726397342,0.053758284,0.7283838627834155,0.07387204984864652
4855615616.0,0.7066972095,0.1924583713,0.7324350965092645,0.2658868799682863
4857177177.0,0.6603439728,0.3247786226,0.7358908316532013,0.4570922809876087
4858738739.0,0.5891054467,0.4456740467,0.73869518966456,0.6476651784560334
4860300300.0,0.4956955157,0.5504693839,0.7407635161752598,0.8377072219401378
4861861862.0,0.3836472611,0.6351882877,0.7420575326622523,1.027448296789214
4863423423.0,0.2572275752,0.6965702205,0.7425470338845145,1.2170522268857575
4864984985.0,0.1212340309,0.7322891701,0.7422567742324815,1.406729602044424
4866546547.0,-0.0191382409,0.7409534428,0.7412005643966545,1.5966197935398836
4868108108.0,-0.1584054614,0.722238479,0.7394056469554317,1.7867033721785144
4869669670.0,-0.2913562621,0.6769121251,0.7369521670856813,1.9772484738098968
4871231231.0,-0.4130468162,0.606707256,0.7339627830183258,2.16852040885957
4872792793.0,-0.5188341218,0.5143052879,0.7305469013731282,2.3605780272539088
4874354354.0,-0.6047083852,0.4031672335,0.7267847338099743,2.553557639659239
4875915916.0,-0.667409671,0.277534489,0.722814679934504,2.747507586506858
4877477477.0,-0.7045720669,0.1421680416,0.7187722514872965,2.9424868382260696
4879039039.0,-0.7148367752,0.0022644975,0.7148403619880895,3.1384248116381124
4880600601.0,-0.6977783915,-0.1368692075,0.7110751462440558,3.3352835313226974
4882162162.0,-0.6541373506,-0.2700133072,0.7076742608821299,3.5330655231687915
4883723724.0,-0.5855447182,-0.3920277779,0.7046619016642869,3.7315608221759953
4885285285.0,-0.4946564983,-0.4983421303,0.7021609004653849,3.9307024183625394
4886846847.0,-0.3849800422,-0.5849229549,0.7002460253805524,4.130290222484632
4888408408.0,-0.2607160033,-0.6484850037,0.6989317809346736,4.330126425431223
4889969970.0,-0.1266184573,-0.6866546291,0.6982312033943273,4.530038345279825
4891531532.0,0.012158018,-0.6980106467,0.6981165234459363,4.729805317428106
4893093093.0,0.150351157,-0.6821985337,0.6985701895970574,4.929313238426057
4894654655.0,0.2824575357,-0.6399427473,0.6995062396402111,5.128050917389202
4896216216.0,0.4035884363,-0.5729636726,0.7008359266150382,5.326053495340163
4897777778.0,0.5092234971,-0.4838735525,0.7024544005184422,5.523307752151676
4899339339.0,0.5953995354,-0.3761055294,0.70424141883291,5.719792548487027
4900900901.0,0.6588548158,-0.253805062,0.7060500533246038,5.915483544369285
4902462462.0,0.6972072764,-0.1216444424,0.7077396107551936,6.110450195304008
4904024024.0,0.7090221594,0.0152445166,0.7091860248246624,6.3046827568105615
4905585586.0,0.6939326251,0.1516201102,0.7103035590472832,6.498298677825832
4907147147.0,0.6525576186,0.2823144321,0.7110083573101293,6.69149881486651
4908708709.0,0.5865179692,0.4022646095,0.7112103375589247,6.884352827058242
4910270270.0,0.4983870935,0.5069569028,0.7109113842554122,7.077107519829252
4911831832.0,0.3915879624,0.5923995266,0.7101255743968724,7.269898423701755
4913393393.0,0.2702307432,0.6553153502,0.7088461488772955,7.462859305232887
4914954955.0,0.138992595,0.6933504617,0.7071448254809175,7.656138867448684
4916516517.0,0.002881019,0.7051352552,0.7051411407629309,7.84989588879654
4918078078.0,-0.1328420571,0.6901842289,0.7028522476003383,8.044129647834243
4919639640.0,-0.262994856,0.6491619766,0.7004124257504857,8.23890240751118
4921201201.0,-0.3826039574,0.5836870407,0.6979085539662517,8.43421010255609
4922762763.0,-0.4871200227,0.4963213547,0.695428503619525,8.63002381161419
4924324324.0,-0.5726137703,0.3903884206,0.6930293275726098,8.826394903713124
4925885886.0,-0.6358424551,0.2699950158,0.6907915288018794,9.023224433864382
4927447447.0,-0.6744359902,0.139769062,0.6887665029379799,9.220432150027582
4929009009.0,-0.6869807779,0.0046845712,0.6869967499278413,9.417958994733825
4930570571.0,-0.6730158347,-0.1301277242,0.6854805163988318,9.615771350841232
4932132132.0,-0.6331471613,-0.2594931412,0.6842601977260488,9.813743765508335
4933693694.0,-0.5689373309,-0.3785231752,0.6833516522663174,10.011844984747656
4935255255.0,-0.4828927531,-0.4826805085,0.6827634175044209,10.209956312159782
4936816817.0,-0.3783007627,-0.5680002089,0.6824483162627375,10.408017968933658
4938378378.0,-0.2592429397,-0.6313189616,0.6824738332419786,10.605931827749181
4939939940.0,-0.1302174656,-0.670251617,0.6827838738857281,10.803683317695997
4941501502.0,0.0038246781,-0.6833787601,0.683389462838272,11.001170946972314
4943063063.0,0.1377600219,-0.6702116499,0.6842232671398779,11.198297807274054
4944624625.0,0.2665193092,-0.6313559378,0.6853049411552222,11.395018268121198
4946186186.0,0.385180231,-0.5683130957,0.6865446708680585,11.59121803981884
4947747748.0,0.4893146596,-0.4835364186,0.6879217282598205,11.786911872917969
4949309309.0,0.5749702099,-0.3802624751,0.6893404762826771,11.982050646240559
4950870871.0,0.6389106539,-0.2624959773,0.6907321925070582,12.176546545541502
4952432432.0,0.6787624537,-0.1347462203,0.6920079569181129,12.370400948059334
4953993994.0,0.6930692286,-0.0019040292,0.6930718440099796,12.563623378828678
4955555556.0,0.6813245899,0.1309967195,0.6938035293382161,12.756320346766255
4957117117.0,0.6440743009,0.2588580593,0.6941463822165942,12.948519994470084
4958678679.0,0.5827225929,0.3768558759,0.6939639554591112,13.140433578293866
4960240240.0,0.4997511093,0.480507239,0.6932808795704549,13.332139872015249
4961801802.0,0.3982794055,0.5658646439,0.6919749128844971,13.523866983226405
4963363363.0,0.2822816551,0.6297425297,0.6901149081993162,13.71576984277855
4964924925.0,0.1561631654,0.6697161716,0.6876821102299436,13.908082201364714
4966486486.0,0.0248142623,0.6843534399,0.6848031675718622,14.10092339416827
4968048048.0,-0.1068106366,0.6731216537,0.681543302197828,14.294534441999655
4969609610.0,-0.2336590277,0.6364596565,0.677995158963401,14.489013996667124
4971171171.0,-0.3508957099,0.5758188968,0.6743109083636376,14.684459008703245
4972732733.0,-0.4540878133,0.4935777129,0.6706822652040014,14.88091848461849
4974294294.0,-0.5392462849,0.3928941048,0.667197372120908,15.07830031583053
4975855856.0,-0.6031575455,0.277668316,0.6640020469877035,15.276529207074029
4977417417.0,-0.6434850006,0.1522458824,0.6612501453345297,15.475639511960829
4978978979.0,-0.6587003043,0.0214327444,0.6590489006268263,15.675436813467227
4980540541.0,-0.6482063095,-0.1098280208,0.6574447610472344,15.87580302114234
4982102102.0,-0.6124499642,-0.2365342934,0.6565389787383674,16.076525472469193
4983663664.0,-0.5528178027,-0.3538985499,0.656392951366313,16.277398561705215
4985225225.0,-0.4715431153,-0.4575004714,0.65700806000996,16.478247420749394
4986786787.0,-0.3717276142,-0.5434125857,0.6583909609464454,16.678810912913452
4988348348.0,-0.2571701347,-0.6084200516,0.6605387478192046,16.878851259354096
4989909910.0,-0.132141386,-0.6501175849,0.6634110491167673,17.078233630555314
4991471471.0,-0.0013692517,-0.6668870986,0.6668885042713992,17.276706398964855
4993033033.0,0.1301673679,-0.6582064469,0.670954000216659,17.47400105753487
4994594595.0,0.2576336114,-0.6243650008,0.6754307750961531,17.670108839559468
4996156156.0,0.3761938246,-0.5667409601,0.680233128803828,17.864764147716397
4997717718.0,0.4814039756,-0.4874926944,0.6851269333611525,18.05787366321067
4999279279.0,0.5694706953,-0.3896460085,0.6900151337075496,18.249495942995868
5000840841.0,0.6368773734,-0.2771287282,0.6945596595992546,18.439130809860796
5002402402.0,0.6816047113,-0.153656765,0.6987097994851807,18.627828585812523
5003963964.0,0.7017525009,-0.0241946439,0.7021694619626037,18.815092112696753
5005525526.0,0.6966500892,0.1064363749,0.7047340269096004,19.001166630361297
5007087087.0,0.6665761589,0.233291997,0.7062215880855852,19.186217832279485
5008648649.0,0.6127344921,0.3516239189,0.7064580229225504,19.370533165827965
5010210210.0,0.5372544446,0.4570704764,0.7053763241270418,19.554486596312067
5011771772.0,0.4430412963,0.5457088202,0.7029108810306327,19.738418963647064
5013333333.0,0.3336829824,0.6142940401,0.6990718850345358,19.92274668890237
5014894895.0,0.2133563234,0.6603407812,0.6939530733778702,20.107839495350486
5016456456.0,0.0866066076,0.6821894084,0.6876649572379868,20.294073876290618
5018018018.0,-0.0417117707,0.679183069,0.6804627197952788,20.481689829848516
5019579580.0,-0.1667711311,0.6515537964,0.6725585177303355,20.670931575812784
5021141141.0,-0.283924648,0.6004613075,0.6642040255422527,20.862040178377764
5022702703.0,-0.388689659,0.5280164312,0.6556531115084566,21.05491843504222
5024264264.0,-0.4772472204,0.4370601971,0.6471371765465318,21.24967565310235
5025825826.0,-0.5463283143,0.3312786148,0.6389210809088133,21.446056383962322
5027387387.0,-0.593597754,0.2145642537,0.6311862740266795,21.644297513318985
5028948949.0,-0.6174270132,0.091359461,0.6241495555900713,21.844246470711614
5030510511.0,-0.6171148648,-0.0334950218,0.6180231976572601,22.045372172605127
5032072072.0,-0.592789398,-0.1553490427,0.6128071437646666,22.24744941331467
5033633634.0,-0.545636071,-0.2698201698,0.6087048923798937,22.450391124629366
5035195195.0,-0.477511401,-0.3727730395,0.6057861644698164,22.653983768066006
5036756757.0,-0.3910268418,-0.4604629339,0.6040927946134418,22.85791329410947
5038318318.0,-0.2894329108,-0.5297169742,0.603631909867068,23.06187626789171
5039879880.0,-0.1765437614,-0.5780390302,0.6043978988413318,23.26552453232047
5041441441.0,-0.056567155,-0.6037005658,0.6063449646628841,23.468517008878244
5043003003.0,0.0660369902,-0.6058361415,0.6094245764836556,23.670517664774696
5044564565.0,0.1866756664,-0.5844140116,0.6135043124382167,23.871124960237957
5046126126.0,0.3008571522,-0.5403358908,0.6184479775345081,24.069991202975743
5047687688.0,0.4043839156,-0.4753257341,0.6240680288988467,24.266874886675232
5049249249.0,0.4933717972,-0.3918500195,0.6300493377938813,24.4615293192046
5050810811.0,0.5645923475,-0.2931984433,0.636183814639373,24.653765238242876
5052372372.0,0.6154342755,-0.1831012942,0.6420945657751083,24.84356526120124
5053933934.0,0.6440798215,-0.0661493489,0.647467800607386,25.03039641728203
5055495495.0,0.6497202254,0.0532516793,0.651898851542244,25.21451937638558
5057057057.0,0.6323551638,0.1708880992,0.6550387741444882,25.396677390526474
5058618619.0,0.5927705678,0.2823310407,0.6565727397575073,25.577242040120478
5060180180.0,0.5326149399,0.3834931148,0.6563121538594928,25.756777089519993
5061741742.0,0.4541906177,0.4706271361,0.6540481774612596,25.93591023189854
5063303303.0,0.3606308123,0.5405588549,0.6498141721992197,26.11520428721519
5064864865.0,0.2554915048,0.5908317738,0.6437065278188677,26.295393180453043
5066426426.0,0.1428594589,0.6196764045,0.6359305553999183,26.476957491813717
5067987988.0,0.0269978969,0.6261943197,0.6267760464963293,26.66044999236943
5069549550.0,-0.0876933199,0.6103557213,0.6166232438683503,26.846236759236803
5071111111.0,-0.1969355075,0.5729226266,0.6058249996364673,27.034623258826013
5072672673.0,-0.2965941077,0.515516955,0.5947485145965741,27.22562233664006
5074234234.0,-0.3830843671,0.440398229,0.5836987514315445,27.41944841452785
5075795796.0,-0.4532147874,0.3506358795,0.5730175944164069,27.615859146412856
5077357357.0,-0.5045341212,0.2496808496,0.5629344598725806,27.814795426529752
5078918919.0,-0.5351928256,0.1414000823,0.5535569924119457,28.016032072370887
5080480480.0,-0.5443459186,0.0299157652,0.5451673432112193,28.219431842205665
5082042042.0,-0.5317655117,-0.0805516104,0.5378318709146904,28.424670525924085
5083603604.0,-0.4981005859,-0.1857793052,0.5316184194650502,28.631328450786544
5085165165.0,-0.4448182773,-0.2817957675,0.5265663817611734,28.839027656830545
5086726727.0,-0.3741511321,-0.3651357792,0.5227936561433227,29.047537989633714
5088288288.0,-0.2889002731,-0.4326884337,0.5202717063756339,29.256421823912248
5089849850.0,-0.1924555352,-0.4819878037,0.5189907281875739,29.465231353373607
5091411411.0,-0.0885138104,-0.5114176787,0.5190209405394194,29.673752578404876
5092972973.0,0.0188892272,-0.5198933593,0.5202363962166162,29.881447122338294
5094534535.0,0.1257056047,-0.5073431301,0.5226843700673076,30.08801117348921
5096096096.0,0.2279086857,-0.4743496942,0.5262603931564059,30.293028486681404
5097657658.0,0.3217013604,-0.4222967892,0.5308731896148458,30.49613414954638
5099219219.0,0.4036449767,-0.3532842626,0.5364131219647496,30.696963382300723
5100780781.0,0.4707706385,-0.2700399207,0.5427214320858906,30.895135627835707
5102342342.0,0.5206790143,-0.1757727174,0.5495477086792373,31.09035559462613
5103903904.0,0.55172904,-0.0741215316,0.5566856698587196,31.282382041368944
5105465465.0,0.5628120653,0.0310663453,0.5636688200153973,31.47106901256435
5107027027.0,0.5538238637,0.1358176925,0.5702344409097199,31.656416677133976
5108588589.0,0.5252297261,0.2362064475,0.5758990805858707,31.838547803316906
5110150150.0,0.4783277661,0.3284497327,0.5802384671261616,32.0176449494604
5111711712.0,0.4149713232,0.409175123,0.5827739530559203,32.19429184164697
5113273273.0,0.3377534654,0.4753830242,0.5831521440303952,32.3689932543592
5114834835.0,0.2497572936,0.5248537689,0.5812488145664739,32.542572488381246
5116396396.0,0.1543089785,0.5557479418,0.5767729498343778,32.715885348330055
5117957958.0,0.0550938648,0.5672552882,0.5699244651087245,32.88990295363556
5119519520.0,-0.0441358211,0.5591134426,0.560852754651517,33.065498444975745
5121081081.0,-0.1396592334,0.5319463403,0.5499741906966535,33.24347220401033
5122642643.0,-0.2279050244,0.487000759,0.537689910090696,33.42442526707711
5124204204.0,-0.3056335127,0.4262273562,0.5244822239681558,33.60881149798297
5125765766.0,-0.3700260741,0.3521031765,0.5107797396287844,33.79693544639906
5127327327.0,-0.418820065,0.2676676117,0.4970474798243989,33.988845233049304
5128888889.0,-0.4503695789,0.176241481,0.4836256995070017,34.18451239199696
5130450450.0,-0.4637193644,0.0813480681,0.4708005491746396,34.3838609754005
5132012012.0,-0.458533034,-0.013342904,0.4587271262487083,34.586610092108764
5133573574.0,-0.4354099862,-0.1042316575,0.44771206652030443,34.79248483846112
5135135135.0,-0.3953315715,-0.1879520165,0.43773623557009295,35.00131733391304
5136696697.0,-0.3401917179,-0.2612835855,0.4289516487664886,35.21247134415314
5138258258.0,-0.2723339195,-0.3216185994,0.42143123660954485,35.42570516959308
5139819820.0,-0.1945319359,-0.3667443148,0.41514342885697136,35.64062182916897
5141381381.0,-0.1100222243,-0.3951124234,0.4101447512341715,35.856737259695215
5142942943.0,-0.0221356676,-0.4058416261,0.4064448465112947,36.07382688124773
5144504505.0,0.0655235911,-0.3986839486,0.4040324638713174,36.29120901340889
5146066066.0,0.1495978383,-0.3740733089,0.4028775914039248,36.50874933207446
5147627628.0,0.2267045249,-0.3331662503,0.40298224768480434,36.72580300306131
5149189189.0,0.2939023473,-0.2777091969,0.4043525538330292,36.94203504726761
5150750751.0,0.3486318752,-0.2099711787,0.40697921358484107,37.157023509033074
5152312312.0,0.3888148005,-0.1326816073,0.4108300841023771,37.37025661520226
5153873874.0,0.4129517667,-0.0488988456,0.4158368174196026,37.58124770969307
5155435435.0,0.4201964237,0.038094246,0.4219196677906571,37.789522877436674
5156996997.0,0.4103839383,0.1249440283,0.42898250200031396,37.994652073141346
5158558559.0,0.3840062499,0.2083017502,0.43686430284316485,38.19613512579728
5160120120.0,0.3421950187,0.2850305618,0.4453536257662185,38.39362250306254
5161681682.0,0.2865773521,0.3522562761,0.4541046826321953,38.586960735689175
5163243243.0,0.2195220716,0.4074291566,0.46280498870187525,38.775705894523995
5164804805.0,0.1435931506,0.4485069245,0.4709325368072193,38.960061765336754
5166366366.0,0.0618356578,0.4740603451,0.47807620665735895,39.14020210719838
5167927928.0,-0.0226181941,0.48316547,0.4836945876321816,39.31668654139191
5169489489.0,-0.1064106358,0.4755331189,0.4872935158424764,39.4900527536947
5171051051.0,-0.1864813405,0.4515688767,0.4885588406310715,39.661539551926154
5172612613.0,-0.2597762847,0.4122352458,0.48725929028836573,39.832213129641346
5174174174.0,-0.3235474175,0.3591506458,0.4833964395291678,40.003202766482296
5175735736.0,-0.3755677723,0.2944395275,0.4772271858819528,40.1758053238258
5177297297.0,-0.4139797091,0.2206576126,0.46911510479289864,40.35099463054085
5178858859.0,-0.4373972817,0.1407048636,0.4594716973647493,40.52947232750542
5180420420.0,-0.4451079369,0.0576922974,0.44883123406316594,40.711808925623465
5181981982.0,-0.4369656442,-0.0251814774,0.43769062248941054,40.89826887803102
5183543544.0,-0.413393863,-0.1047521246,0.4264592519506133,41.088876316969184
5185105105.0,-0.3754295559,-0.178016333,0.4154962891026081,41.283473018677476
5186666667.0,-0.3246094586,-0.2422868311,0.40506074746519816,41.48189431975986
5188228228.0,-0.2630218782,-0.2951709779,0.3953560605407459,41.68363407024504
5189789790.0,-0.1930520276,-0.3348639563,0.3865267837929986,41.88853335731709
5191351351.0,-0.1175282612,-0.360016219,0.37871436482361137,42.09595558239624
5192912913.0,-0.0393542835,-0.3698056977,0.3718938204396278,42.30548103204538
5194474474.0,0.0385343372,-0.364118039,0.3661513914607574,42.51693761266346
5196036036.0,0.113050154,-0.3433326269,0.36146594585586944,42.72959261102543
5197597598.0,0.1814163238,-0.3084647199,0.3578580248703275,42.94314417532355
5199159159.0,0.2410539166,-0.2610290674,0.3553071414085474,43.15713539703648
5200720721.0,0.2897700155,-0.2030103519,0.3538076664819914,43.37117445036882
5202282282.0,0.3258028879,-0.1367413753,0.35333514611897215,43.58491923453618
5203843844.0,0.347822453,-0.0649197091,0.3538290935473874,43.79777421409185
5205405405.0,0.3551648449,0.0096662376,0.3552963596804514,44.0095066337839
5206966967.0,0.347645679,0.0840607379,0.3576642640573189,44.219543435693716
5208528529.0,0.3256922926,0.1554022237,0.36086745570908557,44.4274935953349
5210090090.0,0.2902786699,0.2210325641,0.3648521626515783,44.63308579396661
5211651652.0,0.242861209,0.2784128059,0.36945264557998875,44.835791223568705
5213213213.0,0.1853772144,0.3254748958,0.3745645730908416,45.03535773198656
5214774775.0,0.1200218639,0.360476265,0.37993208003849893,45.23168473717846
5216336336.0,0.049489465,0.3821834053,0.3853743147028488,45.42431865095518
5217897898.0,-0.0235000502,0.3898999793,0.390607534768011,45.61329264861592
5219459459.0,-0.0961115247,0.3834423056,0.39530422070097165,45.79868800920786
5221021021.0,-0.1655379069,0.3631674781,0.3991157924341594,45.9807742724149
5222582583.0,-0.2291883858,0.330015534,0.40179294277888306,46.16010348821888
5224144144.0,-0.2846356235,0.2853060883,0.4030099281485273,46.337315266660966
5225705706.0,-0.329808351,0.230828204,0.4025608129850754,46.51324044224966
5227267267.0,-0.3632363261,0.1687630761,0.4005266588547633,46.68895319041763
5228828829.0,-0.3835850161,0.1014649077,0.396777761563078,46.86529506880994
5230390390.0,-0.3903439046,0.0315688407,0.39161838000982013,47.043191009732126
5231951952.0,-0.3833398176,-0.0382685362,0.38524524217761863,47.22338941916559
5233513514.0,-0.3629925553,-0.1054004699,0.3779852566679875,47.40648422475846
5235075075.0,-0.3302647143,-0.1672859507,0.3702153033212747,47.592740442823064
5236636637.0,-0.2864549536,-0.2216223596,0.36217800970883074,47.78237006170234
5238198198.0,-0.233380942,-0.2664161637,0.3541810785028367,47.97528922738309
5239759760.0,-0.1731183323,-0.3000705446,0.3464278982918001,48.171406032233804
5241321321.0,-0.1080613,-0.3214522164,0.3391294324976268,48.370388362545455
5242882883.0,-0.0406820917,-0.3298533868,0.33235265813367226,48.5719719773644
5244444444.0,0.0264623427,-0.3251668596,0.32624184612538343,48.775887994784384
5246006006.0,0.0908142735,-0.3077034378,0.32082493342206314,48.9816743236375
5247567568.0,0.1499543876,-0.2782749679,0.3161064316337728,49.18894508738467
5249129129.0,0.2017488717,-0.2382207843,0.3121726274110691,49.39737697070734
5250690691.0,0.2442845708,-0.1891422958,0.3089494450414742,49.606628414447364
5252252252.0,0.2760466541,-0.1330578569,0.30644110122929974,49.81632835793514
5253813814.0,0.2959209624,-0.0722492916,0.3046131581603855,50.0260166083539
5255375375.0,0.3033310779,-0.0090798269,0.3034669439601451,50.23555767526426
5256936937.0,0.2980709625,0.0539636366,0.30291644518047095,50.4445853988618
5258498498.0,0.280537491,0.1144553441,0.3029873093870839,50.6528542275708
5260060060.0,0.2514954137,0.170069813,0.3036011930246472,50.860079557950876
5261621622.0,0.2121665889,0.218698603,0.3047027082249405,51.06603968652053
5263183183.0,0.164204836,0.2585277185,0.3062675454543007,51.270411231351524
5264744745.0,0.1095060455,0.2881187788,0.30822719655840136,51.473068360317214
5266306306.0,0.0502659547,0.3063990709,0.31049485800941323,51.67367335513964
5267867868.0,-0.0111750746,0.3127803816,0.3129799504859012,51.87199177612661
5269429429.0,-0.0724989662,0.3071670742,0.3156068940512185,52.06806144006863
5270990991.0,-0.1314022486,0.2898831047,0.3182746696293115,52.26186855701759
5272552553.0,-0.1856347778,0.2616790408,0.320836704762506,52.4532848049189
5274114114.0,-0.2332035606,0.2237552559,0.3231877398964762,52.64235049252271
5275675676.0,-0.2723460485,0.1775941398,0.32513389338065984,52.82923203603557
5277237237.0,-0.3016959995,0.1250683103,0.3265923427693936,53.01408823496931
5278798799.0,-0.3202067326,0.0681951031,0.32738803229377145,53.19723805022467
5280360360.0,-0.3272916997,0.0091297704,0.3274190119710089,53.379187439334316
5281921922.0,-0.3228294445,-0.0498478138,0.3266552537107249,53.56027435261542
5283483483.0,-0.3070363104,-0.1064850755,0.32497748723301717,53.74091050773067
5285045045.0,-0.2806809155,-0.1587646341,0.3224716814959494,53.92184741125496
5286606607.0,-0.2448319895,-0.2047427529,0.3191587347192594,54.10353704262398
5288168168.0,-0.2009849439,-0.2428113271,0.31520198007396677,54.286442515177406
5289729730.0,-0.1508526293,-0.2715813709,0.3106653453261992,54.47084583983167
5291291291.0,-0.0963788366,-0.2901439648,0.3057325636144,54.657162922577854
5292852853.0,-0.0396541583,-0.2979680563,0.30059510116713717,54.84556694449613
5294414414.0,0.017084648,-0.2948562537,0.2953508008170668,55.03574901960526
5295975976.0,0.071852901,-0.2811052802,0.2901430990708487,55.22812169028992
5297537538.0,0.1226162875,-0.2573983444,0.28511166524739684,55.42243519864314
5299099099.0,0.1675711532,-0.2247368783,0.2803332942281506,55.618571575546014
5300660661.0,0.2051362089,-0.1844648107,0.27587702076913057,55.81627776149924
5302222222.0,0.2340374081,-0.1382033322,0.27179711076711155,56.015249401875124
5303783784.0,0.2533362572,-0.0877518959,0.2681038128153887,56.215217000200155
5305345345.0,0.262511664,-0.0350873731,0.26484617702943625,56.41579504551119
5306906907.0,0.2613985958,0.0178011886,0.262004023254958,56.61666257045094
5308468468.0,0.2501985362,0.0689579552,0.25952746887755046,56.817603735530234
5310030030.0,0.2295562458,0.1165146047,0.2574329487345924,57.018348657114345
5311591592.0,0.2004266237,0.1587147811,0.2556583916623945,57.21844074048007
5313153153.0,0.1640299306,0.1941091293,0.2541341618323773,57.41785676430569
5314714715.0,0.1219286999,0.2215052803,0.2528461924967149,57.61627158185454
5316276276.0,0.0758011317,0.2400459443,0.2517297498149145,57.81359601884175
5317837838.0,0.0274651863,0.2491875827,0.2506966051432748,58.009688266822586
5319399399.0,-0.0212023752,0.2487621856,0.24966410574732287,58.2044901047537
5320960961.0,-0.068275381,0.2390007589,0.24856164306962386,58.397722938859786
5322522523.0,-0.1121219517,0.2204669778,0.24733988831824683,58.58994078737382
5324084084.0,-0.1510670885,0.1940661609,0.24593279576813565,58.78091405186961
5325645646.0,-0.183782662,0.1609387945,0.2442895053556732,58.971033118487625
5327207207.0,-0.2091059945,0.1224977247,0.24234481527879034,59.160335307666415
5328768769.0,-0.2262657903,0.0803017878,0.24009286741583932,59.349226798642576
5330330330.0,-0.2347639578,0.0360553276,0.23751653106734172,59.537869939325105
5331891892.0,-0.234445723,-0.0085364221,0.2346010817009634,59.72665542065626
5333453453.0,-0.2255510125,-0.0517358533,0.23140842196526532,59.91573550485252
5335015015.0,-0.2085643275,-0.0919476789,0.2279330041056467,60.105487611753524
5336576577.0,-0.1843014935,-0.1276788122,0.22420731386628184,60.29611851144722
5338138138.0,-0.1539060566,-0.1576881845,0.22034663099096488,60.48779597593322
5339699700.0,-0.1186398191,-0.1809217207,0.21635174068430682,60.68064841067074
5341261261.0,-0.0799462159,-0.1966741475,0.21230194942953579,60.87496747292893
5342822823.0,-0.0394154767,-0.2044803609,0.20824456246750475,61.070633060242095
5344384384.0,0.0013670016,-0.2042333087,0.20423788354740632,61.26774997831847
5345945946.0,0.0408097536,-0.1961329126,0.2003336102451407,61.46620159116954
5347507508.0,0.0774316503,-0.1806768435,0.1965700441199141,61.66594253382249
5349069069.0,0.1098913247,-0.1586200307,0.19296739979486113,61.8669314373162
5350630631.0,0.1370298655,-0.1310078517,0.18957911605975297,62.06891816815916
5352192192.0,0.1579320359,-0.0990262365,0.1864100948952948,62.27180389356101
5353753754.0,0.1719428317,-0.0639877271,0.1834632567912131,62.47558744488714
5355315315.0,0.1786693373,-0.0273626761,0.18075244987157071,62.67988678655062
5356876877.0,0.1780212016,0.0093670204,0.17826746559673154,62.88442203634182
5358438438.0,0.1702215134,0.0447981372,0.1760177170650057,63.08919328084168
5360000000.0,0.155731326,0.077558699,0.173975853750717,63.293922547645984
5361561562.0,0.1352805654,0.1064407974,0.17213504793066264,63.49850260144136
5363123123.0,0.1098213947,0.1303658062,0.1704581536918347,63.702578545025304
5364684685.0,0.0804647449,0.1485354607,0.16893003953466454,63.90618481196382
5366246246.0,0.0484838643,0.1603590714,0.16752825695306184,64.1090420426391
5367807808.0,0.0151803791,0.1655182803,0.16621295082841495,64.3111910450846
5369369369.0,-0.0181189035,0.1639403683,0.1649385916709063,64.51272396908034
5370930931.0,-0.0500639953,0.1558554037,0.16369884082634306,64.71345933985579
5372492492.0,-0.0794159672,0.1417402152,0.16247210360936976,64.91336029708602
5374054054.0,-0.105101132,0.1222410709,0.16121143682276468,65.11279723806385
5375615616.0,-0.126135559,0.0982688938,0.15989670019396324,65.3115956183337
5377177177.0,-0.1418077597,0.0708622436,0.1585272792902177,65.51003303238568
5378738739.0,-0.1516054725,0.0411937979,0.15710234968762976,65.7081341636104
5380300300.0,-0.1552373993,0.0104839401,0.1555910124057557,65.90601323375064
5381861862.0,-0.1527239296,-0.0200399928,0.1540331132707828,66.1039174261826
5383423423.0,-0.1442628995,-0.0491750332,0.1524138053536103,66.30196473572477
5384984985.0,-0.1303153921,-0.0757937308,0.1507540747268863,66.5002391150628
5386546547.0,-0.1115388219,-0.098890292,0.14906441105336038,66.69880785318033
5388108108.0,-0.0887804479,-0.117633903,0.14737606001090553,66.89772812575802
5389669670.0,-0.0629984602,-0.13136488,0.14568986816174068,67.09707282420943
5391231231.0,-0.0352763516,-0.1396391099,0.14402604624119592,67.29679418637282
5392792793.0,-0.0067357528,-0.1422477544,0.14240714166650995,67.49692513525169
5394354354.0,0.0214786885,-0.1391950885,0.14084248905143243,67.69734092246708
5395915916.0,0.0482582925,-0.1307164655,0.1393400773210215,67.89790312998555
5397477477.0,0.0726165411,-0.1172547507,0.13791968171021546,68.09873614143073
5399039039.0,0.0936460162,-0.0994353566,0.13659050659654143,68.29966525575566
5400600601.0,0.1105974494,-0.0779986352,0.13533507640980677,68.50079891246865
5402162162.0,0.1228756469,-0.0538877891,0.13417271859502422,68.70174236434558
5403723724.0,0.1300974979,-0.0280597404,0.13308909794252832,68.9026100620773
5405285285.0,0.132106989,-0.0016048834,0.1321167369918502,69.10289061549871
5406846847.0,0.1289174138,0.0244763844,0.13122039846829073,69.30266612993537
5408408408.0,0.1207563574,0.0491870455,0.13038965947319445,69.50184314987528
5409969970.0,0.1080659662,0.0716010352,0.12963395115652065,69.70019797159456
5411531532.0,0.0914309479,0.0908920368,0.12892238202711379,69.8974807464734
5413093093.0,0.0715739964,0.106420521,0.12825039668780233,70.09376441633198
5414654655.0,0.049344789,0.1176754873,0.12760261953716698,70.28877691285471
5416216216.0,0.0256402097,0.1243312651,0.12694756332764506,70.48246083909007
5417777778.0,0.0013912877,0.1262548783,0.12626254383629368,70.67481547699559
5419339339.0,-0.022440681,0.1234887895,0.12551121581722915,70.86559550130222
5420900901.0,-0.0449680196,0.1162729738,0.12466566176394152,71.05486260717413
5422462462.0,-0.0653690802,0.1050068759,0.12369139271781215,71.24265003365711
5424024024.0,-0.0829289188,0.090214988,0.12253958394403473,71.42917667932936
5425585586.0,-0.0970773418,0.0725978502,0.12122070014900782,71.61451685664476
5427147147.0,-0.1073344494,0.052837942,0.1196349954770615,71.79918343005096
5428708709.0,-0.1134611961,0.0318044897,0.11783449658533812,71.98333340395942
5430270270.0,-0.1153107141,0.0103137224,0.11577103979837186,72.16742552908461
5431831832.0,-0.1129718183,-0.0107683991,0.11348387616390751,72.35166325224519
5433393393.0,-0.1066529588,-0.030642554,0.1109676517568855,72.53640615229753
5434954955.0,-0.0967490712,-0.048626957,0.10828187163668034,72.72236368797249
5436516517.0,-0.0837443437,-0.0640651113,0.10543933605455375,72.90966841214353
5438078078.0,-0.068237279,-0.0764643247,0.1024847266530524,73.09882330154747
5439639640.0,-0.0509475172,-0.0854444329,0.09948065451356308,73.289758773997
5441201201.0,-0.0325701716,-0.0907893548,0.0964547719040055,73.48298377709457
5442762763.0,-0.0138856823,-0.0924372334,0.09347435098240912,73.67832478721122
5444324324.0,0.0043940845,-0.0904437002,0.09055037760529008,73.87597283191239
5445885886.0,0.0215611248,-0.0850392144,0.08772998397589242,74.07573812207266
5447447447.0,0.03698118,-0.0765802037,0.08504196183606005,74.27730797321311
5449009009.0,0.0501343662,-0.0654947339,0.0824803906568556,74.48075705486778
5450570571.0,0.0605994413,-0.0523442656,0.080076303780054,74.68578684407697
5452132132.0,0.0680719051,-0.0377367441,0.07783216635307211,74.89203470419542
5453693694.0,0.0723697405,-0.0223028343,0.07572843427571045,75.09928021487539
5455255255.0,0.0734697904,-0.0067075295,0.07377534177090135,75.3071796492398
5456816817.0,0.0714797391,0.0084332113,0.0719754969043946,75.51566125105917
5458378378.0,0.0665945135,0.0225247969,0.0703007518003039,75.7243819513276
5459939940.0,0.0591690054,0.0350466159,0.06876944442168602,75.93297236822723
5461501502.0,0.0495853428,0.0455641298,0.06734089504175572,76.1413849208495
5463063063.0,0.0383592103,0.053729954,0.06601770195698835,76.34900876703128
5464624625.0,0.025994858,0.0593229309,0.06476837787845499,76.55602854962835
5466186186.0,0.013069407,0.0622506137,0.06360776922167823,76.76207738973741
5467747748.0,0.0001321059,0.0625036169,0.06250375650751545,76.96690644401042
5469309309.0,-0.0122944729,0.0601907832,0.06143357751358972,77.1705068121962
5470870871.0,-0.0236984519,0.0555290833,0.060374628070034124,77.3723935572281
5472432432.0,-0.0336932992,0.0488345766,0.05933004536221077,77.57296749523765
5473993994.0,-0.0419176992,0.0404890131,0.05827910164058513,77.77175345092567
5475555556.0,-0.0481131416,0.0308977083,0.057179915816775555,77.96895209255489
5477117117.0,-0.0521339086,0.020537027,0.05603315004452171,78.16455503726566
5478678679.0,-0.0539187526,0.0098835714,0.05481712201090919,78.35852407697003
5480240240.0,-0.0535010721,-0.0006023073,0.05350446233664096,78.55107371895164
5481801802.0,-0.0510444951,-0.0104999211,0.05211323078758549,78.74268789963836
5483363363.0,-0.0467363189,-0.0194139358,0.05060814566420132,78.93352164299685
5484924925.0,-0.0408890957,-0.0270265516,0.049013800490792604,79.12386618514851
5486486486.0,-0.033802459,-0.0330959462,0.04730695392138427,79.31465391454773
5488048048.0,-0.025884486,-0.0374284941,0.04550712895885579,79.5055657284967
5489609610.0,-0.0175127331,-0.0399637681,0.04363254039570024,79.69760203177898
5491171171.0,-0.0090824578,-0.0406919895,0.041693273428178926,79.89101201466946
5492732733.0,-0.0009601637,-0.039705657,0.039717264660754856,80.0864353406986
5494294294.0,0.0065147865,-0.0371678235,0.037734460998770536,80.2841302712663
5495855856.0,0.0130543133,-0.0332753286,0.03574440640397508,80.48447400595197
5497417417.0,0.0184173394,-0.0283184444,0.033780655467451834,80.68724478991044
5498978979.0,0.0224734832,-0.0225817683,0.03185896587611668,80.89360744991151
5500540541.0,0.0251061005,-0.0164085886,0.02999263346490518,81.10252835282097
5502102102.0,0.0263051006,-0.0101125852,0.028181956940627445,81.31439284305729
5503663664.0,0.0261468844,-0.0039967054,0.026450580671912527,81.52972717192833
5505225225.0,0.0247380905,0.0016551708,0.02479340057280088,81.74821720307308
5506786787.0,0.0222461464,0.0065959974,0.02320340947686438,81.96965231302241
5508348348.0,0.0188935205,0.0106320852,0.02167962989960805,82.19397855762453
5509909910.0,0.0149335862,0.0136421657,0.020226731861056717,82.42164500726854
5511471471.0,0.0106454807,0.0155490316,0.018844061213864463,82.65186300017658
5513033033.0,0.0062787629,0.0163533706,0.017517294127100815,82.88561731634826
5514594595.0,0.0020774765,0.0161060662,0.01623949743824712,83.12392640566371
5516156156.0,-0.0016986722,0.0149107435,0.015007190242208736,83.36563898135422
5517717718.0,-0.0048700556,0.0129279531,0.013814825836864211,83.61247204814646
5519279279.0,-0.0072880798,0.0103434948,0.012653220611717598,83.86601531328807
5520840841.0,-0.0088502224,0.0074075504,0.011541154164900575,84.12610903227886
5522402402.0,-0.0095269376,0.0042989717,0.010451970996500835,84.39911384200036
5523963964.0,-0.009324622,0.0012901145,0.009413446279976014,84.6855187704338
5525525526.0,-0.0083228523,-0.0014210992,0.008443304645922467,84.99211739833335
5527087087.0,-0.0066185049,-0.0036449665,0.007555818148780862,85.32640019511129
5528648649.0,-0.0043958225,-0.0052247186,0.006827952833806939,85.69434654770986
5530210210.0,-0.001828404,-0.0060575727,0.006327499364124921,86.10065604130197
5531771772.0,0.0008732525,-0.0060791446,0.006141544512292116,86.536469262978
5533333333.0,0.0034694329,-0.0052826793,0.006320100096853759,86.97490813523191
5534894895.0,0.0057941292,-0.0037208725,0.006885987608727516,87.39373627165331
5536456456.0,0.0076030966,-0.001498032,0.007749269499891946,87.77005690938127
5538018018.0,0.0087801317,0.001251428,0.008868866032843708,88.10617027483133
5539579580.0,0.0091675034,0.0043312229,0.010139162213836801,88.40596321368542
5541141141.0,0.008694601,0.0075374723,0.011506935961517657,88.67882628910081
5542702703.0,0.0073467434,0.0106565001,0.012943555653943919,88.93180455651448
5544264264.0,0.0051490082,0.0134501856,0.014402075479531226,89.16978122583056
5545825826.0,0.0021742402,0.0156991891,0.015849033372570542,89.39777224602052
5547387387.0,-0.0014249356,0.017229714,0.017288536259207815,89.61790506584342
5548948949.0,-0.0054773093,0.0178514023,0.01867280057314145,89.83309977127917
5550510511.0,-0.0097663011,0.0174901265,0.020032103288518247,90.04465200498393
5552072072.0,-0.0140385824,0.0160583049,0.021329579275338597,90.25378190142074
5553633634.0,-0.0180574612,0.0135658713,0.022585499089408434,90.46187911875117
5555195195.0,-0.021560165,0.0100621726,0.02379260457073617,90.66953076202545
5556756757.0,-0.0243098946,0.0056589597,0.024959863788677476,90.87747585082674
5558318318.0,-0.0260883608,0.0005479963,0.02609411560439998,91.08518464856685
5559879880.0,-0.026709909,-0.0050597831,0.027184934132848778,91.293403222385
5561441441.0,-0.0260888236,-0.0108992194,0.02827401104125931,91.50192081194322
5563003003.0,-0.0241405195,-0.0167058402,0.029357278118344286,91.71154041380137
5564564565.0,-0.0208625607,-0.0221492076,0.030427517747412168,91.92149003368621
5566126126.0,-0.0163464104,-0.0269458962,0.03151644737254506,92.13169703085245
5567687688.0,-0.0107141195,-0.0308071204,0.03261703579420387,92.34228700211663
5569249249.0,-0.0041635707,-0.0334798556,0.03373775410383373,92.55325802332358
5570810811.0,0.0030426571,-0.034752857,0.034885796993771395,92.76431188359234
5572372372.0,0.0105966626,-0.0344761386,0.03606789973126587,92.97518064767323
5573933934.0,0.0181639155,-0.0325692603,0.037291883068307184,93.18571988669736
5575495495.0,0.0254015662,-0.0290289636,0.038573569877613186,93.39583714242727
5577057057.0,0.0319400926,-0.0238882394,0.03988505355303271,93.60561895230973
5578618619.0,0.0374386761,-0.017320076,0.04125093333206519,93.81447628447458
5580180180.0,0.0415859072,-0.0095459232,0.04266746216248759,94.02214143492654
5581741742.0,0.044124886,-0.0008204262,0.04413251254645086,94.22918847351059
5583303303.0,0.0448537418,0.0084756549,0.045647506826166986,94.43453957611773
5584864865.0,0.0436428757,0.0180024529,0.0472100509402645,94.6390106179678
5586426426.0,0.0404423359,0.0273177494,0.04880411832345329,94.84185488709595
5587987988.0,0.0352796525,0.0360201894,0.05041932094874572,95.0435636324592
5589549550.0,0.0283062453,0.0436867422,0.05205549891253597,95.24365252839105
5591111111.0,0.0197193726,0.0499406337,0.05369283518399086,95.4425116527319
5592672673.0,0.0098215959,0.0544528636,0.055331528989023084,95.64012582473565
5594234234.0,-0.0010073146,0.0569386565,0.05694756611768729,95.8362653144645
5595795796.0,-0.0123830296,0.0572123604,0.05853711305329265,96.03172783494414
5597357357.0,-0.0238018487,0.0551563316,0.060072863400264596,96.22596814492194
5598918919.0,-0.0348210875,0.0507749428,0.06156787271804937,96.41970305462755
5600480480.0,-0.0449294289,0.0441425553,0.06298586166508888,96.61280799934607
5602042042.0,-0.0536875338,0.0354638946,0.06434313565351048,96.80560853119809
5603603604.0,-0.060665494,0.0250187911,0.0656219633230329,96.99821733461646
5605165165.0,-0.0655032153,0.0131662407,0.06681333032268703,97.19101396259433
5606726727.0,-0.0679269741,0.0003736473,0.06792800175691073,97.38387159624705
5608288288.0,-0.0677646448,-0.0128877772,0.06897928591995575,97.57731216103214
5609849850.0,-0.0649202782,-0.0260636741,0.06995682689456695,97.77114696171212
5611411411.0,-0.0594227993,-0.0386147523,0.0708672574031085,97.96562837443882
5612972973.0,-0.0514024877,-0.0500047415,0.07171255060469174,98.16098780085552
5614534535.0,-0.041127087,-0.0597286967,0.07251864928820834,98.35715845298866
5616096096.0,-0.0289434136,-0.0673163511,0.07327490918615415,98.55410334453958
5617657658.0,-0.015305401,-0.0724172107,0.07401694201558853,98.75188345508276
5619219219.0,-0.0007198265,-0.0747327125,0.0747361791089012,98.9505368723765
5620780781.0,0.0142316172,-0.0740805597,0.07543519240773898,99.1499662384744
5622342342.0,0.0289551441,-0.0704256736,0.07614575412894341,99.35024541281643
5623903904.0,0.0428218157,-0.0638079023,0.07684501477500744,99.55123773798246
5625465465.0,0.055247751,-0.0544544997,0.07757323332268226,99.75279757372343
5627027027.0,0.0656792517,-0.0426627556,0.07831905782922369,99.95489756272138
5628588589.0,0.0736351226,-0.0288370715,0.07908038930742023,100.15770248635262
5630150150.0,0.0787387008,-0.0135207494,0.07989113635447628,100.3609067572075
5631711712.0,0.0806742687,0.002701407,0.08071948482280748,100.5644377687822
5633273273.0,0.0793193609,0.0191777106,0.08160481356783925,100.76819078775496
5634834835.0,0.074623292,0.0352603023,0.08253438451460487,100.97238022941539
5636396396.0,0.0666885181,0.0502183606,0.08348198720517894,101.17640150371801
5637957958.0,0.0557929773,0.0634693152,0.08450568198621479,101.38063958435238
5639519520.0,0.0422855696,0.074386408,0.08556522127324226,101.58485713457296
5641081081.0,0.026654238,0.0824687529,0.0866691618065036,101.78915454086031
5642642643.0,0.0095225277,0.0873164773,0.08783419460482735,101.99313291788197
5644204204.0,-0.0084581525,0.0886380208,0.08904065967328907,102.19689670895828
5645765766.0,-0.0265643124,0.08629602,0.09029211350458684,102.40038392581323
5647327327.0,-0.0440410651,0.0803086608,0.0915920106484834,102.60337325829636
5648888889.0,-0.0601755097,0.070815709,0.09292984778222482,102.80610901012372
5650450450.0,-0.0742450192,0.0581400841,0.09430054217852325,103.00821672792219
5652012012.0,-0.0856400061,0.0427096985,0.09569915877774966,103.20994089231016
5653573574.0,-0.0938271662,0.0251096783,0.09712895068645555,103.41106880690938
5655135135.0,-0.0983709034,0.0059946364,0.09855338807621146,103.61169371370814
5656696697.0,-0.0990338451,-0.0138672489,0.10000001533672555,103.8116783733227
5658258258.0,-0.095686917,-0.0337103119,0.10145132435488544,104.01127815764876
5659819820.0,-0.0883863191,-0.0526769655,0.10289316837543305,104.21002000949669
5661381381.0,-0.0773118283,-0.0700341173,0.10431632844899613,104.40860383787471
5662942943.0,-0.0628789884,-0.0850019199,0.10573123270298777,104.60645411202792
5664504505.0,-0.0455221232,-0.0968712742,0.10703414158934317,104.80405537274508
5666066066.0,-0.025974763,-0.10523332,0.10839160461552624,105.00136077704718
5667627628.0,-0.0050310546,-0.1093614966,0.1094771594853465,105.19738241457154
5669189189.0,0.0168471968,-0.1094370281,0.11072619906498245,105.39609901088322
5670750751.0,0.038343977,-0.1051219172,0.1118967293891121,105.59311448497374
5672312312.0,0.058740928,-0.0965216834,0.11299084913687045,105.79005654562748
5673873874.0,0.0772037997,-0.0838837385,0.11400398358326828,105.98730804668962
5675435435.0,0.0929245113,-0.0676745704,0.1149556970278915,106.18469890493806
5676996997.0,0.1052288414,-0.0484472031,0.11584576190175885,106.38268260864557
5678558559.0,0.1135064003,-0.0269690992,0.11666634142169403,106.58087594237024
5680120120.0,0.1173736846,-0.0040334787,0.11744296823140853,106.77979931871329
5681681682.0,0.1165727391,0.0194322041,0.11818127625584658,106.97932739632907
5683243243.0,0.1110329236,0.0424782162,0.11888107071648278,107.17954378633121
5684804805.0,0.1008974138,0.064152928,0.11956540587687399,107.38049476294836
5686366366.0,0.0864966314,0.0835421189,0.12025370212117881,107.5821746090761
5687927928.0,0.0683151966,0.0998148568,0.12095442002879084,107.78475426841241
5689489489.0,0.0470378938,0.1122189378,0.12167848394067189,107.98803126931442
5691051051.0,0.023467472,0.1201751202,0.12244501524012821,108.19209615139575
5692612613.0,-0.0014561376,0.1232727039,0.12328130378742434,108.39675832740159
5694174174.0,-0.0267542876,0.1212656243,0.12418189699731706,108.60209338791674
5695735736.0,-0.0513903019,0.1141398454,0.1251753467632866,108.80799988031849
5697297297.0,-0.0743237579,0.1020852553,0.12627517704617955,109.01425478877383
5698858859.0,-0.0946226852,0.0854541272,0.12749847218681515,109.22121549124503
5700420420.0,-0.1113398509,0.0648597165,0.1288539685958279,109.42826189150045
5701981982.0,-0.1237238581,0.0410409411,0.13035318143230185,109.63545039044982
5703543544.0,-0.1311831408,0.0148870489,0.1320251516003811,109.84274336132108
5705105105.0,-0.1332557931,-0.012569532,0.1338472992981518,110.04979095038668
5706666667.0,-0.1297598955,-0.0402588147,0.1358617041009712,110.2565822848898
5708228228.0,-0.1206672493,-0.0670566029,0.13804772017717873,110.46296322695686
5709789790.0,-0.1062269675,-0.0918431689,0.14042555429066314,110.66864856920012
5711351351.0,-0.0868703091,-0.1135737877,0.1429876073499176,110.87358276509937
5712912913.0,-0.0632646569,-0.1312911074,0.14573871035175606,111.07750414640378
5714474474.0,-0.0362412433,-0.144183788,0.14866873389505522,111.28028612681621
5716036036.0,-0.006798271,-0.1516140583,0.15176639668512013,111.48172989884247
5717597598.0,0.023962095,-0.1531597973,0.15502291929184575,111.68173273154453
5719159159.0,0.0548294215,-0.1486082399,0.15840036119971637,111.87999767863514
5720720721.0,0.0846087466,-0.1380054886,0.16187697453605854,112.07652267657697
5722282282.0,0.1121132287,-0.1216296172,0.1654180758857902,112.27124676967745
5723843844.0,0.1362129932,-0.0999542384,0.1689521508907989,112.46427783452756
5725405405.0,0.1559085229,-0.0737584324,0.17247542973700689,112.65544846774908
5726966967.0,0.1703234565,-0.0439231766,0.1758957795876359,112.84495335545903
5728528529.0,0.1787943945,-0.0115394437,0.1791663870973769,113.03288461995477
5730090090.0,0.180846828,0.0222002546,0.18220435368554289,113.21948164603066
5731651652.0,0.1763010832,0.0560288059,0.18498999710274394,113.40504321244067
5733213213.0,0.1651774614,0.0885977951,0.1874384246922975,113.58966139562676
5734774775.0,0.1477898408,0.1186503405,0.1895250388324859,113.7738006165271
5736336336.0,0.1247077196,0.1449892008,0.19124299641151554,113.9577934244303
5737897898.0,0.0966932586,0.1665427134,0.1925774172776263,114.14210568220165
5739459459.0,0.0647513259,0.1823588729,0.19351354663476758,114.32694183909983
5741021021.0,0.0300556808,0.1917635044,0.19410457379495288,114.51266360148034
5742582583.0,-0.006115616,0.1942782273,0.19437445912951093,114.69960011310559
5744144144.0,-0.0423799585,0.1897079501,0.19438407139888242,114.88791887024684
5745705706.0,-0.077340536,0.1781133664,0.19418014779865614,115.07778664425152
5747267267.0,-0.1096344958,0.1598684348,0.193849526991226,115.26924996867737
5748828829.0,-0.1379700857,0.1355290269,0.19340077993774032,115.46245507209146
5750390390.0,-0.1612528933,0.1060002193,0.19297290506511341,115.65740061584884
5751951952.0,-0.1784482252,0.0722864458,0.19253337197334452,115.85404710630614
5753513514.0,-0.1888557321,0.0356451847,0.1921901837746249,116.05237978394783
5755075075.0,-0.1919794306,-0.0025085466,0.19199581917204495,116.25199418597255
5756636637.0,-0.1875773075,-0.0407695353,0.1919567693454115,116.45294742761043
5758198198.0,-0.1757483672,-0.0776260841,0.19212833603132648,116.65484904930103
5759759760.0,-0.1568343724,-0.1116732247,0.1925303339242899,116.85769277730736
5761321321.0,-0.1315064312,-0.1415447116,0.19320674633378493,117.06107316794552
5762882883.0,-0.1006341629,-0.1660088679,0.19412928414853692,117.26476047133694
5764444444.0,-0.0653414832,-0.184091202,0.19534349254730932,117.46865486284905
5766006006.0,-0.0269711477,-0.1950015123,0.19685789953045388,117.6722840058288
5767567568.0,0.0130699872,-0.1982128941,0.19864333855658484,117.87556832813856
5769129129.0,0.0532237697,-0.1935237138,0.20070923612037125,118.07811353181877
5770690691.0,0.0919663367,-0.1810112791,0.20303420954961227,118.27980697640926
5772252252.0,0.127762024,-0.1610815726,0.2055976843446094,118.4802753093
5773813814.0,0.1592242806,-0.1344256323,0.20838095438845253,118.67937247384464
5775375375.0,0.1850840917,-0.1019596109,0.21130992228310863,118.87700023633155
5776936937.0,0.2043023282,-0.0649104993,0.21436607527152196,119.07288941369565
5778498498.0,0.2160748922,-0.0246311705,0.21747425962499953,119.26701711528536
5780060060.0,0.2198780176,0.0173500368,0.2205614798659713,119.45926523061314
5781621622.0,0.2154816083,0.0594689472,0.22353719868655197,119.64979935279362
5783183183.0,0.2029854407,0.1000813807,0.2263169721850121,119.83859066177565
5784744745.0,0.1828004998,0.1376014918,0.22880164613200507,120.02577409066379
5786306306.0,0.1556472945,0.1706124542,0.2309430445224901,120.21175572243779
5787867868.0,0.1225160044,0.1977588984,0.23263437671703283,120.3966667267179
5789429429.0,0.0846189178,0.2179942122,0.23384148007216723,120.58105005999388
5790990991.0,0.0433981954,0.2304508905,0.23450163388816628,120.76517850558692
5792552553.0,0.000405092,0.2346151274,0.23461547712042935,120.9495905413906
5794114114.0,-0.0427181677,0.2302675189,0.2341964391531331,121.13474721429884
5795675676.0,-0.0842604423,0.2175260497,0.2332753832590968,121.32087793160618
5797237237.0,-0.1226463644,0.1968390733,0.23192186502816065,121.50853415395319
5798798799.0,-0.1563661359,0.1689646109,0.23021600333792103,121.69800953848822
5800360360.0,-0.1840772593,0.1349493422,0.2282449612841697,121.88950826698829
5801921922.0,-0.2046319145,0.0961073893,0.22607709019269748,122.08303126503884
5803483483.0,-0.2172042195,0.0539371722,0.22380100874110603,122.27871220222504
5805045045.0,-0.2212655608,0.0100769903,0.22149490768332528,122.47660242196191
5806606607.0,-0.2165436397,-0.0337531689,0.2191584456627564,122.67674157403036
5808168168.0,-0.2032372589,-0.0758044068,0.2169140186698073,122.87911623337264
5809729730.0,-0.1817360618,-0.1144562555,0.21477483693779095,123.08415264913691
5811291291.0,-0.1529050848,-0.14816089,0.21291222201481833,123.29175496691936
5812852853.0,-0.1178717664,-0.1756013421,0.2114936988696765,123.50174333590027
5814414414.0,-0.078041012,-0.195591384,0.21058582347589214,123.71326558622978
5815975976.0,-0.034963493,-0.2072451276,0.21017371090767115,123.92577759814246
5817537538.0,0.0096603948,-0.2100251351,0.210247189283151,124.13887379489854
5819099099.0,0.0540412119,-0.2037378188,0.21078318574545346,124.3521880072053
5820660661.0,0.0964241055,-0.1885402729,0.21176648135784285,124.5656551595439
5822222222.0,0.1350936722,-0.1649962025,0.2132464468822448,124.77899057859652
5823783784.0,0.1684226451,-0.1339398524,0.21518845564624126,124.99186191847737
5825345345.0,0.1949964903,-0.0965195994,0.2175768009178701,125.20408161851671
5826906907.0,0.2137119905,-0.0541655305,0.22046931663571356,125.41548207083488
5828468468.0,0.2236601793,-0.0085572743,0.22382382077865082,125.6254646358848
5830030030.0,0.2243244331,0.0385261209,0.22760868453826139,125.83378972274974
5831591592.0,0.2155657448,0.0852363444,0.23180557529501772,126.04024733921189
5833153153.0,0.1975931366,0.1297058484,0.236361280121322,126.24458754466747
5834714715.0,0.1710022738,0.1701401585,0.24122489751096443,126.44657717057025
5836276276.0,0.1367248716,0.2048688424,0.2463025235363059,126.64600785976782
5837837838.0,0.0960201321,0.2324730586,0.2515225412231287,126.8428074867002
5839399399.0,0.0503591543,0.2517404207,0.25672803476835987,127.037064627718
5840960961.0,0.0014920859,0.261806716,0.26181096780508956,127.22880334330384
5842522523.0,-0.0486762273,0.2622039668,0.2666838864832609,127.41805550426953
5844084084.0,-0.0982379679,0.2526845393,0.27110915650043005,127.60529667094234
5845645646.0,-0.1452776591,0.2335603569,0.27505642793585316,127.79095119605833
5847207207.0,-0.1878491486,0.2054334532,0.2783706276233566,127.97521876688387
5848768769.0,-0.2243270443,0.1692616787,0.2810198190176561,128.15890423582889
5850330330.0,-0.2531426938,0.1263654334,0.28293010830007187,128.34230214274868
5851891892.0,-0.2731767263,0.0782847855,0.2841725381397121,128.52620638862086
5853453453.0,-0.2834691691,0.0268222776,0.2847353234249236,128.71095818047695
5855015015.0,-0.2835152102,-0.0260301356,0.28470764368752827,128.8968542492797
5856576577.0,-0.2732297187,-0.078283223,0.28422305005778276,129.08433455811618
5858138138.0,-0.2528741123,-0.1278791629,0.2833697178167028,129.2734982826274
5859699700.0,-0.2231262147,-0.1728882141,0.28226874120426076,129.46451197142423
5861261261.0,-0.1850364908,-0.2115416441,0.2810486970546378,129.6574323435956
5862822823.0,-0.1399614518,-0.2422426294,0.2797690109511585,129.8521787359645
5864384384.0,-0.0896090971,-0.2637924769,0.2785969510818707,130.04862965859277
5865945946.0,-0.0358006072,-0.2752238121,0.27754248363582973,130.24674325916996
5867507508.0,0.0193972795,-0.276039765,0.2767204479492911,130.44624967860162
5869069069.0,0.0738765615,-0.2660857457,0.27615099203839255,130.64691585863355
5870630631.0,0.12556096,-0.2457041047,0.2759276385985104,130.8485238460633
5872192192.0,0.1724231511,-0.2154764821,0.2759707545618649,131.05095480880985
5873753754.0,0.2126680977,-0.1765827697,0.2764221306883007,131.25393363049866
5875315315.0,0.2446176002,-0.1304376306,0.27722147428391813,131.45701398052478
5876876877.0,0.2670275933,-0.0787613174,0.2784009351675632,131.66006883209215
5878438438.0,0.2790160638,-0.0234391813,0.27999885549491077,131.86308166682872
5880000000.0,0.2799288376,0.0333849922,0.2819125960724019,132.065593209484
5881561562.0,0.2697122763,0.0895323985,0.28418438093619847,132.26740119242655
5883123123.0,0.2486805958,0.1428462787,0.2867875486590745,132.46828722898113
5884684685.0,0.2175238774,0.1912308189,0.2896305635396493,132.66805332665754
5886246246.0,0.1774042254,0.2328348156,0.29271882506128644,132.8665940162898
5887807808.0,0.1298095537,0.2659817976,0.2959676281053733,133.0636544815128
5889369369.0,0.0765206127,0.2893539656,0.2993010550873975,133.25915293809305
5890930931.0,0.0195506427,0.3019674649,0.30259969842700735,133.45303381337376
5892492492.0,-0.0389536201,0.3033239393,0.3058149713002377,133.645411191524
5894054054.0,-0.0967252213,0.2932741964,0.30881308701154453,133.83626539760323
5895615616.0,-0.1515280272,0.2721511529,0.31149156176680476,134.0257206377271
5897177177.0,-0.2012498206,0.2407072691,0.31375385207055545,134.21404310596546
5898738739.0,-0.243950795,0.2001183419,0.31553025393127887,134.4014736095677
5900300300.0,-0.2779470339,0.1518471242,0.3167208594040152,134.58847311095778
5901861862.0,-0.301912446,0.0977820974,0.317352270547488,134.7752694541521
5903423423.0,-0.3148293398,0.0398983044,0.3173474245884137,134.9624261452057
5904984985.0,-0.3161904997,-0.0194852832,0.3167903223930932,135.1500314093109
5906546547.0,-0.3058570772,-0.0781505893,0.3156834906694742,135.3386451038217
5908108108.0,-0.2842044148,-0.1338161227,0.31413198513725393,135.52853657647466
5909669670.0,-0.2520333181,-0.1843141509,0.31223788952413156,135.719915051983
5911231231.0,-0.2105646942,-0.2276561481,0.310104518205183,135.9128644291075
5912792793.0,-0.1613451829,-0.2621685919,0.30783865680557926,136.10759594365157
5914354354.0,-0.1062890451,-0.28643706,0.3055217675546432,136.3039570904068
5915915916.0,-0.0474951249,-0.2995122455,0.30325463243571216,136.5020150034537
5917477477.0,0.0127535929,-0.3008428877,0.30111309704417333,136.70164793122512
5919039039.0,0.0721190213,-0.2903537493,0.2991762907816011,136.9027369127933
5920600601.0,0.1282411444,-0.2684337781,0.29749367109580954,137.10496074670974
5922162162.0,0.1789645028,-0.2358801272,0.2960873649285619,137.30833238255434
5923723724.0,0.2222776788,-0.1939657592,0.2950086138314411,137.51259168817913
5925285285.0,0.2564274829,-0.1443001468,0.29424069459021357,137.7175104957458
5926846847.0,0.2800822439,-0.0888269168,0.2938303668722027,137.9229650020321
5928408408.0,0.2922519474,-0.0297210557,0.2937593265089891,138.12872849809474
5929969970.0,0.2924248714,0.0306840163,0.29403029481603626,138.33462375406708
5931531532.0,0.2805037361,0.0900002374,0.2945885074101073,138.5405525406903
5933093093.0,0.2569971793,0.145836377,0.29549246864284456,138.7462282956431
5934654655.0,0.2227526928,0.1959816506,0.2966944042639693,138.9516285790607
5936216216.0,0.1790802401,0.2383954978,0.2981646286291911,139.1566110090232
5937777778.0,0.1276132779,0.2713220259,0.2998346051323344,139.36123472794515
5939339339.0,0.0705163046,0.2934289748,0.3017832209825772,139.56502731531376
5940900901.0,0.0098953302,0.3037660079,0.3039271378394333,139.76830909805074
5942462462.0,-0.0517857116,0.3018239588,0.3062343253647809,139.97079445914454
5944024024.0,-0.1120762508,0.2876150128,0.3086802254458952,140.17244664366208
5945585586.0,-0.1685799612,0.261620878,0.31123092250559614,140.37327845004904
5947147147.0,-0.2190013911,0.2247659724,0.31381738583554086,140.57328188127366
5948708709.0,-0.2613071078,0.1784867397,0.3164473429111649,140.77240769747308
5950270270.0,-0.2937305563,0.1245278135,0.31903732703149057,140.97068631211158
5951831832.0,-0.3149330628,0.0649648735,0.3215637865703471,141.16824128118364
5953393393.0,-0.3239756716,0.0021834053,0.32398302894962744,141.3649301022784
5954954955.0,-0.3204000807,-0.0614228879,0.32623455192628276,141.5610782137337
5956516517.0,-0.3042418667,-0.1232936223,0.3282749316547878,141.7566923285692
5958078078.0,-0.2760692911,-0.1809600891,0.33009211946899986,141.95189291255087
5959639640.0,-0.2369222915,-0.23208599,0.3316565677985151,142.14675617899246
5961201201.0,-0.1881881379,-0.2745980202,0.3328946499180019,142.34165867451975
5962762763.0,-0.1318256805,-0.3068214121,0.33394219404311,142.53666348411855
5964324324.0,-0.0699431446,-0.3272858849,0.33467610301799644,142.73192618707503
5965885886.0,-0.0049157423,-0.3351767024,0.3352127478991486,142.92780066806213
5967447447.0,0.0606642332,-0.3300139394,0.3355433643928171,143.1242594520636
5969009009.0,0.1242024582,-0.3119213098,0.3357397118755395,143.32140667941945
5970570571.0,0.1831772142,-0.2814725194,0.3358283355815231,143.5193904117327
5972132132.0,0.2352165508,-0.2397988236,0.335902220251955,143.71821762306894
5973693694.0,0.2781923547,-0.1884496274,0.3360122740030927,143.91786021731636
5975255255.0,0.3103295636,-0.1293656156,0.3362140695207942,144.118301737941
5976816817.0,0.3302622924,-0.0647934246,0.3365581222503759,144.3195347782474
5978378378.0,0.3370900935,0.0027280893,0.33710113261018204,144.52135494532453
5979939940.0,0.3304415697,0.070569737,0.3378930581797281,144.72366328056148
5981501502.0,0.3104124824,0.1360729377,0.33892735741459173,144.92639552512938
5983063063.0,0.2777139842,0.1966190645,0.34027064749268776,145.1293311587125
5984624625.0,0.2335162302,0.2497621434,0.3419224444849761,145.3322636313003
5986186186.0,0.1794271326,0.2933201776,0.343847091743341,145.53507244853085
5987747748.0,0.11755369,0.3255261823,0.34610138022757,145.73751254710962
5989309309.0,0.0502252417,0.3450132809,0.34864988011070036,145.93949904590917
5990870871.0,-0.0200162457,0.3508708792,0.351441352095202,146.1410439543623
5992432432.0,-0.0903831245,0.3427539724,0.354470583815304,146.34188603879
5993993994.0,-0.1581200864,0.3208152052,0.3576651473245074,146.54198548869982
5995555556.0,-0.220524689,0.2857947771,0.3609844776111369,146.74125271945417
5997117117.0,-0.2751214731,0.2389454551,0.3643991705172504,146.93971292725416
5998678679.0,-0.3197181802,0.182003317,0.3678925415789265,147.13734361162582
6000240240.0,-0.3523716655,0.1170727895,0.37131095955890553,147.33408637231707
6001801802.0,-0.3717581725,0.0466331033,0.37467156970329124,147.53006715739286
6003363363.0,-0.3769777733,-0.0266196514,0.37791645558626275,147.72535102164082
6004924925.0,-0.3676517572,-0.0998599343,0.3809722050893583,147.92007171898663
6006486486.0,-0.3440273513,-0.1702051778,0.38382889546309984,148.11428801645081
6008048048.0,-0.3068698409,-0.2348929393,0.3864502454223374,148.30816953010515
6009609610.0,-0.2574895135,-0.2913179462,0.3888020001757357,148.5018148854491
6011171171.0,-0.197751399,-0.3372332279,0.3909371635011316,148.69529634708374
6012732733.0,-0.1298548065,-0.3706959026,0.39278202985317584,148.8887089140987
6014294294.0,-0.0563596618,-0.390380085,0.39442746131933765,149.08227047907405
6015855856.0,0.0199241896,-0.3953395377,0.39584128561844895,149.27600610671053
6017417417.0,0.0961259793,-0.3852618665,0.397072927401816,149.4701667465485
6018978979.0,0.1692509013,-0.3603817098,0.3981467623241884,149.6647198353993
6020540541.0,0.2364859702,-0.3215621747,0.39915892361217303,149.8597609481024
6022102102.0,0.2951035756,-0.270068784,0.40002908447154634,150.0553161243907
6023663664.0,0.3428447902,-0.2078855634,0.400947574674567,150.2513683666003
6025225225.0,0.3776969134,-0.1372736264,0.4018693903457862,150.44784171795783
6026786787.0,0.3982042992,-0.060900786,0.40283441962769384,150.64468478863307
6028348348.0,0.4034822597,0.0183122842,0.4038976029208886,150.84180184760964
6029909910.0,0.3932532932,0.0974224351,0.40514106614049744,151.0392927311796
6031471471.0,0.3676907491,0.1733154265,0.4064907428670375,151.2369231996614
6033033033.0,0.327699683,0.2430097998,0.40797162283317767,151.4345265824375
6034594595.0,0.2747220845,0.3038258418,0.4096124581326889,151.63210800045135
6036156156.0,0.2106922893,0.3533388635,0.4113874004268319,151.82955690119587
6037717718.0,0.1380323869,0.3895629156,0.4132943322186793,152.02671992510753
6039279279.0,0.0595084684,0.4110121971,0.4152978256339455,152.22345769581088
6040840841.0,-0.0219700193,0.4167840575,0.4173627107615218,152.4199081509709
6042402402.0,-0.1032490292,0.4065279828,0.41943457514871085,152.6159625321487
6043963964.0,-0.1811893173,0.3805563123,0.4214886422372674,152.811602986003
6045525526.0,-0.2527568716,0.3397804737,0.4234817663711335,153.00681833137764
6047087087.0,-0.315179645,0.2856479862,0.42536217584834857,153.20175397054066
6048648649.0,-0.3659958392,0.2201446598,0.4271025937057395,153.39652200096424
6050210210.0,-0.4031110184,0.1457307584,0.428644313037423,153.5911437382378
6051771772.0,-0.4250403551,0.065268853,0.4300224722447301,153.78567103761907
6053333333.0,-0.4307599676,-0.0182580066,0.4311467319738823,153.9804002404461
6054894895.0,-0.4200475765,-0.1015746305,0.4321543382690204,154.17530230549465
6056456456.0,-0.3931356926,-0.1814889104,0.43300565515274847,154.37053517341107
6058018018.0,-0.3509237167,-0.2548374823,0.43369297587987826,154.56612813699402
6059579580.0,-0.2949820223,-0.3187822173,0.43432303133370914,154.76219619254505
6061141141.0,-0.2273444969,-0.37077267,0.43492285878031633,154.9587935425352
6062702703.0,-0.1505661663,-0.4087228242,0.4355737795785042,155.1558802755371
6064264264.0,-0.067525979,-0.4310337211,0.43629098840707337,155.35343887205292
6065825826.0,0.0185762894,-0.436749193,0.4371440679158574,155.55134381452334
6067387387.0,0.1044940667,-0.4255410877,0.4381828696975763,155.7496278509338
6068948949.0,0.186921883,-0.3977353813,0.43946925248772767,155.94816893163548
6070510511.0,0.2626903235,-0.3542373931,0.44101058573555646,156.14691766241992
6072072072.0,0.3288215921,-0.2965997311,0.4428261960631632,156.34570925145897
6073633634.0,0.3827222403,-0.2269150764,0.44493456273689147,156.54445194071027
6075195195.0,0.4222674815,-0.1477679551,0.44737589841964936,156.74301200391864
6076756757.0,0.4457608441,-0.062137294,0.45007085379791806,156.94112914240816
6078318318.0,0.4522807214,0.0268279044,0.4530756972125077,157.13888018827157
6079879880.0,0.4414197432,0.1158202733,0.4563613977913126,157.33622993153546
6081441441.0,0.4134849486,0.2013064852,0.4598848809238269,157.53270767076611
6083003003.0,0.3694264678,0.2801699737,0.4636497916253636,157.72848289045447
6084564565.0,0.3107969075,0.3493102225,0.46755999535307025,157.92330881349483
6086126126.0,0.2397222686,0.4061191218,0.4715925223689767,158.11719037476553
6087687688.0,0.1588364485,0.4483119877,0.4756181826713715,158.30992956839955
6089249249.0,0.0711269331,0.4743715957,0.47967431807339456,158.50159844803935
6090810811.0,-0.0201136562,0.4831841533,0.4836026107931694,158.69203229616616
6092372372.0,-0.1114858223,0.4744239303,0.48734705725510075,158.8812333735089
6093933934.0,-0.199546532,0.4482982601,0.4907037277644366,159.06921733759503
6095495495.0,-0.2809892566,0.4058201784,0.49360407162140435,159.25603500965178
6097057057.0,-0.3526895768,0.3485243715,0.495841885194094,159.44176709190333
6098618619.0,-0.411966101,0.2785839838,0.49731791080054705,159.62663090501582
6100180180.0,-0.4565678754,0.1986589562,0.4979152595831377,159.81081953836002
6101741742.0,-0.4847843545,0.1117314944,0.49749351474048276,159.99470425022392
6103303303.0,-0.4955949159,0.021111657,0.4960443757641182,160.1786524571767
6104864865.0,-0.4884981716,-0.0697423088,0.493451571375852,160.3630358327585
6106426426.0,-0.4638881519,-0.1573250277,0.4898401594540848,160.54819661867802
6107987988.0,-0.4226681352,-0.2383778937,0.48525495640775684,160.7347410816068
6109549550.0,-0.3664901344,-0.3097501719,0.4798543399872607,160.92291453858854
6111111111.0,-0.2975248738,-0.3687252457,0.47379252563356383,161.11308676184856
6112672673.0,-0.2184509054,-0.4130748156,0.4672810731808573,161.30556833384637
6114234234.0,-0.1323116219,-0.4410924184,0.46050937760242106,161.5005983597645
6115795796.0,-0.0425571621,-0.451758657,0.4537587423074616,161.69809553430449
6117357357.0,0.0474066617,-0.4446315257,0.4471516356001038,161.8982404885586
6118918919.0,0.1341155836,-0.4200004314,0.44089381050379317,162.10110990641462
6120480480.0,0.2140819156,-0.3788712145,0.4351717635183498,162.3063475735426
6122042042.0,0.2841730078,-0.3228953246,0.43013450106988416,162.5137203564178
6123603604.0,0.3416221786,-0.2542687144,0.4258618227007899,162.72297613783942
6125165165.0,0.3841799566,-0.1757110398,0.4224554515694821,162.93385499505447
6126726727.0,0.4101599492,-0.0903619923,0.41999580186017554,163.14597281704357
6128288288.0,0.4184963857,-0.0015634717,0.4184993061974175,163.35908207763973
6129849850.0,0.4088829201,0.0871218289,0.41806154501506576,163.57275136834085
6131411411.0,0.3815950404,0.1721781807,0.4186407777164564,163.78667482549253
6132972973.0,0.3376902958,0.2502261353,0.42029496150283,164.00052963078676
6134534535.0,0.2788562592,0.3180782525,0.42300660515938915,164.213827527424
6136096096.0,0.2073072878,0.3729806522,0.4267210780949652,164.42631952906393
6137657658.0,0.1258538359,0.4126895547,0.4314531916317556,164.6376132301303
6139219219.0,0.0376783596,0.4355205049,0.4371473080901881,164.8473157879382
6140780781.0,-0.0537909959,0.4404665437,0.44373894054831137,165.0551353504435
6142342342.0,-0.1450527556,0.4272508661,0.4512023985866581,165.26090684296182
6143903904.0,-0.2323803123,0.3961819372,0.4593046232166516,165.46408502083403
6145465465.0,-0.3125404935,0.3483632973,0.4680155413904027,165.66486271364198
6147027027.0,-0.3821718714,0.2855458162,0.4770657737028536,165.8627257807215
6148588589.0,-0.438553083,0.2100892174,0.4862779923835227,166.0576623846343
6150150150.0,-0.4793600783,0.1249227379,0.4953703413732137,166.24947772253736
6151711712.0,-0.5029422943,0.0332484241,0.5040400867995336,166.43839886019188
6153273273.0,-0.5083152557,-0.0613277426,0.5120014562379371,166.62447933383768
6154834835.0,-0.495157177,-0.1551639721,0.5188993044632637,166.80808159786076
6156396396.0,-0.4639098416,-0.2446244193,0.5244553819451176,166.98966700050752
6157957958.0,-0.4157599815,-0.3261917032,0.5284480953257351,167.16967033049747
6159519520.0,-0.3524508261,-0.396752785,0.5306923376343667,167.34887209549362
6161081081.0,-0.276361279,-0.4534819954,0.5310569429754981,167.52788931962917
6162642643.0,-0.1903829477,-0.4942372108,0.5296376943857986,167.70751906701
6164204204.0,-0.0978016445,-0.5173324941,0.5264960314367345,167.88836219848582
6165765766.0,-0.002166746,-0.5219311553,0.5219356527973743,168.07105558898283
6167327327.0,0.0929584808,-0.5076981767,0.5161382738929059,168.25629897507417
6168888889.0,0.1837610245,-0.4752212827,0.509512886644021,168.44418261354008
6170450450.0,0.266805674,-0.4255571285,0.5022789437113204,168.63521174101055
6172012012.0,0.3388713832,-0.3607121229,0.4949212563215546,168.82939563529942
6173573574.0,0.3970675553,-0.282997922,0.4875966235816616,169.0267914428291
6175135135.0,0.4391093495,-0.1954320539,0.4806357337005705,169.22726117047617
6176696697.0,0.4632254508,-0.101325893,0.47417797804317174,169.4306552242585
6178258258.0,0.4685266236,-0.0043773286,0.46854707130414175,169.6366608124939
6179819820.0,0.4546471108,0.0917160067,0.46380580121833526,169.84506185565613
6181381381.0,0.4220583674,0.1831408256,0.46008024027750094,170.05540744658978
6182942943.0,0.371971243,0.2663549415,0.45750143221681117,170.26742881516023
6184504505.0,0.3062597143,0.3379829224,0.45610028331186336,170.480602804593
6186066066.0,0.2274315693,0.3952135449,0.4559812110018186,170.69461593850426
6187627628.0,0.1385315235,0.4356659002,0.457160540292256,170.90893328223007
6189189189.0,0.0429592812,0.4576297871,0.459641732094043,171.12320047887508
6190750751.0,-0.0555127783,0.4601248265,0.46346145958023305,171.33686652391512
6192312312.0,-0.1530840896,0.4429539789,0.46866082182320556,171.549547628757
6193873874.0,-0.2458860283,0.4065322258,0.4751088186163782,171.76076868399437
6195435435.0,-0.3302877804,0.3521841165,0.4828288203871473,171.97012492117247
6196996997.0,-0.4028453415,0.2818749048,0.4916684158294701,172.17706465560633
6198558559.0,-0.4608175802,0.1982652292,0.5016591904182679,172.38128973014275
6200120120.0,-0.5016639509,0.1043798991,0.5124079263328426,172.58245547134126
6201681682.0,-0.5237587013,0.0038113421,0.5237725685028435,172.7803191712854
6203243243.0,-0.5260931385,-0.0995790767,0.5354343871037839,172.97466319595281
6204804805.0,-0.5084582093,-0.2018029359,0.547041292355908,173.16542004463122
6206366366.0,-0.4713657424,-0.2989701042,0.5581834701186179,173.35282896807806
6207927928.0,-0.4161067474,-0.3872169979,0.5684028753397505,173.5370468296173
6209489489.0,-0.3447006954,-0.463112027,0.577313882529506,173.7185402454626
6211051051.0,-0.2597298435,-0.5236455497,0.5845205328516268,173.89794725231596
6212612613.0,-0.1643946769,-0.5664086447,0.589783318333052,174.07591310712587
6214174174.0,-0.0622233837,-0.5896596334,0.5929335820650572,174.25325712322848
6215735736.0,0.0429387054,-0.5923861243,0.5939402770351604,174.43075004927633
6217297297.0,0.147086118,-0.5744296833,0.5929618766535064,174.60906245030236
6218858859.0,0.2462387377,-0.5363635731,0.5901859016383638,174.7887790433949
6220420420.0,0.3366697158,-0.4795437478,0.5859255102749178,174.9705011725647
6221981982.0,0.4147930545,-0.4060808594,0.5804782015136163,175.15440335619684
6223543544.0,0.477697623,-0.3186790167,0.5742397885071436,175.34087601472373
6225105105.0,0.5228315475,-0.2206362566,0.5674796778631864,175.52985954090613
6226666667.0,0.548477788,-0.115703798,0.5605490636875579,175.72128250197855
6228228228.0,0.5535240849,-0.0077387521,0.5535781795270183,175.91520863493122
6229789790.0,0.5377044823,0.0990767676,0.5467561761549433,176.11140357335594
6231351351.0,0.5017042821,0.2006458546,0.540338732320422,176.30963336208777
6232912913.0,0.4468172568,0.2932019302,0.5344277620476717,176.5099107031688
6234474474.0,0.3751529509,0.3731065268,0.5291013295293605,176.7118518588768
6236036036.0,0.2893691592,0.4373013155,0.5243729119950281,176.91541773242713
6237597598.0,0.1928817359,0.4833107601,0.520377415797647,177.12026819728746
6239159159.0,0.089368073,0.5094023224,0.5171821521845538,177.32631516829096
6240720721.0,-0.0171387157,0.5144937682,0.5147791498229904,177.533284418509
6242282282.0,-0.1225538301,0.498422127,0.5132680176626864,177.74108560150077
6243843844.0,-0.2227001954,0.4617199538,0.512621393201915,177.94939478333336
6245405405.0,-0.3136859937,0.4058379509,0.5129360048137265,178.15800302487528
6246966967.0,-0.3919439438,0.3328959788,0.5142370929665688,178.3666670560134
6248528529.0,-0.4543454477,0.2456303049,0.5164920449832509,178.57516456699565
6250090090.0,-0.4984304064,0.1474397731,0.5197801041939261,178.78317462321317
6251651652.0,-0.522257689,0.0420753639,0.5239498353534794,178.99039050891952
6253213213.0,-0.5249685268,-0.0663305857,0.5291424200816518,179.19646678142115
6254774775.0,-0.506315845,-0.1736319357,0.5352604823756308,179.4011456447305
6256336336.0,-0.4668476983,-0.2756165694,0.5421358379002746,179.60409564787207
6257897898.0,-0.4080307958,-0.3683800514,0.5497208315050904,179.80515446425028
6259459459.0,-0.3321052026,-0.4482152342,0.557844747006681,180.00389349744265
6261021021.0,-0.2418664656,-0.5119854026,0.5662406199287721,180.20024546442934
6262582583.0,-0.1408012635,-0.5572601647,0.5747729003394884,180.3940903641191
6264144144.0,-0.0327643015,-0.5820502429,0.5829716843147117,180.58534573404629
6265705706.0,0.0781700987,-0.5854458009,0.5906414734186977,180.7743148234467
6267267267.0,0.1876131144,-0.567180277,0.5974045089490572,180.9610303208697
6268828829.0,0.291359141,-0.5278531789,0.602925474266176,181.14593204178988
6270390390.0,0.3854008486,-0.4688941862,0.6069559884816694,181.32955154287106
6271951952.0,0.466067612,-0.3924882924,0.6093160744855255,181.51246810407582
6273513514.0,0.5301853683,-0.3015236277,0.6099287030635423,181.6952768608279
6275075075.0,0.575249383,-0.1994432312,0.6088427178782524,181.8786353482628
6276636637.0,0.5995074741,-0.0901797792,0.6062520961434468,182.06307018601507
6278198198.0,0.6018098238,0.0221930819,0.6022188945112958,182.24923443935032
6279759760.0,0.5822208148,0.1332091823,0.597265237089361,182.43729748984137
6281321321.0,0.5412747668,0.2386894761,0.5915665974134162,182.62769863845497
6282882883.0,0.4805355455,0.3344794503,0.5854834866689006,182.82044770582462
6284444444.0,0.4021752126,0.4168391269,0.5792234105633245,183.0156745025876
6286006006.0,0.3092984355,0.4825878139,0.5731984999348207,183.2132072138948
6287567568.0,0.2053987018,0.5291462379,0.5676128678816652,183.4129035372947
6289129129.0,0.0944466135,0.5546155664,0.5625998482890048,183.61449625921324
6290690691.0,-0.0193608028,0.5579432925,0.5582791043293677,183.8178566230576
6292252252.0,-0.1315650543,0.5390506665,0.5548738456325512,184.02255815745931
6293813814.0,-0.237913759,0.4985195855,0.5523809680361932,184.2284450675294
6295375375.0,-0.3342169215,0.4378883782,0.5508604018983061,184.43509555644968
6296936937.0,-0.4167500257,0.3594741368,0.5503655502927629,184.64222273823506
6298498498.0,-0.4822829793,0.2662341292,0.55088790481673,184.84956700999618
6300060060.0,-0.528235295,0.1617622522,0.5524486882241223,185.0568027049336
6301621622.0,-0.55276045,0.0500581743,0.5550224643187441,185.26365257773836
6303183183.0,-0.5548334231,-0.0645825464,0.5585794775037584,185.469844980937
6304744745.0,-0.5343241427,-0.1776831261,0.5630928722446754,185.67500122019817
6306306306.0,-0.4919086622,-0.2849171273,0.5684645119761462,185.87895705025394
6307867868.0,-0.4291334581,-0.3821333905,0.5746141775103447,186.0814952459303
6309429429.0,-0.3484204143,-0.4655431131,0.5814870379086906,186.28227562272735
6310990991.0,-0.2526856621,-0.5318617535,0.5888352644560362,186.4812358128325
6312552553.0,-0.14565945,-0.5785017986,0.5965576303742476,186.67810269780398
6314114114.0,-0.0313713475,-0.6036015286,0.6044162198123264,186.87283600576416
6315675676.0,0.0857306619,-0.6061249661,0.6121578398742747,187.06527142926515
6317237237.0,0.2012667697,-0.5859099967,0.61951500128606,187.25564557400602
6318798799.0,0.3106366305,-0.5436589548,0.6261470876260801,187.4438734640038
6320360360.0,0.4097139706,-0.480970137,0.6318210271830278,187.63032946228796
6321921922.0,0.4946045083,-0.4002358971,0.6362565464953006,187.81523128133733
6323483483.0,0.5619656081,-0.3043892726,0.6391073258547111,187.99914852114728
6325045045.0,0.6092309708,-0.1972585698,0.6403696738146272,188.18242853619773
6326606607.0,0.6344652426,-0.0828294162,0.6398490886572471,188.36574342283075
6328168168.0,0.6367079569,0.0344754689,0.6376406357311672,188.5496528316525
6329729730.0,0.6158258368,0.1501350431,0.6338627552057773,188.73468907405973
6331291291.0,0.5725721668,0.2596915541,0.6287118493116861,188.9213634964613
6332852853.0,0.5086338849,0.3589084628,0.6225140267800602,189.11005520691089
6334414414.0,0.4264288184,0.4439371509,0.6155661874333496,189.3010707242911
6335975976.0,0.3290515362,0.511471901,0.6081763058424208,189.49467481264685
6337537538.0,0.2203165143,0.5588522928,0.6007122869070676,189.69083290740213
6339099099.0,0.1044137983,0.5841922672,0.5934499526764739,189.88949117061924
6340660661.0,-0.0141502656,0.5865049864,0.5866756591922105,190.09047728255678
6342222222.0,-0.1309007644,0.5656473739,0.5805962122856734,190.29376990045765
6343783784.0,-0.2411455932,0.5223191892,0.5752986463797088,190.49888199854269
6345345345.0,-0.3406828236,0.4582645719,0.5710264478592555,190.70563181787773
6346906907.0,-0.4256241896,0.3759350839,0.5678759882928286,190.91366503862776
6348468468.0,-0.4925518568,0.2784665456,0.5658188302412042,191.12259643954872
6350030030.0,-0.5389540392,0.1697385531,0.5650510001570448,191.3320450080312
6351591592.0,-0.5627929185,0.0538759843,0.565365802642892,191.54171302223583
6353153153.0,-0.5632775104,-0.064570699,0.5669664266001742,191.75128756132733
6354714715.0,-0.5401691359,-0.1809387413,0.5696679063122487,191.96037184620218
6356276276.0,-0.4943457505,-0.2906594356,0.5734637116162791,192.1686772619681
6357837838.0,-0.4275684266,-0.3893278437,0.5782654488254432,192.3757721391414
6359399399.0,-0.3423498682,-0.473128404,0.5839982182576798,192.58156637922198
6360960961.0,-0.2419241231,-0.5386628228,0.5904954851686575,192.78582651068334
6362522523.0,-0.1301519378,-0.5832895917,0.5976338968788901,192.9884102238309
6364084084.0,-0.0113542846,-0.6051669644,0.605273470903763,193.1891881622082
6365645646.0,0.1098713519,-0.603283689,0.6132070803421812,193.3880959681836
6367207207.0,0.2288325691,-0.5775424029,0.621224252447063,193.58518979256363
6368768769.0,0.3408314697,-0.5287977545,0.6291209390110174,193.78047574282124
6370330330.0,0.4414640107,-0.45876905,0.6366785012714284,193.97412588280477
6371891892.0,0.5267650755,-0.37016325,0.643818512018009,194.16620187273082
6373453453.0,0.5933641988,-0.266139842,0.650316452134921,194.3571162503022
6375015015.0,0.6384182188,-0.150654668,0.6559532384903324,194.54700296007326
6376576577.0,0.6601255082,-0.0281107725,0.6607237714104549,194.7361862535225
6378138138.0,0.657513535,0.0968885118,0.6646137467935905,194.92504757512503
6379699700.0,0.6304782349,0.2194373436,0.6675743797127358,195.11368023565228
6381261261.0,0.5799178075,0.3348787956,0.6696629534311374,195.30242489209002
6382822823.0,0.5075867662,0.4387693975,0.6709418077627048,195.4915522026608
6384384384.0,0.4162103605,0.526969872,0.6715119583322671,195.6810392714566
6385945946.0,0.3091177438,0.5960833491,0.67146789841829,195.87113885377764
6387507508.0,0.1903075356,0.6433985957,0.6709535833832899,196.0619556679606
6389069069.0,0.0642064901,0.6670050365,0.6700881972452042,196.253575652503
6390630631.0,-0.0644375819,0.6658817952,0.6689923520787767,196.44601076833172
6392192192.0,-0.1907610833,0.639953675,0.6677802760248278,196.6392405446331
6393753754.0,-0.3099909392,0.5900647411,0.6665364064141643,196.83326275445305
6395315315.0,-0.4175472451,0.5180236641,0.6653527023002079,197.02795324007874
6396876877.0,-0.5093617286,0.4264748346,0.6643268435864061,197.22327833725075
6398438438.0,-0.5819070045,0.3187799346,0.6635031338205896,197.41916968685368
6400000000.0,-0.6323516858,0.1989867678,0.6629211026159848,197.61546988201061
