Frequenze (Hz),Parte Reale,Parte Immaginaria,Ampiezza,Fase
1000000000.0,-0.3729710613,0.6326464628,0.7344038122590325,2.1034899280608816
1001601602.0,-0.2680692547,0.692555387,0.7426264803911407,1.940109011151983
1003203203.0,-0.1536239583,0.7381478572,0.7539645745343158,1.7759880612407157
1004804805.0,-0.0294588819,0.7674869897,0.7680521499752253,1.609161051978952
1006406406.0,0.1035935104,0.7776392889,0.7845090688053852,1.4383606930590425
1008008008.0,0.2435422387,0.7646462372,0.8024940436508712,1.2624517776982578
1009609610.0,0.3866141744,0.7243386878,0.8210584963879367,1.0805163815791157
1011211211.0,0.5262330285,0.6535920427,0.8391089074518518,0.8929291508865238
1012812813.0,0.654142813,0.55095267,0.8552494749368057,0.6999783397692337
1014414414.0,0.7609467995,0.4178095133,0.868104153355619,0.5021253385857312
1016016016.0,0.837266658,0.2592027673,0.8764710669351652,0.30022436095187005
1017617618.0,0.8759133947,0.0831221352,0.8798486030988996,0.0946143245331384
1019219219.0,0.8714219,-0.0926986965,0.8763385054488985,-0.1059778209932221
1020820821.0,0.8280161553,-0.2608661565,0.8681370312599712,-0.30520594445439464
1022422422.0,0.7498815201,-0.4118296349,0.8555267046500384,-0.5022233741524171
1024024024.0,0.6446652781,-0.5381434223,0.839756907534857,-0.6955820614861802
1025625626.0,0.5212602471,-0.6357833188,0.8221512474424006,-0.8840558713788378
1027227227.0,0.3878136639,-0.7042277473,0.8039503454659217,-1.067420811353077
1028828829.0,0.2509571156,-0.7451992952,0.7863214758842902,-1.2459603681940348
1030430430.0,0.1158470506,-0.7611490067,0.7699145079378071,-1.4197552668608264
1032032032.0,-0.0138076931,-0.7553094593,0.7554356568873369,-1.5890751330657173
1033633634.0,-0.1360497089,-0.7307659359,0.7433225251286132,-1.754863124798574
1035235235.0,-0.2482608631,-0.6896866725,0.7330082962499669,-1.9163180987094044
1036836837.0,-0.3543523085,-0.6351054574,0.7272719577699545,-2.079716946787299
1038438438.0,-0.4494694934,-0.5669271453,0.7234840796971692,-2.241142034723337
1040040040.0,-0.5334362164,-0.4875408565,0.7226688617367578,-2.401116638488862
1041641642.0,-0.6058957937,-0.3976028797,0.7247052937360715,-2.5608550292454484
1043243243.0,-0.6661070241,-0.2977323486,0.7296184749293495,-2.721258214756863
1044844845.0,-0.7129179798,-0.1885269056,0.7374241927528717,-2.8830664808989845
1046446446.0,-0.7446280241,-0.0701549115,0.7479255349850298,-3.0476552335982943
1048048048.0,-0.7588721291,0.0566466307,0.7609834092110217,-3.216100290965671
1049649650.0,-0.7525590373,0.1896304717,0.7760829984087186,-3.3884347826995964
1051251251.0,-0.7224967844,0.3261349803,0.7926951676676359,-3.5656101323338376
1052852853.0,-0.6653114343,0.4619220721,0.8099452483368741,-3.74847915323052
1054454454.0,-0.5784009129,0.5905800686,0.8266392402197793,-3.9374090489768894
1056056056.0,-0.4619375611,0.7033004627,0.8414379663344472,-4.131238535088745
1057657658.0,-0.3207130375,0.7904763522,0.853059034188077,-4.326960259700825
1059259259.0,-0.1581664618,0.8457007065,0.8603640593451878,-4.5275007521688595
1060860861.0,0.0163572293,0.862027581,0.8621827586742177,-4.731362000366325
1062462462.0,0.1903812415,0.8366880119,0.8580744993135828,-4.936121134112707
1064064064.0,0.3513585874,0.7720337103,0.8482269193908596,-5.139482453924279
1065665666.0,0.4891993639,0.6748295345,0.8334932022960063,-5.339646615439174
1067267267.0,0.5973261279,0.5546924572,0.8151577915634377,-5.5347780603031875
1068868869.0,0.6738779298,0.421865735,0.7950359505321908,-5.723847862490781
1070470470.0,0.7197436904,0.2850401749,0.774131049098041,-5.9061059245207534
1072072072.0,0.7388424278,0.150420691,0.7539990168417434,-6.082340529888908
1073673674.0,0.7352375766,0.0222841445,0.7355752015536805,-6.252885815690364
1075275275.0,0.7125248917,-0.0973386436,0.7191429154416976,-6.41895573095686
1076876877.0,0.6751696162,-0.2083866056,0.7065967648051789,-6.58255278749051
1078478478.0,0.6246730972,-0.3083174661,0.6966176413699019,-6.741672563625706
1080080080.0,0.563790065,-0.3978261988,0.6900180590711821,-6.897678643432715
1081681682.0,0.4938822665,-0.477486534,0.6869593025169033,-7.05170607477599
1083283283.0,0.4154466095,-0.5477637793,0.6874889404623645,-7.205100019910461
1084884885.0,0.3283439868,-0.6084647668,0.691403750427127,-7.3591372427149535
1086486486.0,0.2323696962,-0.6588646345,0.6986403096779479,-7.514919507070055
1088088088.0,0.1269251945,-0.6979417128,0.7093889197506967,-7.674091101506235
1089689690.0,0.0122698222,-0.7230895416,0.7231936350024921,-7.8370146553831255
1091291291.0,-0.1107554982,-0.7313467284,0.7396856207355349,-8.00428006354628
1092892893.0,-0.2408703427,-0.7190302971,0.758302769439839,-8.17722542699727
1094494494.0,-0.3752834046,-0.6818583537,0.7783112798094614,-8.357119025451043
1096096096.0,-0.5082531675,-0.6162211451,0.798780183744025,-8.543656837123788
1097697698.0,-0.6292702143,-0.5205394169,0.8166653458741592,-8.733663597267538
1099299299.0,-0.73264606,-0.3956678685,0.8326603817865101,-8.929603488568535
1100900901.0,-0.8082749783,-0.2437246645,0.8442216253043409,-9.131911839164234
1102502503.0,-0.8467851379,-0.0732085176,0.8499438550972126,-9.338537743257444
1104104104.0,-0.8427255742,0.1033698813,0.8490416513756529,-9.546829654505283
1105705706.0,-0.7962596708,0.2724763207,0.8415894537627795,-9.754482973556549
1107307307.0,-0.7127998629,0.4219638103,0.8283339313061812,-9.959280100767895
1108908909.0,-0.6018784695,0.5430740451,0.8106707781269405,-10.158861506154311
1110510511.0,-0.4739708993,0.6326231067,0.7904811247044489,-10.352575587474117
1112112112.0,-0.3391979407,0.6899815807,0.7688496762569335,-10.538665735128669
1113713714.0,-0.2048547816,0.7190547313,0.7476664952699826,-10.718032651773274
1115315315.0,-0.07542294,0.7238888568,0.7278074586574766,-10.891757552352338
1116916917.0,0.0457612748,0.7086431534,0.7101191541790836,-11.060060657548615
1118518519.0,0.1583939794,0.6766548752,0.6949463812713145,-11.225517869077567
1120120120.0,0.2613884374,0.6308888288,0.6828943033230321,-11.388362292106223
1121721722.0,0.3527518633,0.574143325,0.6738504542579737,-11.546512522748225
1123323323.0,0.4336345167,0.5084141853,0.6682244217984743,-11.70175871876812
1124924925.0,0.5045312925,0.4345792241,0.665891077527758,-11.855322724069632
1126526527.0,0.5658574971,0.3531937362,0.6670386213070362,-12.008365244229081
1128128128.0,0.6176016889,0.2641531615,0.6717207298145395,-12.16220853397456
1129729730.0,0.6588894618,0.1671615524,0.6797634202219708,-12.317910793472059
1131331331.0,0.688283393,0.0618486972,0.6910566477684226,-12.476751963410067
1132932933.0,0.703613357,-0.0520702495,0.705537431347056,-12.640240025888621
1134534535.0,0.7015176804,-0.1732050671,0.7225835945985156,-12.808429981687476
1136136136.0,0.6785935333,-0.2996995925,0.74182816688317,-12.982257489523253
1137737738.0,0.6307360913,-0.4281128526,0.7623048153000945,-13.162692809281857
1139339339.0,0.5543691779,-0.5527345388,0.7828413988720643,-13.350292278412
1140940941.0,0.4477190627,-0.665488051,0.8020764958086886,-13.544952226377005
1142542543.0,0.3136328619,-0.7546952413,0.8172701385126276,-13.74330592208483
1144144144.0,0.157443324,-0.8131875074,0.8282887917046772,-13.945920615983097
1145745746.0,-0.0130472217,-0.8331258499,0.8332280070699054,-14.15282622628339
1147347347.0,-0.1848680333,-0.8105904424,0.8314042669161842,-14.361397621792952
1148948949.0,-0.3443539591,-0.7474084627,0.8229210528741028,-14.568908529509619
1150550551.0,-0.4803429922,-0.6507108962,0.808797910846125,-14.773061448588141
1152152152.0,-0.5860203568,-0.5306636205,0.7905844273106872,-14.972096985679418
1153753754.0,-0.6590575471,-0.3981406898,0.7699823759436891,-15.16453003910278
1155355355.0,-0.7011699824,-0.2622757064,0.7486173190532232,-15.350021887816714
1156956957.0,-0.7164711302,-0.1295773188,0.7280941985467692,-15.529042377130036
1158558559.0,-0.7088248292,-0.0048758231,0.7088415987661218,-15.701084634472721
1160160160.0,-0.6831852011,0.1102537045,0.6920244925998074,-15.8679656149049
1161761762.0,-0.642999429,0.2149474775,0.6779754300695114,-16.03057345372087
1163363363.0,-0.5911631314,0.3089987699,0.6670487896146479,-16.18960260396868
1164964965.0,-0.5291273705,0.3935716074,0.6594500620696491,-16.34749266847111
1166566567.0,-0.4578436484,0.4693558877,0.6556796136062779,-16.50577693343508
1168168168.0,-0.3787358412,0.5339413396,0.6546252298401843,-16.661805235279516
1169769770.0,-0.2922850072,0.5884350039,0.657028370200783,-16.817742736442742
1171371371.0,-0.1984319196,0.6322364012,0.6626447718940128,-16.974638790802395
1172972973.0,-0.0974695846,0.6643680792,0.6714799063129097,-17.133088581883342
1174574575.0,0.0106318778,0.6832602199,0.6833429336163143,-17.29431884950212
1176176176.0,0.1254383952,0.6867391139,0.6981012831606231,-17.459425921221523
1177777778.0,0.2458112135,0.6717905248,0.7153500275343546,-17.6295324310957
1179379379.0,0.3694248687,0.6348058187,0.7344747518256768,-17.805800853179804
1180980981.0,0.4922282712,0.571969809,0.7546112465210397,-17.98936642068513
1182582583.0,0.6070747278,0.4809461643,0.7744991530584955,-18.179567381005395
1184184184.0,0.7056473779,0.361052653,0.7926520296924016,-18.37662263017493
1185785786.0,0.7781589859,0.2148440654,0.8072728038120173,-18.580174060563635
1187387387.0,0.8152483638,0.0496249832,0.816757328486361,-18.788759936120282
1188988989.0,0.8103570778,-0.1235284795,0.8197181703415737,-19.00082848058052
1190590591.0,0.7625486787,-0.2875657185,0.8149690361256291,-19.2101763027175
1192192192.0,0.6781177325,-0.4320575983,0.8040630742545672,-19.416839280651356
1193793794.0,0.5647971433,-0.548947465,0.7876161072564266,-19.620724064562946
1195395395.0,0.4336182939,-0.6327883934,0.7671023240914474,-19.819594308115768
1196996997.0,0.2958058209,-0.6832477592,0.7445324600916632,-20.01177495680903
1198598599.0,0.1597930234,-0.7034291878,0.7213504228710763,-20.196980070301517
1200200200.0,0.0313586049,-0.6982037794,0.6989076331459817,-20.37546915578025
1201801802.0,-0.085963646,-0.6727378286,0.67820788440054,-20.547445294843385
1203403403.0,-0.1907134383,-0.6318918116,0.6600446023681564,-20.71347191329115
1205005005.0,-0.2828327559,-0.5794626142,0.6448032948624619,-20.874430511159073
1206606607.0,-0.3633725831,-0.518188461,0.6328972391015107,-21.0319074934933
1208208208.0,-0.4322774595,-0.4501517336,0.6240996597137828,-21.185497421166662
1209809810.0,-0.4911905115,-0.3764368712,0.6188479915023374,-21.337248618590504
1211411411.0,-0.5406661982,-0.2973044625,0.6170169214036642,-21.48839333345362
1213013013.0,-0.5808413616,-0.2129268065,0.6186392424277903,-21.6397771736792
1214614615.0,-0.6111406855,-0.1232561946,0.6234460898752057,-21.792136045064787
1216216216.0,-0.632388711,-0.0260496301,0.6329250074286751,-21.949979416327327
1217817818.0,-0.6402166835,0.0769732051,0.6448273227268724,-22.11080415799716
1219419419.0,-0.6335632795,0.1845375858,0.6598913165845475,-22.27457650904206
1221021021.0,-0.6096118427,0.29603465,0.6776895400998248,-22.443219439363556
1222622623.0,-0.5649562436,0.4091530785,0.6975541547640941,-22.617945855097236
1224224224.0,-0.4960915588,0.5198469889,0.7185733967946563,-22.799925221530874
1225825826.0,-0.4005357262,0.6214818906,0.7393704134642607,-22.989456467892403
1227427427.0,-0.2779706212,0.7054097559,0.7582022091561139,-23.186573541405227
1229029029.0,-0.1318790438,0.761916095,0.7732452508833477,-23.390554369947854
1230630631.0,0.0298509589,0.782021794,0.7825913148241731,-23.60009789654638
1232232232.0,0.1950750652,0.7602186924,0.7848482282181377,-23.813129257857664
1233833834.0,0.3490271007,0.6970078711,0.7795125973314364,-24.026192800342603
1235435435.0,0.4788265841,0.5994809276,0.7672367823540728,-24.235914215372706
1237037037.0,0.5769779607,0.4782757803,0.7494339791836934,-24.440605796407294
1238638639.0,0.6407461981,0.345487422,0.7279541531853573,-24.638231099597924
1240240240.0,0.6724282709,0.211398296,0.7048751797710481,-24.82814413715839
1241841842.0,0.6767123219,0.0833033764,0.6818203716015893,-25.010257308402206
1243443443.0,0.6588153372,-0.0325583308,0.6596193549574118,-25.18212056482375
1245045045.0,0.6257248324,-0.1354932247,0.6402265066533974,-25.34598700224699
1246646647.0,0.5811235083,-0.2275106867,0.6240718263642461,-25.505899854606596
1248248248.0,0.5274191196,-0.3087759018,0.6111574962741129,-25.66239120687493
1249849850.0,0.4665645163,-0.3798891389,0.6016628671643585,-25.816096797681297
1251451451.0,0.3962972862,-0.443975647,0.5951184034950971,-25.97482013134223
1253053053.0,0.324106288,-0.4960618618,0.5925556991993421,-26.124804896428756
1254654655.0,0.2469697044,-0.5398210348,0.5936335439511199,-26.27446173764884
1256256256.0,0.1644329762,-0.5752278554,0.5982685762181339,-26.425105850186384
1257857858.0,0.0758960263,-0.601657938,0.6064259898508161,-26.57805552266209
1259459459.0,-0.0191049283,-0.6177020707,0.617997448564649,-26.734456732803668
1261061061.0,-0.1202912174,-0.6214152128,0.632950901478814,-26.894748857541433
1262662663.0,-0.227465121,-0.60996809,0.6510003472270908,-27.06047740338988
1264264264.0,-0.3392953428,-0.5794201514,0.6714529331935102,-27.233284694394456
1265865866.0,-0.4522635343,-0.5260292794,0.6937212028211409,-27.413675613071113
1267467467.0,-0.5606242955,-0.4460257565,0.7164067114190574,-27.602289204354722
1269069069.0,-0.6562410183,-0.3373729836,0.7378840045444723,-27.79947063753847
1270670671.0,-0.7284479692,-0.2000658162,0.7554222492377203,-28.006296179975912
1272272272.0,-0.7682975029,-0.0407094937,0.7693752763376829,-28.22139675941861
1273873874.0,-0.7648045305,0.1250908449,0.774966895648531,-28.43645759884683
1275475475.0,-0.7184759987,0.2853952007,0.7730835538870011,-28.65244401476566
1277077077.0,-0.6336003932,0.4261149283,0.7635596835764108,-28.866384365261123
1278678679.0,-0.5204255529,0.5368255965,0.7476793946397423,-29.075242767448895
1280280280.0,-0.3912555094,0.6131801946,0.7273725487572014,-29.277183202173994
1281881882.0,-0.2572965304,0.6559612522,0.7046181014873732,-29.471328311163056
1283483483.0,-0.1270433894,0.6693618657,0.6813114779919863,-29.657563453735616
1285085085.0,-0.0056508539,0.6589238166,0.6589480466869218,-29.836554535813335
1286686687.0,0.1040797987,0.6298321972,0.63837387252864,-30.008900235734313
1288288288.0,0.2013382604,0.5869423034,0.6205145950107829,-30.175581380172495
1289889890.0,0.2860856215,0.5336294791,0.605479482553768,-30.337249021823304
1291491491.0,0.3590876082,0.4725226387,0.5934825645685031,-30.49496095358908
1293093093.0,0.4214235944,0.4053579055,0.5847331677512082,-30.64995752916888
1294694695.0,0.4737678401,0.3331233443,0.5791607107104517,-30.803098802989894
1296296296.0,0.5167162504,0.256412437,0.5768388174141148,-30.955295851241853
1297897898.0,0.5498616037,0.1767155901,0.5775605448850598,-31.10497051872178
1299499499.0,0.5743521383,0.0920095278,0.5816752805266537,-31.25707913191711
1301101101.0,0.5890542752,0.0012751485,0.5890556553799432,-31.41376180072518
1302702703.0,0.5920316422,-0.0939221426,0.5994354295807044,-31.57325915985792
1304304304.0,0.5815557463,-0.1931568493,0.6127941371178847,-31.736601039270184
1305905906.0,0.5552128512,-0.2954027131,0.6289070464261585,-31.90488660312737
1307507508.0,0.5102233855,-0.3985093977,0.6474084052329707,-32.079004617015485
1309109109.0,0.4435898275,-0.4989363327,0.6676147086078952,-32.259978796537226
1310710711.0,0.3527663342,-0.5912049087,0.6884528528634923,-32.448740394619584
1312312312.0,0.2369920264,-0.6675520189,0.7083720198558412,-32.64558595002992
1313913914.0,0.0986176857,-0.7187686665,0.7255024768221072,-32.85037056135101
1315515516.0,-0.0555652745,-0.7354289469,0.7375250746033679,-33.06213450253349
1317117117.0,-0.2137680225,-0.7112900106,0.7427181474980321,-33.27867102840727
1318718719.0,-0.3614413066,-0.6458079748,0.7400728061697663,-33.49696223916874
1320320320.0,-0.4845176687,-0.5454823402,0.729594650989542,-33.71300099990698
1321921922.0,-0.5742328512,-0.4217036759,0.7124446348067011,-33.92409169347939
1323523524.0,-0.6277826804,-0.2873319042,0.690413439166277,-34.12828599100793
1325125125.0,-0.6478268636,-0.1541482292,0.665913899665196,-34.32391663400883
1326726727.0,-0.6401383603,-0.0303971179,0.6408596610055896,-34.51006960094217
1328328328.0,-0.611611894,0.0799992371,0.6168216815408237,-34.68758146281743
1329929930.0,-0.5682958285,0.175712981,0.5948404831401506,-34.85738826645341
1331531532.0,-0.5141551407,0.2585043573,0.57548241628335,-35.02338434337549
1333133133.0,-0.4538419405,0.3276188385,0.5597379836109879,-35.1827784421237
1334734735.0,-0.3904974569,0.383638559,0.5474183115287283,-35.33405751651115
1336336336.0,-0.3242786278,0.4301942843,0.538724187959145,-35.48238954339488
1337937938.0,-0.2555251671,0.4683408097,0.533513097357445,-35.628859297092134
1339539540.0,-0.18430553,0.4988243335,0.5317840201437988,-35.77439320813589
1341141141.0,-0.1102043911,0.5220704252,0.533575239948623,-35.920278590484685
1342742743.0,-0.0325889646,0.5378870662,0.5388733957052837,-36.067802485668835
1344344344.0,0.0492794796,0.5453882288,0.5476100685919206,-36.218427511365356
1345945946.0,0.1358795511,0.5431503608,0.5598888879450169,-36.373453523843246
1347547548.0,0.2270743423,0.5286967923,0.5753981709384267,-36.53399003642841
1349149149.0,0.3220049844,0.4990601627,0.5939261367986719,-36.701325074073914
1350750751.0,0.4186207119,0.4507281779,0.61514160222238,-36.8767976845034
1352352352.0,0.5121147243,0.3800962538,0.6377575189659931,-37.06061552806546
1353953954.0,0.5961765946,0.2843293809,0.6605071754279662,-37.25409697800163
1355555556.0,0.6617954842,0.1631782656,0.6816160277397654,-37.45736493300942
1357157157.0,0.698402427,0.0208151393,0.6987125446587951,-37.66931672984074
1358758759.0,0.6969491696,-0.1331578042,0.7095555974167881,-37.88789485236047
1360360360.0,0.6539022096,-0.2835613051,0.7127377592563605,-38.108281884310564
1361961962.0,0.570882874,-0.4165657461,0.7067066411534206,-38.329485306752574
1363563564.0,0.4576134327,-0.5213525231,0.6936991474192639,-38.549526825859964
1365165165.0,0.3275768115,-0.5895122459,0.6744117848159006,-38.7627189224084
1366766767.0,0.1943503426,-0.6216820606,0.6513529305534745,-38.966913839522924
1368368368.0,0.0678565465,-0.6230182209,0.6267026523609964,-39.16141997751897
1369969970.0,-0.0459889988,-0.6005432982,0.6023016196421528,-39.34633798856483
1371571572.0,-0.1446832691,-0.5611409292,0.5794932189257287,-39.522249750854805
1373173173.0,-0.2281545967,-0.5104000838,0.5590731307605353,-39.69027389934422
1374774775.0,-0.2976138414,-0.4524195168,0.5415324715789532,-39.851766116315765
1376376376.0,-0.3545234274,-0.3900466148,0.5270893873835658,-40.00763281786054
1377977978.0,-0.4007146694,-0.324947786,0.5159101761921867,-40.15934002486108
1379579580.0,-0.4376420594,-0.2579174434,0.507988168923121,-40.30816439297814
1381181181.0,-0.4663830586,-0.1890269599,0.5032338908679812,-40.45563400998608
1382782783.0,-0.4875084194,-0.118367127,0.5016724386889522,-40.60251353916698
1384384384.0,-0.5011944572,-0.0453667901,0.5032435092199203,-40.75043316100569
1385985986.0,-0.507160078,0.0298998049,0.5080406903487398,-40.89959169421744
1387587588.0,-0.5047378673,0.1077774814,0.5161165567810044,-41.051076706115595
1389189189.0,-0.4923326326,0.1887653163,0.5272795897440803,-41.206827964218874
1390790791.0,-0.4681148051,0.2723448385,0.5415747241253067,-41.367627189382084
1392392392.0,-0.4294338031,0.3573797523,0.5586892504773462,-41.53478034586035
1393993994.0,-0.3731059304,0.4416074101,0.5781220804941455,-41.709985828863495
1395595596.0,-0.2961059372,0.5206557817,0.5989667512163998,-41.894400996958076
1397197197.0,-0.1958162342,0.587559391,0.6193303121344539,-42.08980678615312
1398798799.0,-0.0726402858,0.6348468282,0.6389891285434409,-42.29757453540743
1400400400.0,0.0638144127,0.6504328748,0.6535558154349469,-42.50929851590264
1402002002.0,0.205489041,0.6296215765,0.66230587764676,-42.72697054760519
1403603604.0,0.3391448224,0.5699126646,0.6631890046074344,-42.94829637016158
1405205205.0,0.4504825325,0.4764878743,0.6557249472473548,-43.16885222024446
1406806807.0,0.5299369904,0.3606478973,0.6410149137275365,-43.384745424787404
1408408408.0,0.5744954126,0.2356932829,0.6209640107950087,-43.59297617148099
1410010010.0,0.5872074191,0.1132067482,0.598020334841635,-43.79184538987961
1411611612.0,0.5742658901,0.0008634159,0.5742665391778992,-43.9807936389668
1413213213.0,0.5427111858,-0.0977446273,0.5514430554086778,-44.16049112958861
1414814815.0,0.4986673217,-0.1816203739,0.5307118407827615,-44.33157602831187
1416416416.0,0.4468008621,-0.2515428702,0.5127424557433851,-44.49505612880173
1418018018.0,0.3900849525,-0.309371648,0.4978725607554238,-44.65280915129225
1419619620.0,0.3305882685,-0.3567421655,0.4863677373299523,-44.80572838163605
1421221221.0,0.2691906119,-0.395009621,0.47801274691964024,-44.95490642178242
1422822823.0,0.2061712907,-0.4256401005,0.4729440730811139,-45.10202026824717
1424424424.0,0.1413118521,-0.449434489,0.4711267339544885,-45.248459048042776
1426026026.0,0.0743329374,-0.4666170587,0.472500650848601,-45.39511906107127
1427627628.0,0.0046603843,-0.476988189,0.4770109554583872,-45.5433233483146
1429229229.0,-0.0677142552,-0.4802514365,0.4850017140357385,-45.69316761577786
1430830831.0,-0.1431541119,-0.4738268433,0.4949797745216672,-45.846497078908236
1432432432.0,-0.2233822311,-0.4578164928,0.5094070692981265,-46.00703824485791
1434034034.0,-0.3063531656,-0.4278400533,0.5262122891769897,-46.17450759797253
1435635636.0,-0.3898358439,-0.3814810816,0.5454354231326849,-46.349323031926815
1437237237.0,-0.4703925245,-0.3157217214,0.566523902822522,-46.53276371610886
1438838839.0,-0.5424431038,-0.2280318923,0.5884242217703962,-46.72593936892612
1440440440.0,-0.5978762325,-0.1179363012,0.6093972107986146,-46.92913147292444
1442042042.0,-0.6274411565,0.0114575954,0.6275457603732237,-47.14214860308936
1443643644.0,-0.6222080209,0.1520014202,0.6405054668112614,-47.36349054248176
1445245245.0,-0.5771211866,0.2905760391,0.6461449516336383,-47.59032730056478
1446846847.0,-0.49410351,0.4119145937,0.6432821395759066,-47.8188211482616
1448448448.0,-0.3825276837,0.5032548807,0.6321336122571387,-48.044747701374874
1450050050.0,-0.2561025821,0.5582080422,0.6141536867389499,-48.26454310282963
1451651652.0,-0.1284374545,0.577272915,0.5913883648762772,-48.475762016761166
1453253253.0,-0.0100783393,0.5661777644,0.5662674578536434,-48.67688734791007
1454854855.0,0.0931085852,0.5327005103,0.5407763329804902,-48.867724137275665
1456456456.0,0.1790851276,0.4844540392,0.5164951103589496,-49.04877031287661
1458058058.0,0.2481977864,0.427619924,0.49442991472566244,-49.220581747814876
1459659660.0,0.3023175057,0.366412896,0.4750308249027386,-49.384529802228876
1461261261.0,0.3437578986,0.3034745703,0.45854804292315715,-49.54224346424063
1462862863.0,0.3746625737,0.2404451664,0.4451807747158806,-49.69491844420181
1464464464.0,0.3966273763,0.1781374214,0.4347944532002024,-49.84335190730161
1466066066.0,0.4112588879,0.1165783715,0.42746273472472046,-49.98926160000962
1467667668.0,0.4194231563,0.0556269827,0.4230959054930221,-50.133624638706195
1469269269.0,0.4215322756,-0.0051856525,0.4215641711108347,-50.2777837478246
1470870871.0,0.4175871817,-0.0675550702,0.42301624298586427,-50.42586770870065
1472472472.0,0.407054634,-0.1296405364,0.4272003554995638,-50.57380994687291
1474074074.0,0.3901024671,-0.1914270764,0.43453913565587854,-50.72167026708181
1475675676.0,0.365158142,-0.2540599395,0.4448448285949111,-50.87335251869641
1477277277.0,0.3299923298,-0.317519319,0.45794481727065733,-51.03162001230346
1478878879.0,0.2824505975,-0.3801703173,0.47361145487001227,-51.19729977822415
1480480480.0,0.2199870916,-0.4394172736,0.4914080390151183,-51.37212435089037
1482082082.0,0.1405907736,-0.490697933,0.5104412082423586,-51.55724190798953
1483683684.0,0.0437059182,-0.5275444621,0.5293518364737043,-51.75361971864384
1485285285.0,-0.0681693984,-0.5419787144,0.5462490217299201,-51.96140046197954
1486886887.0,-0.1879853962,-0.526316442,0.558880583223295,-52.17932840202696
1488488488.0,-0.3040232203,-0.4763253487,0.5650804865643114,-52.404362280602335
1490090090.0,-0.4024364037,-0.3945030211,0.563549192777362,-52.63163143137918
1491691692.0,-0.4723827367,-0.2899309955,0.5542611587363871,-52.85659725012215
1493293293.0,-0.5092097676,-0.1752522851,0.5385238628436234,-53.07560775245344
1494894895.0,-0.5148852456,-0.0630634843,0.5187328977312203,-53.285201462484586
1496496496.0,-0.4953372757,0.0378433777,0.49678077452095776,-53.48332619844083
1498098098.0,-0.4584211276,0.1235096097,0.47476789478470616,-53.67024991514363
1499699700.0,-0.4108370523,0.1935116927,0.45412978184013897,-53.84726957424156
1501301301.0,-0.3576327073,0.2489933398,0.4357738365201447,-54.01526397960612
1502902903.0,-0.3019593852,0.2919579409,0.42002251078356484,-54.17563507384815
1504504505.0,-0.2457000068,0.324605145,0.4071080857732883,-54.32995645384975
1506106106.0,-0.190188683,0.3487922139,0.3972754002182086,-54.478660873494135
1507707708.0,-0.1346950516,0.3655789955,0.3896033352992704,-54.624861654064226
1509309309.0,-0.0790080082,0.3773773822,0.3855592742443841,-54.771491581101984
1510910911.0,-0.0234527776,0.3831236259,0.3838407814444919,-54.916733081000274
1512512513.0,0.0322672961,0.3834555195,0.38481075067183346,-55.0618223910405
1514114114.0,0.0886746025,0.3782408122,0.388496199649686,-55.20815220473994
1515715716.0,0.1461320538,0.3668321945,0.3948676184108946,-55.3569650597751
1517317317.0,0.2049348955,0.3480929974,0.4039394091104659,-55.509967448777005
1518918919.0,0.2647727839,0.3204969326,0.4157197504331073,-55.66834468952933
1520520521.0,0.3246063629,0.2818909741,0.4299207044493361,-55.833583134559696
1522122122.0,0.3824660558,0.2300357643,0.4463146162700633,-56.00717978413628
1523723724.0,0.4347294282,0.1627955781,0.4642112406997618,-56.19035689200654
1525325325.0,0.4760760334,0.0789481513,0.4825776623213776,-56.384332305684616
1526926927.0,0.4994910425,-0.0203021918,0.49990347121181383,-56.58929116098854
1528528529.0,0.4973493697,-0.1302105051,0.5141120220140591,-56.80472946242431
1530130130.0,0.4639074824,-0.2416323669,0.5230643870121561,-57.028866340303146
1531731732.0,0.398442129,-0.3419040131,0.5250280795690242,-57.2578467290147
1533333333.0,0.3070229609,-0.418980454,0.5194301871799992,-57.487071351919155
1534934935.0,0.2009212586,-0.4654181885,0.5069353433565562,-57.71193178798659
1536536537.0,0.0927648586,-0.4805010798,0.4893736881770862,-57.92875179100126
1538138138.0,-0.0071705762,-0.4688373853,0.4688922168451729,-58.13475727705362
1539739740.0,-0.0932809541,-0.437640875,0.44747164364747394,-58.3294665136735
1541341341.0,-0.163685848,-0.3940419767,0.4266873987325176,-58.513177191018336
1542942943.0,-0.2191612023,-0.343672827,0.40760599187420377,-58.68714606209099
1544544545.0,-0.2615325507,-0.2903803285,0.39079407653573256,-58.852641060166846
1546146146.0,-0.2929616213,-0.2365036502,0.37651094022969445,-59.01109289742715
1547747748.0,-0.3154844275,-0.1832934786,0.3648656236099688,-59.1639357176836
1549349349.0,-0.3307373944,-0.1312052325,0.3558118000992662,-59.312597639497845
1550950951.0,-0.3398758544,-0.0799463493,0.3491518511629684,-59.45923788837477
1552552553.0,-0.3448400067,-0.0286402503,0.34602730261946485,-59.607396863478186
1554154154.0,-0.3434867622,0.0207476015,0.34411279949261137,-59.75059003276187
1555755756.0,-0.338033859,0.0694079693,0.34508601251395515,-59.89277420107558
1557357357.0,-0.3278625615,0.1180875502,0.34848031328265705,-60.03596997300654
1558958959.0,-0.3121773594,0.1675176891,0.3542836150365425,-60.182765799058366
1560560561.0,-0.2900313875,0.2176236088,0.36259928411720643,-60.33398230664277
1562162162.0,-0.2599297149,0.2679753813,0.3733286242318899,-60.49089814567449
1563763764.0,-0.2200186785,0.3175557677,0.38632872594258727,-60.655145223686006
1565365365.0,-0.1683641577,0.3643371553,0.4013577610189278,-60.8281771890364
1566966967.0,-0.1031776375,0.40494893,0.4178866602180863,-61.01157332997849
1568568569.0,-0.023529713,0.4343067884,0.43494371342069627,-61.20693202834318
1570170170.0,0.0687780068,0.4457609627,0.4510357525591642,-61.414143019932304
1571771772.0,0.1685013167,0.4327209917,0.4643707036274631,-61.63239144845084
1573373373.0,0.2663097592,0.3907717524,0.472888412121643,-61.85925631940284
1574974975.0,0.3505481228,0.3205223843,0.47499324756880573,-62.091168132475744
1576576577.0,0.4106146027,0.2285927919,0.4699563984659806,-62.32387369180904
1578178178.0,0.4407939792,0.1263879737,0.4585556149421376,-62.55261646137414
1579779780.0,0.4414947095,0.026395564,0.44228305904179455,-62.772137336326296
1581381381.0,0.4185181413,-0.0626636387,0.42318337185235777,-62.98047642025385
1582982983.0,0.3793798144,-0.1365933389,0.40322051511056417,-63.17744740067675
1584584585.0,0.3308281686,-0.194612382,0.38382451246232824,-63.363594154186934
1586186186.0,0.2781046816,-0.2378831426,0.36596530363012464,-63.53945798710686
1587787788.0,0.2245561898,-0.2687395582,0.35020912683570204,-63.70658057204832
1589389389.0,0.1720986322,-0.2895031732,0.33679374474295104,-63.866311915867605
1590990991.0,0.121493304,-0.3022633623,0.3257664241534684,-64.02046726082291
1592592593.0,0.0731468307,-0.3084273766,0.3169825002706186,-64.16979087271243
1594194194.0,0.0261472495,-0.309704134,0.3108059350673748,-64.31842259468944
1595795796.0,-0.0193058292,-0.3059804873,0.3065889326923675,-64.46566083998782
1597397397.0,-0.0628957244,-0.2980645358,0.30462819903854965,-64.61061235525567
1598998999.0,-0.1055346184,-0.2860675917,0.30491346756394927,-64.75607460921927
1600600601.0,-0.1474615745,-0.2696191303,0.3073099272359216,-64.9031290758176
1602202202.0,-0.1888891391,-0.2481290195,0.3118447004327162,-65.05331406887167
1603803804.0,-0.229607584,-0.220699078,0.318477198022664,-65.20782818003329
1605405405.0,-0.2690186706,-0.1860792968,0.3271032708931138,-65.3683142858525
1607007007.0,-0.3057932489,-0.1429366857,0.33755059945394544,-65.53619260215777
1608608609.0,-0.3376945495,-0.0900554356,0.34949619489075084,-65.71283350327727
1610210210.0,-0.361300275,-0.0266974831,0.36228530789827845,-65.89968699112269
1611811812.0,-0.3720682762,0.0463920198,0.374949358788041,-66.09749237166336
1613413413.0,-0.3649525021,0.1261801647,0.38614992263727005,-66.30632405369381
1615015015.0,-0.335810068,0.2066136351,0.3942811128869865,-66.52501708363584
1616616617.0,-0.2835251161,0.2790537401,0.3978158887265777,-66.75089605746842
1618218218.0,-0.2116203107,0.334447027,0.3957751505209786,-66.98009133713039
1619819820.0,-0.1282198955,0.3662996147,0.38809244946455657,-67.20753067829195
1621421421.0,-0.043270125,0.3732364864,0.3757363151170419,-67.42882509569331
1623023023.0,0.0347790343,0.358615127,0.3602976415965926,-67.64092121002724
1624624625.0,0.1009057115,0.3283398937,0.34349533971838475,-67.84240166202667
1626226226.0,0.1530591961,0.2884601726,0.3265522755811082,-68.03207496437496
1627827828.0,0.1920901086,0.2441319768,0.3106429331535413,-68.2109001136399
1629429429.0,0.2198591703,0.1985689222,0.2962560912937893,-68.38047787204407
1631031031.0,0.238426553,0.1538660583,0.2837639601363091,-68.54194645476947
1632632633.0,0.2496827356,0.1109685676,0.273231571111201,-68.69681919019996
1634234234.0,0.2552078297,0.0702130459,0.2646902116715685,-68.84655963296991
1635835836.0,0.2562009416,0.031523386,0.2581330012641383,-68.99261207069574
1637437437.0,0.253397925,-0.0053799052,0.25345502909641904,-69.13626624449176
1639039039.0,0.2472409236,-0.040835113,0.2505904642166254,-69.27872391113412
1640640641.0,0.2378479234,-0.0753032905,0.24948390774921667,-69.42165654427859
1642242242.0,0.2250192211,-0.1098403249,0.25039677881032785,-69.5691510496517
1643843844.0,0.2081295583,-0.1430056544,0.25252431611337023,-69.71705351746543
1645445445.0,0.1879619708,-0.1746421675,0.25657277551626184,-69.86371931926863
1647047047.0,0.1630533274,-0.2055803119,0.2623921725530563,-70.01529262475032
1648648649.0,0.1324233343,-0.2351273494,0.26985331182514555,-70.17291490941248
1650250250.0,0.0949790512,-0.2621387177,0.2788148623804917,-70.33822361426301
1651851852.0,0.0496046696,-0.2847248985,0.28901365205117985,-70.51334631016566
1653453453.0,-0.0040228628,-0.2998915442,0.29991852511601913,-70.6992482934643
1655055055.0,-0.0650419702,-0.3037628018,0.3106481895084595,-70.89677047305375
1656656657.0,-0.1305481192,-0.2921993145,0.3200363273457051,-71.10600568309843
1658258258.0,-0.1951495355,-0.2621811301,0.32683678830018337,-71.32569775322686
1659859860.0,-0.2513854311,-0.2132925678,0.3296791689628728,-71.55302687511907
1661461461.0,-0.2917576792,-0.1493844443,0.3277777533192116,-71.78341731983946
1663063063.0,-0.3115388519,-0.0778501559,0.3211185186451016,-72.01175677103856
1664664665.0,-0.3105894156,-0.0072277402,0.31067350275031214,-72.2333641871621
1666266266.0,-0.2924760204,0.0558443035,0.2977596492851597,-72.44529654820987
1667867868.0,-0.2625877471,0.1076367493,0.28379216819166203,-72.64564927592946
1669469469.0,-0.2259995137,0.147420682,0.2698307574647145,-72.83462514835492
1671071071.0,-0.18662342,0.1762748108,0.256712114663629,-73.01352036195134
1672672673.0,-0.147232313,0.1958977432,0.24505770704506136,-73.18291749012056
1674274274.0,-0.1092515188,0.2079886758,0.23493655233093094,-73.34376379502564
1675875876.0,-0.0732248725,0.2143770651,0.22653787319901036,-73.49828180117933
1677477477.0,-0.039166141,0.2162928503,0.21981033572543873,-73.648289265846
1679079079.0,-0.0069481161,0.2145749797,0.21468744311345853,-73.79505783879638
1680680681.0,0.0236898022,0.2098293673,0.21116242589483916,-73.9398516185407
1682282282.0,0.0530201404,0.202325718,0.2091574322185354,-74.08371782489718
1683883884.0,0.0813404737,0.192128752,0.20863779620868772,-74.22791182310979
1685485485.0,0.1089074246,0.1790529865,0.20957289688214428,-74.37388462647941
1687087087.0,0.1357347556,0.1627530322,0.21192563169207723,-74.52255433522359
1688688689.0,0.1616358046,0.1425699401,0.2155280054860782,-74.67541789501192
1690290290.0,0.186689518,0.117758908,0.2207263838883444,-74.8354829980736
1691891892.0,0.2095024573,0.0873931361,0.22699964725111677,-75.00302411216636
1693493493.0,0.2285316988,0.0513280191,0.23422489812388408,-75.17729083716601
1695095095.0,0.2419410024,0.0090661898,0.24211081024978298,-75.36076848143955
1696696697.0,0.2469997748,-0.0389023541,0.25004455984038626,-75.5544399683318
1698298298.0,0.2407790721,-0.0907484755,0.25731274233296547,-75.75865486171122
1699899900.0,0.2207924476,-0.1429784743,0.26304400588181914,-75.97288845904343
1701501502.0,0.1861136944,-0.1902936051,0.26617656430492026,-76.19472614774817
1703103103.0,0.1385391332,-0.2271446871,0.26605976829570505,-76.42134136843859
1704704705.0,0.0827348763,-0.2490065761,0.26239156750441006,-76.64823594544696
1706306306.0,0.0248907,-0.2543115504,0.2555267336568558,-76.8714559279681
1707907908.0,-0.029078603,-0.2445223172,0.2462452613986491,-77.08738417101002
1709509510.0,-0.0751498722,-0.2232295052,0.23553962571829218,-77.29375122041394
1711111111.0,-0.1116179727,-0.1946472626,0.22437943013416203,-77.48967898086342
1712712713.0,-0.1385639746,-0.1623803887,0.2134651392881576,-77.67544384583614
1714314314.0,-0.1571001673,-0.129060276,0.20331506930595225,-77.85209297699433
1715915916.0,-0.1685836024,-0.0962772671,0.19413846388185427,-78.02092165747415
1717517518.0,-0.1744992568,-0.0650364612,0.18622494974941314,-78.18306067138066
1719119119.0,-0.1759480759,-0.0356509337,0.17952357640876576,-78.33990099662304
1720720721.0,-0.1738155852,-0.0082427937,0.17401092295140333,-78.4924292028339
1722322322.0,-0.1688236407,0.0173673895,0.16971460714165829,-78.64232870144666
1723923924.0,-0.1613949872,0.0413586961,0.1666099746005032,-78.79067580555956
1725525526.0,-0.1517548951,0.0637720143,0.16460989640568824,-78.93764013347221
1727127127.0,-0.1399460035,0.0849341714,0.16370307684043875,-79.0852988473455
1728728729.0,-0.1258332446,0.1048950242,0.163819936358436,-79.23471399558072
1730330330.0,-0.1091570659,0.1237142976,0.1649863402423313,-79.38764516816065
1731931932.0,-0.0896423599,0.1410484967,0.1671239992034987,-79.5444678915732
1733533534.0,-0.0668435468,0.1564886123,0.17016681676632345,-79.70692540776656
1735135135.0,-0.0403946271,0.1692179764,0.1739725536843643,-79.87628440852504
1736736737.0,-0.0100495436,0.1780938373,0.17837715159405132,-80.05424408224565
1738338338.0,0.0239505795,0.1814083293,0.18298254615619233,-80.24187928348518
1739939940.0,0.060596274,0.1773156689,0.18738397706350857,-80.4399121515813
1741541542.0,0.0978558934,0.1639191393,0.19090641713144418,-80.64880612626774
1743143143.0,0.1325117503,0.1401653091,0.19288773377969914,-80.86794998067256
1744744745.0,0.1602824446,0.1070346513,0.19273525527485796,-81.09263066423433
1746346346.0,0.1775104432,0.067703067,0.18998332223189202,-81.31703633199002
1747947948.0,0.1830320983,0.0261198923,0.18488644564127588,-81.53965945316659
1749549550.0,0.1772571959,-0.0133727251,0.17776091604998875,-81.75670884629791
1751151151.0,0.1625882863,-0.047359015,0.1693452897004844,-81.96484840850118
1752752753.0,0.1422097749,-0.074238649,0.16042131118543407,-82.16252974322778
1754354354.0,0.1188932888,-0.0939572048,0.15153735663363457,-82.35018570714304
1755955956.0,0.0948805881,-0.1072332137,0.14318270886748766,-82.52784840960295
1757557558.0,0.0715006449,-0.1152263552,0.1356077252732766,-82.69683164155275
1759159159.0,0.0494964072,-0.1190762688,0.12895368206080068,-82.85826391385379
1760760761.0,0.0291262786,-0.1197642362,0.1232550703932873,-83.01363985005644
1762362362.0,0.0103584435,-0.1180265446,0.11848022021400231,-83.16466593993248
1763963964.0,-0.0069209733,-0.114415194,0.11462432765114458,-83.31262168769243
1765565566.0,-0.0228330355,-0.1092194932,0.11158066680661623,-83.45829361084046
1767167167.0,-0.0375591788,-0.1026601966,0.10931517679664166,-83.60293816770027
1768768769.0,-0.0512544024,-0.0948844369,0.10784280287163908,-83.74747571010838
1770370370.0,-0.0640353697,-0.0858053483,0.10706580392216737,-83.89332552436225
1771971972.0,-0.0758814687,-0.075317951,0.10691487751902201,-84.04133044949005
1773573574.0,-0.0868026432,-0.0632558391,0.10740577287442048,-84.19325176535108
1775175175.0,-0.0965535899,-0.0493774828,0.10844690650378958,-84.3502758751976
1776776777.0,-0.1047676674,-0.0334173656,0.10996810654040146,-84.5142365751338
1778378378.0,-0.110784443,-0.0154140185,0.11185161946587359,-84.68475395634087
1779979980.0,-0.1137927262,0.004552971,0.1138837744411161,-84.86299140624527
1781581582.0,-0.1128889607,0.0262112737,0.1158919683019598,-85.05114552652596
1783183183.0,-0.1070278096,0.0485658136,0.11753123107669636,-85.24898476589648
1784784785.0,-0.0954771916,0.0700239908,0.11840292818753088,-85.45580076947883
1786386386.0,-0.0783323096,0.0885799215,0.11824700089311532,-85.66971805636533
1787987988.0,-0.0566021197,0.1020982847,0.11673842423647572,-85.88759168185136
1789589590.0,-0.0322878662,0.1091690437,0.11384369286930923,-86.10623536121801
1791191191.0,-0.0079595119,0.1094444527,0.10973350471250237,-86.32119928946202
1792792793.0,0.0142508358,0.1037544825,0.10472859666701051,-86.53029540766302
1794394394.0,0.0327865484,0.0936777535,0.0992495806378662,-86.73046646589987
1795995996.0,0.0471350951,0.0809045966,0.09363370622321203,-86.92132580892437
1797597598.0,0.0573597588,0.0668273882,0.08806839241877688,-87.10310653186176
1799199199.0,0.0643090457,0.0525535277,0.0830513493722971,-87.27945155470552
1800800801.0,0.0681192513,0.0387020004,0.07834588204005462,-87.44792268499876
1802402402.0,0.0695258245,0.0259276085,0.07420297268259589,-87.60764795755519
1804004004.0,0.0691845795,0.014230468,0.07063294033304038,-87.76173512124969
1805605606.0,0.0674286808,0.0035487085,0.06752199883331551,-87.91201374479253
1807207207.0,0.0646607218,-0.0061504517,0.0649525750052377,-88.05942780460266
1808808809.0,0.0609906442,-0.0149502196,0.06279623990351028,-88.20497775845153
1810410410.0,0.056571299,-0.0229524344,0.061050193410289076,-88.35002692832714
1812012012.0,0.0514680385,-0.0302569481,0.05970294712460664,-88.49605317850609
1813613614.0,0.0456707913,-0.0368413936,0.05867801513649108,-88.64339091277868
1815215215.0,0.0391542931,-0.0427398555,0.05796338427250076,-88.79374740841656
1816816817.0,0.031870449,-0.0478932786,0.05752818139415515,-88.94823273275045
1818418418.0,0.0237530984,-0.05212007,0.05727749453672867,-89.1077752050539
1820020020.0,0.0147843148,-0.0552316706,0.05717616112832693,-89.27384408535814
1821621622.0,0.0049632375,-0.0569300046,0.05714594605251914,-89.44842910240217
1823223223.0,-0.0054712382,-0.0567609123,0.05702399155241091,-89.63148469983982
1824824825.0,-0.0161727758,-0.0543504675,0.0567056610449576,-89.82461162640556
1826426426.0,-0.0264212996,-0.0493658644,0.055991728322245485,-90.0268109630408
1828028028.0,-0.0353299931,-0.0418093119,0.0547378020566914,-90.23699045441576
1829629630.0,-0.0419280033,-0.0321510172,0.05283602339048149,-90.45201088425341
1831231231.0,-0.0455125143,-0.0212812909,0.05024223621892369,-90.66880015002874
1832832833.0,-0.0459016295,-0.0104196938,0.04706941267576034,-90.88296920503097
1834434434.0,-0.0434830218,-0.0006624713,0.043488067939178435,-91.09095296106004
1836036036.0,-0.0390157903,0.0072578571,0.03968511537614064,-91.29010824887779
1837637638.0,-0.0334416903,0.0129879288,0.035875241387828785,-91.47663210511794
1839239239.0,-0.0275354915,0.0167242408,0.0322165100916123,-91.65200820395482
1840840841.0,-0.0218580141,0.0187623608,0.02880623132562077,-91.8155227705551
1842442442.0,-0.0167294783,0.0194739321,0.025673127499889477,-91.9672469047799
1844044044.0,-0.0122919665,0.0192515849,0.022841102460236684,-92.1087412362648
1845645646.0,-0.0086291547,0.0183124662,0.02024373308366504,-92.236625638864
1847247247.0,-0.0056495603,0.0170016225,0.017915710960378948,-92.35616719158551
1848848849.0,-0.0033451,0.0154434467,0.015801573971783348,-92.46367525880493
1850450450.0,-0.0017140316,0.0137532304,0.013859626645811305,-92.55299500949586
1852052052.0,-0.0005869236,0.0120974197,0.012111649049992535,-92.6285048652536
1853653654.0,5.86167e-05,0.0105527802,0.010552942995535934,-92.68253784529338
1855255255.0,0.000206358,0.0091366502,0.009138980276886697,-92.69956518098331
1856856857.0,4.26262e-05,0.0080011222,0.00800123574532455,-92.68231075817789
1858458458.0,-0.0005197663,0.0071323106,0.007151224475674642,-92.60423699517443
1860060060.0,-0.0013492347,0.0067383126,0.006872065990006415,-92.47936338540647
1861661662.0,-0.0023252492,0.0068380936,0.007222624725434764,-92.34920579279196
1863263263.0,-0.0034052692,0.0074746763,0.008213808137170623,-92.24950358054879
1864864865.0,-0.0042967098,0.0087593909,0.009756466780777705,-92.22094348110818
1866466466.0,-0.0048116826,0.0106917129,0.01172454750423952,-92.25409732583555
1868068068.0,-0.0046755543,0.0132209228,0.01402332370359496,-92.3370621830022
1869669670.0,-0.0035870464,0.0160934568,0.016488367222051405,-92.45767950387325
1871271271.0,-0.0013464419,0.0189492793,0.018997054818562904,-92.6060474559694
1872872873.0,0.0020650882,0.0213383427,0.021438037654048996,-92.77346110904736
1874474474.0,0.0063864713,0.0227775547,0.023655950916782353,-92.95034841428756
1876076076.0,0.0112653179,0.0229829811,0.025595405986837124,-93.13272724210104
1877677678.0,0.0162109393,0.0218966376,0.027244399262490965,-93.3142727567377
1879279279.0,0.0208508669,0.0196219304,0.028631779600715702,-93.49273662348557
1880880881.0,0.0248690774,0.0163975121,0.02978841072962499,-93.6648571004554
1882482482.0,0.0281693029,0.0124630486,0.0308032012342534,-93.83123561490392
1884084084.0,0.0307181439,0.0080923301,0.03176617967443478,-93.99019383420146
1885685686.0,0.0325562096,0.0034199848,0.032735349082472956,-94.14311486325626
1887287287.0,0.0337281674,-0.0014941744,0.033761247508053344,-94.29205115307161
1888888889.0,0.0342907245,-0.0065754433,0.03491547280685764,-94.43723557468924
1890490490.0,0.0342181363,-0.01174831,0.0361787733305246,-94.57850517719505
1892092092.0,0.0335133569,-0.0170806584,0.03761507652636464,-94.71913102510621
1893693694.0,0.0321898055,-0.0225507069,0.03930290014512336,-94.85887749365631
1895295295.0,0.0301194824,-0.0281454213,0.04122314835378787,-94.99930993389246
1896896897.0,0.0272104205,-0.0339044409,0.04347318824894734,-95.14227466576959
1898498498.0,0.0233602023,-0.0396381576,0.04600959236310797,-95.28603434300194
1900100100.0,0.0183634197,-0.0453256935,0.048904331856536906,-95.43364320310765
1901701702.0,0.0120070014,-0.0508382059,0.05223687645476514,-95.58664539125193
1903303303.0,0.0040464581,-0.0557691135,0.05591572089968024,-95.7461455291383
1904904905.0,-0.0056481397,-0.0597781631,0.06004440245086062,-95.91278126140419
1906506507.0,-0.0172188842,-0.0622030354,0.06454229300285715,-96.08863100630353
1908108108.0,-0.0304668577,-0.0622515604,0.06930718714784852,-96.273719875572
1909709710.0,-0.0448621353,-0.0590133939,0.07412956119708293,-96.46857479238051
1911311311.0,-0.0594742919,-0.0517464382,0.07883454359221485,-96.67334474039258
1912912913.0,-0.0727707783,-0.0400873579,0.08308178162383402,-96.88586009220907
1914514515.0,-0.0829861628,-0.0243409632,0.08648228550270777,-97.10406108834873
1916116116.0,-0.0886808592,-0.0057779088,0.08886888667329722,-97.32431026482811
1917717718.0,-0.0891201551,0.0137542622,0.09017528360761837,-97.54249803550385
1919319319.0,-0.0844830789,0.0323413831,0.0904619018219526,-97.75497670377571
1920920921.0,-0.075689743,0.0484733896,0.08988106972393818,-97.9589848926135
1922522523.0,-0.0638936872,0.0616981369,0.08882039946398904,-98.15729057121261
1924124124.0,-0.0503542522,0.07165546,0.08757885396848263,-98.34761452546702
1925725726.0,-0.0363003732,0.0782490409,0.08625908355778625,-98.52580896998793
1927327327.0,-0.0223569194,0.0821639244,0.08515129075866679,-98.69449916837154
1928928929.0,-0.0088057205,0.0838762683,0.08433723434793024,-98.85556711509582
1930530531.0,0.0042752434,0.0838140831,0.08392304946808683,-99.01113306953555
1932132132.0,0.0168247133,0.0822729174,0.08397561500301394,-99.16188615591754
1933733734.0,0.028866126,0.079407361,0.084491314412975,-99.30883639284892
1935335335.0,0.0405416589,0.0753110758,0.08553001955171818,-99.45400229064808
1936936937.0,0.0518861073,0.0699840145,0.08712020670477845,-99.59814255994324
1938538539.0,0.0629562381,0.0633476422,0.08931075908312006,-99.74246785343607
1940140140.0,0.0737015797,0.0552554241,0.09211451971728622,-99.8876441092521
1941741742.0,0.0840833598,0.0454382141,0.09557532472272168,-100.03552600043494
1943343343.0,0.0938745692,0.0336412588,0.09972045445210408,-100.18685845815288
1944944945.0,0.1027932515,0.0195429788,0.10463450948095232,-100.34308784839581
1946546547.0,0.1102181073,0.002791668,0.1102534561227744,-100.50564175053997
1948148148.0,0.1152656937,-0.01684339,0.11648982758522017,-100.67606461229069
1949749750.0,0.1168141514,-0.0392880013,0.12324403844994257,-100.85540925402762
1951351351.0,0.1135480808,-0.0640238415,0.1303542056620363,-101.0443776733266
1952952953.0,0.104022263,-0.089785381,0.13741195668847864,-101.24303595891135
1954554555.0,0.0872123842,-0.1145584104,0.1439778779925001,-101.45107243122833
1956156156.0,0.0630423425,-0.1356064465,0.14954412486033902,-101.66659243020682
1957757758.0,0.0328046416,-0.1500702778,0.15361390819022092,-101.88655128261433
1959359359.0,-0.0009341088,-0.1558797336,0.1558825323968571,-102.10775366670894
1960960961.0,-0.034805444,-0.1524287904,0.15635202293173017,-102.32625155073418
1962562563.0,-0.065749307,-0.1406582965,0.15526663435929228,-102.53902320823678
1964164164.0,-0.0916978006,-0.1226009392,0.15309956540630498,-102.74394083724663
1965765766.0,-0.1115946009,-0.100595317,0.15024238001429813,-102.93895002690807
1967367367.0,-0.1256576965,-0.0766987389,0.14721600877124907,-103.12454184753882
1968968969.0,-0.1345028748,-0.0521923764,0.1442742786630512,-103.30240463351983
1970570571.0,-0.1389315646,-0.0281793093,0.14176054851343176,-103.47244358564927
1972172172.0,-0.1397468197,-0.005071868,0.13983882673018153,-103.63628022863183
1973773774.0,-0.1375049455,0.0168790817,0.1385370471606539,-103.79469907335984
1975375375.0,-0.1327315777,0.0377231465,0.13798807013865944,-103.94946246880957
1976976977.0,-0.1256991288,0.0574582018,0.13820895750698836,-104.10130758248903
1978578579.0,-0.1165382007,0.0762829676,0.1392847564102265,-104.2521420864297
1980180180.0,-0.1052147424,0.0941577465,0.14119427482818353,-104.40255350040152
1981781782.0,-0.0915984771,0.1110735636,0.14397089128654608,-104.55375323120117
1983383383.0,-0.075446642,0.1269205019,0.14765164947139625,-104.70703255045305
1984984985.0,-0.0564946829,0.1414542362,0.1523185810559465,-104.86337790798456
1986586587.0,-0.034319082,0.1541361883,0.15791062007659834,-105.02427326159993
1988188188.0,-0.008634418,0.1642055322,0.16443238725775394,-105.19081928762975
1989789790.0,0.0207588256,0.1706722353,0.17193004607278445,-105.36438914971785
1991391391.0,0.0532322434,0.1722265566,0.18026552231552723,-105.54312244178435
1992992993.0,0.0883767311,0.1668217876,0.18878547459479297,-105.73053080265235
1994594595.0,0.1246702772,0.1534193552,0.19768706727327562,-105.9257373922835
1996196196.0,0.1598290351,0.1300732503,0.2060688499133323,-106.13103461479346
1997797798.0,0.1901332538,0.0963303113,0.2131435738551133,-106.34519971339103
1999399399.0,0.2114682123,0.0536570683,0.21816939701046234,-106.56565855970409
2001001001.0,0.2205659373,0.0055236733,0.2206350916417256,-106.78911227168913
2002602603.0,0.2160272647,-0.0432890515,0.2203218579114054,-107.01191785181514
2004204204.0,0.1989772675,-0.0878833137,0.21752110198474806,-107.23005966973342
2005805806.0,0.1724021741,-0.1247553928,0.21280605646242545,-107.44055986569569
2007407407.0,0.1400522896,-0.1523387331,0.20693412822614665,-107.6415442700168
2009009009.0,0.1052561415,-0.1707629179,0.20059618504146623,-107.83256442070983
2010610611.0,0.0704902496,-0.181163939,0.19439456803796246,-108.01387495880974
2012212212.0,0.0371790929,-0.1850499752,0.18874792255913028,-108.18667249395078
2013813814.0,0.0061183649,-0.1837516987,0.18385353182407219,-108.35166192980037
2015415415.0,-0.022466678,-0.1784629959,0.17987160010952008,-108.51017759738127
2017017017.0,-0.0486358197,-0.1701166768,0.17693254840013628,-108.66341497290192
2018618619.0,-0.0726619,-0.1593360086,0.17512200132533112,-108.81280317657483
2020220220.0,-0.0948081572,-0.1464338418,0.1744461426801044,-108.95952497473668
2021821822.0,-0.1152843359,-0.1315419256,0.17491070949047105,-109.10457318546645
2023423423.0,-0.134295871,-0.1145532043,0.17651577148528735,-109.24951479180669
2025025025.0,-0.151839176,-0.0953897206,0.17931629642758362,-109.3948252025256
2026626627.0,-0.167825074,-0.0736379966,0.18326977384819101,-109.54226002441567
2028228228.0,-0.1820077862,-0.048995601,0.18848714320816715,-109.6927814191714
2029829830.0,-0.1937872771,-0.0210323285,0.19492528724607305,-109.84763296933801
2031431431.0,-0.2022830006,0.0106159552,0.20256137548048989,-110.00817548243957
2033033033.0,-0.2062232174,0.0461391522,0.21132164290612174,-110.17585202651944
2034634635.0,-0.2039499084,0.0852435473,0.22104756839344722,-110.35163818727591
2036236236.0,-0.193416936,0.126725649,0.23123473191996763,-110.53576087235889
2037837838.0,-0.1729064272,0.1685717085,0.24148095882217685,-110.72844773472266
2039439439.0,-0.1407956609,0.2078325088,0.25103340383775596,-110.93110987882065
2041041041.0,-0.0971724134,0.2401754243,0.2590882327773022,-111.14208278014213
2042642643.0,-0.0443249157,0.2610760783,0.26481204053501767,-111.3583650362298
2044244244.0,0.0135046373,0.267279186,0.2676201384377251,-111.57702260531644
2045845846.0,0.0707241362,0.2578592307,0.26738228493756266,-111.79423052489602
2047447447.0,0.122210795,0.2345691027,0.2644960157658621,-112.00684630658273
2049049049.0,0.1643254786,0.2009613969,0.2595926539043784,-112.21197807610002
2050650651.0,0.1956415354,0.1611633519,0.2534743307897521,-112.40826863668465
2052252252.0,0.2164420966,0.1187550213,0.2468804088310111,-112.59551494192416
2053853854.0,0.2279883043,0.0764278428,0.24045765126660226,-112.77388161451641
2055455455.0,0.2319549432,0.035800197,0.2347014055777128,-112.94420266750491
2057057057.0,0.2298016036,-0.0023763953,0.22981389051089446,-113.10767623425544
2058658659.0,0.2228971723,-0.0378491956,0.22608783918402808,-113.26553677345814
2060260260.0,0.2121146185,-0.0707222615,0.22359393921364443,-113.41915986173662
2061861862.0,0.1980420021,-0.1011777981,0.22239060552132314,-113.56965761490777
2063463463.0,0.1810335963,-0.1293932943,0.22252143177482428,-113.71789066670367
2065065065.0,0.1602882537,-0.1559579063,0.22364076732938282,-113.86904158396486
2066666667.0,0.1362837849,-0.1811571948,0.2266962709319997,-114.02316309556937
2068268268.0,0.109016289,-0.203461843,0.2308273658479171,-114.17625060770945
2069869870.0,0.0783054236,-0.2231730485,0.23651204819619398,-114.33067941421629
2071471471.0,0.0437989747,-0.23979795,0.2437650651938742,-114.48747376203956
2073073073.0,0.0047361141,-0.2524520046,0.25249642651595416,-114.64937360297895
2074674675.0,-0.0390947451,-0.2597197166,0.26264563633386007,-114.81753684834902
2076276276.0,-0.0874216001,-0.2596822596,0.274002576840084,-114.99286293817968
2077877878.0,-0.1393391088,-0.2500062251,0.28621408041871405,-115.17659486336797
2079479479.0,-0.1926922469,-0.2282226614,0.29869028305565887,-115.36931731331364
2081081081.0,-0.2439456065,-0.1923279526,0.31064368701449685,-115.57129741726224
2082682683.0,-0.2881133264,-0.1417338655,0.3210884262611236,-115.78175102790559
2084284284.0,-0.3194971194,-0.0782563838,0.3289414399408362,-115.99872117654567
2085885886.0,-0.3333127586,-0.0065083217,0.33337629384359735,-116.21940449350724
2087487487.0,-0.3271914552,0.0667370562,0.3339282602987288,-116.44013757712993
2089089089.0,-0.3023261809,0.1345396446,0.33091091796233296,-116.65762874217108
2090690691.0,-0.2624939618,0.1914387134,0.324887458929561,-116.86905378015187
2092292292.0,-0.2129583217,0.2345337668,0.31679225771896236,-117.07250317619729
2093893894.0,-0.1588245223,0.2634614762,0.30763156262858715,-117.26722104391443
2095495495.0,-0.1042285407,0.2795553994,0.2983534984379186,-117.45285169039242
2097097097.0,-0.051739571,0.2848948978,0.2895549792349226,-117.63007318754617
2098698699.0,-0.0028169758,0.2817252563,0.28173933944332036,-117.79972582521857
2100300300.0,0.0420320951,0.271905168,0.27513472591369426,-117.9630942086459
2101901902.0,0.0827581064,0.256992191,0.269988685707187,-118.12126396563153
2103503504.0,0.1196028457,0.2379107805,0.26628251947444315,-118.27554688479151
2105105105.0,0.1528445196,0.2153586663,0.26408483925108145,-118.4269447344782
2106706707.0,0.1827961377,0.1897560489,0.26348014356337474,-118.5764431378094
2108308308.0,0.2096300841,0.1611730757,0.26442679987166773,-118.72506751494709
2109909910.0,0.2334557656,0.1294667454,0.2669517421863932,-118.87417844178309
2111511512.0,0.2542491945,0.094355918,0.2711930901876402,-119.02515974742968
2113113113.0,0.271289501,0.0558011532,0.2769688828212997,-119.17766151621717
2114714715.0,0.2840784651,0.0135645649,0.2844021303620953,-119.3328077163784
2116316316.0,0.2916051307,-0.032987382,0.2934650228251708,-119.49316542631271
2117917918.0,0.2922693575,-0.0836800435,0.3040127086383474,-119.65937244020901
2119519520.0,0.2841526226,-0.1379169358,0.3158540709107916,-119.83238976369907
2121121121.0,0.2650057501,-0.1942807914,0.3285925645736281,-120.0131303789202
2122722723.0,0.2326196259,-0.2502004216,0.34163158712664976,-120.20231564886721
2124324324.0,0.1855008294,-0.3017555377,0.3542131593274085,-120.40013075835874
2125925926.0,0.1237065635,-0.3437170198,0.36530083979259226,-120.60584287951016
2127527528.0,0.0496784514,-0.3704688578,0.3737848620973551,-120.818016203311
2129129129.0,-0.0315766324,-0.3774826121,0.3788010112863531,-121.03477342704635
2130730731.0,-0.1126791284,-0.3627381924,0.3798362570932416,-121.25250193016456
2132332332.0,-0.1861720095,-0.3278925814,0.37705909624145617,-121.46771116764569
2133933934.0,-0.2464700733,-0.2772863227,0.37099218561715813,-121.67794609055252
2135535536.0,-0.2906274273,-0.2169333553,0.3626629042799012,-121.8809003815919
2137137137.0,-0.318456228,-0.1524604416,0.3530701848143723,-122.07561115990443
2138738739.0,-0.3316772758,-0.0883220708,0.34323549273422976,-122.26186355385269
2140340340.0,-0.3326739112,-0.0272848471,0.3337909436674037,-122.44027986121426
2141941942.0,-0.3241010289,0.0291642324,0.3254105551230934,-122.6118567887188
2143543544.0,-0.3085174283,0.0797995111,0.3186706223307142,-122.77522110587657
2145145145.0,-0.2866639998,0.1252559243,0.3128342937620199,-122.93405660312513
2146746747.0,-0.2611126784,0.1656164868,0.3092064868679123,-123.08735261505556
2148348348.0,-0.2317215714,0.201792948,0.30727069582798816,-123.2385838329068
2149949950.0,-0.1987942457,0.2340142684,0.30705346429932884,-123.38870827251495
2151551552.0,-0.1624488883,0.2624403995,0.3086496470103691,-123.53864148311828
2153153153.0,-0.1224692146,0.2869800748,0.3120196658176443,-123.6895564592826
2154754755.0,-0.0786295399,0.3073060022,0.3172059008483797,-123.84241671032733
2156356356.0,-0.0306632281,0.3227390736,0.3241924477616634,-123.99818480905886
2157957958.0,0.0216953952,0.3323066823,0.33301414575677907,-124.15810455988694
2159559560.0,0.078410814,0.3343950259,0.3434651206437187,-124.32323423026683
2161161161.0,0.1389986281,0.3270984098,0.355406792714167,-124.49473334526952
2162762763.0,0.2020979165,0.3081125655,0.3684792000542673,-124.67343711295509
2164364364.0,0.2652946645,0.2750044162,0.3821108320130043,-124.86033884612681
2165965966.0,0.3246247025,0.2259459647,0.39551583588704403,-125.05565490801135
2167567568.0,0.3748256336,0.1604601162,0.4077274880291479,-125.25921887347297
2169169169.0,0.4096782275,0.0803470125,0.4174828050413776,-125.47004196241578
2170770771.0,0.4234730327,-0.0093215793,0.4235756145775881,-125.68571480403999
2172372372.0,0.4132593628,-0.1009397221,0.42540819037659255,-125.9032683271684
2173973974.0,0.3796944199,-0.186299245,0.42293647417876784,-126.11985043638589
2175575576.0,0.3269513042,-0.2582383785,0.41663439062130986,-126.33221960632231
2177177177.0,0.2613129169,-0.3125736617,0.4074146960129597,-126.53818997092044
2178778779.0,0.1893845902,-0.3481040911,0.3962864888509057,-126.73624206505556
2180380380.0,0.1167693613,-0.3662779882,0.3844406955282561,-126.92588859083715
2181981982.0,0.0474428268,-0.3696439873,0.3726761317307795,-127.10685299116116
2183583584.0,-0.0163385913,-0.3614390413,0.3618081399602993,-127.27967599663515
2185185185.0,-0.0738951961,-0.3443222911,0.3521623775405468,-127.44590635709304
2186786787.0,-0.1250757773,-0.3206506703,0.3441813510796866,-127.60641813839287
2188388388.0,-0.1701842024,-0.2919359976,0.3379190575289168,-127.76229114860288
2189989990.0,-0.2097760582,-0.2592997054,0.33353010630894564,-127.91471322802758
2191591592.0,-0.2443405245,-0.223399139,0.3310732052263916,-128.06464221060276
2193193193.0,-0.2742802807,-0.1844156614,0.330512947629091,-128.2133635695628
2194794795.0,-0.299896938,-0.1424044501,0.33198976012831966,-128.36197723762953
2196396396.0,-0.3209015719,-0.0975352011,0.3353966820073036,-128.51023017859706
2197997998.0,-0.3372944254,-0.0494049725,0.3408935034782005,-128.65985871540332
2199599600.0,-0.3483043216,0.0025630717,0.3483137519274477,-128.8126573778208
2201201201.0,-0.3529075061,0.0585800121,0.3577363913265712,-128.96979149258158
2202802803.0,-0.3495715768,0.1182949995,0.36904470489785285,-129.1316023427389
2204404404.0,-0.3363689067,0.1811460816,0.3820444270940059,-129.29929631290105
2206006006.0,-0.311011093,0.2457254872,0.3963696696629701,-129.47396526932474
2207607608.0,-0.2712629649,0.3094271821,0.4114957802319304,-129.65632474930402
2209209209.0,-0.215558194,0.3682657039,0.42671414749162484,-129.84652974246768
2210810811.0,-0.1435265721,0.4168521274,0.4408691109804386,-130.04449784906097
2212412412.0,-0.0573347881,0.4491990535,0.4528433146152958,-130.2491437396804
2214014014.0,0.0381587319,0.459926683,0.46150692579375074,-130.4588725267073
2215615616.0,0.1354530131,0.445997823,0.466113266147412,-130.6709500796241
2217217217.0,0.2262573217,0.4077862585,0.46634966306869585,-130.88264890867634
2218818819.0,0.3033037805,0.3492821486,0.46259183152777855,-131.0911538684766
2220420420.0,0.3620383871,0.2766703487,0.45565148478167944,-131.29436304215764
2222022022.0,0.4009237771,0.1967076215,0.44658007501490454,-131.49076309836576
2223623624.0,0.4210668576,0.1151947979,0.4365399638433583,-131.67984736827466
2225225225.0,0.4247961966,0.0363472601,0.42634836925054953,-131.86153535252018
2226826827.0,0.4152414377,-0.0372856842,0.4169120696614876,-132.03644406887489
2228428428.0,0.3949355949,-0.104471478,0.4085197838961063,-132.20549599437942
2230030030.0,0.3658477097,-0.1660128677,0.4017521859737831,-132.37288096385848
2231631632.0,0.3299845316,-0.2215865384,0.39748004364416345,-132.5382367694132
2233233233.0,0.2877698508,-0.2697773878,0.3944506635786608,-132.70003006759376
2234834835.0,0.2408045777,-0.3111946645,0.39348311762328875,-132.85912353815155
2236436436.0,0.1893524245,-0.3460737758,0.3944887817929641,-133.01703939550094
2238038038.0,0.1337171549,-0.3743378394,0.39750357925584867,-133.17460444420942
2239639640.0,0.0738860225,-0.3956706,0.40251008437706315,-133.33307779354075
2241241241.0,0.0096809804,-0.4093304373,0.4094449026202603,-133.4940414149315
2242842843.0,-0.0585022566,-0.4141121836,0.4182241200998005,-133.65803057556403
2244444444.0,-0.130134421,-0.4085315546,0.42875750562864556,-133.82606751070375
2246046046.0,-0.204010252,-0.3907274786,0.4407812898186775,-133.99888166879254
2247647648.0,-0.2781835405,-0.3586837063,0.4539163836767955,-134.17735249788984
2249249249.0,-0.3496250739,-0.3106125037,0.4676727699517719,-134.36210600075228
2250850851.0,-0.4139998365,-0.2454299688,0.481281346207388,-134.55335612126206
2252452452.0,-0.4659950685,-0.1634904635,0.49384262222064684,-134.75105971136844
2254054054.0,-0.4997828036,-0.0674856716,0.5043185170560162,-134.95426591421702
2255655656.0,-0.5103886201,0.0374347291,0.5117596139501167,-135.1616985451015
2257257257.0,-0.494961159,0.1441833577,0.5155340818571256,-135.37194244307952
2258858859.0,-0.4533171889,0.2442695629,0.5149408637033531,-135.58272587998968
2260460460.0,-0.3890586687,0.329856435,0.5100705004227608,-135.79171825407184
2262062062.0,-0.3086101775,0.3955095668,0.501665285909744,-135.99667697467555
2263663664.0,-0.2192110085,0.43894171,0.49063559901958925,-136.19610652154486
2265265265.0,-0.1276828134,0.460673902,0.47804115389958307,-136.38890228839918
2266866867.0,-0.0393156022,0.4632802681,0.4649455058253134,-136.5746197422622
2268468468.0,0.0424903743,0.4501500458,0.45215096554347445,-136.75339316508098
2270070070.0,0.11597865,0.4247649314,0.44031385874517875,-136.9258253594291
2271671672.0,0.1804882995,0.3901898977,0.4299118311044,-137.092534375514
2273273273.0,0.2362009304,0.3488691856,0.4213081867030748,-137.25443521863454
2274874875.0,0.2835390825,0.3024224993,0.4145525049831448,-137.41246337020976
2276476476.0,0.3231451031,0.2520863331,0.4098417706790192,-137.56758668104808
2278078078.0,0.3555690814,0.1985822912,0.4072644080028126,-137.72073758489364
2279679680.0,0.3811039304,0.1422262631,0.40677821436468115,-137.8728890730369
2281281281.0,0.3999020373,0.0831051382,0.40844596145871204,-138.025179399555
2282882883.0,0.4117140473,0.021235484,0.4122613279521387,-138.1785441879086
2284484484.0,0.4159731056,-0.0433255918,0.41822330337671165,-138.33385735002366
2286086086.0,0.4117131393,-0.1099916065,0.42615239360199775,-138.49113587487525
2287687688.0,0.3977819668,-0.1787440544,0.4360962394869124,-138.65239153397513
2289289289.0,0.3722595089,-0.2487286237,0.44770868900900884,-138.81911195706746
2290890891.0,0.3335462207,-0.3178879068,0.46076653810030366,-138.99144286854192
2292492492.0,0.2800527702,-0.3833093244,0.4747163282094671,-139.16989215570047
2294094094.0,0.2108534681,-0.441116659,0.4889203328325792,-139.35498040924654
2295695696.0,0.1263836132,-0.4863676716,0.5025199793670821,-139.54664365796356
2297297297.0,0.029002835,-0.513716991,0.5145350437823757,-139.74447611908494
2298898899.0,-0.0764345843,-0.5183018492,0.5239074847349037,-139.94728894409664
2300500501.0,-0.1830047995,-0.4972631739,0.5298692487370227,-140.1535138579959
2302102102.0,-0.2824514902,-0.450526774,0.5317454451211103,-140.3608634270095
2303703704.0,-0.3673535063,-0.3816122559,0.5296947351484543,-140.5672356285786
2305305305.0,-0.4322184166,-0.2964182776,0.5240959405906154,-140.77053281478493
2306906907.0,-0.4744804181,-0.2020218021,0.5156980470043322,-140.9691426899987
2308508509.0,-0.4945611318,-0.1052242763,0.5056311515424615,-141.1620324603865
2310110110.0,-0.4946418417,-0.0113219685,0.4947714002760091,-141.3487841824494
2311711712.0,-0.4778877709,0.0760832491,0.4839063776903375,-141.52955172077145
2313313313.0,-0.4478274756,0.1548639865,0.473848395815519,-141.7046081559607
2314914915.0,-0.4074507567,0.2240974623,0.4650116038817768,-141.87451176721842
2316516517.0,-0.3591873779,0.283724587,0.4577283186683974,-142.04022565076554
2318118118.0,-0.3048362243,0.3341223449,0.45228626444648357,-142.20286966607534
2319719720.0,-0.2465781741,0.3754048912,0.44914321577796734,-142.36130226385328
2321321321.0,-0.1840599373,0.4079595477,0.44755899396444765,-142.51863757867193
2322922923.0,-0.1187043554,0.4317554042,0.44777611933513706,-142.6741606402847
2324524525.0,-0.0509139858,0.4477232426,0.45060885023965197,-142.82923461588453
2326126126.0,0.0198910884,0.4550303591,0.4554649087475473,-142.986151687187
2327727728.0,0.0933139068,0.4527811203,0.46229668839653415,-143.1457106713107
2329329329.0,0.168561981,0.4397034248,0.47090576893842956,-143.308540102997
2330930931.0,0.2444544597,0.4144283968,0.48115369575784944,-143.47539550101362
2332532533.0,0.3192380068,0.3753331701,0.49273511500902023,-143.6472765132754
2334134134.0,0.3899779167,0.3211676233,0.5052043326910833,-143.824323407393
2335735736.0,0.4529087056,0.2512259342,0.5179196517056774,-144.00682183473117
2337337337.0,0.5035789683,0.1659355725,0.5302135339040255,-144.19495417951603
2338938939.0,0.5370260116,0.0675002365,0.5412515303096697,-144.38822510934483
2340540541.0,0.5486857092,-0.0399168725,0.5501357688702747,-144.58588410323273
2342142142.0,0.5354978794,-0.1501213415,0.5561424242185239,-144.78658579025526
2343743744.0,0.4968239747,-0.2557589876,0.558790409344043,-144.98866991224875
2345345345.0,0.4348149366,-0.3496118682,0.55793591699832,-145.1904661346408
2346946947.0,0.3541104928,-0.4258602444,0.5538512335198745,-145.39039236958024
2348548549.0,0.2609804841,-0.480843566,0.5471026851009476,-145.58679419579175
2350150150.0,0.1618222341,-0.5136317481,0.5385202021330092,-145.7788475617112
2351751752.0,0.0623258075,-0.5251942168,0.5288794490625368,-145.96593889534427
2353353353.0,-0.033009139,-0.5178739382,0.5189248684774115,-146.14771200060778
2354954955.0,-0.1212029629,-0.4946921924,0.5093235940315914,-146.3243321022468
2356556557.0,-0.200692476,-0.4588007801,0.5007750250795052,-146.49640870716178
2358158158.0,-0.2706099823,-0.4127003046,0.49350917310353926,-146.664434265892
2359759760.0,-0.330842107,-0.3586293589,0.48792572880431756,-146.82917610393525
2361361361.0,-0.3814690634,-0.2980459834,0.4840971540426015,-146.99161383417623
2362962963.0,-0.4226424583,-0.2322541939,0.4822537279710817,-147.15237336203268
2364564565.0,-0.4542911855,-0.162001054,0.48231195581294306,-147.31231071301997
2366166166.0,-0.4763435742,-0.0879522176,0.4843952861686297,-147.47227077728263
2367767768.0,-0.4883596486,-0.0107028827,0.48847691662841697,-147.63294224160285
2369369369.0,-0.4895430355,0.0691568056,0.49440372911958347,-147.7951941482581
2370970971.0,-0.4789881877,0.150830115,0.5021746783212427,-147.9599183654501
2372572573.0,-0.4554491158,0.2329899121,0.511584007005074,-148.12770813248002
2374174174.0,-0.4177139026,0.3137967074,0.5224493066321396,-148.29913872529258
2375775776.0,-0.3645267529,0.3907138893,0.534356713134354,-148.4749128934467
2377377377.0,-0.2953249828,0.4603627144,0.5469466832110387,-148.65527090557092
2378978979.0,-0.2101127532,0.5186064889,0.5595534464074634,-148.8407140152508
2380580581.0,-0.1104394484,0.5607243475,0.5714968640703088,-149.03118167033276
2382182182.0,0.0003361623,0.5821499285,0.5821500255584011,-149.22622849514835
2383783784.0,0.116312951,0.5787998875,0.5903710802032405,-149.42396507041647
2385385385.0,0.2311226792,0.5493231187,0.5959644130137977,-149.62390863583747
2386986987.0,0.33777717,0.4937675029,0.5982472427795305,-149.82561330891815
2388588589.0,0.428955873,0.4153183932,0.5970699361979481,-150.02720070665637
2390190190.0,0.4993122966,0.3196012209,0.5928386879554479,-150.22707543195872
2391791792.0,0.5457184189,0.2134311551,0.5859705203284856,-150.42363579282673
2393393393.0,0.5678166027,0.1034808609,0.5771689378980601,-150.61618223649458
2394994995.0,0.5672383135,-0.0040506299,0.5672527760222166,-150.8035882176196
2396596597.0,0.5470113043,-0.104982178,0.556994277106696,-150.98606135924663
2398198198.0,0.5104834719,-0.1964517941,0.5469795997001962,-151.16381231400436
2399799800.0,0.4609803882,-0.2768706789,0.5377362654123019,-151.33731727076568
2401401401.0,0.4015970056,-0.3454815532,0.5297524502145987,-151.50687313385288
2403003003.0,0.3346282444,-0.4022432639,0.5232358027726611,-151.67334887506985
2404604605.0,0.2619941414,-0.4473816729,0.5184508572417696,-151.8374673543675
2406206206.0,0.1851401115,-0.4810888669,0.5154836163656012,-151.9998780626913
2407807808.0,0.1051539363,-0.503571443,0.5144332303851363,-152.16138545751517
2409409409.0,0.0228558623,-0.5147771606,0.5152843055215972,-152.3228733131144
2411011011.0,-0.0608248844,-0.5144132266,0.5179967512092101,-152.48493852371058
2412612613.0,-0.1449885986,-0.501976337,0.5224958723587484,-152.64842664652903
2414214214.0,-0.2284056643,-0.47671866,0.5286112260220359,-152.8140485893942
2415815816.0,-0.3093960238,-0.4378251339,0.5361126256840097,-152.98242932156194
2417417417.0,-0.3856811758,-0.3846471336,0.5447048620612512,-153.1539842013031
2419019019.0,-0.4544707645,-0.3167953985,0.5539882672909132,-153.3292869697898
2420620621.0,-0.512346359,-0.2346413402,0.5635204966204947,-153.5085746934312
2422222222.0,-0.5546868652,-0.1382128285,0.5716470103021386,-153.69384014162532
2423823824.0,-0.5800232301,-0.0305502027,0.5808272224514349,-153.88541799754134
2425425425.0,-0.581340751,0.0836675569,0.5873306810059038,-154.08098020370113
2427027027.0,-0.5579149351,0.19677214,0.5915981320861458,-154.27711105674558
2428628629.0,-0.5104482274,0.302881881,0.593544292107927,-154.47356623057655
2430230230.0,-0.4412943314,0.3959806887,0.5929092618176067,-154.6693705559081
2431831832.0,-0.3547522191,0.4712217144,0.5898296712428509,-154.86352328482772
2433433433.0,-0.2563133113,0.5254981264,0.5846749476414063,-155.05503422196307
2435035035.0,-0.1518415441,0.5575766253,0.577881949532609,-155.24295961700707
2436636637.0,-0.0463462509,0.5682245381,0.5701114809153067,-155.4274532334495
2438238238.0,0.055689234,0.5592231828,0.5619891982631597,-155.60809231480982
2439839840.0,0.15095399,0.5330387267,0.5540012556473833,-155.78480546643368
2441441441.0,0.237286603,0.4924637775,0.5466493429181536,-155.9578471701275
2443043043.0,0.3133880143,0.4400860922,0.5402664306198969,-156.12764112764697
2444644645.0,0.3786246061,0.3783048176,0.5352299761446003,-156.29465699733154
2446246246.0,0.4326949196,0.3089906395,0.5316955037860198,-156.4595012833698
2447847848.0,0.475447084,0.2337418257,0.5297972921464135,-156.62270723045447
2449449449.0,0.5068025857,0.153755734,0.5296127704371228,-156.78507430806064
2451051051.0,0.5265655611,0.0702433567,0.5312301001421523,-156.9470165582854
2452652653.0,0.5344094944,-0.0158902495,0.534645684293847,-157.10935814126816
2454254254.0,0.5298674499,-0.1036053309,0.5399014530953102,-157.27272712442803
2455855856.0,0.5120257526,-0.1919633364,0.5468274808816909,-157.43832403490956
2457457457.0,0.4798308013,-0.2792562105,0.5551771149633424,-157.60670345641583
2459059059.0,0.4323684615,-0.3632837101,0.5647278464215288,-157.77842023169484
2460660661.0,0.3688122384,-0.4411241892,0.5749895803325272,-157.95407576886123
2462262262.0,0.2893481395,-0.509166668,0.5856390028288192,-158.1336612746378
2463863864.0,0.194837825,-0.5632794134,0.5960247273486049,-158.317412238246
2465465465.0,0.0877811232,-0.5991779587,0.6055739028245458,-158.50496125039558
2467067067.0,-0.0279626381,-0.6128876264,0.6135251842620135,-158.69602180155582
2468668669.0,-0.1467600412,-0.6017642444,0.6194019014592452,-158.88964221466426
2470270270.0,-0.2620521185,-0.5647939312,0.6226262904268406,-159.08484627877402
2471871872.0,-0.3670069498,-0.5035137802,0.6230732124339753,-159.2802832882937
2473473473.0,-0.4557769998,-0.4214921372,0.6207965006893265,-159.47488864137412
2475075075.0,-0.52383344,-0.3240699477,0.6159730544954984,-159.6672048085518
2476676677.0,-0.569259093,-0.217271568,0.6093134244576934,-159.85661609639297
2478278278.0,-0.5917336936,-0.1070281962,0.6013350138843775,-160.04228766118354
2479879880.0,-0.592798204,0.0015952951,0.5928003505667669,-160.22391645332604
2481481481.0,-0.5748050116,0.1047513764,0.5842718992200212,-160.40148528902495
2483083083.0,-0.5406120343,0.1998467819,0.5763680316132832,-160.57531289320266
2484684685.0,-0.4929033453,0.2852025842,0.5694683677275579,-160.7457741361143
2486286286.0,-0.434043059,0.35997902,0.5638956214639708,-160.91361556302778
2487887888.0,-0.3662609998,0.4237504848,0.5600996280508769,-161.07926589231553
2489489489.0,-0.2912979672,0.475900629,0.5579748331040101,-161.2427538090083
2491091091.0,-0.210431387,0.5166219512,0.5578347507070879,-161.4052193587765
2492692693.0,-0.1242655596,0.5455159237,0.5594904398762909,-161.56804891266026
2494294294.0,-0.0339237117,0.5621073704,0.5631301040376971,-161.73174382472473
2495895896.0,0.0594429696,0.5653798238,0.5684960965521096,-161.89677492559983
2497497497.0,0.1545149849,0.55442571,0.5755542967154804,-162.06381867519698
2499099099.0,0.2495517602,0.5280550501,0.5840532655118297,-162.23349906767314
2500700701.0,0.3421339462,0.485096804,0.5936114439542072,-162.4062891728158
2502302302.0,0.4295882197,0.4246172339,0.6040246963741654,-162.58323918401797
2503903904.0,0.5077292058,0.3464586308,0.6146727009377507,-162.76402322591932
2505505506.0,0.5721846758,0.2515850096,0.6250522540362391,-162.94856920605602
2507107107.0,0.6184675116,0.1422977776,0.6346264416289281,-163.13667243307265
2508708709.0,0.6422460832,0.0225123362,0.6426405190049279,-163.327779823822
2510310310.0,0.6405562829,-0.1023881907,0.6486876699594993,-163.52131978764197
2511911912.0,0.6120846912,-0.2259278315,0.6524500396564412,-163.71641664759264
2513513514.0,0.5574276118,-0.3411057465,0.653512565060821,-163.9119621801666
2515115115.0,0.4797178193,-0.4416851297,0.6520850711004303,-164.1069626335149
2516716717.0,0.3836036175,-0.5225401799,0.6482283355184426,-164.30035856076321
2518318318.0,0.2748514288,-0.580806644,0.6425571302444197,-164.49161633244935
2519919920.0,0.1595147752,-0.6151609035,0.6355060194066164,-164.67989663117112
2521521522.0,0.0429945185,-0.626167806,0.6276421352107429,-164.86505898167908
2523123123.0,-0.0699591319,-0.615415157,0.6193787981530658,-165.04680634857777
2524724725.0,-0.175872896,-0.5855386632,0.611381060918205,-165.22540213857997
2526326326.0,-0.2721337825,-0.5392403215,0.6040173175573533,-165.40098409526897
2527927928.0,-0.3568740785,-0.4793012415,0.5975690654716537,-165.57363216579492
2529529530.0,-0.4294146631,-0.4088289847,0.5929064779677478,-165.7435656500812
2531131131.0,-0.4886487934,-0.3298134706,0.5895375888613829,-165.9106953695523
2532732733.0,-0.5341407096,-0.242271078,0.5865164728183461,-166.07859050806252
2534334334.0,-0.5662485657,-0.1521037473,0.5863215739677413,-166.24198868496958
2535935936.0,-0.5850512289,-0.0579071126,0.5879100051258435,-166.40575411985463
2537537538.0,-0.5899122891,0.0390374359,0.5912025289465943,-166.57048928035678
2539139139.0,-0.5801700083,0.1371909765,0.5961699443647303,-166.73661223204869
2540740741.0,-0.5549599318,0.2348911153,0.6026229019464316,-166.90480469673582
2542342342.0,-0.5135321885,0.330082297,0.6104667324419863,-167.07568537142203
2543943944.0,-0.4549800447,0.4200556471,0.6192362939426385,-167.24991800699496
2545545546.0,-0.3793860598,0.5013778802,0.6287396608489197,-167.42743997840333
2547147147.0,-0.2870674915,0.570059925,0.6382601842251389,-167.60870405881727
2548748749.0,-0.1798784551,0.621875026,0.6473675977152883,-167.79363986392505
2550350350.0,-0.0608881054,0.6525185926,0.6553532444932934,-167.9821639461367
2551951952.0,0.0650345132,0.6583028507,0.6615074687007756,-168.17367862203247
2553553554.0,0.191702454,0.6371349854,0.6653501487865471,-168.36747274694693
2555155155.0,0.3120164155,0.5888132651,0.666374747945322,-168.5624931303448
2556756757.0,0.419002104,0.5157369114,0.6644902745238926,-168.75748365102876
2558358358.0,0.5068742477,0.4223279816,0.6597593705463917,-168.95134329397087
2559959960.0,0.5717275795,0.3146843824,0.652609136993498,-169.14284561942395
2561561562.0,0.6120299236,0.1992706432,0.6436531803876708,-169.33123811788616
2563163163.0,0.6282513955,0.0821693038,0.6336020915643146,-169.51595102212136
2564764765.0,0.6222978862,-0.0314990245,0.623094573651095,-169.6965774082212
2566366366.0,0.5970937927,-0.138001261,0.6128338643698312,-169.873136650241
2567967968.0,0.5557131186,-0.2349141505,0.6033255574640232,-170.04594591109907
2569569570.0,0.5011428343,-0.3206369724,0.5949388274773093,-170.21518278142435
2571171171.0,0.4361603067,-0.3946339646,0.5881936578683521,-170.38145911619748
2572772773.0,0.3626945073,-0.4566726629,0.583178554703246,-170.54559846405644
2574374374.0,0.28256005,-0.5067695494,0.5802202668427582,-170.7081622617
2575975976.0,0.1969901282,-0.544786841,0.579308046496,-170.86983611373572
2577577578.0,0.1070163926,-0.5705626939,0.5805120980268563,-171.03139090909016
2579179179.0,0.0135204639,-0.5835792574,0.583735858596683,-171.19363559380884
2580780781.0,-0.0824582204,-0.5831318098,0.5889329891525507,-171.35727407170583
2582382382.0,-0.1796270779,-0.568239475,0.5959546862498594,-171.52297136205715
2583983984.0,-0.2762846288,-0.5377853743,0.604604254799902,-171.69138278845148
2585585586.0,-0.3700603255,-0.4906771155,0.6145800811810991,-171.86297246108563
2587187187.0,-0.4577952733,-0.4261337789,0.6254330577890936,-172.0380015220534
2588788789.0,-0.5358782071,-0.3439719197,0.6367747909479565,-172.21694698977032
2590390390.0,-0.5997150376,-0.2449585804,0.6478138871891778,-172.39981927204477
2591991992.0,-0.6448509202,-0.1314929733,0.6581208941448837,-172.58644149732305
2593593594.0,-0.6668186165,-0.0075339077,0.6668611752652918,-172.77629814175788
2595195195.0,-0.6625309494,0.1214203593,0.6735652622911952,-172.96885198258585
2596796797.0,-0.6305848658,0.2484959213,0.6777813038722297,-173.1629816694833
2598398398.0,-0.5716947341,0.3665471813,0.6791109667179914,-173.35773087202602
2600000000.0,-0.4890359209,0.4689641436,0.6775570086073883,-173.55204542637483
