7470000000	0.00682597990000000012	-0.0140905409000000002
7470040000	0.00672823990000000031	-0.0141371319000000006
7470080000	0.00668348749999999985	-0.0141497762999999999
7470120000	0.00670033040000000014	-0.0141681767
7470160000	0.00671849680000000029	-0.0141706969999999995
7470200000	0.00674668109999999963	-0.0141562567999999993
7470240000	0.00674990310000000027	-0.0141470502000000005
7470280000	0.00677745199999999978	-0.0141290236999999999
7470320000	0.00682615759999999957	-0.0141341495000000001
7470360000	0.00681854779999999973	-0.0141033285999999994
7470400000	0.00685589219999999978	-0.0140920908000000001
7470440000	0.00689555260000000031	-0.0140825893999999997
7470480000	0.00692401559999999971	-0.0140639604000000005
7470520000	0.00697832360000000002	-0.0140473448999999997
7470560000	0.00702132760000000015	-0.0140320515
7470600000	0.00703493320000000023	-0.0140090500000000003
7470640000	0.00704909410000000014	-0.0139904503000000003
7470680000	0.00711442499999999974	-0.0139801357000000001
7470720000	0.00714509279999999986	-0.0139496671999999999
7470760000	0.00716629480000000041	-0.0139360799000000004
7470800000	0.00721471569999999982	-0.0139416812999999997
7470840000	0.0072549012999999999	-0.0139008467000000004
7470880000	0.00725583920000000011	-0.0138640081000000002
7470920000	0.00730813610000000027	-0.0138486709999999999
7470960000	0.00733523660000000039	-0.0138427111999999998
7471000000	0.00739397839999999997	-0.0138112867999999993
7471040000	0.00741854500000000035	-0.0138001662000000001
7471080000	0.00745670659999999978	-0.0137811766999999998
7471120000	0.00748817660000000024	-0.0137744936999999994
7471160000	0.00753206480000000005	-0.0137417847000000006
7471200000	0.00755808809999999973	-0.0137327914999999991
7471240000	0.0076000518999999999	-0.0136833261000000005
7471280000	0.00763760610000000038	-0.0136799230999999997
7471320000	0.00766724319999999987	-0.0136624637000000004
7471360000	0.00770478010000000008	-0.0136213580000000001
7471400000	0.00771599779999999989	-0.0136184322000000007
7471440000	0.00775384290000000025	-0.0136028736000000008
7471480000	0.00780291250000000013	-0.0135698511000000004
7471520000	0.00781896659999999945	-0.0135670663999999993
7471560000	0.00785604500000000074	-0.0135289781000000001
7471600000	0.00787541580000000047	-0.0135268439999999997
7471640000	0.00791636719999999974	-0.0135044495999999993
7471680000	0.00795078689999999949	-0.0134806931999999994
7471720000	0.00798186499999999945	-0.013470437
7471760000	0.00801460619999999971	-0.0134463841999999997
7471800000	0.00806076380000000058	-0.0134221080999999999
7471840000	0.00808557329999999921	-0.0134154892999999997
7471880000	0.00812514219999999933	-0.0133941773000000007
7471920000	0.0081793197999999994	-0.0133711131999999996
7471960000	0.0082036234000000003	-0.0133295759999999992
7472000000	0.00821132819999999958	-0.0133233021
7472040000	0.00824771560000000029	-0.0132943408000000002
7472080000	0.00828688470000000024	-0.0132565036000000004
7472120000	0.00833883550000000077	-0.0132518580999999996
7472160000	0.00835707119999999984	-0.0132154261999999998
7472200000	0.00838819520000000027	-0.0131977757000000008
7472240000	0.00842550840000000009	-0.0131875437999999998
7472280000	0.00844458120000000055	-0.0131708816999999995
7472320000	0.00850899410000000023	-0.0131386941000000007
7472360000	0.00853206349999999919	-0.0131108740999999994
7472400000	0.00855034829999999982	-0.0130981147999999995
7472440000	0.00859272829999999967	-0.0130883156000000007
7472480000	0.00861304509999999933	-0.0130377710999999997
7472520000	0.00863454039999999971	-0.0130228289999999997
7472560000	0.0086689296999999995	-0.0129827061999999993
7472600000	0.00871291719999999978	-0.0129685072999999994
7472640000	0.00873619940000000018	-0.0129370664000000007
7472680000	0.00877026640000000066	-0.0129287102000000004
7472720000	0.00879144769999999978	-0.0129087824000000007
7472760000	0.00883028850000000011	-0.0128804265000000001
7472800000	0.0088653585999999996	-0.0128686426000000007
7472840000	0.00891573319999999954	-0.0128472744000000007
7472880000	0.00892689779999999988	-0.0128304638000000006
7472920000	0.00896937410000000004	-0.0127793283000000001
7472960000	0.00900974050000000019	-0.0127689255999999998
7473000000	0.00900792779999999918	-0.0127543835000000008
7473040000	0.0090449876999999998	-0.0127173567999999994
7473080000	0.00906970409999999921	-0.0126912533999999997
7473120000	0.00913621809999999937	-0.0126758488000000002
7473160000	0.00913340940000000046	-0.0126268519999999992
7473200000	0.00916465770000000034	-0.0126068627000000006
7473240000	0.00922878830000000046	-0.0126101079000000005
7473280000	0.00924158710000000036	-0.0125593172999999992
7473320000	0.00926653239999999934	-0.0125438913999999999
7473360000	0.00930553200000000004	-0.0125303733999999993
7473400000	0.00932965669999999934	-0.0125061584
7473440000	0.0093728479999999996	-0.0124638245999999994
7473480000	0.00938556710000000051	-0.0124468332000000001
7473520000	0.00940402530000000042	-0.0124318911000000001
7473560000	0.00945195230000000011	-0.0123871851999999994
7473600000	0.00947280089999999984	-0.0123615329999999992
7473640000	0.00949616659999999967	-0.0123446243000000008
7473680000	0.00953142310000000027	-0.0123426703000000006
7473720000	0.00957825359999999945	-0.0122897638000000007
7473760000	0.00958648540000000063	-0.0122705703999999999
7473800000	0.0096390356	-0.0122514361000000006
7473840000	0.00963844879999999939	-0.0122012709
7473880000	0.00967259739999999993	-0.0121957691999999996
7473920000	0.00973169010000000077	-0.0121768559000000002
7473960000	0.00973731379999999945	-0.0121698055999999999
7474000000	0.00976872110000000064	-0.0121054660000000005
7474040000	0.00980006129999999934	-0.0120978301999999996
7474080000	0.00982380279999999981	-0.0120479873999999997
7474120000	0.00986797820000000041	-0.0120355390999999992
7474160000	0.00990566179999999991	-0.0120146482999999998
7474200000	0.00991755509999999937	-0.0119907480000000007
7474240000	0.00996451330000000003	-0.0119636250999999999
7474280000	0.00995824480000000005	-0.0119392830000000002
7474320000	0.00999669109999999986	-0.0119043285999999998
7474360000	0.0100230389999999992	-0.0118815837000000001
7474400000	0.0100537846000000007	-0.0118580091000000006
7474440000	0.0101004210999999997	-0.0118304275000000007
7474480000	0.0101129389999999996	-0.0118162614999999995
7474520000	0.0101279830999999997	-0.0117839993000000004
7474560000	0.0101695884000000004	-0.0117525844999999997
7474600000	0.0101943112999999998	-0.0117362872000000007
7474640000	0.0102139285000000003	-0.0116976036999999998
7474680000	0.0102469885	-0.0116946489000000001
7474720000	0.0102729768999999995	-0.0116557476000000004
7474760000	0.0102955627999999997	-0.0116220956999999996
7474800000	0.0103330040999999994	-0.0115922504000000003
7474840000	0.0103352643000000008	-0.0115722054000000005
7474880000	0.0103820823999999992	-0.0115570124999999999
7474920000	0.0104031032999999992	-0.0115184182
7474960000	0.0104342823999999997	-0.0114972879999999996
7475000000	0.0104686749000000006	-0.0114818924000000006
7475040000	0.0104801193999999997	-0.0114298835999999994
7475080000	0.0105061665000000005	-0.0114075233999999994
7475120000	0.0105432613000000005	-0.0113825718999999992
7475160000	0.0105535291000000003	-0.0113574737000000005
7475200000	0.0105804178000000002	-0.0113219003999999995
7475240000	0.0106158963999999998	-0.0112989812000000005
7475280000	0.0106465920999999995	-0.0112847695999999994
7475320000	0.0106612363999999994	-0.0112334915999999993
7475360000	0.0106950738999999993	-0.0111963687000000006
7475400000	0.0107044067000000003	-0.0111652696999999992
7475440000	0.0107473705000000006	-0.0111719557999999993
7475480000	0.0107685577000000005	-0.0111090077999999991
7475520000	0.0107862489999999995	-0.0110954943999999993
7475560000	0.0108100382999999998	-0.0110726112000000005
7475600000	0.0108121769999999992	-0.0110432679000000006
7475640000	0.0108609187999999992	-0.0110176888999999993
7475680000	0.0108950169000000003	-0.0109722560999999993
7475720000	0.0108999026000000006	-0.0109704646000000003
7475760000	0.0109248342000000005	-0.0109119522999999996
7475800000	0.0109692230999999998	-0.0108927282999999996
7475840000	0.0109928826	-0.0108681513999999996
7475880000	0.0109885882999999993	-0.0108551668999999993
7475920000	0.0110247282000000002	-0.0108194129999999999
7475960000	0.011053851	-0.0107855037000000008
7476000000	0.0110701011000000002	-0.0107601099999999998
7476040000	0.0111126683999999993	-0.0107148238999999999
7476080000	0.0111167179999999994	-0.0107030962999999993
7476120000	0.0111540679999999996	-0.0106452769999999999
7476160000	0.0111591459000000004	-0.0106303347000000006
7476200000	0.0111777344000000001	-0.0106116649999999993
7476240000	0.0112066508000000006	-0.0105923977000000006
7476280000	0.0112289917999999992	-0.0105553085000000008
7476320000	0.0112488426999999992	-0.0105416846000000002
7476360000	0.0112672026999999994	-0.0104848336999999996
7476400000	0.0113044149999999999	-0.0104569910000000005
7476440000	0.0113282702000000006	-0.0104464477999999996
7476480000	0.0113355673000000001	-0.0104344426999999993
7476520000	0.0113617024999999993	-0.0103521420999999995
7476560000	0.0113909444999999998	-0.0103540808999999998
7476600000	0.0114102548999999998	-0.0103172360000000005
7476640000	0.0114463681999999994	-0.0103213138000000006
7476680000	0.0114541747999999995	-0.0102468461
7476720000	0.0114777136999999994	-0.0102366617
7476760000	0.0114927880999999999	-0.0102093535000000006
7476800000	0.0115046182000000004	-0.0101707145000000006
7476840000	0.0115472788999999992	-0.0101556323999999996
7476880000	0.0115665420000000008	-0.0101295076000000005
7476920000	0.0115633920000000005	-0.0100909061999999994
7476960000	0.0116103804000000001	-0.0100423483999999997
7477000000	0.0116173990000000005	-0.0100362514999999992
7477040000	0.0116611583000000001	-0.00998677750000000024
7477080000	0.0116704400000000007	-0.00997674989999999991
7477120000	0.0116840141000000008	-0.00991793910000000022
7477160000	0.0117039078999999994	-0.00990661169999999987
7477200000	0.0117128718999999996	-0.00985165439999999976
7477240000	0.0117479416000000007	-0.00983518369999999975
7477280000	0.0117620811000000002	-0.00980816609999999971
7477320000	0.0117682593999999998	-0.0097811844999999998
7477360000	0.0117983015000000004	-0.00974687800000000049
7477400000	0.0118333041000000007	-0.00968649859999999932
7477440000	0.0118415117999999993	-0.00967707829999999922
7477480000	0.0118326543000000003	-0.00964768260000000051
7477520000	0.0118630704	-0.00963173730000000013
7477560000	0.0119204602999999996	-0.00959544650000000027
7477600000	0.0119219045999999999	-0.00955676570000000072
7477640000	0.0119258422999999995	-0.00953732719999999916
7477680000	0.0119549457000000005	-0.00949976039999999959
7477720000	0.0119716879999999994	-0.00945688450000000021
7477760000	0.0119880601999999992	-0.00945620309999999943
7477800000	0.0119977203000000004	-0.0094246963999999999
7477840000	0.0120018597000000008	-0.00938112500000000057
7477880000	0.0120276498999999995	-0.00935048670000000054
7477920000	0.0120508157000000001	-0.0093199697999999994
7477960000	0.0120643407000000005	-0.00928883100000000086
7478000000	0.0120799752000000007	-0.00924586619999999935
7478040000	0.0121069877000000003	-0.00922839500000000035
7478080000	0.012137653	-0.00920946870000000084
7478120000	0.0121511653000000008	-0.00915444550000000037
7478160000	0.0121708554999999993	-0.00914437379999999932
7478200000	0.0121807671999999995	-0.00908426470000000055
7478240000	0.0122061285999999995	-0.00906474680000000053
7478280000	0.0121978881000000001	-0.0090294281000000004
7478320000	0.0122233898999999993	-0.0090271391999999992
7478360000	0.0122481175000000008	-0.00898183990000000002
7478400000	0.0122591903999999998	-0.00893076330000000009
7478440000	0.0122624816999999994	-0.00891316150000000078
7478480000	0.0122946068999999995	-0.00888283320000000064
7478520000	0.0122947747999999999	-0.00886038720000000002
7478560000	0.0123359287999999997	-0.00882853949999999957
7478600000	0.0123277002999999993	-0.00878563790000000053
7478640000	0.0123553315000000004	-0.00871931710000000033
7478680000	0.0123704604999999995	-0.00871055500000000003
7478720000	0.0123781701000000004	-0.00869572080000000081
7478760000	0.0123887197000000001	-0.00864195480000000057
7478800000	0.0124372679999999996	-0.00863762289999999919
7478840000	0.0124410144000000004	-0.00859853300000000022
7478880000	0.0124602423000000004	-0.00856825530000000085
7478920000	0.0124724524999999999	-0.00852884850000000007
7478960000	0.0124810314000000002	-0.00852362559999999929
7479000000	0.0125085013000000005	-0.00847920469999999954
7479040000	0.0124895662999999994	-0.00843665109999999947
7479080000	0.0125207700000000005	-0.00841271679999999918
7479120000	0.0125459434000000005	-0.0083670540000000005
7479160000	0.0125548085000000004	-0.00835430180000000001
7479200000	0.0125545454000000004	-0.00831980499999999956
7479240000	0.0125718067999999999	-0.00829453079999999988
7479280000	0.0125920058999999997	-0.00824604840000000075
7479320000	0.0125907000999999994	-0.00821754029999999941
7479360000	0.0125939882999999992	-0.00818204039999999994
7479400000	0.0126225455000000004	-0.00816781029999999984
7479440000	0.0126295955999999997	-0.00813731049999999977
7479480000	0.0126698702000000007	-0.00806802430000000056
7479520000	0.0126723818000000002	-0.0080834905999999998
7479560000	0.0126848968999999992	-0.00802133810000000072
7479600000	0.0126811149999999997	-0.00799524409999999991
7479640000	0.0127207754999999999	-0.0079812773000000007
7479680000	0.0126924715999999996	-0.00793740880000000024
7479720000	0.0127319443000000008	-0.00788230829999999986
7479760000	0.0127428757999999993	-0.00787451439999999926
7479800000	0.0127598233000000005	-0.00783934459999999916
7479840000	0.0127616002000000006	-0.00779151250000000017
7479880000	0.0127907005999999997	-0.0077748391
7479920000	0.0127817747999999995	-0.00775229119999999976
7479960000	0.0127983690000000004	-0.00772303209999999993
7480000000	0.0128213285999999992	-0.00768784559999999978
7480040000	0.0128312167000000001	-0.00766649389999999979
7480080000	0.0128238758000000005	-0.00760851819999999995
7480120000	0.0128337376000000006	-0.00759161169999999965
7480160000	0.0128718389999999995	-0.00755640559999999975
7480200000	0.0128663448000000003	-0.00751932280000000043
7480240000	0.0128887211999999998	-0.00749149389999999998
7480280000	0.0128885197999999996	-0.00743103250000000035
7480320000	0.0129054992999999996	-0.00741438419999999963
7480360000	0.0129222947999999994	-0.00738123309999999967
7480400000	0.0129164579000000009	-0.00735026979999999983
7480440000	0.0129191362000000004	-0.00733401560000000036
7480480000	0.0129430098000000004	-0.00731017850000000025
7480520000	0.0129460986000000007	-0.00724110159999999999
7480560000	0.0129639621999999999	-0.00723613139999999995
7480600000	0.0129692769999999995	-0.00717507590000000025
7480640000	0.0129870279999999994	-0.00716789039999999981
7480680000	0.0130030417000000006	-0.00712601410000000043
7480720000	0.0129789077000000003	-0.00708581539999999978
7480760000	0.0129907544000000003	-0.00706653490000000006
7480800000	0.0130374215999999998	-0.00702723400000000026
7480840000	0.0130099159999999998	-0.00699772849999999967
7480880000	0.0130269543000000008	-0.00697885150000000006
7480920000	0.0130515479999999996	-0.00692260150000000019
7480960000	0.0130465245999999997	-0.00691243459999999962
7481000000	0.0130561271000000003	-0.00689418810000000035
7481040000	0.0130767871000000008	-0.00684472540000000042
7481080000	0.0130671954999999999	-0.00681160829999999991
7481120000	0.0130670425000000007	-0.00677812700000000011
7481160000	0.0130796366999999993	-0.00673323470000000007
7481200000	0.0130993380000000003	-0.00675200780000000025
7481240000	0.0130939986999999997	-0.00667747900000000005
7481280000	0.0131025580000000003	-0.00666826629999999962
7481320000	0.0131325224000000008	-0.00663880930000000039
7481360000	0.0131158682000000002	-0.00659271710000000014
7481400000	0.0131128479000000003	-0.00656971980000000018
7481440000	0.013122524	-0.00653211129999999984
7481480000	0.0131322020000000008	-0.00648165500000000023
7481520000	0.0131601193999999998	-0.00647147549999999971
7481560000	0.0131709752000000006	-0.00643329929999999963
7481600000	0.0131572023999999999	-0.00641008480000000019
7481640000	0.0131724231000000004	-0.00636701870000000014
7481680000	0.0131581835000000001	-0.00635134850000000032
7481720000	0.0131816241000000008	-0.00631877209999999988
7481760000	0.0131714772999999997	-0.00627420530000000025
7481800000	0.0131876764000000007	-0.00627703359999999978
7481840000	0.0132105344999999992	-0.00622311180000000019
7481880000	0.0131958121000000008	-0.00617396549999999975
7481920000	0.0131921882999999993	-0.0061575880999999999
7481960000	0.0132153175000000005	-0.00615022490000000002
7482000000	0.0132261189000000001	-0.00612275669999999984
7482040000	0.0132244909999999997	-0.0060752200000000001
7482080000	0.0132184299000000002	-0.0060551060999999998
7482120000	0.0132280594000000005	-0.00600991989999999972
7482160000	0.0132289382	-0.00596896440000000035
7482200000	0.0132240433999999997	-0.00595086030000000019
7482240000	0.0132298076000000008	-0.00591910829999999985
7482280000	0.0132394066999999994	-0.00590056120000000042
7482320000	0.0132199860999999991	-0.00587187729999999984
7482360000	0.0132399121000000008	-0.00584053829999999982
7482400000	0.0132325971999999997	-0.00578878269999999993
7482440000	0.0132681099999999996	-0.00577063999999999962
7482480000	0.0132383903999999993	-0.00572794529999999958
7482520000	0.0132495627999999997	-0.0057131498999999997
7482560000	0.0132600779000000002	-0.00566650729999999998
7482600000	0.0132615436	-0.00561675330000000004
7482640000	0.0132545401	-0.0056261999999999996
7482680000	0.0132436902999999995	-0.00559586489999999975
7482720000	0.0132593933999999997	-0.00557864749999999968
7482760000	0.0132634491999999993	-0.00550523459999999968
7482800000	0.0132635480999999996	-0.00550232759999999977
7482840000	0.0132686951999999997	-0.00548262539999999979
7482880000	0.0132736391999999995	-0.00545684210000000041
7482920000	0.0132599647999999994	-0.0054388300000000004
7482960000	0.0132844450000000006	-0.00537484620000000003
7483000000	0.0132914370999999993	-0.00537260270000000043
7483040000	0.0132713825999999993	-0.00532099800000000039
7483080000	0.0132667555999999992	-0.0052841218000000004
7483120000	0.0132578259000000007	-0.00527515080000000042
7483160000	0.0132751386999999995	-0.00524496259999999992
7483200000	0.0132912086999999995	-0.00518785510000000036
7483240000	0.0132767518999999997	-0.00517469230000000037
7483280000	0.0132932355999999998	-0.00515338239999999989
7483320000	0.0132709471999999992	-0.00512958800000000003
7483360000	0.0132632219999999999	-0.00509479359999999958
7483400000	0.0132776336999999994	-0.00505446130000000021
7483440000	0.0132857189999999997	-0.0050509865999999997
7483480000	0.0132775779000000003	-0.00500564740000000036
7483520000	0.0132764200000000006	-0.00499743479999999966
7483560000	0.0132720670999999998	-0.00495956479999999991
7483600000	0.0132476833000000002	-0.00491831299999999968
7483640000	0.0132573191999999992	-0.00490980909999999982
7483680000	0.0132540982999999994	-0.00487851020000000003
7483720000	0.0132583232999999995	-0.00487069489999999994
7483760000	0.0132581998999999999	-0.00482750820000000039
7483800000	0.0132562514000000003	-0.00480569030000000015
7483840000	0.0132476821999999994	-0.00476730460000000019
7483880000	0.0132516655000000007	-0.0047395108
7483920000	0.0132587801000000009	-0.00472438130000000026
7483960000	0.0132210098000000009	-0.00469403650000000013
7484000000	0.0132366172999999997	-0.00466990070000000007
7484040000	0.0132446044999999998	-0.00463094739999999998
7484080000	0.0132394217999999998	-0.00461015850000000022
7484120000	0.0132281820999999994	-0.00456480999999999987
7484160000	0.0132111178999999995	-0.00455107979999999981
7484200000	0.0132138887000000007	-0.00453528869999999997
7484240000	0.0132026431999999992	-0.0045118535999999999
7484280000	0.0131913942999999992	-0.00448046420000000004
7484320000	0.0132082916999999994	-0.00443123039999999968
7484360000	0.0131915013000000001	-0.00442849870000000014
7484400000	0.0132002513999999998	-0.00439860699999999969
7484440000	0.0131721806999999993	-0.00437547619999999974
7484480000	0.0131958571999999993	-0.00435406430000000004
7484520000	0.0131735774000000007	-0.0043398591000000002
7484560000	0.0131641948000000009	-0.0043076579999999998
7484600000	0.0131426849999999994	-0.00426850880000000012
7484640000	0.0131499500000000005	-0.00424604599999999985
7484680000	0.0131539853000000005	-0.00424550670000000026
7484720000	0.0131450061000000003	-0.00422521849999999994
7484760000	0.0131142713000000008	-0.0041853213000000002
7484800000	0.0131339861999999995	-0.0041685002000000004
7484840000	0.0130931676000000004	-0.00413465009999999973
7484880000	0.0131066835000000007	-0.0041209784000000001
7484920000	0.0130749687999999996	-0.00410223529999999975
7484960000	0.0130998191	-0.00405395530000000025
7485000000	0.0130706455000000003	-0.00405068879999999961
7485040000	0.0130500513000000005	-0.00400185929999999964
7485080000	0.0130633128000000008	-0.00399542949999999973
7485120000	0.0130402860999999995	-0.0039670892000000001
7485160000	0.0130221318999999992	-0.00396566679999999991
7485200000	0.0130328817000000003	-0.00392393060000000016
7485240000	0.0130267851000000004	-0.00390249380000000021
7485280000	0.0129977652000000006	-0.0038985510000000001
7485320000	0.0129926464000000002	-0.00386341549999999999
7485360000	0.0129837401000000002	-0.00384249930000000019
7485400000	0.0129573394000000001	-0.00381314820000000021
7485440000	0.0129547080000000005	-0.00380551679999999995
7485480000	0.0129508587999999994	-0.00379971060000000018
7485520000	0.0129201547000000003	-0.0037577260999999999
7485560000	0.0129172960999999996	-0.0037635743000000001
7485600000	0.0128791058000000003	-0.00373556610000000009
7485640000	0.0128815718999999995	-0.00372189070000000007
7485680000	0.0128855844000000004	-0.00369637150000000012
7485720000	0.0128600458000000008	-0.00366091350000000018
7485760000	0.0128242949999999994	-0.00363734399999999982
7485800000	0.0128056955000000004	-0.00363644119999999987
7485840000	0.0127946390999999996	-0.00361153989999999986
7485880000	0.0128076049000000001	-0.00357984729999999982
7485920000	0.0127549533999999996	-0.00359336109999999981
7485960000	0.0127683672999999998	-0.00356142660000000012
7486000000	0.0127258948	-0.00355763719999999985
7486040000	0.0127164315999999996	-0.00352463580000000019
7486080000	0.0127112336999999995	-0.00350902389999999988
7486120000	0.0127020236000000009	-0.00350251040000000005
7486160000	0.0126444981999999997	-0.00347085250000000014
7486200000	0.0126726585999999992	-0.00346516029999999978
7486240000	0.0126270662999999998	-0.00344667149999999985
7486280000	0.0126240928000000002	-0.00341329450000000005
7486320000	0.0126031198999999993	-0.00341949759999999985
7486360000	0.0125665532999999999	-0.00340303729999999992
7486400000	0.0125764256999999994	-0.00337224190000000009
7486440000	0.0125413734999999995	-0.00335990109999999981
7486480000	0.0125195679000000004	-0.0033567505000000001
7486520000	0.0125030521000000002	-0.00332619809999999986
7486560000	0.0124418116999999995	-0.00332237700000000006
7486600000	0.0124429269999999995	-0.00329790570000000009
7486640000	0.0124306339999999994	-0.00329346870000000016
7486680000	0.0123931241999999994	-0.00327923740000000009
7486720000	0.0123501389999999996	-0.00327093479999999992
7486760000	0.0123745815000000006	-0.0032628548999999998
7486800000	0.0123150560999999992	-0.00324935919999999991
7486840000	0.0122986912999999993	-0.00322569070000000005
7486880000	0.0122651079000000007	-0.00322368640000000005
7486920000	0.0122640412000000008	-0.00322379730000000014
7486960000	0.0122434508999999993	-0.00320959609999999992
7487000000	0.0121965133999999992	-0.00319995420000000015
7487040000	0.0121553246999999993	-0.00316561640000000014
7487080000	0.0121384153999999998	-0.00316933890000000015
7487120000	0.0121021605000000004	-0.00314705080000000003
7487160000	0.0120754503000000003	-0.0031574480999999998
7487200000	0.0120499348000000003	-0.00313285459999999979
7487240000	0.0120268450999999992	-0.00314068159999999997
7487280000	0.0119610958999999996	-0.00312770409999999985
7487320000	0.0119409006999999998	-0.00312457660000000021
7487360000	0.0119231162999999998	-0.00311722739999999989
7487400000	0.0118891155000000002	-0.00313245069999999997
7487440000	0.0118534496999999992	-0.00309734660000000016
7487480000	0.0118093182999999997	-0.00307377270000000003
7487520000	0.0117669668000000005	-0.00305845950000000009
7487560000	0.0117311788000000004	-0.00306688679999999984
7487600000	0.0116923363999999995	-0.00305346609999999994
7487640000	0.0116496344000000009	-0.00306986580000000002
7487680000	0.0116335375000000008	-0.00306568919999999998
7487720000	0.0115741682999999998	-0.00304904549999999996
7487760000	0.0115506854999999995	-0.00306601800000000022
7487800000	0.0115051302999999994	-0.00303914349999999996
7487840000	0.0114658807000000001	-0.00303247710000000004
7487880000	0.0114258573999999995	-0.00303223920000000001
7487920000	0.0113734393999999992	-0.00303454800000000019
7487960000	0.0113506622999999997	-0.00301638570000000014
7488000000	0.0113091966999999995	-0.00302613319999999993
7488040000	0.0112222703999999996	-0.00302302820000000015
7488080000	0.0111855558000000001	-0.00302351819999999985
7488120000	0.0111480699999999995	-0.00302264229999999997
7488160000	0.0110932592999999999	-0.00302206940000000019
7488200000	0.0110700103000000005	-0.0030212138999999999
7488240000	0.0109941511000000002	-0.00302180330000000009
7488280000	0.0109677377000000006	-0.00303397030000000009
7488320000	0.0108766599000000002	-0.00300995889999999995
7488360000	0.0108285902	-0.00301343270000000015
7488400000	0.0107964318000000007	-0.00301566789999999996
7488440000	0.0107245415000000004	-0.00301057140000000022
7488480000	0.0106907618000000003	-0.00302220189999999984
7488520000	0.0106153218000000008	-0.00303862339999999998
7488560000	0.0105421740999999992	-0.00303135109999999987
7488600000	0.0105056231	-0.0030253856
7488640000	0.0104297780000000007	-0.0030500954999999998
7488680000	0.0103637560999999996	-0.00303230889999999993
7488720000	0.0102863112000000003	-0.0030244540000000002
7488760000	0.0102466003999999999	-0.00302947789999999991
7488800000	0.0101668683999999992	-0.00302706980000000013
7488840000	0.0100982829999999996	-0.00303414470000000014
7488880000	0.0100070638999999999	-0.00304178999999999995
7488920000	0.00995094200000000081	-0.0030499418999999999
7488960000	0.00988317849999999914	-0.00303682629999999995
7489000000	0.00981321909999999936	-0.00302817149999999981
7489040000	0.00973990769999999971	-0.00305205760000000015
7489080000	0.00964216390000000034	-0.00306149040000000018
7489120000	0.00955142380000000013	-0.00305071489999999982
7489160000	0.00948708369999999926	-0.00305687059999999993
7489200000	0.00942276159999999932	-0.00307972350000000009
7489240000	0.00931160080000000001	-0.0030672274000000002
7489280000	0.00922325910000000061	-0.00305307620000000012
7489320000	0.00912746969999999984	-0.00305396120000000007
7489360000	0.00905540309999999966	-0.00306982050000000018
7489400000	0.0089586193999999994	-0.00307224129999999996
7489440000	0.00885519159999999944	-0.00306901150000000013
7489480000	0.00875110869999999944	-0.00308991709999999978
7489520000	0.00866894200000000066	-0.00307795190000000008
7489560000	0.00854227469999999968	-0.00307742800000000011
7489600000	0.00845884090000000033	-0.00306175419999999993
7489640000	0.00835734280000000052	-0.00308944730000000004
7489680000	0.00823813730000000008	-0.00309262389999999995
7489720000	0.00813656679999999986	-0.00307241919999999991
7489760000	0.00803718049999999941	-0.00308510599999999979
7489800000	0.00791142880000000014	-0.00307836689999999979
7489840000	0.00782337840000000076	-0.00306282609999999986
7489880000	0.00765633729999999971	-0.00307403329999999999
7489920000	0.00754010399999999973	-0.00306439299999999989
7489960000	0.00742584319999999975	-0.00303174720000000007
7490000000	0.00732477000000000041	-0.00304769170000000018
7490040000	0.00717644549999999978	-0.00304093369999999981
7490080000	0.00703951209999999997	-0.00302648279999999988
7490120000	0.00691286230000000019	-0.00302955809999999994
7490160000	0.00677292569999999976	-0.0029904234
7490200000	0.00663915950000000012	-0.00297134809999999999
7490240000	0.00648170479999999986	-0.00297356439999999986
7490280000	0.00632464269999999992	-0.00292804769999999983
7490320000	0.00620374690000000031	-0.0029421797999999999
7490360000	0.00604814209999999988	-0.0028942916
7490400000	0.00589887310000000026	-0.00286831949999999999
7490440000	0.00573401899999999992	-0.0028431029
7490480000	0.00558272890000000022	-0.00281698500000000015
7490520000	0.00541053579999999958	-0.00277808229999999996
7490560000	0.00526351719999999974	-0.00274333119999999996
7490600000	0.0050955261	-0.00270737909999999981
7490640000	0.0049111933	-0.00266413009999999983
7490680000	0.00473942090000000014	-0.00260053279999999986
7490720000	0.0045634708000000003	-0.00255480759999999986
7490760000	0.00439088059999999999	-0.00250029760000000005
7490800000	0.00420787340000000013	-0.00245159199999999983
7490840000	0.00405517720000000016	-0.00238636730000000002
7490880000	0.00386485369999999993	-0.0023387477999999998
7490920000	0.00366612049999999988	-0.00225351110000000018
7490960000	0.00348937560000000006	-0.00217978290000000021
7491000000	0.00328842370000000019	-0.00211827100000000013
7491040000	0.00308314799999999996	-0.00203234270000000015
7491080000	0.00290586589999999997	-0.00194643659999999994
7491120000	0.00272563990000000006	-0.00181599879999999993
7491160000	0.00253565999999999991	-0.0017226946999999999
7491200000	0.00231401250000000001	-0.00162879160000000008
7491240000	0.00214797629999999989	-0.00151181730000000004
7491280000	0.0019619326999999998	-0.00142113999999999999
7491320000	0.00176136119999999998	-0.00127694240000000001
7491360000	0.0015463333000000001	-0.00116760369999999994
7491400000	0.00135658460000000008	-0.00102452509999999991
7491440000	0.00114173839999999992	-0.000878497899999999983
7491480000	0.000976639399999999986	-0.000727474700000000003
7491520000	0.000789700200000000019	-0.000592148199999999983
7491560000	0.000601353899999999982	-0.000441616499999999989
7491600000	0.000398989199999999998	-0.000275872900000000013
7491640000	0.000219246099999999988	-9.27754000000000062e-05
7491680000	4.03889000000000022e-05	8.03411999999999958e-05
7491720000	-0.00014803289999999999	0.000278187099999999978
7491760000	-0.000331872499999999991	0.000447932000000000007
7491800000	-0.000487829899999999989	0.000622195599999999962
7491840000	-0.000684850100000000011	0.000833821499999999952
7491880000	-0.000839050199999999999	0.00105527859999999998
7491920000	-0.000991742899999999974	0.00125680330000000002
7491960000	-0.0011654879999999999	0.00149334040000000004
7492000000	-0.00130832330000000001	0.00171694240000000008
7492040000	-0.00146231289999999999	0.00195080519999999997
7492080000	-0.00160231200000000005	0.00216517880000000008
7492120000	-0.00172384309999999989	0.00239513510000000009
7492160000	-0.0018678716000000001	0.0026422634999999999
7492200000	-0.00197575620000000002	0.00288052079999999997
7492240000	-0.00211582209999999988	0.00313858529999999983
7492280000	-0.00221865589999999981	0.00337656230000000016
7492320000	-0.00231023509999999993	0.00364048029999999986
7492360000	-0.00240843000000000003	0.00389341690000000011
7492400000	-0.00250628030000000016	0.00414900100000000025
7492440000	-0.00255888099999999983	0.00441124550000000001
7492480000	-0.00266463119999999984	0.0046755229000000004
7492520000	-0.00272195470000000019	0.00490369449999999985
7492560000	-0.00277640869999999998	0.00521003939999999978
7492600000	-0.00283621719999999989	0.00546529480000000015
7492640000	-0.00285751620000000012	0.00573449560000000025
7492680000	-0.00292460460000000012	0.00599084210000000016
7492720000	-0.00294312760000000001	0.00624516810000000019
7492760000	-0.00295525369999999994	0.00655010689999999986
7492800000	-0.00297774180000000017	0.00678477439999999963
7492840000	-0.00299238059999999998	0.0070628968000000002
7492880000	-0.00300456310000000006	0.00727061119999999981
7492920000	-0.00299517829999999992	0.00754379040000000001
7492960000	-0.002993103	0.00780385800000000032
7493000000	-0.00297340669999999986	0.00805355070000000027
7493040000	-0.0029334087	0.00830972770000000006
7493080000	-0.00291791449999999992	0.00854186340000000037
7493120000	-0.00287478960000000019	0.00877557370000000073
7493160000	-0.00284092129999999983	0.00899504299999999944
7493200000	-0.00280018620000000015	0.00924749910000000064
7493240000	-0.00273498860000000003	0.00948571160000000017
7493280000	-0.00269864979999999985	0.00973450929999999937
7493320000	-0.00263165130000000014	0.00990157910000000023
7493360000	-0.00256558839999999986	0.0101332294000000007
7493400000	-0.00248215570000000002	0.0103338706999999991
7493440000	-0.00242632760000000003	0.0105328573999999998
7493480000	-0.00235786880000000022	0.0107439752999999999
7493520000	-0.00227301509999999979	0.0109170589000000002
7493560000	-0.00218630050000000013	0.0111399198999999997
7493600000	-0.00209795149999999998	0.0113174329000000004
7493640000	-0.00200647380000000021	0.0115027260999999992
7493680000	-0.00192620899999999991	0.0116572681999999993
7493720000	-0.00185472700000000002	0.0118594518000000003
7493760000	-0.00173311810000000011	0.012035703
7493800000	-0.00164368799999999992	0.0121792675000000003
7493840000	-0.00157044730000000009	0.0123344922999999995
7493880000	-0.00145095350000000001	0.0125050000000000005
7493920000	-0.00135662369999999997	0.0126298239999999996
7493960000	-0.00127013350000000007	0.0127958606000000003
7494000000	-0.00115752679999999992	0.0129121585999999993
7494040000	-0.00105672940000000009	0.0130498731999999992
7494080000	-0.000969626000000000017	0.0131728291000000001
7494120000	-0.000887515099999999996	0.0133101122999999995
7494160000	-0.000739026399999999969	0.0134419898999999995
7494200000	-0.000693101499999999957	0.0135604999999999996
7494240000	-0.000590006700000000038	0.0136782068999999999
7494280000	-0.000451014099999999995	0.0137871248999999994
7494320000	-0.000383098899999999992	0.0138725732999999997
7494360000	-0.000265319900000000007	0.0139804999999999999
7494400000	-0.000172825099999999993	0.0140747262999999997
7494440000	-9.54975000000000051e-05	0.0141736113999999993
7494480000	-1.28099999999999989e-07	0.0142526101999999998
7494520000	0.000109577900000000007	0.0143520295999999999
7494560000	0.000206176800000000001	0.0144544037999999996
7494600000	0.000275218100000000014	0.0145596996999999995
7494640000	0.000380436299999999995	0.01460149
7494680000	0.000468702599999999974	0.0146743123000000007
7494720000	0.000584971899999999975	0.0147467016000000003
7494760000	0.000645221200000000036	0.0148128084000000004
7494800000	0.000746011200000000051	0.0149153768999999992
7494840000	0.00085656269999999997	0.0149432207000000008
7494880000	0.000946340699999999964	0.0150241553999999992
7494920000	0.000985422599999999892	0.0150972017
7494960000	0.00107284029999999992	0.0151512048
7495000000	0.00116227069999999999	0.0151970045999999994
7495040000	0.00123215130000000001	0.0152609682000000007
7495080000	0.00132508150000000004	0.0152831740000000001
7495120000	0.00140483569999999992	0.0153695164999999995
7495160000	0.0014883145999999999	0.0154247434999999992
7495200000	0.00155068000000000003	0.0154639235000000007
7495240000	0.00160717580000000002	0.0154916603999999992
7495280000	0.00168259680000000002	0.0155350251000000005
7495320000	0.00176971969999999991	0.0155918425999999992
7495360000	0.0018255070999999999	0.0156200655000000004
7495400000	0.00187050410000000008	0.0156547039999999985
7495440000	0.00197383840000000003	0.0156847399000000012
7495480000	0.00201905530000000017	0.0157155424999999987
7495520000	0.00206534679999999986	0.0157498122000000011
7495560000	0.00213226300000000013	0.0158147034999999991
7495600000	0.00219041139999999988	0.0158441903000000016
7495640000	0.0022506675000000002	0.0158664545999999997
7495680000	0.00231992849999999992	0.0158989939999999996
7495720000	0.00237687839999999994	0.0159121646000000005
7495760000	0.00242353380000000012	0.0159451487999999995
7495800000	0.00247536230000000015	0.0159689494000000015
7495840000	0.00251466210000000001	0.0159995497000000007
7495880000	0.00255907949999999986	0.0160155270999999995
7495920000	0.00263334169999999979	0.0160350406000000015
7495960000	0.00268895629999999983	0.0160482667000000009
7496000000	0.00272269769999999986	0.0160887270000000006
7496040000	0.00275925209999999983	0.0161051058999999996
7496080000	0.00279797019999999995	0.0161179102999999997
7496120000	0.00284331729999999982	0.0161285328000000013
7496160000	0.00289736840000000013	0.0161699281999999993
7496200000	0.00292750540000000009	0.0161753572999999984
7496240000	0.0029677140999999998	0.0161855829999999999
7496280000	0.00300991840000000002	0.016203438399999999
7496320000	0.00302924320000000011	0.0162432017999999991
7496360000	0.00307316049999999986	0.0162510683999999989
7496400000	0.00310193699999999992	0.0162857079999999994
7496440000	0.00312775830000000012	0.0162691449999999987
7496480000	0.00315083659999999995	0.0162771924000000012
7496520000	0.0031886219999999999	0.0163043590999999988
7496560000	0.00324727260000000004	0.0163172622000000017
7496600000	0.00325707960000000017	0.0162815702999999992
7496640000	0.00328701239999999988	0.0163386901000000008
7496680000	0.0033020749000000002	0.0163537831999999994
7496720000	0.00336455069999999981	0.016377436799999999
7496760000	0.00336321909999999979	0.0163612061999999989
7496800000	0.0033977364999999999	0.0163986557000000005
7496840000	0.00341984660000000003	0.0163931922000000001
7496880000	0.00341416590000000013	0.0164189294999999985
7496920000	0.00343179709999999992	0.0164399278000000003
7496960000	0.00345764240000000006	0.0164099704000000013
7497000000	0.00350518199999999992	0.0164405087999999998
7497040000	0.0034965803000000001	0.0164749886999999984
7497080000	0.00353951550000000019	0.0164485473999999993
7497120000	0.00354313769999999983	0.0164573923999999996
7497160000	0.00357808450000000021	0.0164573221000000013
7497200000	0.00355564740000000002	0.0164952059000000005
7497240000	0.00357047510000000007	0.0164710497000000004
7497280000	0.00358269700000000014	0.0164942749000000013
7497320000	0.00359845879999999996	0.0164907198000000012
7497360000	0.00361871259999999983	0.0165105530000000007
7497400000	0.00361732490000000019	0.0165220348999999996
7497440000	0.00362809569999999982	0.016529292000000001
7497480000	0.00364235849999999979	0.0165310697000000013
7497520000	0.0036600465999999999	0.0165375326999999996
7497560000	0.00366925909999999984	0.016536984099999999
7497600000	0.00367369779999999991	0.0165781277000000005
7497640000	0.00367793450000000006	0.0165620536000000013
7497680000	0.00369873710000000015	0.0165753294999999995
7497720000	0.00368568580000000002	0.0165766229999999987
7497760000	0.00369972929999999979	0.0165840698000000002
7497800000	0.00369271410000000019	0.0165774046999999994
7497840000	0.00372105920000000015	0.0165893203000000017
7497880000	0.00370170569999999982	0.0166043540999999996
7497920000	0.00371055869999999989	0.0166052759000000008
7497960000	0.00370288229999999989	0.016621027
7498000000	0.00369175199999999997	0.0166086042999999996
7498040000	0.0037199307	0.0166193699
7498080000	0.00370607069999999992	0.0166077752000000009
7498120000	0.00370183699999999992	0.0166182550999999998
7498160000	0.00370181310000000001	0.0166611829000000017
7498200000	0.00371185770000000007	0.0166331660999999992
7498240000	0.00371423649999999984	0.0166352911000000013
7498280000	0.0036944104000000001	0.0166426691000000002
7498320000	0.00367974700000000014	0.0166528667999999991
7498360000	0.00367202340000000009	0.0166538684000000006
7498400000	0.00370969139999999991	0.0166539804999999985
7498440000	0.00369678669999999989	0.0166693914000000006
7498480000	0.00369193869999999988	0.0166724502000000011
7498520000	0.00367112670000000006	0.016677107
7498560000	0.00366363939999999992	0.0166767693000000015
7498600000	0.00367298850000000003	0.0166908093000000014
7498640000	0.00365135710000000007	0.0166641278999999989
7498680000	0.00364969240000000009	0.0167153612000000007
7498720000	0.00363353289999999995	0.0167071537999999992
7498760000	0.0036285381999999998	0.0166919243999999987
7498800000	0.00362931549999999988	0.0167056034000000013
7498840000	0.00359800930000000021	0.0167083833000000008
7498880000	0.00358803499999999984	0.0167131103000000003
7498920000	0.00356717370000000011	0.0167334885999999988
7498960000	0.0035885883999999999	0.0167069702999999986
7499000000	0.00357011189999999982	0.0167208137
7499040000	0.00354515609999999986	0.0167037659999999984
7499080000	0.00354149329999999983	0.0167461993000000003
7499120000	0.00353586550000000019	0.0167333744000000006
7499160000	0.00351627620000000011	0.0167224651000000002
7499200000	0.00351038859999999991	0.0167240536000000002
7499240000	0.00348726289999999996	0.0167422914000000013
7499280000	0.0034864296999999999	0.0167404279000000003
7499320000	0.00345885600000000017	0.0167415012999999994
7499360000	0.00341456199999999989	0.0167653827000000012
7499400000	0.00341518810000000003	0.0167889664999999987
7499440000	0.00341803929999999999	0.0167926005999999989
7499480000	0.0033710684999999998	0.0167880972999999989
7499520000	0.00336437899999999981	0.0168025961000000008
7499560000	0.00333422220000000004	0.0168179216000000006
7499600000	0.00334944499999999994	0.0168078332000000004
7499640000	0.00331381080000000021	0.0168194932000000005
7499680000	0.00331465819999999991	0.0167872690000000005
7499720000	0.0032931814000000002	0.016796515599999999
7499760000	0.00326631709999999995	0.0168063274999999991
7499800000	0.00321834790000000018	0.0168168513000000013
7499840000	0.00323634480000000021	0.016819394599999999
7499880000	0.00319990139999999992	0.0168182215999999989
7499920000	0.00318943599999999992	0.0168113701000000004
7499960000	0.00316282939999999995	0.0168339438999999987
7500000000	0.00313567910000000019	0.0168075999000000011
7500040000	0.00312065820000000018	0.0168257628000000013
7500080000	0.00309165670000000016	0.0168293709999999992
7500120000	0.00309479900000000007	0.0168502682999999986
7500160000	0.00306665049999999993	0.0168481460000000013
7500200000	0.00303455099999999992	0.0168337248999999994
7500240000	0.0030326022000000002	0.0168392002000000013
7500280000	0.00297496140000000006	0.0168317322999999991
7500320000	0.0029692948999999998	0.0168437363999999999
7500360000	0.0029790661999999999	0.0168486145999999989
7500400000	0.00294958879999999979	0.0168435413999999985
7500440000	0.00291410769999999979	0.016867510799999999
7500480000	0.00288339520000000004	0.0168632968000000001
7500520000	0.00285197309999999987	0.0168588066999999994
7500560000	0.00284956510000000012	0.0168458120000000017
7500600000	0.0028138210000000002	0.0168718276
7500640000	0.00280143870000000008	0.016892033800000001
7500680000	0.0027850746	0.0168729549000000006
7500720000	0.00277053600000000009	0.0168736386000000009
7500760000	0.00272041989999999984	0.0168682011999999985
7500800000	0.00269885300000000019	0.0168795607999999986
7500840000	0.0026663873000000002	0.0168904170999999992
7500880000	0.00264462680000000002	0.0168677685999999993
7500920000	0.00260940390000000003	0.0168817654999999997
7500960000	0.00261662719999999991	0.0168705474999999994
7501000000	0.00259219009999999989	0.016867776000000001
7501040000	0.00254217440000000005	0.0168874707000000006
7501080000	0.00252692880000000017	0.0168879158000000001
7501120000	0.00251375450000000016	0.0168945456000000015
7501160000	0.00246692229999999997	0.0168831195999999996
7501200000	0.00244781820000000011	0.0168769549000000012
7501240000	0.0024290538999999999	0.0168643461000000001
7501280000	0.00238323260000000009	0.0169299419999999999
7501320000	0.00236869400000000018	0.0169154006000000016
7501360000	0.00234798200000000019	0.016912720400000001
7501400000	0.00231096050000000009	0.0169184045000000012
7501440000	0.00228060600000000013	0.0169008091000000006
7501480000	0.0022306155000000002	0.0169028607000000011
7501520000	0.00223034540000000003	0.0169110745999999992
7501560000	0.0021819986999999999	0.0169372487999999988
7501600000	0.00216229690000000006	0.0168942386
7501640000	0.00214939799999999985	0.0168857333999999984
7501680000	0.00211232979999999987	0.0169085861000000011
7501720000	0.00211771020000000015	0.0168988891999999995
7501760000	0.00207450310000000014	0.0169138186999999995
7501800000	0.00202365760000000009	0.0169254661999999993
7501840000	0.0019799017999999999	0.0169098327999999999
7501880000	0.00197529470000000007	0.0169338313000000004
7501920000	0.00193177959999999999	0.0169171241
7501960000	0.00191925480000000007	0.0169068864999999992
7502000000	0.0018848166999999999	0.0169280324999999988
7502040000	0.00183715300000000001	0.0169084892999999993
7502080000	0.00183354250000000002	0.0169331651000000014
7502120000	0.0018082567999999999	0.0169207287999999997
7502160000	0.00176169489999999994	0.0169120089999999987
7502200000	0.00172230509999999996	0.0169232410999999999
7502240000	0.00171493509999999993	0.0169243032999999987
7502280000	0.00164995560000000003	0.01692776
7502320000	0.00163844620000000007	0.0169104168000000013
7502360000	0.00160838579999999999	0.0169259556000000005
7502400000	0.00156306159999999991	0.0169240319000000007
7502440000	0.00153576530000000002	0.0169340977999999989
7502480000	0.00152866250000000003	0.0168955876000000012
7502520000	0.00147780419999999995	0.0169270605000000005
7502560000	0.00145274019999999996	0.0169098960999999985
7502600000	0.00142172580000000004	0.0169140238999999984
7502640000	0.00137343389999999995	0.0169275914999999985
7502680000	0.00133621460000000005	0.0169309750999999988
7502720000	0.0013068483000000001	0.0169357093000000007
7502760000	0.00128474569999999992	0.0169180692000000001
7502800000	0.00123657140000000003	0.0169292207999999986
7502840000	0.0012194847999999999	0.0169346834999999987
7502880000	0.00119349889999999996	0.0169236843999999997
7502920000	0.00112614289999999999	0.0169110659999999989
7502960000	0.0011110941	0.0169017768000000006
7503000000	0.0010707691000000001	0.0169174565999999985
7503040000	0.00103491900000000003	0.0169165426999999986
7503080000	0.00101809610000000005	0.0169306871000000012
7503120000	0.00097924790000000002	0.0169305793000000017
7503160000	0.000945873099999999995	0.0169240013000000016
7503200000	0.000922165599999999952	0.0169022571999999996
7503240000	0.000872364399999999958	0.0169430838999999993
7503280000	0.000845092400000000007	0.0168974944000000009
7503320000	0.000821063700000000045	0.0168941279
7503360000	0.00077842880000000001	0.0169019977000000009
7503400000	0.000749863799999999974	0.0168964652999999999
7503440000	0.000728034199999999976	0.0169023665999999996
7503480000	0.000659218799999999991	0.0168986170000000012
7503520000	0.000655298400000000041	0.0168847913000000002
7503560000	0.000617919299999999971	0.0169037715000000012
7503600000	0.000576691000000000053	0.0168958875000000015
7503640000	0.000550510799999999988	0.0169015224000000006
7503680000	0.000497376299999999997	0.0169092979999999997
7503720000	0.00044792129999999999	0.0168950465000000001
7503760000	0.000436116800000000012	0.0168829848999999983
7503800000	0.000377979000000000021	0.0168610689000000015
7503840000	0.000369624600000000025	0.0168644499999999996
7503880000	0.000319563799999999978	0.0168733707000000011
7503920000	0.00026888429999999999	0.0168746708999999995
7503960000	0.000267574999999999985	0.0168792486999999984
7504000000	0.000192291700000000001	0.016881757800000001
7504040000	0.000185706699999999995	0.0168666851999999985
7504080000	0.000139314199999999988	0.0168539535000000011
7504120000	0.000106093000000000002	0.016861826600000001
7504160000	6.25179000000000067e-05	0.0168405509000000009
7504200000	4.22431000000000022e-05	0.0168662460999999993
7504240000	6.35390000000000027e-06	0.0168746450999999985
7504280000	-4.14854000000000009e-05	0.0168695314999999998
7504320000	-8.37033999999999955e-05	0.0168567864000000005
7504360000	-0.000117385000000000002	0.0168377692000000016
7504400000	-0.0001565917	0.0168402810999999999
7504440000	-0.000206339099999999998	0.0168278525999999984
7504480000	-0.00021616929999999999	0.0168213023000000003
7504520000	-0.000257891700000000023	0.0168205778
7504560000	-0.000299968300000000006	0.0168278117000000005
7504600000	-0.00033195719999999998	0.0168131075000000005
7504640000	-0.000392368400000000009	0.0168127260000000001
7504680000	-0.000417415400000000002	0.0167915322000000006
7504720000	-0.000473601700000000003	0.0167974374000000003
7504760000	-0.000502990699999999948	0.0168074796999999991
7504800000	-0.000522389399999999976	0.0168065096999999997
7504840000	-0.000558601099999999967	0.0167914348000000012
7504880000	-0.000601458000000000027	0.0167703498000000006
7504920000	-0.000644301499999999964	0.016779480900000001
7504960000	-0.000679414699999999951	0.0167699975000000015
7505000000	-0.000720078200000000041	0.0167643339000000009
7505040000	-0.000738240900000000015	0.0167655875999999995
7505080000	-0.000781564899999999982	0.0167585157000000005
7505120000	-0.000830399100000000037	0.0167442717999999983
7505160000	-0.000877691800000000052	0.0167453654
7505200000	-0.000889894799999999962	0.0167401889000000012
7505240000	-0.000979605799999999985	0.0167346150000000013
7505280000	-0.000981921900000000056	0.0166996449000000012
7505320000	-0.0010256547	0.0167423158999999988
7505360000	-0.00106926149999999991	0.0167137636999999985
7505400000	-0.00110347869999999999	0.0167055901000000007
7505440000	-0.00114196890000000002	0.0167069120999999987
7505480000	-0.00115818590000000003	0.0167042953999999993
7505520000	-0.00123686049999999995	0.0166966680000000013
7505560000	-0.0012693391	0.0166979691999999992
7505600000	-0.00130124059999999994	0.0166848024000000004
7505640000	-0.0013580497999999999	0.0166970279999999992
7505680000	-0.00135005929999999991	0.0166633937999999988
7505720000	-0.00140055670000000009	0.0166583985000000011
7505760000	-0.00145347610000000002	0.0166716621000000016
7505800000	-0.00150956620000000001	0.0166540807999999985
7505840000	-0.00152203769999999998	0.0166363173999999996
7505880000	-0.00157879190000000005	0.0166410672000000016
7505920000	-0.00163001269999999993	0.0166131449999999993
7505960000	-0.00164602679999999993	0.0166196218000000014
7506000000	-0.00169301499999999997	0.0166019612999999989
7506040000	-0.00174341059999999991	0.0166146993000000007
7506080000	-0.00178060809999999996	0.0165926563000000013
7506120000	-0.00182763929999999993	0.0166042523000000004
7506160000	-0.00184695710000000002	0.0165955407999999992
7506200000	-0.00189201410000000006	0.0165742964000000007
7506240000	-0.00195545079999999991	0.0165607610000000002
7506280000	-0.00195384709999999991	0.0165405916000000014
7506320000	-0.0019785597999999998	0.0165335812000000013
7506360000	-0.00204577640000000015	0.0165619538999999989
7506400000	-0.00208482759999999981	0.0165241620999999998
7506440000	-0.00212727569999999989	0.0165253654999999999
7506480000	-0.00219016059999999979	0.0165098974999999988
7506520000	-0.00220507560000000012	0.0164890967000000006
7506560000	-0.00224896009999999997	0.0164965588000000017
7506600000	-0.00228001769999999987	0.0164899844000000011
7506640000	-0.00234642469999999997	0.0164703520000000006
7506680000	-0.00239230010000000002	0.0164662884999999988
7506720000	-0.00243272559999999994	0.0164707852999999987
7506760000	-0.00244559689999999984	0.0164618540999999993
7506800000	-0.00250531090000000005	0.0164293237000000016
7506840000	-0.00254603580000000015	0.0164430110000000004
7506880000	-0.0025583683000000002	0.0164289209999999991
7506920000	-0.00263180870000000004	0.0164055214000000012
7506960000	-0.00264911449999999989	0.0164101616000000006
7507000000	-0.00270151840000000011	0.0163965366000000008
7507040000	-0.00276439830000000004	0.0164103370999999984
7507080000	-0.00278745639999999992	0.0164124926999999997
7507120000	-0.00282205859999999989	0.0163482447000000003
7507160000	-0.00286664130000000017	0.0163727811000000008
7507200000	-0.00292338980000000003	0.0163498754000000017
7507240000	-0.00294964290000000002	0.0163699744999999987
7507280000	-0.00300712919999999995	0.0163520472999999986
7507320000	-0.00303318739999999983	0.0163137294999999988
7507360000	-0.00308199500000000013	0.0163319120999999984
7507400000	-0.00313079339999999991	0.0162965451000000004
7507440000	-0.00315885009999999997	0.0162831535000000013
7507480000	-0.00319076940000000012	0.0162782303999999996
7507520000	-0.00326083510000000016	0.0162739478000000007
7507560000	-0.00328614259999999991	0.0162482806000000014
7507600000	-0.00332412970000000012	0.0162411556999999991
7507640000	-0.00337172519999999996	0.0162345716000000008
7507680000	-0.00340445320000000006	0.0162374776000000012
7507720000	-0.00345977510000000004	0.0162133118000000014
7507760000	-0.00348008930000000011	0.0162153017000000003
7507800000	-0.00353648679999999998	0.0162148085000000004
7507840000	-0.00357351679999999994	0.016192213300000001
7507880000	-0.00360430440000000015	0.0161891377000000017
7507920000	-0.00364316350000000021	0.0161658847000000008
7507960000	-0.00370269720000000009	0.0161721787999999991
7508000000	-0.00372975339999999985	0.0161372192000000005
7508040000	-0.00377185149999999985	0.0161198360999999998
7508080000	-0.00381217350000000003	0.0161363355999999993
7508120000	-0.00388876250000000021	0.0161158211000000003
7508160000	-0.00391240170000000005	0.0161184714000000007
7508200000	-0.00393535620000000017	0.0161123227000000008
7508240000	-0.00398633920000000027	0.0160676593999999999
7508280000	-0.00402412679999999967	0.0160490954000000012
7508320000	-0.00407592289999999993	0.0160492809000000007
7508360000	-0.00413473369999999962	0.0160477366999999989
7508400000	-0.00415020719999999958	0.0160365579000000015
7508440000	-0.00420725730000000037	0.0160131201000000001
7508480000	-0.00423222659999999973	0.0159859993999999991
7508520000	-0.00427345559999999999	0.0159945857999999989
7508560000	-0.00432828440000000009	0.0159687789999999989
7508600000	-0.00436492189999999978	0.0159653878999999992
7508640000	-0.0044141505999999997	0.0159513688999999986
7508680000	-0.00444559740000000005	0.0159101422000000013
7508720000	-0.00447736209999999996	0.0159138248000000003
7508760000	-0.00451254349999999967	0.0159140333000000016
7508800000	-0.00457383219999999997	0.015914096400000001
7508840000	-0.00460394289999999963	0.0158962688999999997
7508880000	-0.00466754169999999968	0.0158532548999999988
7508920000	-0.00468455139999999961	0.0158495366999999998
7508960000	-0.00473250310000000035	0.0158625130000000017
7509000000	-0.00477055549999999984	0.0158398413000000009
7509040000	-0.00481451040000000028	0.0158208994999999991
7509080000	-0.00484533930000000026	0.0157943962999999993
7509120000	-0.00489564340000000001	0.0157780403000000007
7509160000	-0.00492430980000000025	0.0157823300000000007
7509200000	-0.00498546239999999967	0.0157835394000000011
7509240000	-0.00501735119999999982	0.0157393590999999992
7509280000	-0.00506465370000000036	0.0157354183000000016
7509320000	-0.00509056269999999967	0.015723724599999999
7509360000	-0.00516640439999999958	0.0157028936000000001
7509400000	-0.0051991765000000004	0.0156978654000000002
7509440000	-0.00522394950000000004	0.0156959030000000006
7509480000	-0.00526201919999999979	0.015667944100000001
7509520000	-0.00529564300000000005	0.0156577365000000017
7509560000	-0.00536173139999999993	0.0156516716
7509600000	-0.0053946641	0.0156101694000000003
7509640000	-0.00542291850000000027	0.0155903594999999996
7509680000	-0.00547848459999999982	0.0155836997000000001
7509720000	-0.00552088830000000037	0.0155848974000000005
7509760000	-0.00557721959999999978	0.0155427155999999997
7509800000	-0.00561327609999999998	0.0155330267000000008
7509840000	-0.00565329190000000027	0.0155106730000000009
7509880000	-0.00568963619999999972	0.0155111710000000007
7509920000	-0.0057480719999999999	0.0154931891000000006
7509960000	-0.00578289600000000004	0.0154958618999999995
7510000000	-0.00579765819999999987	0.0154492906999999999
