7440000000	-0.00948702149999999973	-0.0136985658999999992
7440100000	-0.00946540839999999994	-0.0137209146999999997
7440200000	-0.00935585660000000027	-0.0138111968999999994
7440300000	-0.00921781179999999964	-0.0139021153999999997
7440400000	-0.00907375650000000027	-0.0140047130000000002
7440500000	-0.00891407840000000076	-0.0140985159000000006
7440600000	-0.0087580859000000004	-0.0141910477000000007
7440700000	-0.00859299210000000029	-0.0142770117999999994
7440800000	-0.00841009809999999913	-0.0143748777000000001
7440900000	-0.00827370520000000019	-0.0144753382999999996
7441000000	-0.00808911619999999956	-0.0145568924000000002
7441100000	-0.0079391784999999996	-0.0146493234000000007
7441200000	-0.00775537199999999996	-0.0147211384999999997
7441300000	-0.0075678506999999999	-0.0148110273999999993
7441400000	-0.00740662390000000007	-0.0149091404999999993
7441500000	-0.00724359159999999995	-0.0149942797999999995
7441600000	-0.00706121080000000033	-0.0150602845999999995
7441700000	-0.00688564489999999967	-0.0151365998000000009
7441800000	-0.00670889059999999968	-0.0152070351999999999
7441900000	-0.00653102179999999997	-0.0152926373000000001
7442000000	-0.00634174720000000008	-0.0153638833000000006
7442100000	-0.00617296049999999964	-0.0154275769
7442200000	-0.00600806179999999971	-0.01549648
7442300000	-0.00583052940000000023	-0.0155671225000000007
7442400000	-0.00564017670000000002	-0.0156188553999999993
7442500000	-0.00545930099999999974	-0.0156911300999999989
7442600000	-0.0052812874000000001	-0.015748405
7442700000	-0.00509075239999999974	-0.0158206344999999998
7442800000	-0.0049109278000000001	-0.0158670693000000015
7442900000	-0.00473790570000000039	-0.0159283435999999987
7443000000	-0.0045546327999999997	-0.0159791864000000013
7443100000	-0.00435883269999999979	-0.0160356645999999992
7443200000	-0.0041857092000000002	-0.0160833961000000011
7443300000	-0.00399177240000000034	-0.0161169320999999983
7443400000	-0.00381935369999999996	-0.0161630536000000012
7443500000	-0.00362476239999999983	-0.0161832894999999997
7443600000	-0.00343647569999999984	-0.0162319725999999984
7443700000	-0.00325005810000000015	-0.0162664374
7443800000	-0.00306835569999999985	-0.0162984637000000016
7443900000	-0.00286913490000000005	-0.0163463953000000002
7444000000	-0.00268730100000000001	-0.0163815279000000015
7444100000	-0.00249665140000000004	-0.0163935953999999988
7444200000	-0.00229594250000000021	-0.0164167750000000015
7444300000	-0.00211468039999999999	-0.016441550499999999
7444400000	-0.00192957229999999994	-0.0164761746999999986
7444500000	-0.0017415823999999999	-0.0164850074999999992
7444600000	-0.00154165009999999991	-0.0165112050999999989
7444700000	-0.00134839709999999991	-0.0165334336999999991
7444800000	-0.00117158619999999992	-0.0165248407000000014
7444900000	-0.000981644700000000071	-0.0165499534000000011
7445000000	-0.000812045600000000051	-0.0165523088999999998
7445100000	-0.000601055800000000026	-0.0165620322
7445200000	-0.000407395000000000012	-0.0165663662999999996
7445300000	-0.000216006299999999999	-0.0165683325000000013
7445400000	-2.11907000000000002e-05	-0.0165610758999999996
7445500000	0.000157851199999999991	-0.0165821544000000001
7445600000	0.000349398800000000006	-0.0165544370999999996
7445700000	0.000532404400000000022	-0.0165701884999999993
7445800000	0.00071891580000000004	-0.0165642125000000015
7445900000	0.000910489299999999997	-0.0165375279999999993
7446000000	0.00111509070000000003	-0.0165297837000000017
7446100000	0.00129106750000000008	-0.0165170044000000002
7446200000	0.00147511959999999998	-0.0164973667999999997
7446300000	0.00166488930000000001	-0.0164766078999999989
7446400000	0.00186333919999999995	-0.0164517297999999985
7446500000	0.00202873029999999996	-0.0164270000999999985
7446600000	0.0022416570999999998	-0.0164046592000000012
7446700000	0.00241816580000000017	-0.0163749011999999999
7446800000	0.00261481950000000017	-0.0163452221000000009
7446900000	0.00280128370000000014	-0.016325071699999999
7447000000	0.00298677679999999985	-0.0162930607999999984
7447100000	0.00317793830000000005	-0.0162336663000000013
7447200000	0.00337303950000000016	-0.0162229221999999999
7447300000	0.00355487060000000011	-0.016156173900000001
7447400000	0.00374381710000000001	-0.0161451362000000001
7447500000	0.00392098410000000022	-0.0160842921999999992
7447600000	0.00410465700000000027	-0.0160425515999999997
7447700000	0.00428359740000000024	-0.0159930830999999996
7447800000	0.00445815630000000011	-0.0159390966999999988
7447900000	0.00463647370000000014	-0.015894745200000001
7448000000	0.00482463950000000009	-0.0158480904000000006
7448100000	0.00499033870000000022	-0.0157902175999999998
7448200000	0.00518289699999999968	-0.0157313347999999999
7448300000	0.00535903320000000009	-0.0156702787999999996
7448400000	0.00553897039999999997	-0.0156224408999999995
7448500000	0.00569529440000000019	-0.0155360462000000005
7448600000	0.00586859840000000018	-0.0154849470000000006
7448700000	0.00604222419999999975	-0.0154127176000000005
7448800000	0.00622154339999999965	-0.0153594916000000005
7448900000	0.00641476099999999973	-0.0152544334999999993
7449000000	0.00657292299999999961	-0.0151928944000000003
7449100000	0.0067271249999999996	-0.0151393380000000004
7449200000	0.00690977089999999985	-0.0150439425000000009
7449300000	0.00708473580000000026	-0.0149626978000000008
7449400000	0.00724862840000000015	-0.0148957362000000006
7449500000	0.00741992399999999962	-0.0148027343000000002
7449600000	0.00757557070000000003	-0.0147122981999999996
7449700000	0.00773630889999999977	-0.0146263554000000007
7449800000	0.0078936069000000008	-0.0145470105000000006
7449900000	0.00806093159999999968	-0.0144657325999999996
7450000000	0.0082142055000000002	-0.0143470075999999995
7450100000	0.00837938210000000079	-0.0142735042000000003
7450200000	0.00853141219999999957	-0.0141740944999999997
7450300000	0.00869714169999999918	-0.0140662479999999999
7450400000	0.00886083699999999988	-0.0139631135000000007
7450500000	0.0090118491999999998	-0.0138796655000000008
7450600000	0.00917960919999999923	-0.0137632071000000009
7450700000	0.00932164660000000048	-0.0136531898999999995
7450800000	0.00947379739999999922	-0.0135486417000000008
7450900000	0.00961635360000000043	-0.0134461683000000002
7451000000	0.00976047279999999948	-0.0133436161000000005
7451100000	0.00991709219999999982	-0.0132103893
7451200000	0.0100729897999999995	-0.0131073860000000004
7451300000	0.0102161552999999999	-0.0129916831
7451400000	0.0103453794999999998	-0.0128824604000000002
7451500000	0.0105041312000000008	-0.0127664270999999999
7451600000	0.0106395935000000007	-0.0126310122999999993
7451700000	0.0107602659999999992	-0.0125046511999999995
7451800000	0.0109182662999999999	-0.0123863620999999993
7451900000	0.0110503618999999997	-0.0122609117999999996
7452000000	0.0111941170999999996	-0.0121468753000000002
7452100000	0.0113308669999999997	-0.0120018161999999994
7452200000	0.0114487562000000001	-0.0118729825000000004
7452300000	0.0115753373000000003	-0.0117625791
7452400000	0.0117172417000000004	-0.0116220681000000006
7452500000	0.0118422214999999997	-0.0114768098999999991
7452600000	0.0119750594999999994	-0.0113465132
7452700000	0.0120896910999999992	-0.0112129188000000008
7452800000	0.0122102704000000006	-0.0110754305000000004
7452900000	0.0123442523000000005	-0.0109353926999999993
7453000000	0.0124596606000000002	-0.0108049584999999997
7453100000	0.0125847061000000007	-0.0106437050999999994
7453200000	0.0126971436999999999	-0.0105108059999999993
7453300000	0.0128168602999999999	-0.0103692177000000007
7453400000	0.0129278594999999996	-0.0102210167000000001
7453500000	0.0130222202000000002	-0.0100702272999999998
7453600000	0.0131363422999999993	-0.00993847429999999976
7453700000	0.0132443131999999998	-0.00978584000000000051
7453800000	0.0133558975999999996	-0.00963252080000000059
7453900000	0.0134580206000000004	-0.0094778538999999995
7454000000	0.0135429221999999998	-0.00933050229999999974
7454100000	0.0136667608000000003	-0.00917096440000000034
7454200000	0.0137566702999999992	-0.00900943430000000073
7454300000	0.0138479779000000008	-0.00884109240000000018
7454400000	0.0139502555999999993	-0.00870568950000000057
7454500000	0.0140472453000000004	-0.00854792199999999947
7454600000	0.0141215974999999994	-0.00836780330000000058
7454700000	0.0142178046999999995	-0.00821828580000000079
7454800000	0.0142806861000000004	-0.00805544159999999933
7454900000	0.0143853812999999997	-0.0078856419000000004
7455000000	0.0144709434000000001	-0.00772038530000000028
7455100000	0.0145504810000000005	-0.00755233130000000034
7455200000	0.0146225989000000004	-0.00737945580000000032
7455300000	0.0147135818999999998	-0.00721876469999999971
7455400000	0.0147970415999999997	-0.00705226800000000043
7455500000	0.0148528293999999998	-0.00688024939999999988
7455600000	0.0149424938999999993	-0.00670586419999999982
7455700000	0.0149951822999999998	-0.00654312090000000023
7455800000	0.0150758874999999994	-0.00637507289999999973
7455900000	0.0151518186000000003	-0.00620551139999999963
7456000000	0.0151973635999999995	-0.00603406869999999988
7456100000	0.0152886689999999995	-0.00585193690000000016
7456200000	0.0153206877999999998	-0.00567612120000000019
7456300000	0.0153629345999999993	-0.00552394609999999966
7456400000	0.0154284609999999992	-0.00535050540000000033
7456500000	0.0154775472000000004	-0.00517132630000000006
7456600000	0.0155337174000000008	-0.00499056629999999977
7456700000	0.0155580834000000005	-0.00481742049999999995
7456800000	0.0156117150999999996	-0.00462325909999999982
7456900000	0.0156670772999999985	-0.0044473335999999997
7457000000	0.015704500100000001	-0.00427394700000000016
7457100000	0.015771271600000001	-0.00408973949999999996
7457200000	0.0157966444999999983	-0.00390222240000000003
7457300000	0.0158256428000000011	-0.00371885540000000021
7457400000	0.0158688573000000006	-0.00354360739999999997
7457500000	0.0158987298999999985	-0.00336727909999999997
7457600000	0.0159257931999999998	-0.00317795260000000015
7457700000	0.0159766983000000015	-0.00300484930000000008
7457800000	0.0159776898000000001	-0.00281819609999999984
7457900000	0.0160153016000000002	-0.00263915320000000005
7458000000	0.0160369651000000016	-0.00246049140000000012
7458100000	0.0160598789999999991	-0.00226450520000000006
7458200000	0.016070150200000001	-0.00209576460000000016
7458300000	0.0160680334999999987	-0.00190189760000000004
7458400000	0.0161069772999999986	-0.00172142580000000001
7458500000	0.0161016970000000016	-0.00155109350000000009
7458600000	0.0161377826999999988	-0.00134696220000000001
7458700000	0.0161197541999999992	-0.00116954709999999998
7458800000	0.0161395047999999992	-0.00097992720000000008
7458900000	0.0161617805000000003	-0.000793908699999999984
7459000000	0.0161490876000000005	-0.000624903000000000004
7459100000	0.016157937800000001	-0.00043180349999999998
7459200000	0.0161533735999999997	-0.000268041899999999986
7459300000	0.0161483639999999984	-7.24204000000000021e-05
7459400000	0.0161410521000000008	0.000135544100000000009
7459500000	0.0161355887999999996	0.000305502999999999992
7459600000	0.0161080328000000016	0.000496071099999999981
7459700000	0.0160982648999999992	0.000654607400000000003
7459800000	0.0160987442000000008	0.000859765800000000021
7459900000	0.0160825783000000007	0.00104103870000000001
7460000000	0.0160723920000000013	0.00122180120000000008
7460100000	0.0160318913	0.00139959349999999993
7460200000	0.0160120527999999991	0.00158581390000000003
7460300000	0.0159896671999999983	0.00176481300000000006
7460400000	0.0159560662000000006	0.0019225275
7460500000	0.015932486400000001	0.00212855999999999983
7460600000	0.0159005106999999986	0.0022885535000000002
7460700000	0.0158637780999999999	0.00249150269999999984
7460800000	0.0158303582999999998	0.00266296929999999994
7460900000	0.0158072848999999994	0.00282309080000000016
7461000000	0.0157638493000000005	0.00302168979999999998
7461100000	0.0157122664999999988	0.00320123210000000007
7461200000	0.0156853570000000005	0.00339391119999999996
7461300000	0.0156205097000000001	0.0035508823000000001
7461400000	0.0155708280000000001	0.00374808069999999979
7461500000	0.0155238853	0.00392262710000000018
7461600000	0.0154833121000000004	0.00408778419999999976
7461700000	0.0154316877999999998	0.00427740920000000031
7461800000	0.0153788789999999998	0.0044446446000000004
7461900000	0.0153215382000000001	0.00462724440000000011
7462000000	0.0152583249000000001	0.00478992010000000006
7462100000	0.0151954524000000001	0.00498617739999999976
7462200000	0.0151183160999999993	0.00513614549999999968
7462300000	0.0150666868999999991	0.00530890789999999974
7462400000	0.0149976103999999999	0.00548046420000000006
7462500000	0.0149383134000000001	0.00563407089999999958
7462600000	0.0148703233999999997	0.00581681139999999999
7462700000	0.0148001511000000006	0.00597609409999999997
7462800000	0.0147165331999999996	0.00616443200000000007
7462900000	0.0146393657000000003	0.0063273123000000004
7463000000	0.0145510785	0.00648149769999999993
7463100000	0.0144911333999999999	0.00665191729999999991
7463200000	0.0144176657999999999	0.00681799789999999999
7463300000	0.0143210309999999997	0.00696359709999999979
7463400000	0.0142422464999999998	0.00714060299999999971
7463500000	0.0141558900000000008	0.00729593849999999981
7463600000	0.0140697319000000001	0.00746194410000000034
7463700000	0.0139592229000000002	0.00762389729999999981
7463800000	0.0138865385999999997	0.00778278949999999976
7463900000	0.0137901093000000006	0.00794250389999999994
7464000000	0.0136835819000000001	0.00809149990000000013
7464100000	0.0135933058999999998	0.0082519662000000004
7464200000	0.0135043008000000006	0.00839339440000000034
7464300000	0.0133898876000000007	0.00855476420000000036
7464400000	0.0132869874000000002	0.00871551679999999981
7464500000	0.0131973121000000006	0.00885216030000000008
7464600000	0.0130978134	0.00901002340000000082
7464700000	0.0129751850999999998	0.00915267999999999984
7464800000	0.0128681378999999999	0.00930720529999999949
7464900000	0.0127691442000000006	0.00946310050000000007
7465000000	0.0126501350999999995	0.0095892113000000008
7465100000	0.0125464375999999999	0.00973423080000000024
7465200000	0.0124425759000000007	0.00988545040000000062
7465300000	0.0122998389000000003	0.0100089832999999996
7465400000	0.012201234	0.0101555076000000005
7465500000	0.0120762247000000007	0.0102984315
7465600000	0.0119575618000000005	0.0104394429
7465700000	0.0118440921999999997	0.0105683843000000006
7465800000	0.0117151557999999999	0.0107222396000000008
7465900000	0.0116076939000000004	0.0108338902999999993
7466000000	0.0114550972999999997	0.0109555803
7466100000	0.0113518423999999993	0.0110976085999999995
7466200000	0.0112131039999999998	0.0112118870000000002
7466300000	0.0111008627999999998	0.0113445009000000003
7466400000	0.0109546265999999996	0.0114592493999999996
7466500000	0.0108173631999999992	0.0116034460999999995
7466600000	0.0107017759999999997	0.0117083246000000002
7466700000	0.0105703748000000007	0.0118296337999999994
7466800000	0.0104349588999999993	0.011938845
7466900000	0.0102936917999999992	0.0120539497999999998
7467000000	0.0101446408999999998	0.0121764513999999997
7467100000	0.0100230230000000007	0.0122893212999999994
7467200000	0.00987216049999999935	0.0123807879000000006
7467300000	0.00972947249999999916	0.0125042789000000005
7467400000	0.00958798400000000078	0.0126126373999999996
7467500000	0.00944821329999999925	0.0127267135000000003
7467600000	0.00930385690000000085	0.0128206187999999992
7467700000	0.00916555250000000016	0.0129107375
7467800000	0.00902237049999999978	0.0130353022999999991
7467900000	0.0088823861000000004	0.0131227147999999991
7468000000	0.00872194159999999975	0.0132317422000000004
7468100000	0.00857393589999999942	0.0133330425999999991
7468200000	0.0084279912999999998	0.0134293131999999992
7468300000	0.00827293389999999955	0.0135152015000000007
7468400000	0.00811900779999999954	0.0135818925999999993
7468500000	0.00795917429999999995	0.0136912495000000006
7468600000	0.0078186806000000008	0.0137798543999999995
7468700000	0.00765414159999999993	0.0138716363000000002
7468800000	0.00750388520000000014	0.0139372602000000009
7468900000	0.00734158399999999996	0.0140164512999999998
7469000000	0.00718024650000000011	0.0141217258999999998
7469100000	0.00704280529999999974	0.0141782301999999992
7469200000	0.00686534260000000018	0.0142618168000000003
7469300000	0.00670837950000000016	0.0143396884999999995
7469400000	0.00654826699999999998	0.0144138501000000002
7469500000	0.00638334859999999983	0.0144790816000000006
7469600000	0.0062353475999999998	0.0145727475999999998
7469700000	0.00606039600000000001	0.0146293389000000003
7469800000	0.00589699639999999997	0.0146920155000000007
7469900000	0.00574879540000000026	0.0147555467000000003
7470000000	0.00556975939999999978	0.0148071894000000003
7470100000	0.00542937709999999959	0.0148669887999999997
7470200000	0.00524033499999999961	0.0149338218999999998
7470300000	0.00509352279999999991	0.0149985803999999993
7470400000	0.00491178599999999958	0.0150564131000000007
7470500000	0.00472924520000000004	0.0151046689999999994
7470600000	0.0045762238000000002	0.0151347354999999996
7470700000	0.00440004450000000026	0.0151814684000000002
7470800000	0.0042429223000000002	0.0152308900000000004
7470900000	0.00406525720000000014	0.0152753278000000003
7471000000	0.00390566160000000015	0.0153070437
7471100000	0.00374743940000000011	0.0153602224999999995
7471200000	0.00357531469999999981	0.0154086025999999997
7471300000	0.00340415749999999984	0.0154669361999999998
7471400000	0.00322463420000000016	0.0154824588999999992
7471500000	0.00306568720000000017	0.0155115034999999991
7471600000	0.00288035899999999987	0.0155237940000000005
7471700000	0.00271809429999999999	0.0155718851999999998
7471800000	0.00254652209999999988	0.0155875925000000005
7471900000	0.00238853490000000019	0.0156137732000000001
7472000000	0.00221229219999999989	0.0156399503000000002
7472100000	0.00202957819999999983	0.0156503464000000009
7472200000	0.0018735545000000001	0.0156723520000000005
7472300000	0.00171022079999999998	0.0156854656000000002
7472400000	0.00152977100000000008	0.0157045807000000016
7472500000	0.00137105780000000002	0.0157310956000000016
7472600000	0.00116668169999999995	0.0157249884999999985
7472700000	0.00101541130000000002	0.0157343575000000006
7472800000	0.000842107199999999993	0.0157383006999999991
7472900000	0.000681090999999999988	0.0157568262999999986
7473000000	0.000497502099999999961	0.0157528658000000016
7473100000	0.000341214599999999991	0.0157557668000000012
7473200000	0.000179206000000000005	0.0157490576000000014
7473300000	-9.81360000000000037e-06	0.0157454445999999984
7473400000	-0.000184234299999999992	0.0157506411000000006
7473500000	-0.000332524299999999997	0.0157275018999999995
7473600000	-0.000508673200000000028	0.0157379248000000006
7473700000	-0.000673890899999999996	0.0157169308000000008
7473800000	-0.000852010900000000032	0.0157116131999999985
7473900000	-0.00101489450000000008	0.0156847973000000009
7474000000	-0.00117441630000000006	0.0156718271999999985
7474100000	-0.00133906970000000005	0.0156524320000000008
7474200000	-0.00150170719999999998	0.0156310905
7474300000	-0.00167696959999999993	0.0156064372
7474400000	-0.00183194819999999998	0.0155951874000000001
7474500000	-0.00201138010000000015	0.0155707463000000004
7474600000	-0.00216723170000000017	0.0155492969000000005
7474700000	-0.00234436250000000018	0.0155135546999999995
7474800000	-0.00249892369999999992	0.0154652474999999994
7474900000	-0.00266726409999999995	0.0154486793000000004
7475000000	-0.00282874260000000018	0.0154160154000000001
7475100000	-0.00298414600000000002	0.0153700225999999999
7475200000	-0.00313983429999999987	0.0153290557000000001
7475300000	-0.00330570700000000018	0.0152796201999999999
7475400000	-0.00347528879999999983	0.0152444473
7475500000	-0.00362065190000000021	0.0152085973999999992
7475600000	-0.00376326609999999995	0.0151526118000000001
7475700000	-0.0039253958000000002	0.0151106672000000004
7475800000	-0.00410788310000000014	0.0150778990000000005
7475900000	-0.00424064130000000039	0.0150111333
7476000000	-0.00438899349999999962	0.0149504097000000002
7476100000	-0.00455301259999999972	0.0148944787999999995
7476200000	-0.00470625570000000014	0.0148570404999999999
7476300000	-0.00484666750000000042	0.0147747186999999999
7476400000	-0.00500929649999999962	0.0147283471000000006
7476500000	-0.00515798480000000028	0.0146502853999999991
7476600000	-0.00529883170000000018	0.0145923770000000001
7476700000	-0.00545982990000000012	0.0145356597000000001
7476800000	-0.00559499439999999997	0.0144705994000000008
7476900000	-0.00573661180000000024	0.0144026433000000002
7477000000	-0.00590675259999999969	0.0143249672000000002
7477100000	-0.00603470180000000023	0.0142474080999999992
7477200000	-0.00616999170000000034	0.0141821599999999992
7477300000	-0.00632066200000000033	0.0141159947000000004
7477400000	-0.00646376080000000009	0.0140531844999999996
7477500000	-0.0066144973999999997	0.0139604323000000006
7477600000	-0.00674758489999999992	0.0138811478000000002
7477700000	-0.00686918800000000003	0.0137882842000000005
7477800000	-0.00702637750000000005	0.0137264885999999996
7477900000	-0.0071580131999999996	0.0136425290000000005
7478000000	-0.00726525280000000009	0.0135512930000000007
7478100000	-0.00741322300000000003	0.0134598111999999995
7478200000	-0.0075466550000000002	0.0133512022000000005
7478300000	-0.00767621769999999974	0.0132782826
7478400000	-0.00780838000000000018	0.0131866923000000004
7478500000	-0.00794247780000000014	0.0130933701999999992
7478600000	-0.00807582299999999934	0.0130115617000000003
7478700000	-0.00817987379999999924	0.0128923480999999993
7478800000	-0.00831202680000000041	0.0128116058000000005
7478900000	-0.00842850160000000077	0.0127319357000000005
7479000000	-0.00853786129999999956	0.0126232705000000004
7479100000	-0.00866974530000000007	0.0125025317999999993
7479200000	-0.00878563060000000021	0.0124144483999999999
7479300000	-0.00890003150000000069	0.0123069313000000007
7479400000	-0.00903898960000000008	0.0122277565000000008
7479500000	-0.00913675180000000052	0.0121141863999999991
7479600000	-0.00924301299999999958	0.0119948159000000006
7479700000	-0.00935184579999999953	0.0118900434999999992
7479800000	-0.00946571130000000045	0.0117896219999999996
7479900000	-0.00957437610000000036	0.0116806014000000007
7480000000	-0.00967297659999999913	0.0115872730000000004
7480100000	-0.00979291870000000009	0.0114502166999999998
7480200000	-0.00988348080000000032	0.0113360283000000003
7480300000	-0.0100024454000000006	0.0112309912000000001
7480400000	-0.0100860507999999995	0.0111209923000000002
7480500000	-0.0102013493000000007	0.0110066842999999998
7480600000	-0.0102694002000000006	0.0108821089999999992
7480700000	-0.0103715895999999998	0.0107606005999999997
7480800000	-0.0104677433000000004	0.0106645110999999994
7480900000	-0.0105710069000000007	0.0105425167000000007
7481000000	-0.0106548536999999995	0.0104050310999999999
7481100000	-0.0107360075999999999	0.0103030447999999993
7481200000	-0.0108137974000000001	0.0101854422000000003
7481300000	-0.0109220648000000007	0.0100701608000000001
7481400000	-0.0109939683999999999	0.00994621790000000013
7481500000	-0.0110643879000000001	0.00982703040000000062
7481600000	-0.0111501444000000009	0.00969673170000000077
7481700000	-0.0112471567999999997	0.0095803590999999997
7481800000	-0.0113012362000000002	0.00944477659999999955
7481900000	-0.0113704222000000008	0.0093384845000000008
7482000000	-0.0114387484000000005	0.00920305930000000008
7482100000	-0.0115184536000000007	0.00907474630000000039
7482200000	-0.01159168	0.00895410620000000081
7482300000	-0.0116618451000000001	0.00883677180000000048
7482400000	-0.0117138918000000009	0.00870310759999999919
7482500000	-0.0117623920999999996	0.00859042980000000039
7482600000	-0.0118331189999999996	0.00845716240000000084
7482700000	-0.0118854166000000004	0.00834015110000000011
7482800000	-0.0119433287000000003	0.00820454370000000058
7482900000	-0.0120201426000000004	0.00808193840000000045
7483000000	-0.0120728455000000002	0.00796152540000000068
7483100000	-0.0121146363999999999	0.00783082899999999922
7483200000	-0.0121718307000000005	0.00770152569999999967
7483300000	-0.0122223695	0.00757662639999999964
7483400000	-0.0122590105000000005	0.0074526410999999999
7483500000	-0.0123082273000000002	0.00732857379999999996
7483600000	-0.0123388144999999998	0.00720739520000000019
7483700000	-0.0123717802999999994	0.00706771239999999957
7483800000	-0.0124006284000000005	0.00695826609999999988
7483900000	-0.0124482498	0.00682530339999999972
7484000000	-0.0124770968000000003	0.00671558480000000041
7484100000	-0.0125091499000000005	0.00658634240000000037
7484200000	-0.0125421808999999999	0.00646494860000000008
7484300000	-0.0125722226000000003	0.00632716719999999993
7484400000	-0.0125716669999999999	0.0062122554
7484500000	-0.0125958648000000003	0.00609489980000000025
7484600000	-0.0125933828000000005	0.00598809550000000031
7484700000	-0.0126387834000000008	0.00585190850000000002
7484800000	-0.0126447330999999996	0.00574534840000000008
7484900000	-0.0126533419999999997	0.00562408340000000034
7485000000	-0.0126536094999999994	0.0055123059000000002
7485100000	-0.0126763775000000006	0.00538996840000000033
7485200000	-0.0126776731999999996	0.00528357140000000006
7485300000	-0.0126767324999999993	0.00516933660000000027
7485400000	-0.0126659324999999993	0.00507654080000000032
7485500000	-0.0126559872999999993	0.00494800619999999965
7485600000	-0.0126632376999999997	0.00483402940000000024
7485700000	-0.0126461825999999999	0.00470776040000000021
7485800000	-0.0126243034	0.00460549559999999959
7485900000	-0.0126257535999999993	0.00451701260000000014
7486000000	-0.0126158454000000007	0.00440169340000000006
7486100000	-0.0125816960999999995	0.0043002107999999999
7486200000	-0.0125501363000000005	0.00419305520000000029
7486300000	-0.012518075	0.00410686180000000012
7486400000	-0.0124914697000000005	0.00400661790000000038
7486500000	-0.0124658336999999998	0.0039270310000000001
7486600000	-0.0124206161000000002	0.00381693099999999997
7486700000	-0.0123834622000000005	0.00373511080000000009
7486800000	-0.0123417192000000002	0.00364771240000000014
7486900000	-0.0122970339000000005	0.00354866960000000016
7487000000	-0.0122454441000000008	0.0034513005999999998
7487100000	-0.0121816143000000009	0.00338016449999999991
7487200000	-0.0121189664999999999	0.00330636209999999979
7487300000	-0.0120553190999999997	0.00320123029999999989
7487400000	-0.0119840966000000007	0.00314883890000000003
7487500000	-0.0119176617000000002	0.00309126510000000019
7487600000	-0.0118200279000000002	0.0030146194000000002
7487700000	-0.0117560696000000003	0.00295753099999999979
7487800000	-0.0116570713999999999	0.00289731990000000007
7487900000	-0.0115671522999999995	0.00282188159999999981
7488000000	-0.0114573609999999992	0.00277511229999999982
7488100000	-0.0113654858000000001	0.00271843170000000012
7488200000	-0.0112389997000000002	0.00266872239999999981
7488300000	-0.0111208355000000005	0.00261216059999999986
7488400000	-0.0109997684999999998	0.00256680760000000015
7488500000	-0.0108670794999999997	0.00253939139999999992
7488600000	-0.0107342115999999998	0.0025058137000000002
7488700000	-0.0105776653000000005	0.00246258480000000014
7488800000	-0.0104113496999999992	0.00243094210000000021
7488900000	-0.0102491885000000008	0.00241449250000000002
7489000000	-0.0100689844999999993	0.0023734766
7489100000	-0.00988612139999999959	0.00235590279999999984
7489200000	-0.00970120040000000024	0.0023327246999999998
7489300000	-0.0094873774000000001	0.00231064740000000001
7489400000	-0.0092657025000000004	0.00229898979999999982
7489500000	-0.00903320649999999996	0.00228825560000000009
7489600000	-0.00879338749999999947	0.00226517519999999998
7489700000	-0.00853833220000000011	0.00226754240000000013
7489800000	-0.00827121140000000067	0.00223879380000000005
7489900000	-0.00796805819999999929	0.00222937569999999982
7490000000	-0.00767419329999999983	0.00221197179999999992
7490100000	-0.00733489390000000019	0.00218364890000000015
7490200000	-0.00700719549999999965	0.00215245829999999999
7490300000	-0.00665333620000000021	0.00213947949999999986
7490400000	-0.00626917849999999999	0.00208900250000000013
7490500000	-0.00588228390000000018	0.00202106810000000003
7490600000	-0.00546973080000000018	0.00197029190000000019
7490700000	-0.00500796019999999974	0.00189753529999999999
7490800000	-0.00457223890000000004	0.00180979139999999997
7490900000	-0.00410400120000000042	0.0016985673000000001
7491000000	-0.00361524979999999991	0.00156088110000000011
7491100000	-0.00311163210000000006	0.00141942559999999997
7491200000	-0.00259706589999999984	0.00122017669999999992
7491300000	-0.00205714549999999998	0.00101374889999999995
7491400000	-0.00152713049999999998	0.000774053000000000024
7491500000	-0.00097972860000000001	0.000495292699999999955
7491600000	-0.000452553099999999995	0.000191600399999999996
7491700000	9.87936000000000022e-05	-0.000168439799999999993
7491800000	0.00062422300000000003	-0.000533203199999999957
7491900000	0.00114074829999999991	-0.000945149399999999974
7492000000	0.00165312139999999994	-0.00142199179999999989
7492100000	0.00212871970000000008	-0.00190349260000000011
7492200000	0.00256320029999999996	-0.00241563750000000016
7492300000	0.00300004690000000001	-0.00296981939999999998
7492400000	0.00339085629999999992	-0.00354101669999999993
7492500000	0.00373367380000000013	-0.00412466499999999958
7492600000	0.00406214669999999979	-0.00472401380000000027
7492700000	0.00432908239999999986	-0.00532750629999999975
7492800000	0.00455712299999999973	-0.00591882899999999958
7492900000	0.00474637400000000025	-0.00654437519999999991
7493000000	0.00490844060000000023	-0.00713349520000000018
7493100000	0.00505078899999999997	-0.0077346270999999996
7493200000	0.00510778370000000009	-0.00830315560000000064
7493300000	0.00516475719999999992	-0.00887169060000000086
7493400000	0.00519842180000000022	-0.00940119730000000056
7493500000	0.00517871339999999986	-0.00991914919999999957
7493600000	0.00517995430000000017	-0.0104136825999999998
7493700000	0.00513355360000000011	-0.0108744454000000001
7493800000	0.00506581129999999959	-0.0113062530000000005
7493900000	0.00500221280000000008	-0.0117356011999999992
7494000000	0.00493005349999999995	-0.0121381490000000009
7494100000	0.00482437440000000033	-0.0125091222000000002
7494200000	0.00473706570000000018	-0.0128286145999999997
7494300000	0.00464228299999999965	-0.0131686063999999995
7494400000	0.00455187929999999966	-0.0134559679000000008
7494500000	0.0044510951999999996	-0.0137410094000000003
7494600000	0.00434470620000000033	-0.0140096627999999994
7494700000	0.00426255030000000004	-0.0142371679000000001
7494800000	0.00416907960000000022	-0.0144714245999999994
7494900000	0.0040873130000000004	-0.0146544534999999993
7495000000	0.00401144310000000042	-0.0148361523000000006
7495100000	0.0039313836000000003	-0.0150267586000000005
7495200000	0.00385636890000000008	-0.0151911553000000001
7495300000	0.00379572730000000014	-0.0153234770999999999
7495400000	0.00374725110000000009	-0.0154644663999999998
7495500000	0.0036937119	-0.0155957293999999993
7495600000	0.00365808370000000015	-0.015704102000000001
7495700000	0.00362291010000000005	-0.0158050305000000009
7495800000	0.00358825149999999994	-0.0158944211000000002
7495900000	0.00356985279999999993	-0.0160053799999999996
7496000000	0.00355284200000000007	-0.0160730075
7496100000	0.00354307610000000007	-0.0161434410999999993
7496200000	0.00354725449999999986	-0.0162220590999999983
7496300000	0.00355856140000000015	-0.0162664964000000002
7496400000	0.00354110589999999999	-0.0163094275000000011
7496500000	0.00357306430000000003	-0.0163952698000000008
7496600000	0.00359487459999999984	-0.0164163699000000017
7496700000	0.00360975660000000019	-0.0164544239999999987
7496800000	0.00363163029999999994	-0.0164979713999999986
7496900000	0.00368912779999999978	-0.0165311326999999994
7497000000	0.00371984789999999996	-0.0165421572999999988
7497100000	0.00377737700000000017	-0.0165675381999999989
7497200000	0.00380196910000000013	-0.0165949666000000003
7497300000	0.00387197279999999984	-0.0165954458999999985
7497400000	0.00391193300000000025	-0.0166032200999999997
7497500000	0.00397866320000000041	-0.0166298299000000004
7497600000	0.00404684879999999986	-0.0166314694999999992
7497700000	0.0041119090000000004	-0.0166329591000000006
7497800000	0.00418838379999999979	-0.0166355392999999983
7497900000	0.00425198920000000036	-0.0166255122999999991
7498000000	0.00434123629999999972	-0.0166377870000000011
7498100000	0.00443371649999999961	-0.0166281949000000005
7498200000	0.00450641120000000017	-0.0165879058000000003
7498300000	0.00458681829999999999	-0.0165991472000000008
7498400000	0.00468211799999999987	-0.0165846467000000004
7498500000	0.00478018410000000029	-0.0165769030999999983
7498600000	0.00484972379999999963	-0.0165500973000000003
7498700000	0.00496014899999999963	-0.0165198556999999989
7498800000	0.00506608600000000003	-0.016508486499999999
7498900000	0.00513985889999999963	-0.0164799569999999999
7499000000	0.00526123409999999965	-0.0164452731000000012
7499100000	0.00537369140000000002	-0.0164088603999999992
7499200000	0.00547096070000000021	-0.0163716617000000016
7499300000	0.00558526930000000001	-0.0163560056999999988
7499400000	0.00569401590000000006	-0.0163012021999999999
7499500000	0.00581402700000000026	-0.0162635221000000003
7499600000	0.00592112379999999976	-0.0162390385000000005
7499700000	0.00601859950000000008	-0.0161755626999999999
7499800000	0.00613821450000000008	-0.0161597726999999983
7499900000	0.00626844659999999977	-0.0161120821000000011
7500000000	0.00636969580000000014	-0.0160496481999999989
7500100000	0.00650937209999999985	-0.0160001282999999994
7500200000	0.00661375179999999958	-0.0159668570999999988
7500300000	0.00674881340000000034	-0.0159023372999999996
7500400000	0.00685799220000000032	-0.0158523305999999989
7500500000	0.00698357909999999978	-0.0157962768999999996
7500600000	0.00709593419999999999	-0.0157356162000000001
7500700000	0.00723525420000000006	-0.015671918
7500800000	0.00735397830000000027	-0.0156081685000000001
7500900000	0.00747010420000000005	-0.0155507970999999995
7501000000	0.00760320289999999975	-0.0154863280000000006
7501100000	0.00772772680000000014	-0.0154109373999999997
7501200000	0.0078606349999999995	-0.0153313753000000001
7501300000	0.00796866710000000006	-0.0152740571000000002
7501400000	0.0081099480000000005	-0.0151973080999999993
7501500000	0.00822612409999999919	-0.0151133211999999999
7501600000	0.00836377909999999961	-0.0150505350000000003
7501700000	0.00848930170000000012	-0.0149603220999999995
7501800000	0.00863296099999999976	-0.0149025035000000007
7501900000	0.00874727290000000025	-0.0148125183000000007
7502000000	0.00888143450000000029	-0.0147290253000000003
7502100000	0.00899409730000000004	-0.0146270549999999999
7502200000	0.00911918129999999931	-0.0145565619000000007
7502300000	0.0092595622999999995	-0.0144679106999999994
7502400000	0.00938692110000000079	-0.0143655399
7502500000	0.0094981933000000008	-0.0142743767000000008
7502600000	0.00962046100000000029	-0.0141883941999999992
7502700000	0.00975795380000000004	-0.0140822515999999998
7502800000	0.00989006450000000023	-0.0139853281999999992
7502900000	0.00999486190000000059	-0.0138895496000000004
7503000000	0.0101367257999999995	-0.0137987812000000005
7503100000	0.0102638569999999995	-0.0136790121000000004
7503200000	0.0103798529999999996	-0.0135743001000000005
7503300000	0.0105026085999999994	-0.0134736396999999997
7503400000	0.0106302170000000008	-0.0133877605999999996
7503500000	0.0107598024000000007	-0.0132609957000000001
7503600000	0.0108696824000000004	-0.0131619922
7503700000	0.0109862591999999992	-0.0130440916999999997
7503800000	0.0111158474999999996	-0.0129393180999999996
7503900000	0.0112415784000000005	-0.012829277
7504000000	0.0113542252	-0.0127011216999999999
7504100000	0.0114756596000000002	-0.0125785892999999999
7504200000	0.0115822397999999997	-0.0124648394000000003
7504300000	0.0117119349000000001	-0.0123474806999999999
7504400000	0.0118289556999999993	-0.0122284575999999992
7504500000	0.0119490910000000002	-0.0120924910000000004
7504600000	0.0120634442000000005	-0.0119758182999999997
7504700000	0.0121645056000000001	-0.0118387671999999992
7504800000	0.0122732449000000007	-0.0117058186000000009
7504900000	0.0123884489999999993	-0.0115700872000000007
7505000000	0.0124980458999999992	-0.0114285229999999995
7505100000	0.0125993628999999992	-0.0113029056999999992
7505200000	0.0127171831999999992	-0.0111551818000000004
7505300000	0.0128323446000000001	-0.0110431239
7505400000	0.0129290179000000009	-0.0109064768999999999
7505500000	0.0130265928999999999	-0.0107426685000000001
7505600000	0.0131362470999999998	-0.0106092566000000003
7505700000	0.0132324878999999992	-0.0104840634000000002
7505800000	0.0133401788999999993	-0.0103365226000000001
7505900000	0.0134485617000000002	-0.0101868271999999999
7506000000	0.0135268803999999999	-0.0100369966000000005
7506100000	0.0136387252	-0.00989749319999999946
7506200000	0.0137424859999999999	-0.00972827289999999949
7506300000	0.0138505344999999992	-0.00957975640000000017
7506400000	0.0139287904999999997	-0.00943505579999999976
7506500000	0.0140167364999999999	-0.0092879026999999996
7506600000	0.0141165771999999991	-0.00912993800000000064
7506700000	0.0142142028000000007	-0.00896700519999999932
7506800000	0.0143004632999999999	-0.00881901000000000039
7506900000	0.0143812648999999994	-0.00865819389999999967
7507000000	0.0144606390000000008	-0.00851228539999999978
7507100000	0.0145632747999999996	-0.00834443649999999995
7507200000	0.0146343267000000003	-0.00817353940000000063
7507300000	0.0147157524000000005	-0.00800584659999999983
7507400000	0.0148057359999999999	-0.00787827009999999932
7507500000	0.0148925540000000006	-0.00769623229999999957
7507600000	0.0149598197999999995	-0.00753692329999999973
7507700000	0.0150501372000000008	-0.00736398759999999999
7507800000	0.0151102036000000002	-0.00720285690000000041
7507900000	0.0151780163999999992	-0.00701407560000000003
7508000000	0.0152615844000000001	-0.00685936939999999985
7508100000	0.0153326855999999997	-0.00668437159999999992
7508200000	0.0153875986999999995	-0.00652741510000000042
7508300000	0.0154680193000000001	-0.00634533290000000028
7508400000	0.0155333959999999997	-0.00617660280000000006
7508500000	0.0155915597000000003	-0.00600646540000000003
7508600000	0.0156576130999999986	-0.00582763090000000018
7508700000	0.0157172380000000014	-0.00565012750000000018
7508800000	0.0157763422999999993	-0.0054731221999999996
7508900000	0.0158397257000000014	-0.0053002355000000001
7509000000	0.0158815087999999993	-0.00512837520000000019
7509100000	0.0159340336000000013	-0.00495936070000000014
7509200000	0.0159910696000000012	-0.00477297510000000008
7509300000	0.0160302221999999994	-0.00459497220000000019
7509400000	0.0160882024999999991	-0.00439952319999999987
7509500000	0.0161360795999999987	-0.00422691240000000034
7509600000	0.0161603090000000012	-0.00407185179999999987
7509700000	0.0162269067999999995	-0.00387014669999999989
7509800000	0.0162594261999999996	-0.00368446599999999996
7509900000	0.0162720067999999989	-0.00350973560000000014
7510000000	0.0163321345999999992	-0.00332999979999999999
7510100000	0.0163691993999999993	-0.00313055949999999994
7510200000	0.0164059288000000005	-0.00294760300000000003
7510300000	0.0164426764000000017	-0.00278610250000000011
7510400000	0.0164612366999999996	-0.00259396519999999979
7510500000	0.0164881716999999983	-0.00239946670000000008
7510600000	0.0165197259999999985	-0.00221900130000000006
7510700000	0.0165463312000000001	-0.0020376690999999998
7510800000	0.0165545404999999993	-0.00182928619999999991
7510900000	0.0165906689999999989	-0.00164159390000000009
7511000000	0.0166009150999999987	-0.00145611289999999995
7511100000	0.0166226815	-0.00126390089999999997
7511200000	0.0166138511000000003	-0.00108822920000000009
7511300000	0.0166398261999999991	-0.000890332899999999954
7511400000	0.0166553363000000003	-0.000711807999999999972
7511500000	0.0166508261999999997	-0.000525183099999999956
7511600000	0.016679538800000001	-0.000337429199999999998
7511700000	0.0166793377999999992	-0.000137149899999999993
7511800000	0.0166677787000000001	4.54119999999999982e-05
7511900000	0.0166784575000000004	0.000234643300000000004
7512000000	0.0166482722000000014	0.000434343899999999994
7512100000	0.0166733880999999987	0.000613285500000000042
7512200000	0.0166651007999999989	0.000800312299999999957
7512300000	0.0166605665999999993	0.000985653900000000053
7512400000	0.0166482763999999984	0.00119038109999999994
7512500000	0.0166328419000000005	0.00137587509999999996
7512600000	0.0166188297999999984	0.00156131580000000002
7512700000	0.016603053999999999	0.00175798449999999993
7512800000	0.0165945740000000008	0.00194219089999999998
7512900000	0.0165827134999999987	0.00212148580000000005
7513000000	0.0165414680000000001	0.00232049650000000019
7513100000	0.0165391676000000015	0.00251168099999999998
7513200000	0.0164983292999999996	0.00269060459999999986
7513300000	0.0164758612999999984	0.00287639410000000003
7513400000	0.0164494133000000001	0.00306662070000000017
7513500000	0.0164160084000000012	0.00327212320000000011
7513600000	0.0163754761000000013	0.00343539810000000013
7513700000	0.0163487013000000007	0.00362646929999999989
7513800000	0.0163060216999999993	0.00382816579999999997
7513900000	0.0162758165000000017	0.00399698739999999973
7514000000	0.0162437100999999993	0.0041966382
7514100000	0.0161879403999999998	0.00436620360000000013
7514200000	0.0161357154000000003	0.0045517845000000003
7514300000	0.0160898925000000012	0.00474234410000000037
7514400000	0.0160468681000000002	0.0049304698999999997
7514500000	0.0159893483999999989	0.00513053489999999984
7514600000	0.0159326867000000004	0.0052961674000000002
7514700000	0.0158822279000000004	0.00547517649999999974
7514800000	0.0158226076	0.00564831119999999968
7514900000	0.0157729880999999995	0.00582456079999999973
7515000000	0.015708528900000001	0.00601337620000000003
7515100000	0.0156412348999999985	0.00619571110000000005
7515200000	0.0155697642000000008	0.00637549749999999967
7515300000	0.0155211020999999998	0.00655345600000000004
7515400000	0.0154585586000000001	0.00671931029999999971
7515500000	0.0153877551000000008	0.00689891310000000004
7515600000	0.0153068101999999998	0.00708901710000000001
7515700000	0.0152402434000000007	0.00724473530000000008
7515800000	0.0151625052000000007	0.00742405970000000002
7515900000	0.0150900210999999999	0.00760220829999999972
7516000000	0.0149918772999999995	0.00778579840000000016
7516100000	0.0149125144999999997	0.00795133389999999954
7516200000	0.0148359726000000004	0.00812382470000000065
7516300000	0.0147547223999999998	0.00827365099999999992
7516400000	0.0146626054000000006	0.00844854050000000065
7516500000	0.0145728039000000004	0.00862632619999999933
7516600000	0.0144906493999999997	0.00879335820000000032
7516700000	0.0143943666999999994	0.00895335660000000019
7516800000	0.0143067578000000001	0.00910542850000000022
7516900000	0.0142189953000000004	0.00926749259999999977
7517000000	0.0141149729999999994	0.00942881010000000061
7517100000	0.0139982491000000004	0.00960652149999999955
7517200000	0.0139089833000000003	0.00975069450000000046
7517300000	0.0138050737	0.00992971360000000081
7517400000	0.0136933039000000003	0.0100699039999999993
7517500000	0.0135736829999999996	0.0102354461999999997
7517600000	0.0134865624000000007	0.0103933640000000004
7517700000	0.0133724081000000002	0.0105473962999999994
7517800000	0.0132552652999999993	0.0107039301999999996
7517900000	0.0131424226000000002	0.0108562273999999997
7518000000	0.0130301554999999996	0.0109953480000000003
7518100000	0.0129150125999999994	0.0111476014000000002
7518200000	0.0127956799000000006	0.0113138610999999993
7518300000	0.0126744949999999992	0.0114546785000000009
7518400000	0.0125584033999999994	0.0115810014000000006
7518500000	0.0124308149	0.0117394834999999999
7518600000	0.0123180553000000002	0.0118714058000000001
7518700000	0.0121800617999999992	0.0120304889000000005
7518800000	0.0120560804000000004	0.0121612916000000005
7518900000	0.0119272132999999995	0.0123094867000000004
7519000000	0.0117917578000000002	0.0124457521000000005
7519100000	0.0116614275	0.0125664729999999999
7519200000	0.0115410617000000007	0.0127130049999999994
7519300000	0.0114018043000000003	0.0128340120000000005
7519400000	0.0112605336000000007	0.0129539014000000004
7519500000	0.0111347148000000007	0.0131027101999999993
7519600000	0.0109972961999999994	0.0132281612999999992
7519700000	0.0108554946999999992	0.0133503297
7519800000	0.0107082019000000004	0.0134699524000000005
7519900000	0.0105575215999999996	0.0135878392000000001
7520000000	0.0104219371000000005	0.0137088602000000007
7520100000	0.0102775114999999993	0.0138237337999999998
7520200000	0.0101180200000000001	0.0139503631999999995
7520300000	0.00997178190000000061	0.0140659414000000003
7520400000	0.00982612669999999994	0.0141621119999999993
7520500000	0.00966235070000000078	0.0142915837000000007
7520600000	0.00952073070000000049	0.0144090422999999992
7520700000	0.00930812030000000012	0.0145884505000000008
7520800000	0.00914617929999999961	0.0146901610999999998
7520900000	0.00898644879999999958	0.0147897909000000004
7521000000	0.00881690199999999973	0.0149052677000000005
7521100000	0.0086652980999999997	0.0150030145999999996
7521200000	0.00849514210000000027	0.0151174572999999996
7521300000	0.00835113640000000046	0.0151904093000000007
7521400000	0.00817026530000000001	0.0152871467000000004
7521500000	0.00801245020000000002	0.0153817264000000002
7521600000	0.00783007890000000061	0.0154754391999999998
7521700000	0.00767912000000000022	0.0155903180000000006
7521800000	0.00751132329999999997	0.0156626394999999988
7521900000	0.00735066560000000035	0.0157401963999999998
7522000000	0.00715180860000000015	0.0158315867999999985
7522100000	0.00700138840000000002	0.0159145751999999994
7522200000	0.00682301020000000008	0.0159815919000000015
7522300000	0.00665781480000000002	0.0160754746000000004
7522400000	0.00648462230000000032	0.0161335197000000014
7522500000	0.0063132253999999997	0.0162209817999999992
7522600000	0.00614155840000000022	0.0162886928999999986
7522700000	0.00596708489999999998	0.0163564146000000007
7522800000	0.00578182499999999999	0.0164371006000000007
7522900000	0.00558290739999999994	0.0164908627000000009
7523000000	0.00543287489999999974	0.0165507950000000001
7523100000	0.00525610299999999982	0.0166264050000000004
7523200000	0.00507287610000000007	0.0166769789000000002
7523300000	0.00489095600000000012	0.0167401702999999992
7523400000	0.00469732929999999976	0.0167811741999999986
7523500000	0.00452362360000000026	0.0168309765000000007
7523600000	0.00433275569999999957	0.0168889135999999995
7523700000	0.00414884589999999984	0.0169511907000000003
7523800000	0.00397824020000000014	0.0169925705000000017
7523900000	0.00380396359999999982	0.0170082920000000012
7524000000	0.00360232839999999983	0.0170731270999999983
7524100000	0.00341468080000000007	0.0171146045999999996
7524200000	0.00322846139999999988	0.0171457403000000001
7524300000	0.00305684609999999982	0.0171624099999999995
7524400000	0.0028659292999999998	0.0172021829000000015
7524500000	0.00267479880000000021	0.0172539781999999989
7524600000	0.00247040340000000006	0.0172677943
7524700000	0.0022892295	0.0173040001999999991
7524800000	0.00209779509999999999	0.0173306790999999995
7524900000	0.0019224985999999999	0.0173318891999999988
7525000000	0.00172739680000000002	0.0173691654000000008
7525100000	0.00153657719999999998	0.0173845349999999996
7525200000	0.00134416169999999999	0.0173972753000000008
7525300000	0.00116896470000000001	0.0174134607999999989
7525400000	0.000974919200000000049	0.0174261902000000003
7525500000	0.000769298500000000027	0.0174445168999999983
7525600000	0.000577217500000000048	0.0174514696999999996
7525700000	0.000413267499999999993	0.0174493436000000002
7525800000	0.0002064794	0.0174362196000000004
7525900000	1.55710000000000009e-06	0.0174447005000000002
7526000000	-0.000176696400000000005	0.0174534018000000006
7526100000	-0.00036712069999999999	0.0174290468000000004
7526200000	-0.000548070700000000024	0.0174245646000000011
7526300000	-0.000756119299999999969	0.0174145822999999984
7526400000	-0.000953878700000000039	0.0174120229999999987
7526500000	-0.00112484660000000008	0.0173885546999999994
7526600000	-0.0013221388000000001	0.0173750543000000014
7526700000	-0.00152198650000000008	0.0173587260000000014
7526800000	-0.0017161028	0.0173368784999999997
7526900000	-0.00189866769999999995	0.0173368332999999999
7527000000	-0.00207717969999999998	0.0172890322999999999
7527100000	-0.00229148990000000016	0.0172793639999999984
7527200000	-0.00246768889999999987	0.0172432299000000004
7527300000	-0.00267032239999999985	0.017215681699999999
7527400000	-0.00285051990000000002	0.0171834743000000012
7527500000	-0.00305371379999999984	0.017133334699999999
7527600000	-0.00323106680000000016	0.0171079966000000014
7527700000	-0.00342648589999999982	0.0170603999999999999
7527800000	-0.00360697049999999988	0.0170159900000000017
7527900000	-0.00378670660000000013	0.0169801423000000007
7528000000	-0.00398744930000000022	0.0169321865000000016
7528100000	-0.00417747250000000039	0.0168907348999999991
7528200000	-0.00436372299999999991	0.0168322534000000003
7528300000	-0.00455657189999999959	0.0167767522999999995
7528400000	-0.00474361689999999985	0.0167129643000000008
7528500000	-0.00492622709999999964	0.0166631126999999997
7528600000	-0.00510955600000000034	0.0166081452000000004
7528700000	-0.00528860130000000008	0.0165451227000000013
7528800000	-0.00549232769999999978	0.0164663988000000004
7528900000	-0.00566014480000000004	0.0164114780000000002
7529000000	-0.00584463789999999962	0.0163421706000000007
7529100000	-0.00602498340000000038	0.0162702290999999985
7529200000	-0.00620844910000000003	0.0161880649000000001
7529300000	-0.00640299999999999984	0.0161357669000000009
7529400000	-0.00657236240000000013	0.0160292055999999988
7529500000	-0.00674467749999999987	0.0159647560000000001
7529600000	-0.00694490240000000033	0.0158887693999999989
7529700000	-0.00709973429999999957	0.0158210312999999998
7529800000	-0.0072722682999999998	0.015723787999999999
7529900000	-0.0074529968999999998	0.0156400270000000008
7530000000	-0.00762613789999999972	0.0155474237000000001
7530100000	-0.00779678380000000011	0.0154534426000000006
7530200000	-0.00796557070000000061	0.0153541961999999997
7530300000	-0.00815457919999999954	0.0152828449000000002
7530400000	-0.00833935329999999954	0.0151839465999999996
7530500000	-0.00850524929999999998	0.0150807019
7530600000	-0.00867220970000000084	0.0149721674999999995
7530700000	-0.00882305580000000006	0.0148737916000000001
7530800000	-0.00899648179999999915	0.0147616467000000005
7530900000	-0.00917584949999999955	0.0146564144999999993
7531000000	-0.00933335029999999947	0.0145586702000000002
7531100000	-0.00949500890000000083	0.0144385710000000007
7531200000	-0.00966571809999999983	0.0143348315000000007
7531300000	-0.00983392070000000014	0.0142207418000000006
7531400000	-0.00999416650000000024	0.0140859695999999996
7531500000	-0.0101394697000000006	0.0139805947999999992
7531600000	-0.0102982038000000008	0.0138667718000000002
7531700000	-0.0104570856000000007	0.0137458508000000007
7531800000	-0.0106126460999999995	0.0136208990000000005
7531900000	-0.0107799390000000005	0.0134892221
7532000000	-0.0109276877000000008	0.0133723155000000007
7532100000	-0.0110708239000000003	0.0132483532999999997
7532200000	-0.0112319302999999999	0.0131151948000000004
7532300000	-0.0113685307000000006	0.0129796966999999996
7532400000	-0.0115186696999999994	0.0128427021000000006
7532500000	-0.0116698924999999992	0.0127102229000000001
7532600000	-0.0118069196000000001	0.0125625951000000007
7532700000	-0.0119724635000000006	0.0124359311000000004
7532800000	-0.0121016353	0.0123143217000000003
7532900000	-0.0122285029999999999	0.0121520802999999997
7533000000	-0.0123620446000000002	0.0120090709999999996
7533100000	-0.0125158794000000007	0.0118735148999999998
7533200000	-0.0126498206999999998	0.0117191488000000007
7533300000	-0.0127912940999999995	0.0115748650999999998
7533400000	-0.0129282158000000001	0.0114211160000000003
7533500000	-0.0130602205000000006	0.0112793259999999992
7533600000	-0.0131921720999999999	0.0111189753999999998
7533700000	-0.0133017110000000008	0.0109743713000000007
7533800000	-0.0134477452999999993	0.0108076873000000004
7533900000	-0.0135575213	0.0106598826000000001
7534000000	-0.0136969780999999999	0.0104853767999999997
7534100000	-0.0138010531999999998	0.0103424495999999994
7534200000	-0.0139072649000000007	0.0101876964999999993
7534300000	-0.0140475862	0.0100174005000000007
7534400000	-0.0141636760999999996	0.00985563830000000043
7534500000	-0.0142716449999999995	0.00969637779999999935
7534600000	-0.0143889068999999998	0.00953207870000000006
7534700000	-0.0145053536999999993	0.00935957779999999941
7534800000	-0.0146040825000000006	0.00919222979999999995
7534900000	-0.0147157667000000006	0.00902435759999999955
7535000000	-0.0148154529999999993	0.00886023669999999944
7535100000	-0.0149180397999999995	0.00867953729999999986
7535200000	-0.0150319031000000006	0.0084924434000000007
7535300000	-0.0151320867000000001	0.00834124150000000071
7535400000	-0.0152232392000000005	0.00816011709999999932
7535500000	-0.0153199185999999994	0.00797122100000000056
7535600000	-0.0154026052000000007	0.0078072298999999996
7535700000	-0.0155152490999999997	0.00763986869999999998
7535800000	-0.0155931565000000001	0.00744046169999999958
7535900000	-0.0156774226999999988	0.00727178540000000036
7536000000	-0.0157742963000000007	0.00709208259999999976
7536100000	-0.0158461807000000003	0.0069119489000000001
7536200000	-0.0159312952999999986	0.00671317260000000009
7536300000	-0.016028320799999999	0.00652349510000000028
7536400000	-0.0160911639000000002	0.0063563055000000002
7536500000	-0.016149385799999999	0.00616374840000000028
7536600000	-0.016233433299999999	0.00598398759999999984
7536700000	-0.0163113367000000016	0.00579210629999999966
7536800000	-0.0163909003000000005	0.00560775580000000013
7536900000	-0.0164438104000000015	0.00540871889999999973
7537000000	-0.0165015488999999994	0.00523122950000000017
7537100000	-0.0165811260999999995	0.00503021000000000024
7537200000	-0.0166262110999999997	0.00484176620000000002
7537300000	-0.0167015452000000009	0.00465665820000000022
7537400000	-0.0167571855000000006	0.00445009709999999968
7537500000	-0.0168092882999999992	0.00425732430000000037
7537600000	-0.0168664520999999984	0.00407398539999999972
7537700000	-0.0169142219000000017	0.00387492089999999989
7537800000	-0.0169694381000000012	0.00369373079999999994
7537900000	-0.0170102879000000005	0.00350116990000000003
7538000000	-0.0170570482000000009	0.00330245340000000004
7538100000	-0.0171060903999999993	0.00308847129999999985
7538200000	-0.0171226036999999991	0.00288750950000000008
7538300000	-0.0171739527999999995	0.00269476329999999986
7538400000	-0.0172138824999999995	0.00250229109999999984
7538500000	-0.0172496972000000005	0.00229490529999999996
7538600000	-0.0172820137999999991	0.00209175320000000008
7538700000	-0.017298573099999999	0.00190065729999999993
7538800000	-0.0173350338	0.00169792469999999998
7538900000	-0.0173499041999999985	0.00150900249999999991
7539000000	-0.0173534901999999984	0.00127095459999999991
7539100000	-0.0173991357999999999	0.00108451589999999996
7539200000	-0.0174288832999999997	0.000899807699999999994
7539300000	-0.0174234288000000015	0.000710130000000000006
7539400000	-0.0174531823999999995	0.000483285099999999999
7539500000	-0.0174511050999999993	0.000279481499999999997
7539600000	-0.0174636448999999985	8.77296000000000011e-05
7539700000	-0.0174730748999999998	-0.000109558399999999998
7539800000	-0.0174808181	-0.00030864489999999999
7539900000	-0.0174843600000000009	-0.000507183600000000014
7540000000	-0.0174702932000000005	-0.000690000699999999989
