7972300000	0.0159822578	-0.00196014900000000001
7972340000	0.0159462827999999994	-0.00206346170000000018
7972380000	0.0159300796999999987	-0.0021163839999999998
7972420000	0.0159399107999999984	-0.00209311729999999991
7972460000	0.0159362190999999993	-0.00206696130000000007
7972500000	0.0159156392000000015	-0.00206610079999999981
7972540000	0.0159412968000000009	-0.00203676090000000018
7972580000	0.0159543540999999983	-0.00199455810000000004
7972620000	0.0159290464000000007	-0.00198029249999999999
7972660000	0.0159394279999999985	-0.00191077710000000004
7972700000	0.0159363287999999999	-0.00188245230000000006
7972740000	0.0159280192000000008	-0.00183265490000000006
7972780000	0.0159455602000000002	-0.00180176160000000002
7972820000	0.015949729499999999	-0.00176800669999999994
7972860000	0.0159388523000000004	-0.001728741
7972900000	0.0159490989	-0.00168180619999999995
7972940000	0.0159397540999999983	-0.00163951630000000004
7972980000	0.0159501542000000003	-0.00159453200000000007
7973020000	0.0159575936000000002	-0.00155781449999999998
7973060000	0.0159517867000000015	-0.00153247369999999993
7973100000	0.0159613286999999993	-0.00148930840000000009
7973140000	0.0159496044999999989	-0.00145091610000000005
7973180000	0.0159683915000000017	-0.00142359569999999996
7973220000	0.0159457604000000017	-0.0013390495000000001
7973260000	0.0159607769999999989	-0.00132644659999999999
7973300000	0.0159670911000000006	-0.00128753320000000006
7973340000	0.0159912709	-0.00123538009999999993
7973380000	0.0159677184000000007	-0.0011783830999999999
7973420000	0.0159541244999999998	-0.00115548759999999995
7973460000	0.0159850983000000002	-0.00113117240000000009
7973500000	0.0159652584999999993	-0.0010691234999999999
7973540000	0.0159632487000000017	-0.0010145365999999999
7973580000	0.0159679281999999985	-0.000991515600000000092
7973620000	0.0159610690000000013	-0.000922168300000000005
7973660000	0.0159524179000000016	-0.00089859130000000001
7973700000	0.0159990524000000016	-0.000871653499999999965
7973740000	0.0159807328000000012	-0.000833978200000000044
7973780000	0.0159640768000000009	-0.000792512299999999985
7973820000	0.0159991446999999988	-0.000752628699999999999
7973860000	0.0159704337000000016	-0.000686428800000000051
7973900000	0.0159781139000000003	-0.000643598599999999988
7973940000	0.0159870424999999997	-0.000612560099999999983
7973980000	0.0159751602999999992	-0.000583691599999999994
7974020000	0.0159767682000000015	-0.000516592299999999957
7974060000	0.0159713787000000003	-0.000490955500000000013
7974100000	0.0159809441000000017	-0.00045637169999999998
7974140000	0.0159830453999999997	-0.000406356800000000026
7974180000	0.0159660993000000015	-0.00037333869999999999
7974220000	0.0159732191999999995	-0.000331898899999999995
7974260000	0.0159671013999999993	-0.000292165899999999974
7974300000	0.0159739576000000015	-0.000243909999999999987
7974340000	0.0159670262999999993	-0.0001966704
7974380000	0.0159588101999999996	-0.000167118700000000003
7974420000	0.0159716818999999996	-0.000114523499999999995
7974460000	0.0159631863999999991	-7.48209000000000005e-05
7974500000	0.0159562572000000007	-4.72110999999999993e-05
7974540000	0.0159620063999999992	-1.98445999999999997e-05
7974580000	0.0159521092999999996	4.3289299999999999e-05
7974620000	0.0159479558	8.27046000000000009e-05
7974660000	0.0159659122999999993	0.000117503800000000005
7974700000	0.0159635506999999989	0.000170518700000000004
7974740000	0.0159497016999999991	0.000211324099999999992
7974780000	0.0159348815000000012	0.000259428800000000026
7974820000	0.0159530431000000014	0.000295261399999999978
7974860000	0.0159415922000000002	0.000330843400000000018
7974900000	0.0159532247000000009	0.000369193900000000009
7974940000	0.0159356044000000009	0.000404218600000000013
7974980000	0.0159127787000000014	0.000455815199999999999
7975020000	0.0159388544999999986	0.000492991400000000052
7975060000	0.0159231996000000001	0.000515626699999999953
7975100000	0.0159199756000000005	0.000573165699999999959
7975140000	0.0159123741999999992	0.000595622999999999986
7975180000	0.0159263341000000017	0.00065687289999999995
7975220000	0.0159150041999999992	0.000687495500000000052
7975260000	0.015893749799999999	0.000723033100000000021
7975300000	0.0159015805999999996	0.000778577000000000023
7975340000	0.0158818689999999998	0.000841075500000000001
7975380000	0.015899684800000001	0.00087474250000000003
7975420000	0.0158820476999999988	0.000901000299999999994
7975460000	0.0158818343999999993	0.000935647699999999976
7975500000	0.0158642945999999986	0.00099000840000000004
7975540000	0.0158750068999999987	0.00103656379999999995
7975580000	0.0158851557999999983	0.00106243760000000005
7975620000	0.0158575302999999987	0.00111191890000000002
7975660000	0.0158513228000000013	0.0011662857
7975700000	0.0158478937999999986	0.00119589960000000004
7975740000	0.0158450555	0.0012516319000000001
7975780000	0.0158508239000000016	0.00126818599999999992
7975820000	0.0158334702999999993	0.00130911099999999996
7975860000	0.0158271624999999985	0.00136412519999999995
7975900000	0.0158325017999999991	0.00140157590000000005
7975940000	0.0158212894999999985	0.00145346759999999994
7975980000	0.0158189970000000013	0.0014770854999999999
7976020000	0.0157903751000000002	0.00154184310000000002
7976060000	0.015795145699999999	0.00156582649999999993
7976100000	0.0157865155999999986	0.00160604390000000001
7976140000	0.0157890467	0.0016516720999999999
7976180000	0.0157671864999999987	0.00167400880000000011
7976220000	0.0158076925999999993	0.00174752879999999998
7976260000	0.0157759030000000008	0.00178364939999999992
7976300000	0.0157646731000000012	0.0018194254999999999
7976340000	0.0157533280999999983	0.00186114180000000002
7976380000	0.0157421836999999988	0.00191242360000000011
7976420000	0.0157427160000000003	0.00195160790000000004
7976460000	0.0157342900999999993	0.00197947429999999983
7976500000	0.0157324614000000015	0.0020037468000000001
7976540000	0.0157323151000000015	0.0020831958999999998
7976580000	0.0157351158000000012	0.00212821529999999981
7976620000	0.0157096741000000012	0.00214474910000000008
7976660000	0.0157137458999999993	0.00219115360000000014
7976700000	0.0156756579000000007	0.00223412540000000014
7976740000	0.0157000529999999985	0.0023087174999999998
7976780000	0.0156888573999999989	0.0023124879000000001
7976820000	0.0156612152999999997	0.00236064769999999981
7976860000	0.0156496058999999986	0.00240600419999999985
7976900000	0.015666562299999999	0.00244533830000000013
7976940000	0.015642815899999999	0.00249332399999999989
7976980000	0.0156368323000000004	0.00252777219999999981
7977020000	0.0156477806000000011	0.00255959069999999985
7977060000	0.0156311953999999989	0.00259625209999999988
7977100000	0.0156147413999999998	0.00265343969999999986
7977140000	0.0156268432000000006	0.00268416400000000017
7977180000	0.0156009676999999992	0.00274049530000000001
7977220000	0.0156108904000000007	0.00277867890000000001
7977260000	0.0155700794000000007	0.00281852669999999982
7977300000	0.0155832335999999995	0.0028623835999999998
7977340000	0.0155545701999999994	0.00286706200000000008
7977380000	0.0155566794000000005	0.00294400739999999992
7977420000	0.0155387010999999998	0.00297074139999999997
7977460000	0.0155598578999999997	0.00301820349999999986
7977500000	0.0155444677999999996	0.00305187479999999983
7977540000	0.0155311526000000005	0.0030867561
7977580000	0.0155209253999999998	0.00312663229999999995
7977620000	0.0155293866000000003	0.00317618679999999995
7977660000	0.0155188757000000004	0.00320227270000000017
7977700000	0.0154852246999999995	0.00323148919999999978
7977740000	0.0155053670000000008	0.00329976819999999987
7977780000	0.0154816199000000002	0.00332084980000000012
7977820000	0.0154577050000000004	0.00339298759999999986
7977860000	0.0154629482999999995	0.00340452710000000011
7977900000	0.0154311543999999991	0.00344869710000000017
7977940000	0.0154038509999999997	0.00349314040000000018
7977980000	0.0154008502999999995	0.00354651500000000008
7978020000	0.0154021066999999994	0.00358342239999999987
7978060000	0.0153957503000000002	0.00362767009999999997
7978100000	0.0153910091999999998	0.00363860240000000003
7978140000	0.0153856049000000005	0.00369682670000000008
7978180000	0.0153484474999999992	0.00369859600000000018
7978220000	0.0153685408999999999	0.00375806120000000011
7978260000	0.0153465743000000005	0.00381179370000000019
7978300000	0.0153383479000000003	0.00383747499999999991
7978340000	0.0153232624000000008	0.00389983629999999994
7978380000	0.0152994859999999993	0.00392750350000000033
7978420000	0.0152863830000000006	0.00395804359999999984
7978460000	0.0152703816000000006	0.00401158730000000015
7978500000	0.0152668791000000002	0.00406157700000000024
7978540000	0.0152500074999999992	0.00408678800000000005
7978580000	0.0152606558	0.00413673320000000014
7978620000	0.0152224799000000004	0.00416462479999999986
7978660000	0.0152160595000000003	0.00419157810000000009
7978700000	0.0152141314000000007	0.00425290649999999961
7978740000	0.0152050338	0.00428663799999999973
7978780000	0.0152073810000000007	0.00432851770000000028
7978820000	0.0151801565999999995	0.00436434449999999977
7978860000	0.0151833330999999998	0.00441204909999999995
7978900000	0.0151688906999999998	0.00444397439999999998
7978940000	0.0151471573000000002	0.00446690989999999968
7978980000	0.0151305849000000006	0.00451169389999999965
7979020000	0.0151241290999999996	0.00456856469999999959
7979060000	0.0151201135000000007	0.00458873899999999967
7979100000	0.0150988981000000008	0.00463277189999999981
7979140000	0.0150768293000000005	0.00468552070000000011
7979180000	0.0150646740000000001	0.00469726609999999989
7979220000	0.0150700965999999992	0.00474585469999999968
7979260000	0.0150594683999999996	0.00478540319999999977
7979300000	0.0150407613999999999	0.0048427097000000004
7979340000	0.0150241457999999994	0.00487076670000000014
7979380000	0.0149929571000000008	0.0048886594000000002
7979420000	0.0149840261000000006	0.00494921620000000027
7979460000	0.0149620784000000003	0.00496045270000000042
7979500000	0.0149615987000000002	0.00501851819999999966
7979540000	0.0149313174999999992	0.00505729219999999976
7979580000	0.0149236603000000006	0.00508236910000000024
7979620000	0.0149242800999999994	0.00513712289999999992
7979660000	0.0149072797999999992	0.00517072190000000039
7979700000	0.0148852715	0.00520305629999999984
7979740000	0.0148784638999999996	0.00524321999999999983
7979780000	0.0148606012999999999	0.00528631580000000004
7979820000	0.0148413209999999993	0.00530848129999999998
7979860000	0.0148266678000000002	0.00536071949999999964
7979900000	0.0148373505000000006	0.00537726379999999959
7979940000	0.0147914567000000004	0.00542138970000000022
7979980000	0.0147814481000000005	0.00545876139999999961
7980020000	0.0147728423999999997	0.00547617669999999994
7980060000	0.0147421571000000001	0.00553724079999999997
7980100000	0.0147604256999999996	0.00558200980000000003
7980140000	0.0147607190000000003	0.00563232490000000006
7980180000	0.0147211101000000004	0.00563912959999999987
7980220000	0.0146929843999999993	0.00569687550000000029
7980260000	0.0146782275999999996	0.00570960140000000005
7980300000	0.0146563004000000007	0.00577152010000000007
7980340000	0.0146432274999999997	0.00580857699999999966
7980380000	0.0146320983000000002	0.0058547533000000004
7980420000	0.0146010714000000003	0.00586484949999999984
7980460000	0.0145914057000000007	0.00590503859999999981
7980500000	0.0145877191000000003	0.00595068270000000035
7980540000	0.0145692637999999992	0.00597831279999999979
7980580000	0.0145541317999999999	0.00603201369999999994
7980620000	0.0145395327999999994	0.00604925320000000016
7980660000	0.0145120431000000001	0.00609699600000000036
7980700000	0.0145020610000000001	0.00611067489999999984
7980740000	0.0144740870000000001	0.00616974120000000036
7980780000	0.0144634819999999997	0.00619894490000000038
7980820000	0.0144243419999999997	0.0062390776999999998
7980860000	0.0144301245000000005	0.00627190799999999965
7980900000	0.0143870088999999996	0.00629690410000000034
7980940000	0.0143912151999999998	0.00633452120000000014
7980980000	0.0143909216000000003	0.00638580209999999992
7981020000	0.0143626515000000003	0.00641269070000000021
7981060000	0.0143517369999999998	0.00646150179999999998
7981100000	0.0143218908000000006	0.00650124040000000028
7981140000	0.0143147094999999999	0.00653562620000000018
7981180000	0.0142718310000000004	0.00654996740000000043
7981220000	0.0142801322000000001	0.00661767670000000009
7981260000	0.0142798045999999994	0.00663274400000000031
7981300000	0.014244329	0.00667394470000000004
7981340000	0.0142266019999999997	0.00671284780000000036
7981380000	0.0142054612	0.00674811400000000037
7981420000	0.0141926375000000007	0.00676054539999999989
7981460000	0.0141706355000000006	0.00680668030000000038
7981500000	0.0141589157	0.00686802770000000031
7981540000	0.0141232657000000001	0.00686606020000000029
7981580000	0.0141198040999999993	0.00693635840000000024
7981620000	0.0141169252999999995	0.00695718819999999964
7981660000	0.0140593982999999995	0.00699473670000000033
7981700000	0.0140202166999999992	0.00704605470000000018
7981740000	0.0140206590999999992	0.00707348569999999982
7981780000	0.0140049800999999998	0.00709673970000000015
7981820000	0.0139958910999999995	0.00712596909999999983
7981860000	0.0139872793000000006	0.00717533140000000021
7981900000	0.0139734960000000002	0.00720091720000000032
7981940000	0.0139366135999999998	0.00725890489999999992
7981980000	0.0139294286999999996	0.00726611300000000026
7982020000	0.0139013457999999993	0.0072998424999999997
7982060000	0.0138824266000000009	0.00734836549999999967
7982100000	0.0138583630999999999	0.00736128270000000005
7982140000	0.0138726188	0.0074019015000000004
7982180000	0.0138284476999999996	0.00745821750000000023
7982220000	0.0138207655999999998	0.007482486
7982260000	0.0138050475000000006	0.00750352790000000016
7982300000	0.0137822680000000003	0.0075337659999999999
7982340000	0.0137532813999999993	0.00759665659999999958
7982380000	0.0137440778000000006	0.00761436369999999967
7982420000	0.0137337171000000008	0.00765211690000000035
7982460000	0.0137156126999999992	0.00770363700000000016
7982500000	0.0136713467999999994	0.00771696119999999968
7982540000	0.0136768123000000005	0.00774435709999999992
7982580000	0.0136376055999999999	0.00778547320000000029
7982620000	0.0136190363999999994	0.00778023309999999971
7982660000	0.0136167722000000001	0.0078287402999999995
7982700000	0.0136188740999999992	0.00788076969999999995
7982740000	0.0135640420999999997	0.00790291509999999954
7982780000	0.0135799172999999992	0.00792532760000000044
7982820000	0.0135216161999999994	0.00795135259999999941
7982860000	0.0135132599999999992	0.00801238789999999916
7982900000	0.0134868068000000008	0.00804187209999999986
7982940000	0.0134912382000000001	0.00806438800000000046
7982980000	0.0134502940999999994	0.00811007220000000036
7983020000	0.0134440624999999994	0.0081310623999999998
7983060000	0.0134294670000000005	0.00817218410000000034
7983100000	0.0133920315999999998	0.00820888630000000084
7983140000	0.0133990163999999998	0.0082131507999999992
7983180000	0.0133755463000000008	0.00824254150000000053
7983220000	0.0133288470999999992	0.00826845959999999991
7983260000	0.0133015045000000002	0.00828329509999999915
7983300000	0.013297517	0.00835507719999999988
7983340000	0.0132963215999999992	0.00837869679999999999
7983380000	0.0132656691000000004	0.00839463590000000086
7983420000	0.0132232293999999997	0.00842286700000000055
7983460000	0.0132033453000000005	0.00844721279999999936
7983500000	0.0132019006999999997	0.00849348509999999987
7983540000	0.0131844210999999996	0.00852566509999999958
7983580000	0.0131680539000000006	0.00856447850000000011
7983620000	0.0131215917000000008	0.00858986389999999954
7983660000	0.0131219796999999996	0.00860869619999999995
7983700000	0.0130896269999999995	0.00864335370000000013
7983740000	0.0130700268000000005	0.00867557740000000042
7983780000	0.0130437982999999993	0.00870850880000000049
7983820000	0.0130499702999999998	0.00875146509999999954
7983860000	0.0130172401000000007	0.00874129870000000045
7983900000	0.0129813564999999992	0.00875690429999999992
7983940000	0.0129562735000000005	0.0087998061999999995
7983980000	0.0129201422999999996	0.00882588230000000071
7984020000	0.0129354736000000005	0.00887109380000000031
7984060000	0.0129054863999999991	0.00887762649999999931
7984100000	0.0128712857000000003	0.00893425089999999936
7984140000	0.0128694698999999996	0.00895227290000000057
7984180000	0.0128419372000000004	0.00897550029999999964
7984220000	0.0128010371000000008	0.00899824760000000022
7984260000	0.0127931190000000004	0.00901138360000000062
7984300000	0.0127699430000000006	0.00908499299999999954
7984340000	0.0127591887999999997	0.00908950969999999976
7984380000	0.0127263305000000007	0.00911281180000000045
7984420000	0.0127007668000000008	0.00915852529999999949
7984460000	0.0126883612999999992	0.00916207760000000045
7984500000	0.0126482291999999996	0.00917782760000000059
7984540000	0.0126245134000000005	0.00923886890000000065
7984580000	0.0126275346000000004	0.0092304163000000005
7984620000	0.0126173950999999996	0.00924967689999999995
7984660000	0.0125822465999999994	0.00929691019999999944
7984700000	0.0125557737999999995	0.00933683230000000031
7984740000	0.0125389848999999994	0.00932590579999999919
7984780000	0.0124843191000000003	0.00936179839999999944
7984820000	0.0124932636000000003	0.00940509559999999981
7984860000	0.0124592250000000009	0.00942038849999999976
7984900000	0.0124472390000000006	0.00944605700000000076
7984940000	0.0124087085000000007	0.00947809359999999927
7984980000	0.0123823504000000004	0.00948818170000000072
7985020000	0.0123826739999999998	0.00950145519999999986
7985060000	0.0123393414999999999	0.00955871120000000019
7985100000	0.0123227794000000009	0.00956818910000000085
7985140000	0.0123004718000000006	0.00961953569999999918
7985180000	0.0122813192999999994	0.00959517019999999929
7985220000	0.0122537554999999996	0.00962833169999999933
7985260000	0.0122334365999999996	0.00966904889999999941
7985300000	0.0122089690999999997	0.00970425530000000071
7985340000	0.0121879187999999992	0.00971534339999999969
7985380000	0.0121742833999999994	0.00974479909999999977
7985420000	0.0121431747000000003	0.00975584820000000019
7985460000	0.0121272132000000005	0.00978746089999999944
7985500000	0.0120952048999999999	0.00980627509999999931
7985540000	0.0120678817999999993	0.00981878280000000013
7985580000	0.0120433871000000005	0.00985410970000000046
7985620000	0.0120314527000000004	0.00984906410000000072
7985660000	0.0120036842999999994	0.00989349940000000018
7985700000	0.0119862322000000004	0.0099029046999999995
7985740000	0.0119704849999999995	0.00992911410000000064
7985780000	0.0119246109000000003	0.00996524770000000067
7985820000	0.0119116868999999993	0.00998252980000000067
7985860000	0.0118849262999999993	0.0100113908000000005
7985900000	0.0118905833999999998	0.0100245434000000005
7985940000	0.0118464672000000003	0.0100386668000000002
7985980000	0.0118231538999999993	0.0100734147999999996
7986020000	0.0117802229999999994	0.0100978196000000003
7986060000	0.0117809191000000004	0.0101174009999999998
7986100000	0.0117457859999999994	0.0101282461999999997
7986140000	0.0117069331000000006	0.0101466152000000004
7986180000	0.0117274518000000001	0.0101544332999999997
7986220000	0.0116860343999999998	0.0101879733999999996
7986260000	0.0116626321000000005	0.0102089269999999996
7986300000	0.0116330352000000008	0.0101974444999999997
7986340000	0.0116184064999999993	0.0102405984000000002
7986380000	0.0116035632999999996	0.0102511380999999995
7986420000	0.0115564267000000005	0.0102667143000000002
7986460000	0.0115722424000000001	0.0103146751000000002
7986500000	0.0115322094999999996	0.0103117790000000001
7986540000	0.0114948914999999999	0.0103278741000000004
7986580000	0.0114877878999999992	0.0103353236999999994
7986620000	0.0114572952000000002	0.0103659283000000005
7986660000	0.0114549296000000002	0.0103692699000000003
7986700000	0.0114054536000000005	0.0104177656999999996
7986740000	0.0113701345999999998	0.0104344667000000006
7986780000	0.0113522125999999998	0.0104389601000000002
7986820000	0.0113309134999999995	0.0104381955000000005
7986860000	0.0113310991999999999	0.0104537907999999995
7986900000	0.0113066265999999995	0.0104469277000000006
7986940000	0.0112769761000000007	0.0104695576999999998
7986980000	0.0112501619999999993	0.0104940650999999999
7987020000	0.0112243210000000006	0.0105203923000000005
7987060000	0.0112145587999999997	0.0105328908999999995
7987100000	0.0111895294999999999	0.0105433538000000004
7987140000	0.0111536055000000002	0.0105584543000000006
7987180000	0.0111351852999999994	0.0105723951999999993
7987220000	0.0111034937999999993	0.0105563923999999996
7987260000	0.0110999740999999999	0.0105884616999999993
7987300000	0.0110534923000000004	0.0106029628000000008
7987340000	0.0110433883	0.0106165301000000004
7987380000	0.0110351003999999992	0.0106436731000000007
7987420000	0.0110015261000000007	0.0106409920000000002
7987460000	0.0109697948	0.0106567126999999994
7987500000	0.0109587051000000005	0.0106815330999999996
7987540000	0.0109472747000000006	0.0106601286000000007
7987580000	0.0109028132	0.0107034163000000009
7987620000	0.0108917383999999999	0.0106934600999999997
7987660000	0.0108766369999999998	0.0107088628999999994
7987700000	0.0108415329000000008	0.0107322097000000002
7987740000	0.0108168799999999992	0.0107077926
7987780000	0.0108019406000000005	0.0107278897999999994
7987820000	0.0107632571999999992	0.0107330198999999998
7987860000	0.0107608531000000004	0.0107550570999999998
7987900000	0.0107521413000000003	0.0107296807000000008
7987940000	0.0107143062000000008	0.0107556478000000004
7987980000	0.0106550741000000001	0.0108045542999999997
7988020000	0.0106583899000000006	0.0107759099000000001
7988060000	0.0106438534999999997	0.0107871518999999999
7988100000	0.0106322940000000005	0.0107603205
7988140000	0.0105931571999999998	0.0107829389000000005
7988180000	0.0105800055999999993	0.0107785602000000005
7988220000	0.0105245144000000006	0.0107981181000000002
7988260000	0.0105314594999999997	0.0108169250999999994
7988300000	0.0105111743000000004	0.0108094620000000006
7988340000	0.0104887064000000006	0.0108095575000000006
7988380000	0.0104619052999999993	0.0108136198000000003
7988420000	0.01042592	0.0108141890999999997
7988460000	0.0104377097000000005	0.0108231603000000006
7988500000	0.0104179874000000002	0.0108094251000000006
7988540000	0.0103590656999999996	0.0107975647999999994
7988580000	0.0103586272999999993	0.0107830579999999999
7988620000	0.0103427225000000001	0.0108051096999999992
7988660000	0.0103071706000000003	0.0108215169999999992
7988700000	0.0103145786000000007	0.0108065708
7988740000	0.0102938777000000006	0.0107941961000000003
7988780000	0.0102649831999999993	0.0107964923000000001
7988820000	0.0102590524999999991	0.0107613289000000004
7988860000	0.0102204983999999999	0.0107885175000000007
7988900000	0.0101964141000000005	0.0107697138000000005
7988940000	0.0101738164000000006	0.0107725302999999994
7988980000	0.0101506507999999992	0.0107359125999999996
7989020000	0.0101412324999999998	0.0107565625000000005
7989060000	0.0101185110999999998	0.0107442140999999998
7989100000	0.0100855302999999993	0.0107207971999999999
7989140000	0.0100951054999999998	0.0107232947999999998
7989180000	0.0100401137000000005	0.0107050232000000002
7989220000	0.0100312960999999999	0.0106966390000000008
7989260000	0.0100119293999999994	0.0106869410999999997
7989300000	0.00999684569999999967	0.0106681311000000004
7989340000	0.00996708689999999987	0.0106599633999999999
7989380000	0.0099949488000000003	0.0106228213999999994
7989420000	0.00996012800000000038	0.0106188056999999992
7989460000	0.00993651379999999952	0.0106005292000000001
7989500000	0.00989745250000000076	0.0105895508999999995
7989540000	0.00987729849999999937	0.0105489876000000003
7989580000	0.00986494689999999931	0.0105274797
7989620000	0.00986115459999999978	0.0105187214000000001
7989660000	0.00981762310000000062	0.0104686234999999996
7989700000	0.00982847310000000036	0.0104771033000000003
7989740000	0.00980443670000000038	0.0104292515999999998
7989780000	0.00978044399999999925	0.0103964111000000008
7989820000	0.00975252650000000068	0.0103647171000000003
7989860000	0.00973337420000000043	0.0103445185999999998
7989900000	0.00975626549999999981	0.0103012422999999992
7989940000	0.00973206329999999967	0.0102751162999999996
7989980000	0.0096928976999999996	0.0102263700999999999
7990020000	0.00967952799999999974	0.0101937930999999992
7990060000	0.00964648989999999928	0.0101610072000000006
7990100000	0.00965083930000000013	0.0101452609999999992
7990140000	0.00964726850000000025	0.0100921246000000003
7990180000	0.00959735029999999982	0.0100195299000000008
7990220000	0.00960089499999999992	0.00999062140000000001
7990260000	0.0095674711000000006	0.0099394429999999992
7990300000	0.00954969760000000042	0.00988356240000000039
7990340000	0.00952638469999999953	0.00983797089999999957
7990380000	0.00953489960000000053	0.00976293490000000076
7990420000	0.00950006429999999957	0.00971719969999999995
7990460000	0.00947241520000000059	0.00966505909999999975
7990500000	0.00946353410000000048	0.00961544289999999996
7990540000	0.00945596209999999965	0.00952886319999999946
7990580000	0.0094286781000000007	0.00945859670000000034
7990620000	0.0093955526000000008	0.00940826690000000007
7990660000	0.00940141740000000059	0.00930608460000000026
7990700000	0.00936148200000000083	0.00921324830000000081
7990740000	0.0093406336999999999	0.0091215319000000003
7990780000	0.00932852269999999949	0.00906681990000000014
7990820000	0.00931914179999999981	0.0089615652000000004
7990860000	0.00929263450000000074	0.00890020470000000077
7990900000	0.00925916530000000029	0.00878805560000000055
7990940000	0.0092127470000000003	0.00867012980000000065
7990980000	0.00916141089999999991	0.00855392439999999935
7991020000	0.00916273519999999918	0.00843423369999999999
7991060000	0.00910922769999999993	0.00833441059999999977
7991100000	0.00907191559999999918	0.00819698680000000013
7991140000	0.00905640589999999988	0.00805368950000000076
7991180000	0.00903389930000000028	0.00792753149999999955
7991220000	0.00894701170000000018	0.0077599905999999998
7991260000	0.00893632320000000042	0.00761325469999999966
7991300000	0.00889867589999999986	0.00747638229999999984
7991340000	0.00881566110000000028	0.00731028929999999987
7991380000	0.00874165650000000016	0.00714025300000000005
7991420000	0.00867001929999999983	0.00695686290000000016
7991460000	0.00859901819999999914	0.00676682169999999993
7991500000	0.00851487819999999923	0.00653187019999999958
7991540000	0.0084599905000000003	0.00636813339999999992
7991580000	0.00833591749999999972	0.00610714850000000035
7991620000	0.00823692040000000014	0.00589078650000000002
7991660000	0.0080873062999999995	0.00563308870000000031
7991700000	0.00796513010000000042	0.00537159309999999963
7991740000	0.00779860989999999962	0.00510033000000000014
7991780000	0.00761045370000000033	0.00481551830000000007
7991820000	0.00742506439999999959	0.00453380850000000002
7991860000	0.00718005650000000037	0.00421205650000000022
7991900000	0.00692353640000000024	0.00386049850000000014
7991940000	0.00664311369999999977	0.00353399860000000021
7991980000	0.00633250559999999976	0.00320451960000000006
7992020000	0.00597950810000000017	0.00282241859999999992
7992060000	0.00553688520000000014	0.00245169980000000017
7992100000	0.00506888140000000004	0.00208671029999999997
7992140000	0.00452639759999999992	0.00173139150000000005
7992180000	0.00395424830000000015	0.00140795570000000004
7992220000	0.0032945870999999999	0.00103552940000000001
7992260000	0.00249866870000000013	0.000763581999999999954
7992300000	0.00172894460000000004	0.000563210299999999963
7992340000	0.000864778699999999988	0.00039044660000000001
7992380000	-4.06444e-05	0.000281330299999999985
7992420000	-0.000951141599999999953	0.000309265100000000008
7992460000	-0.00186393290000000009	0.000392621699999999975
7992500000	-0.00276856649999999982	0.000572905200000000032
7992540000	-0.00364419430000000001	0.000844190999999999995
7992580000	-0.00446139719999999983	0.0011745274
7992620000	-0.0052108129000000003	0.00159989180000000004
7992660000	-0.00590853619999999989	0.00205501249999999989
7992700000	-0.0065545550999999997	0.00255017949999999981
7992740000	-0.00711238979999999962	0.00306854980000000012
7992780000	-0.00761766470000000036	0.00363168520000000002
7992820000	-0.00806631340000000044	0.00421659789999999975
7992860000	-0.00845069529999999992	0.00480588480000000012
7992900000	-0.00877927849999999947	0.00538115520000000038
7992940000	-0.00902100370000000033	0.00594005350000000043
7992980000	-0.00924953899999999933	0.00651304769999999991
7993020000	-0.00944585889999999956	0.00708103169999999959
7993060000	-0.00957673740000000023	0.00760857780000000032
7993100000	-0.0096828109999999995	0.00814909460000000016
7993140000	-0.00974610310000000035	0.00865435399999999952
7993180000	-0.00976707020000000016	0.0091709961000000003
7993220000	-0.0098008851000000001	0.00966971200000000045
7993260000	-0.00976201510000000022	0.0101210458000000007
7993300000	-0.00973020919999999928	0.0106029728000000007
7993340000	-0.00967070379999999952	0.0110095904999999994
7993380000	-0.00956455519999999983	0.0114190436999999992
7993420000	-0.0094972563999999992	0.0118203638000000007
7993460000	-0.00936951249999999972	0.0122294020000000003
7993500000	-0.00925310910000000028	0.0125720888000000006
7993540000	-0.00913165500000000067	0.0128908997999999993
7993580000	-0.00900504950000000082	0.0132341391000000003
7993620000	-0.00883091930000000011	0.0135322371000000004
7993660000	-0.00868595460000000028	0.0138230795
7993700000	-0.0085164053999999996	0.0140842521999999994
7993740000	-0.00837140899999999979	0.0143490801999999994
7993780000	-0.00820380799999999993	0.0145816289000000009
7993820000	-0.00804270619999999936	0.0148111426000000004
7993860000	-0.0078609687000000001	0.0150209373000000004
7993900000	-0.00772308489999999973	0.0152230968000000005
7993940000	-0.00753701949999999957	0.0154213817999999999
7993980000	-0.00736212959999999958	0.0155951664000000007
7994020000	-0.00722762660000000022	0.0157404790999999995
7994060000	-0.00703144089999999979	0.0159075943000000011
7994100000	-0.0068862356000000003	0.0160242435000000003
7994140000	-0.00671553179999999968	0.016141944200000001
7994180000	-0.00657374920000000033	0.0162918563000000009
7994220000	-0.00641014210000000022	0.0164028955999999983
7994260000	-0.00629428430000000035	0.0165106055999999987
7994300000	-0.00613728580000000041	0.016603876699999999
7994340000	-0.00600935210000000039	0.0167053903999999989
7994380000	-0.0058738493000000001	0.0167842978000000004
7994420000	-0.00574240459999999977	0.0168640967999999988
7994460000	-0.00561725259999999987	0.0169310228999999986
7994500000	-0.0054775911	0.016998993300000001
7994540000	-0.00537501249999999993	0.017052023999999999
7994580000	-0.00524614100000000017	0.0171271409000000006
7994620000	-0.00513503299999999979	0.017169407099999999
7994660000	-0.00502733450000000023	0.0172189828999999989
7994700000	-0.00493695660000000036	0.0172443785999999988
7994740000	-0.00482989979999999975	0.0172890012999999988
7994780000	-0.0047389614	0.0173246220999999992
7994820000	-0.00464804970000000026	0.0173588954999999989
7994860000	-0.00456109029999999995	0.0174004468000000002
7994900000	-0.00450298190000000039	0.0174135654999999986
7994940000	-0.00438542340000000041	0.0174588954000000005
7994980000	-0.00432422699999999993	0.0174771225000000009
7995020000	-0.00424846419999999961	0.0174998893999999995
7995060000	-0.00417953979999999975	0.0175090294999999986
7995100000	-0.00412592860000000027	0.0175283074999999997
7995140000	-0.00404191430000000029	0.0175415519000000006
7995180000	-0.00399805290000000008	0.017562120300000001
7995220000	-0.0039324140000000004	0.0175541864000000013
7995260000	-0.00386399239999999982	0.0175877538999999992
7995300000	-0.0038220124999999998	0.0175812555000000002
7995340000	-0.00377987720000000013	0.0175750752000000017
7995380000	-0.00371456829999999979	0.0176042972000000006
7995420000	-0.00367324519999999996	0.0175897526000000012
7995460000	-0.00362576440000000021	0.0176102272999999997
7995500000	-0.00358287419999999985	0.0176134766000000005
7995540000	-0.00355997349999999987	0.0176239044000000011
7995580000	-0.00351670309999999996	0.0175935249999999987
7995620000	-0.00348858480000000014	0.0176064024999999999
7995660000	-0.00347848050000000011	0.0176224086000000002
7995700000	-0.00344967949999999994	0.0176209091999999998
7995740000	-0.00338234080000000001	0.0175952033000000008
7995780000	-0.00339188759999999988	0.0176079490999999991
7995820000	-0.00334757689999999998	0.0176080945999999988
7995860000	-0.00332769119999999988	0.017629724900000001
7995900000	-0.00330251669999999994	0.0176018709000000002
7995940000	-0.00328998599999999995	0.0176232140999999995
7995980000	-0.0032489210000000001	0.0176101539000000015
7996020000	-0.00325501719999999987	0.0175951794999999987
7996060000	-0.00321681339999999993	0.017576946999999999
7996100000	-0.00322573329999999983	0.0175930218000000006
7996140000	-0.0031936540999999998	0.0175947953000000004
7996180000	-0.00321703089999999994	0.0176046701999999985
7996220000	-0.00317786559999999997	0.0175767772999999988
7996260000	-0.00316830610000000011	0.017565734999999999
7996300000	-0.00313925020000000018	0.0175731954000000017
7996340000	-0.00316900800000000007	0.0175470292999999992
7996380000	-0.00316121950000000001	0.0175627772000000008
7996420000	-0.00316696300000000007	0.0175251265999999996
7996460000	-0.0031402394000000001	0.0175236518999999993
7996500000	-0.00313548530000000002	0.0174970274000000002
7996540000	-0.00314745709999999981	0.0175330559000000004
7996580000	-0.00314883069999999984	0.0175186711999999987
7996620000	-0.00313452940000000018	0.0175153376
7996660000	-0.00310605849999999982	0.0174908894999999988
7996700000	-0.0031251568999999999	0.0175031338999999987
7996740000	-0.00314607489999999988	0.0174797788999999995
7996780000	-0.00315402670000000012	0.0174940867000000014
7996820000	-0.00316185700000000012	0.0174570261999999997
7996860000	-0.00315122850000000001	0.0174539307999999997
7996900000	-0.00315239809999999987	0.0174573368999999985
7996940000	-0.00318393829999999997	0.0174453104000000005
7996980000	-0.00318318710000000012	0.0174141664000000002
7997020000	-0.00318845490000000016	0.0174148442000000014
7997060000	-0.00319703569999999979	0.0174098739999999988
7997100000	-0.00321120379999999999	0.017408862399999999
7997140000	-0.00321442700000000017	0.0173960823000000007
7997180000	-0.00323181200000000014	0.0173826293999999985
7997220000	-0.00322419219999999992	0.0173867049999999988
7997260000	-0.0032451546999999999	0.0174019429999999996
7997300000	-0.00325572020000000021	0.0173693665999999983
7997340000	-0.00328355900000000013	0.0173599216999999993
7997380000	-0.00330162019999999997	0.0173340131000000001
7997420000	-0.00331015300000000014	0.0173449440999999989
7997460000	-0.00330862329999999979	0.0173244052000000003
7997500000	-0.00334111050000000017	0.0173156091999999984
7997540000	-0.00336005029999999994	0.0173189709000000011
7997580000	-0.00336369869999999984	0.017309642699999999
7997620000	-0.00339117600000000009	0.0172736734999999995
7997660000	-0.00340060909999999978	0.0172801900000000008
7997700000	-0.00340935840000000006	0.0172732466000000001
7997740000	-0.00343519480000000019	0.0172787119000000003
7997780000	-0.00345546760000000003	0.0172525489000000011
7997820000	-0.0034758482000000002	0.0172445024000000002
7997860000	-0.00348640460000000001	0.0172278668999999995
7997900000	-0.00352290370000000021	0.0172229934999999987
7997940000	-0.00353238160000000001	0.0171944113000000003
7997980000	-0.00355611979999999979	0.0171899265999999988
7998020000	-0.00361146109999999987	0.0171920997999999992
7998060000	-0.00359801569999999979	0.0171795323999999992
7998100000	-0.00361695269999999991	0.0171804475999999991
7998140000	-0.00362920190000000017	0.0171577384000000006
7998180000	-0.0036471711999999999	0.0171533250000000005
7998220000	-0.00367333730000000015	0.0171447264999999988
7998260000	-0.00369543619999999993	0.0171238558999999985
7998300000	-0.00371184039999999981	0.0171299112000000003
7998340000	-0.00375714540000000007	0.0171008991999999985
7998380000	-0.0037736973	0.0170806606999999999
7998420000	-0.0038018431000000001	0.0170702317000000006
7998460000	-0.00382274110000000019	0.0170638736999999992
7998500000	-0.0038597821	0.0170696879999999995
7998540000	-0.00388220699999999993	0.0170333171999999984
7998580000	-0.00390930020000000017	0.0170384287000000002
7998620000	-0.00391517880000000033	0.0170196630000000008
7998660000	-0.00395980020000000037	0.0170215137000000009
7998700000	-0.00397170459999999972	0.0170276325999999985
7998740000	-0.00400100469999999965	0.0169668822999999996
7998780000	-0.00402410479999999997	0.0169946461
7998820000	-0.00404641180000000003	0.0169795790000000016
7998860000	-0.00406763470000000033	0.016936239799999999
7998900000	-0.00411858970000000043	0.0169510361999999984
7998940000	-0.00414777040000000041	0.0169505035999999998
7998980000	-0.00415790640000000041	0.0169224671000000014
7999020000	-0.00418530749999999983	0.0169144287000000011
7999060000	-0.00422027789999999958	0.0169161407999999999
7999100000	-0.00426350620000000031	0.0169060683000000003
7999140000	-0.00425041640000000005	0.0169057659000000013
7999180000	-0.00427631959999999998	0.0168759934000000007
7999220000	-0.00431134319999999967	0.0168594523999999989
7999260000	-0.00435912709999999957	0.0168302999000000016
7999300000	-0.00437427790000000007	0.0168435340000000003
7999340000	-0.0044183800000000004	0.0168338232999999983
7999380000	-0.00446218729999999994	0.0168063658000000005
7999420000	-0.00445725440000000004	0.0167943413000000014
7999460000	-0.00448177130000000038	0.0167781479999999997
7999500000	-0.0045202730999999996	0.0167766503000000011
7999540000	-0.00455968710000000024	0.0167503477000000012
7999580000	-0.00460099670000000023	0.0167592191000000001
7999620000	-0.0046080794000000003	0.0167349666000000015
7999660000	-0.00464832399999999969	0.0167202865000000006
7999700000	-0.00469329809999999986	0.0167098702999999987
7999740000	-0.00471687570000000039	0.016690660999999999
7999780000	-0.00474585619999999975	0.0166812609999999993
7999820000	-0.00478391790000000025	0.0166806294000000008
7999860000	-0.00480253300000000032	0.0166458529000000008
7999900000	-0.00484171990000000028	0.0166530437000000017
7999940000	-0.00486171970000000026	0.0166361097999999999
7999980000	-0.00491678979999999981	0.0166183357000000004
8000020000	-0.00493405059999999993	0.0166141108000000016
8000060000	-0.00495415069999999985	0.0166170575999999987
8000100000	-0.00500530369999999981	0.0165850532999999994
8000140000	-0.00503211390000000026	0.016580019599999999
8000180000	-0.00506862749999999977	0.0165723551999999996
8000220000	-0.00507824070000000016	0.0165467424000000016
8000260000	-0.00513502999999999963	0.0165129816999999984
8000300000	-0.00516078060000000043	0.0165184248999999984
8000340000	-0.0051752285000000002	0.0164982311
8000380000	-0.00521558190000000026	0.0164818930999999988
8000420000	-0.00525030899999999988	0.0164563970999999989
8000460000	-0.00527924939999999988	0.0164485181000000001
8000500000	-0.00530895270000000027	0.0164442797999999994
8000540000	-0.00535523750000000028	0.0164341076999999988
8000580000	-0.00538663779999999995	0.0164080243000000008
8000620000	-0.00540365680000000001	0.0164309919000000006
8000660000	-0.00541849349999999966	0.0164144948999999998
8000700000	-0.00547072150000000017	0.0163699554999999983
8000740000	-0.00550553299999999995	0.0163537812000000005
8000780000	-0.00556203120000000033	0.0163403215000000011
8000820000	-0.00559617549999999984	0.0163354365999999994
8000860000	-0.00560121259999999972	0.016323850899999999
8000900000	-0.00565848689999999977	0.0162683607999999993
8000940000	-0.00568272799999999974	0.0162864534999999991
8000980000	-0.00572266679999999979	0.0162541718000000016
8001020000	-0.00572481960000000012	0.0162726421999999996
8001060000	-0.00577745609999999986	0.016260265900000001
8001100000	-0.00580324099999999978	0.0162166140000000007
8001140000	-0.00583110869999999958	0.0162308526999999994
8001180000	-0.00586628970000000003	0.0162025768000000001
8001220000	-0.00591054010000000019	0.016190256699999999
8001260000	-0.00591689529999999981	0.0161809857999999987
8001300000	-0.0059786205000000002	0.0161535710999999998
8001340000	-0.00600255470000000003	0.0161472715999999988
8001380000	-0.00604216859999999988	0.0161289231999999991
8001420000	-0.00608499220000000007	0.0160856607000000006
8001460000	-0.00610418499999999982	0.0160986206999999999
8001500000	-0.00613419119999999984	0.0160787447000000014
8001540000	-0.00616526160000000021	0.0160564343999999998
8001580000	-0.00622467490000000023	0.0160340295000000015
8001620000	-0.00627683180000000035	0.0160065206999999987
8001660000	-0.00629125170000000011	0.0160045312000000016
8001700000	-0.00632232809999999992	0.0160193573999999998
8001740000	-0.00637060259999999972	0.0159813827000000012
8001780000	-0.00640449570000000031	0.0159767313999999994
8001820000	-0.00641470089999999962	0.0159733788000000002
8001860000	-0.00645727670000000031	0.0159343781000000004
8001900000	-0.00649310970000000019	0.0159086797999999988
8001940000	-0.00653032199999999986	0.0158900428000000003
8001980000	-0.00655017489999999963	0.015884181800000001
8002020000	-0.00660634640000000006	0.0158644302999999993
8002060000	-0.00663539739999999961	0.0158460519999999994
8002100000	-0.00666394469999999958	0.0158228756000000012
8002140000	-0.00669791830000000029	0.0158069397999999993
8002180000	-0.00675238570000000031	0.0157822814000000006
8002220000	-0.00676621759999999992	0.0157517682999999999
8002260000	-0.00679875610000000002	0.0157398433999999983
8002300000	-0.00685230819999999973	0.015734300100000001
8002340000	-0.00688820290000000026	0.0157388837000000011
8002380000	-0.00691182699999999973	0.0157143726999999997
8002420000	-0.00694203020000000014	0.0156840955999999997
8002460000	-0.00698093059999999998	0.0156695042
8002500000	-0.00703712089999999988	0.0156427529999999988
8002540000	-0.00705799970000000037	0.0156446709999999989
8002580000	-0.00708074599999999974	0.0156195420000000001
8002620000	-0.00711245590000000004	0.0156137662000000003
8002660000	-0.00716582860000000016	0.0155565150999999995
8002700000	-0.00720891849999999966	0.0155664655999999992
8002740000	-0.00721489939999999958	0.0155326117000000007
8002780000	-0.00728398299999999995	0.0155313837999999996
8002820000	-0.00728537359999999971	0.0155022195000000008
8002860000	-0.00732593290000000015	0.0154959700999999991
8002900000	-0.00737342029999999999	0.0154640390000000006
8002940000	-0.00741854980000000025	0.0154414313000000008
8002980000	-0.00742804390000000037	0.0154274227000000003
8003020000	-0.00746725270000000042	0.0153986937000000004
8003060000	-0.00751706779999999995	0.0153921722
8003100000	-0.00755131899999999991	0.0153729751999999997
8003140000	-0.00757524579999999982	0.0153617005000000004
8003180000	-0.00762114159999999988	0.0153385980999999998
8003220000	-0.00765599779999999973	0.0153063774999999992
8003260000	-0.00767698829999999971	0.0153031876000000004
8003300000	-0.00770661300000000018	0.0152744387999999998
8003340000	-0.00775160820000000018	0.0152415973999999992
8003380000	-0.00780202250000000021	0.0152576306000000005
8003420000	-0.00782718370000000038	0.0152049268000000008
8003460000	-0.00784640089999999978	0.0152057230000000008
8003500000	-0.00789611620000000083	0.0151832185999999994
8003540000	-0.00792241360000000075	0.0151793599999999994
8003580000	-0.00794980409999999915	0.0151526023999999995
8003620000	-0.00800030629999999923	0.0151404337000000007
8003660000	-0.00803398320000000069	0.0150949742999999994
8003700000	-0.00806111540000000078	0.0151183420999999995
8003740000	-0.00810167439999999982	0.0150509744999999997
8003780000	-0.00813396670000000009	0.0150244635999999994
8003820000	-0.00817920479999999922	0.0150215195000000003
8003860000	-0.00818796729999999966	0.0149977090999999993
8003900000	-0.00824714300000000018	0.0149806930999999994
8003940000	-0.00827877630000000038	0.0149500667000000004
8003980000	-0.00831994230000000085	0.0149064773999999997
8004020000	-0.00835034190000000058	0.0149293065999999992
8004060000	-0.00838771779999999967	0.0148856651000000006
8004100000	-0.00841541519999999994	0.0148676334
8004140000	-0.00845344479999999947	0.0148549921000000005
8004180000	-0.00848594350000000074	0.0147931555999999999
8004220000	-0.00851412110000000083	0.0148268376
8004260000	-0.00855266359999999962	0.0148032266999999999
8004300000	-0.00858535810000000087	0.0147835886999999992
8004340000	-0.00861578550000000054	0.0147585901999999995
8004380000	-0.0086532073999999997	0.0147004531000000001
8004420000	-0.00869412909999999969	0.0147251654000000003
8004460000	-0.00873151599999999993	0.0146898665000000008
8004500000	-0.00877120059999999917	0.0146510497
8004540000	-0.00879638160000000002	0.0146633466999999997
8004580000	-0.00881775530000000057	0.0146309716000000006
8004620000	-0.0088658943999999993	0.0145937675999999999
8004660000	-0.00889876380000000078	0.0145804890999999999
8004700000	-0.00892526199999999978	0.0145407395000000002
8004740000	-0.00896932580000000049	0.0145532189999999992
8004780000	-0.00900604330000000057	0.0145311403000000002
8004820000	-0.00904555989999999976	0.0144718859000000002
8004860000	-0.00906069760000000057	0.0144640558000000002
8004900000	-0.00910380570000000021	0.0144424212999999992
8004940000	-0.00914338580000000067	0.0144028516000000006
8004980000	-0.00919189010000000077	0.0143985576000000004
8005020000	-0.0092034445999999992	0.0143722780000000005
8005060000	-0.00923771250000000009	0.0143357524000000004
8005100000	-0.00928056049999999993	0.0143216838000000003
8005140000	-0.00930952940000000055	0.0143080993
8005180000	-0.00934547439999999958	0.0142817761000000008
8005220000	-0.00937329360000000063	0.0142697024000000006
8005260000	-0.00943376310000000086	0.0142199227000000001
8005300000	-0.00944691869999999927	0.0141952820999999996
8005340000	-0.00948426439999999933	0.0142072540000000008
8005380000	-0.00951370600000000025	0.0141591235000000006
8005420000	-0.00955499559999999949	0.0141277417999999995
8005460000	-0.00959295980000000013	0.0141126858999999997
8005500000	-0.00960946690000000041	0.0140853793000000008
8005540000	-0.00966468090000000002	0.0140544750999999999
8005580000	-0.00967859769999999953	0.0140511223999999994
8005620000	-0.00972654010000000013	0.0140000164000000007
8005660000	-0.00974194750000000054	0.0139872834999999994
8005700000	-0.00980272700000000066	0.0139694892000000008
8005740000	-0.00981936259999999922	0.0139346474999999994
8005780000	-0.00985476079999999914	0.0138981577000000002
8005820000	-0.00987590820000000015	0.0138953307999999994
8005860000	-0.00991943170000000006	0.0138795198999999998
8005900000	-0.00993578659999999961	0.0138366618000000004
8005940000	-0.00998912270000000026	0.0138116382999999999
8005980000	-0.0100276068999999995	0.0138264491000000007
8006020000	-0.0100523256999999998	0.0137807981
8006060000	-0.0100966718	0.0137470552999999999
8006100000	-0.0101008347000000002	0.0137192115999999996
8006140000	-0.0101654011000000006	0.0136986426999999994
8006180000	-0.0101981993000000003	0.0136733207999999995
8006220000	-0.0102070879	0.0136401924000000008
8006260000	-0.0102543132000000002	0.0136293631999999994
8006300000	-0.0102824743000000003	0.0135892458000000001
8006340000	-0.0103362743999999996	0.0135758626000000004
8006380000	-0.0103466389999999995	0.0135420576000000008
8006420000	-0.0103729523999999997	0.0135210091000000001
8006460000	-0.0104147483999999999	0.0134938055000000008
8006500000	-0.0104515006000000001	0.0134583917000000008
8006540000	-0.0104905815999999999	0.0134131878999999999
8006580000	-0.0105150273999999998	0.0134279832000000002
8006620000	-0.0105542507999999997	0.0133600526000000001
8006660000	-0.0105856105000000002	0.0133714317000000003
8006700000	-0.0106048871999999995	0.0133408856999999992
8006740000	-0.0106397591	0.0133414598000000002
8006780000	-0.0106992670000000002	0.0132962098999999997
8006820000	-0.0107086462999999993	0.0132789676999999998
8006860000	-0.0107536577000000005	0.0132288990000000006
8006900000	-0.0107764651999999999	0.0132072227999999996
8006940000	-0.0108067744999999996	0.0131475488000000005
8006980000	-0.0108385696000000004	0.0131371942000000005
8007020000	-0.0108469255000000001	0.0131351525000000004
8007060000	-0.0108946709000000003	0.0130920403999999994
8007100000	-0.0109385112000000007	0.0130472988000000008
8007140000	-0.0109739216000000004	0.0130211117000000008
8007180000	-0.0110099386999999993	0.0130068157000000004
8007220000	-0.0110188047000000008	0.0129880119000000006
8007260000	-0.0110974041999999991	0.0129683109999999997
8007300000	-0.0110883638000000007	0.0129422213000000008
8007340000	-0.0111291179000000007	0.0128880149999999992
8007380000	-0.0111632555000000001	0.0128767395999999992
8007420000	-0.0111867899000000007	0.0128475238999999995
8007460000	-0.0112182464999999992	0.0127896452999999993
8007500000	-0.0112604968000000003	0.0127733107000000002
8007540000	-0.0112621943000000002	0.0127315645000000005
8007580000	-0.0113120645999999995	0.0127140454000000003
8007620000	-0.0113627079999999991	0.0126977149000000004
8007660000	-0.0113602663999999992	0.0126713906000000005
8007700000	-0.0113883314999999995	0.0126435667000000009
8007740000	-0.0114272731999999991	0.0126002344999999998
8007780000	-0.0114749385999999998	0.0125772985000000004
8007820000	-0.0114941092999999994	0.0125607015999999998
8007860000	-0.0115214072999999997	0.0125408845999999997
8007900000	-0.0115547403999999992	0.0124797403999999997
8007940000	-0.0115921276999999996	0.0124783424
8007980000	-0.0116095	0.0124266298000000001
8008020000	-0.0116518851000000003	0.0124275008999999992
8008060000	-0.0116902246999999997	0.0123804441000000005
8008100000	-0.0117278007000000007	0.0123521328000000003
8008140000	-0.0117323176999999997	0.0123372447999999992
8008180000	-0.0117646026999999997	0.0122799290999999998
8008220000	-0.0117949365000000004	0.0122663580999999994
8008260000	-0.0118387504000000005	0.0122098155000000003
8008300000	-0.0118568536999999995	0.0122055818999999999
8008340000	-0.0119120334000000008	0.0121885684000000005
8008380000	-0.0119197869999999994	0.0121524119
8008420000	-0.0119608697999999992	0.0121120962000000002
8008460000	-0.0119649004000000007	0.0120764888000000001
8008500000	-0.0120065320000000003	0.0120563810999999993
8008540000	-0.0120432212000000007	0.0120371878999999994
8008580000	-0.0120701073000000006	0.0119847093000000002
8008620000	-0.0121124571999999993	0.0119674424999999997
8008660000	-0.0121077492999999998	0.0119440576999999999
8008700000	-0.0121644422000000002	0.0119227928999999996
8008740000	-0.0122020966999999998	0.0118744760000000001
8008780000	-0.0122137324999999995	0.0118584391999999993
8008820000	-0.0122296817999999995	0.0118235757
8008860000	-0.0122868384999999993	0.0117818369999999999
8008900000	-0.0123028502999999994	0.0117499482000000006
8008940000	-0.0123400790999999999	0.0117395482999999995
8008980000	-0.0123850396999999994	0.0116789379000000002
8009020000	-0.0123923706000000008	0.0116579100000000005
8009060000	-0.0124090232000000009	0.0116545298000000006
8009100000	-0.0124553132	0.0116149289999999995
8009140000	-0.0125070353999999998	0.0115444646000000001
8009180000	-0.0125230303999999994	0.0115213027999999992
8009220000	-0.0125273720999999998	0.0114942572
8009260000	-0.0125491603000000007	0.0114772550000000004
8009300000	-0.0126223127000000008	0.0114393450999999997
8009340000	-0.0126113007999999992	0.0114182937000000002
8009380000	-0.0126464737000000008	0.0113677495999999992
8009420000	-0.0126713984000000005	0.0113579288
8009460000	-0.0127135106000000001	0.0113043147
8009500000	-0.0127099350999999999	0.0112739528000000006
8009540000	-0.0127590703999999992	0.0112435112000000004
8009580000	-0.0127945487	0.0112203101999999999
8009620000	-0.0127974848999999995	0.0112035855999999996
8009660000	-0.0128870271999999998	0.0111553200999999994
8009700000	-0.0128781053999999992	0.0111431427000000006
8009740000	-0.0129154794000000007	0.0110771215999999999
8009780000	-0.0129359389000000009	0.0110500357000000004
8009820000	-0.0129633283999999998	0.0110070697000000002
8009860000	-0.0129973180000000008	0.0110140845000000001
8009900000	-0.0130300337000000006	0.0109547384000000005
8009940000	-0.0130587511	0.0109261044000000009
8009980000	-0.0130839835000000002	0.0108993764000000007
8010020000	-0.0130829199999999996	0.0108821170999999998
8010060000	-0.0131233228999999996	0.0108303053000000007
8010100000	-0.0131686479000000002	0.0108151513000000008
8010140000	-0.0131798605999999992	0.0107671255000000004
8010180000	-0.0132054678000000005	0.0107528806000000005
8010220000	-0.0132381922000000003	0.0107076702999999995
8010260000	-0.013240524	0.0106730804999999995
8010300000	-0.0132816150999999997	0.0106388831999999992
8010340000	-0.0133080724000000008	0.0106044445000000008
8010380000	-0.0133317647000000001	0.0105810426999999995
8010420000	-0.0133761092999999994	0.0105259464999999993
8010460000	-0.0134050985000000004	0.0105140796000000002
8010500000	-0.0134085908999999996	0.0104612501999999993
8010540000	-0.0134201123000000002	0.0104517410000000005
8010580000	-0.0134738550999999995	0.0103960735999999998
8010620000	-0.0135024829999999992	0.0103814166999999999
8010660000	-0.0135333945000000004	0.0103331898999999994
8010700000	-0.0135512856000000008	0.0103169417999999999
8010740000	-0.0135588633999999993	0.0102424852999999996
8010780000	-0.0135889845999999995	0.0102420819999999996
8010820000	-0.0136065908999999999	0.0102117700000000002
8010860000	-0.0136477340999999995	0.0101531916999999996
8010900000	-0.0136982757999999996	0.0101313832999999996
8010940000	-0.0137183749999999997	0.0101026792000000008
8010980000	-0.0137186585999999992	0.0100771579999999993
8011020000	-0.0137264467000000005	0.0100087088000000001
8011060000	-0.0137725512000000001	0.010014729
8011100000	-0.0138048574000000004	0.00996306219999999916
8011140000	-0.0138078488999999992	0.00994752190000000071
8011180000	-0.0138381250999999993	0.00989068589999999963
8011220000	-0.0138749052000000008	0.00987450850000000033
8011260000	-0.0138815619000000005	0.00984305390000000079
8011300000	-0.0139202117000000007	0.00978655800000000076
8011340000	-0.0139278705999999995	0.00975984140000000014
8011380000	-0.0139847084999999999	0.0097299728999999998
8011420000	-0.0140057483000000007	0.0096740986999999997
8011460000	-0.0140183910999999994	0.00966680269999999932
8011500000	-0.0140601270000000004	0.00962808910000000073
8011540000	-0.0140446717000000006	0.00960543519999999991
8011580000	-0.0140951730000000008	0.00957232790000000014
8011620000	-0.0141036077999999992	0.0094966717000000006
8011660000	-0.0141560295999999999	0.00949837060000000011
8011700000	-0.0141548066999999996	0.00944265520000000039
8011740000	-0.0141772553000000003	0.00942706050000000073
8011780000	-0.0141983361999999998	0.00936216670000000056
8011820000	-0.0142401860000000002	0.0093190371999999997
8011860000	-0.0142479873000000007	0.00931842140000000048
8011900000	-0.0142748521000000007	0.00925409609999999945
8011940000	-0.0142897723999999993	0.00923755339999999918
8011980000	-0.0143308692000000005	0.00921370969999999942
8012020000	-0.0143439840000000006	0.00915731160000000065
8012060000	-0.0143706489999999992	0.00914017649999999959
8012100000	-0.0143753605999999996	0.00908765360000000043
8012140000	-0.0144015684999999997	0.00903197719999999926
8012180000	-0.0144230621	0.00899571509999999921
8012220000	-0.0144621956999999995	0.00897475829999999988
8012260000	-0.0144720761999999996	0.00893595670000000078
8012300000	-0.0144976298999999996	0.0089108846000000002
