5838000000	0.00358836530000000015	-0.0224776452000000002
5838300000	0.00384311899999999988	-0.0225230972999999994
5838600000	0.00420946259999999996	-0.0224850920999999995
5838900000	0.00461659150000000035	-0.0224165241999999994
5839200000	0.00502189029999999988	-0.0223077089000000006
5839500000	0.00545651050000000009	-0.0222260825999999988
5839800000	0.00589305729999999982	-0.0221020621
5840100000	0.00631557169999999966	-0.0220019579000000007
5840400000	0.00674486699999999988	-0.0218445560999999989
5840700000	0.00716862460000000038	-0.0217143781000000008
5841000000	0.00760835710000000009	-0.0215425524999999993
5841300000	0.00803198370000000016	-0.0214062349000000013
5841600000	0.00848289670000000086	-0.0212291460000000008
5841900000	0.00886445609999999933	-0.0210586078000000003
5842200000	0.00930165500000000069	-0.020857424900000001
5842500000	0.00969218640000000034	-0.0206536091999999991
5842800000	0.0101115814999999994	-0.0204398307999999994
5843100000	0.0105156187999999994	-0.0202307226999999985
5843400000	0.0109141871000000001	-0.0200363521000000017
5843700000	0.0113064870000000005	-0.0197961655999999986
5844000000	0.0117033542999999997	-0.0195403081000000006
5844300000	0.0121088576	-0.0193178160000000015
5844600000	0.0124824345000000003	-0.0190686686000000015
5844900000	0.0128353563999999993	-0.0188063961000000009
5845200000	0.0132151668000000007	-0.0185550591000000001
5845500000	0.0135998384999999992	-0.018289125199999999
5845800000	0.0139576664000000007	-0.0180104064000000015
5846100000	0.0142981701999999999	-0.0176973659999999991
5846400000	0.0146466396000000006	-0.0174087823000000017
5846700000	0.0149763685999999997	-0.0171164195999999984
5847000000	0.0153176154999999994	-0.0168052971000000016
5847300000	0.0156510529000000002	-0.0165089352999999994
5847600000	0.0159618498000000004	-0.0161671359000000008
5847900000	0.0162800687000000006	-0.0158594721999999987
5848200000	0.0165996004999999988	-0.0155377951999999993
5848500000	0.0169059989000000001	-0.0151816768000000001
5848800000	0.0171879384999999996	-0.0148274610999999997
5849100000	0.0175021739999999988	-0.0144684363
5849400000	0.0177370105999999986	-0.0141390562999999993
5849700000	0.0180379272000000014	-0.0137856945000000009
5850000000	0.0183026932999999989	-0.0134033113999999995
5850300000	0.0185514297000000002	-0.0130592117999999997
5850600000	0.0188124225999999999	-0.0126838704
5850900000	0.0190455853000000008	-0.0122914974999999999
5851200000	0.0192851801000000003	-0.0118979827999999999
5851500000	0.0195031810000000014	-0.0115200504000000006
5851800000	0.0197010737999999998	-0.0111048841999999998
5852100000	0.0198979212000000016	-0.0107393577000000004
5852400000	0.0201124573000000008	-0.0103107727999999996
5852700000	0.020305355399999999	-0.0099005477999999994
5853000000	0.0204832583000000013	-0.00948068969999999941
5853300000	0.0206710574999999994	-0.00907670130000000006
5853600000	0.0208374529999999988	-0.00864301389999999961
5853900000	0.0209885808	-0.0082314507000000002
5854200000	0.0211331199000000004	-0.00779019429999999995
5854500000	0.0212839475000000007	-0.00737704079999999991
5854800000	0.0213935152999999989	-0.00695256899999999959
5855100000	0.0215192293999999992	-0.00652725029999999973
5855400000	0.0216395737000000012	-0.00610567960000000035
5855700000	0.0217430013999999998	-0.00565966839999999978
5856000000	0.0218190327999999989	-0.00522709549999999992
5856300000	0.0219229966999999991	-0.00476438399999999998
5856600000	0.0219856166000000006	-0.00436439320000000033
5856900000	0.0220455573999999987	-0.00389732740000000005
5857200000	0.022107092200000001	-0.00345646890000000017
5857500000	0.0221295409999999991	-0.00298997299999999994
5857800000	0.022159743400000001	-0.00254212880000000011
5858100000	0.0221751690999999994	-0.00208160080000000013
5858400000	0.0222074534000000004	-0.00163949249999999994
5858700000	0.0222363453999999995	-0.00118368149999999997
5859000000	0.0222066170999999993	-0.000741032999999999991
5859300000	0.0222049724999999996	-0.000305132599999999993
5859600000	0.0221606797000000015	0.000153439899999999988
5859900000	0.0221495012999999991	0.000593806
5860200000	0.0221103739000000007	0.00104887899999999996
5860500000	0.0220546990000000005	0.0015281654999999999
5860800000	0.0219796233000000008	0.00198169790000000002
5861100000	0.0219126403000000011	0.00243520689999999996
5861400000	0.0218622621999999996	0.00286724069999999987
5861700000	0.0217650188000000008	0.00332213660000000004
5862000000	0.0216882881000000013	0.00378995279999999992
5862300000	0.0215792671000000005	0.00421945169999999974
5862600000	0.0214821411000000011	0.00469904860000000014
5862900000	0.0213378336000000016	0.00513902560000000039
5863200000	0.0212671086000000009	0.00555886680000000025
5863500000	0.0211043867999999996	0.00599087660000000022
5863800000	0.0209780209000000016	0.00640984340000000027
5864100000	0.0208317563000000004	0.00686110450000000042
5864400000	0.0206845428999999983	0.00727610929999999989
5864700000	0.0205102051000000014	0.00769531399999999997
5865000000	0.0203400317000000004	0.00811621589999999941
5865300000	0.0201750691999999995	0.00855088290000000084
5865600000	0.0199562944999999992	0.0089596966000000007
5865900000	0.0197655709999999991	0.00936870509999999934
5866200000	0.0195589554999999991	0.00979169489999999997
5866500000	0.0193414506999999986	0.0101853692000000006
5866800000	0.0191284912000000001	0.0105955048000000007
5867100000	0.0188849653999999985	0.0109853802000000004
5867400000	0.018674089599999999	0.0113970558999999996
5867700000	0.0184588062999999983	0.0117716394000000005
5868000000	0.0181985090000000016	0.0121254928999999997
5868300000	0.0179633964000000014	0.0124974362999999995
5868600000	0.0176887824999999999	0.0128613161000000007
5868900000	0.0174207093	0.0132431600000000003
5869200000	0.0171492510999999986	0.0135903125
5869500000	0.0168696953999999989	0.0139564701999999995
5869800000	0.0165522653999999984	0.0142879033999999995
5870100000	0.0162962713999999995	0.0146390740000000002
5870400000	0.0159971445000000011	0.0149611045000000008
5870700000	0.0156747030000000016	0.0153003297999999999
5871000000	0.0153671061999999994	0.0156019288999999992
5871300000	0.0150778955000000006	0.0158970660999999992
5871600000	0.0147279397999999992	0.0162098721000000015
5871900000	0.0144090639999999992	0.0165030892999999991
5872200000	0.0140632914000000005	0.0168090372999999994
5872500000	0.0137486992000000006	0.0170782208999999997
5872800000	0.0134171236000000006	0.0173479476000000001
5873100000	0.0130486555000000008	0.017616007999999999
5873400000	0.0127160411000000004	0.0178634743999999991
5873700000	0.0123458822999999995	0.0181136528999999991
5874000000	0.0119824541999999992	0.0183739885999999984
5874300000	0.0116270268000000006	0.0185859231999999999
5874600000	0.0112533040000000004	0.0188121927999999987
5874900000	0.0108542273999999994	0.0190073634999999991
5875200000	0.0104743600999999999	0.019225444500000001
5875500000	0.0100868814000000008	0.019402742399999999
5875800000	0.00974725419999999954	0.0196076706999999996
5876100000	0.00930971249999999924	0.0197903788000000011
5876400000	0.00894210919999999937	0.0199776654000000005
5876700000	0.00854601450000000082	0.020108631200000001
5877000000	0.00814797880000000044	0.0202620358000000014
5877300000	0.00773415260000000042	0.0203858939000000003
5877600000	0.00732519360000000001	0.0205727155999999994
5877900000	0.00692124440000000014	0.020649546500000001
5878200000	0.00649883660000000023	0.0207780431000000008
5878500000	0.00606492810000000028	0.0208784127000000014
5878800000	0.0056881789999999998	0.0209683901999999991
5879100000	0.00522432930000000031	0.0210428681999999985
5879400000	0.00484206140000000007	0.0211321465999999986
5879700000	0.0044075996999999997	0.0211904254999999986
5880000000	0.00396888780000000021	0.0212498399000000011
5880300000	0.00351683889999999987	0.0213272670000000004
5880600000	0.00312095450000000017	0.0213450877000000011
5880900000	0.00268641220000000007	0.0213806430000000013
5881200000	0.00223128310000000017	0.0214410670000000012
5881500000	0.00178969060000000002	0.0214378225999999998
5881800000	0.00139453689999999991	0.0214433213999999997
5882100000	0.000929940599999999964	0.0214361515000000002
5882400000	0.000506788899999999968	0.0214446020000000001
5882700000	5.07027999999999984e-05	0.0214030576999999986
5883000000	-0.000360737199999999986	0.0213979686000000009
5883300000	-0.000814230599999999976	0.0213147513000000004
5883600000	-0.00124355230000000008	0.0212935469999999995
5883900000	-0.0016696088	0.0212439723000000004
5884200000	-0.00211380149999999996	0.0211894348000000003
5884500000	-0.00256082469999999998	0.0211003797999999992
5884800000	-0.00298789420000000012	0.0209970316999999983
5885100000	-0.00344553540000000014	0.0209427602999999983
5885400000	-0.00385723299999999984	0.0208417429000000015
5885700000	-0.00426769370000000016	0.0207264415000000014
5886000000	-0.00470924930000000009	0.0206256995999999984
5886300000	-0.00514555759999999959	0.0204850334000000016
5886600000	-0.00558342610000000031	0.0203621826000000006
5886900000	-0.00600482350000000002	0.0202292297000000003
5887200000	-0.00642724790000000039	0.0200764434999999991
5887500000	-0.00683140109999999957	0.0199253206000000009
5887800000	-0.00723737849999999978	0.0197306941999999992
5888100000	-0.00764023220000000034	0.0196056258999999997
5888400000	-0.00804292420000000084	0.0194231519000000012
5888700000	-0.00846916560000000006	0.0192158849999999985
5889000000	-0.00888381849999999966	0.0190355286999999984
5889300000	-0.00924756579999999953	0.0188517680999999993
5889600000	-0.00966149390000000004	0.018627280999999999
5889900000	-0.0100206606	0.0184045268999999991
5890200000	-0.0104298745999999998	0.0182166677999999992
5890500000	-0.0107790326000000002	0.017971033899999999
5890800000	-0.0111738045000000005	0.0177256094000000017
5891100000	-0.0115284536999999999	0.0174932777000000005
5891400000	-0.0118913331999999997	0.0172465816999999993
5891700000	-0.0122721975000000001	0.0169821949999999985
5892000000	-0.0126007898999999993	0.0167466122000000002
5892300000	-0.0129452655000000007	0.0164462881000000012
5892600000	-0.0133099307	0.0161944803999999991
5892900000	-0.0136246474000000003	0.0158858748999999994
5893200000	-0.0139669161000000007	0.0156178529999999993
5893500000	-0.0142867553000000005	0.0153615447999999998
5893800000	-0.0145825450000000006	0.0150336438999999992
5894100000	-0.0148900180999999993	0.0147400021999999995
5894400000	-0.0151835193999999996	0.0144232903000000006
5894700000	-0.0154796359000000001	0.0141096520999999999
5895000000	-0.0157746464000000017	0.0137945436000000005
5895300000	-0.0160832911999999988	0.0134616517000000005
5895600000	-0.0163166533999999988	0.0131289201999999997
5895900000	-0.0165805327000000009	0.0128039448999999993
5896200000	-0.0168352582000000014	0.0124566484000000009
5896500000	-0.0170979698999999992	0.0121014094000000006
5896800000	-0.0173285118999999994	0.0117733638000000005
5897100000	-0.017576968200000001	0.0114254160000000007
5897400000	-0.0177829444000000003	0.0110781161999999999
5897700000	-0.0179857296	0.0107052117999999995
5898000000	-0.0182010540999999991	0.0103326126000000008
5898300000	-0.018410913000000001	0.00998792339999999938
5898600000	-0.0186100330999999994	0.00959725619999999939
5898900000	-0.0188030741000000008	0.00924252639999999931
5899200000	-0.018954066700000001	0.00883220900000000059
5899500000	-0.0191446205999999987	0.00844597969999999997
5899800000	-0.0192936554999999996	0.00804447120000000016
5900100000	-0.0194419946000000017	0.00766879930000000012
5900400000	-0.0196031813999999992	0.00727251570000000003
5900700000	-0.0197236826000000004	0.00687906390000000024
5901000000	-0.0198471781999999992	0.00649674430000000015
5901300000	-0.0199706065000000016	0.00610882970000000032
5901600000	-0.0201019270999999999	0.00567428319999999965
5901900000	-0.0201983662000000015	0.00528605010000000007
5902200000	-0.0202999415999999995	0.00487410099999999961
5902500000	-0.0203639543000000006	0.00447949780000000009
5902800000	-0.0204147886000000008	0.00405028430000000002
5903100000	-0.0204864657000000012	0.00365615200000000019
5903400000	-0.0205462265999999984	0.0032204807000000002
5903700000	-0.0206098603999999991	0.00283217279999999983
5904000000	-0.0206401847000000013	0.00240837690000000014
5904300000	-0.0206560232000000017	0.0019771503000000001
5904600000	-0.0206678738000000001	0.00154845060000000003
5904900000	-0.0207000562999999985	0.00114418130000000008
5905200000	-0.0206769333999999999	0.000734451000000000006
5905500000	-0.0206803423999999993	0.000312633700000000008
5905800000	-0.0206840291999999988	-0.000111462900000000006
5906100000	-0.0206706384	-0.000520081900000000019
5906400000	-0.0206353607999999987	-0.000938418100000000034
5906700000	-0.0205752394000000005	-0.00136251079999999999
5907000000	-0.0205516615999999999	-0.00176112009999999995
5907300000	-0.0204819141999999996	-0.00216362819999999997
5907600000	-0.0204494090000000017	-0.00260091949999999988
5907900000	-0.0203571993	-0.00301230629999999985
5908200000	-0.0202791280000000004	-0.00342498720000000006
5908500000	-0.020182775	-0.00382748950000000006
5908800000	-0.0200802110999999985	-0.00423904200000000016
5909100000	-0.0199938953999999995	-0.00463537010000000024
5909400000	-0.0198862271000000007	-0.00502437130000000023
5909700000	-0.0197401068000000006	-0.00545677770000000013
5910000000	-0.0196073559000000015	-0.00583794860000000013
5910300000	-0.0194835915000000012	-0.00623648439999999974
5910600000	-0.0193330206999999983	-0.00660156410000000034
5910900000	-0.0191698481000000011	-0.00700304449999999967
5911200000	-0.0190320975999999989	-0.00741062239999999966
5911500000	-0.0188424210999999994	-0.00778658039999999968
5911800000	-0.0186975887	-0.00814590299999999948
5912100000	-0.0184770530000000002	-0.00850410769999999927
5912400000	-0.0182801208000000007	-0.00890334909999999924
5912700000	-0.0180991736000000007	-0.00924470900000000026
5913000000	-0.0178983002000000016	-0.00963202900000000029
5913300000	-0.0176915652999999999	-0.00997573669999999961
5913600000	-0.0174605515999999988	-0.0103250680999999993
5913900000	-0.0172402707000000009	-0.0106556015000000004
5914200000	-0.016974349100000001	-0.0110184583000000006
5914500000	-0.0167369857999999996	-0.0113669362000000003
5914800000	-0.0165306463000000001	-0.0117026735
5915100000	-0.0162566984999999997	-0.0120295756999999996
5915400000	-0.0160098715000000016	-0.0123555820000000004
5915700000	-0.0157496501999999997	-0.0126378132000000004
5916000000	-0.0155239446000000007	-0.0129612779000000001
5916300000	-0.0152214611	-0.0132772424
5916600000	-0.0149298537000000005	-0.0135331211
5916900000	-0.0146489328999999998	-0.013843681
5917200000	-0.0143371703999999999	-0.0141124648000000002
5917500000	-0.0140587105	-0.0143746719000000002
5917800000	-0.0137286972000000007	-0.0146401389999999999
5918100000	-0.0134289950000000009	-0.0149239038000000008
5918400000	-0.0131180946999999992	-0.0151551584999999999
5918700000	-0.0127879662000000005	-0.0154267481000000001
5919000000	-0.0124726556999999998	-0.0156405166999999991
5919300000	-0.0121302254999999994	-0.0158825400999999984
5919600000	-0.0117752893000000001	-0.016115888200000001
5919900000	-0.0114486402000000004	-0.0163349924999999993
5920200000	-0.0110946371000000005	-0.0165376307
5920500000	-0.0107587667000000001	-0.0167546629000000016
5920800000	-0.0103973338000000002	-0.0169567197999999988
5921100000	-0.0100441809999999992	-0.0171442989000000004
5921400000	-0.00966487409999999998	-0.0173416813000000017
5921700000	-0.00931049309999999915	-0.0174749909000000009
5922000000	-0.00890767219999999936	-0.0176506287000000005
5922300000	-0.00851638119999999915	-0.0178223674999999984
5922600000	-0.00819367740000000004	-0.0179664538999999984
5922900000	-0.00777985720000000033	-0.018111560799999999
5923200000	-0.00739126489999999969	-0.0182641202999999988
5923500000	-0.00700399470000000017	-0.0183633482999999986
5923800000	-0.00658732439999999957	-0.0184746335000000005
5924100000	-0.00622288340000000037	-0.0185984894000000012
5924400000	-0.00582800820000000004	-0.0187117007000000002
5924700000	-0.00543222479999999966	-0.0187977578999999999
5925000000	-0.00503307799999999986	-0.0188846343999999992
5925300000	-0.00463789539999999965	-0.0189747822999999996
5925600000	-0.00422578870000000009	-0.0190713150999999997
5925900000	-0.00382402069999999983	-0.0191247844999999986
5926200000	-0.00341798409999999981	-0.0191758198000000005
5926500000	-0.00299914509999999997	-0.0192200743999999986
5926800000	-0.0025926867000000001	-0.0192775719999999998
5927100000	-0.00218520719999999984	-0.0192963318000000002
5927400000	-0.00178498460000000008	-0.0193295134999999993
5927700000	-0.00136902500000000006	-0.0193445884999999991
5928000000	-0.000975232600000000018	-0.0193627084000000012
5928300000	-0.000555223200000000048	-0.0193489082000000007
5928600000	-0.000139166199999999989	-0.0193752535999999996
5928900000	0.000248807300000000026	-0.019357583099999999
5929200000	0.000664342999999999965	-0.0193541805999999997
5929500000	0.00105209570000000009	-0.0193073815999999995
5929800000	0.00146459369999999995	-0.0192664129999999996
5930100000	0.00187088189999999989	-0.0192167770000000009
5930400000	0.00228096470000000015	-0.0191775419999999988
5930700000	0.00266111769999999997	-0.0191248861999999999
5931000000	0.00307873069999999981	-0.0190592433000000006
5931300000	0.0034459988999999999	-0.018968003399999999
5931600000	0.00385980739999999996	-0.0188834319000000007
5931900000	0.0042275066	-0.0187883650999999992
5932200000	0.00462480670000000021	-0.0187073212999999995
5932500000	0.00500965410000000014	-0.0185861748999999986
5932800000	0.0054100531000000002	-0.0184852146000000009
5933100000	0.00575360460000000004	-0.0183779524999999992
5933400000	0.00615048239999999979	-0.0182590210000000003
5933700000	0.00653252569999999977	-0.0181228138999999996
5934000000	0.00688931780000000011	-0.0179660194999999995
5934300000	0.00724739000000000026	-0.0178181263999999985
5934600000	0.00761560049999999988	-0.0176692832000000001
5934900000	0.00799634699999999914	-0.0174978463000000015
5935200000	0.00834690060000000018	-0.0173114312000000013
5935500000	0.00871394470000000018	-0.0171521601999999988
5935800000	0.00904759999999999939	-0.0169582903999999993
5936100000	0.00939177660000000032	-0.0167922295999999999
5936400000	0.00974408369999999954	-0.0165892836000000009
5936700000	0.0100466731000000004	-0.0163662699000000009
5937000000	0.0103924379000000008	-0.0161698156999999995
5937300000	0.0107004727999999993	-0.0159339616999999989
5937600000	0.0110171040999999994	-0.0157427592000000012
5937900000	0.0113279229000000006	-0.0155139527999999995
5938200000	0.0116173212000000008	-0.0152801262000000007
5938500000	0.0119067774000000005	-0.0150424540000000002
5938800000	0.0122110398000000002	-0.0147775549999999995
5939100000	0.0124960027999999994	-0.0145386584999999992
5939400000	0.0127629977000000006	-0.0142466593000000006
5939700000	0.0130203665	-0.0140015025000000005
5940000000	0.0132982932999999998	-0.0137288805000000003
5940300000	0.0135610560999999998	-0.0134506073000000004
5940600000	0.0138300977999999998	-0.0131637057000000002
5940900000	0.0140747787999999999	-0.0128613114000000004
5941200000	0.0143093166000000001	-0.0125735142999999997
5941500000	0.0145584006999999998	-0.0122604195999999992
5941800000	0.0147961402000000002	-0.0119794138999999994
5942100000	0.0149862397000000008	-0.0116752872000000004
5942400000	0.0152064156000000002	-0.0113380699000000008
5942700000	0.0154319933000000003	-0.0110504135999999996
5943000000	0.0156118453999999993	-0.0107019520000000007
5943300000	0.0158121822000000002	-0.0103755678000000007
5943600000	0.0159774461000000007	-0.0100383296999999993
5943900000	0.0161325481000000014	-0.00971405560000000029
5944200000	0.0163281309999999992	-0.00937573920000000019
5944500000	0.0164755858999999991	-0.00902308599999999961
5944800000	0.0166273070000000009	-0.00868139319999999999
5945100000	0.0167675195000000013	-0.00832669959999999924
5945400000	0.0169276717000000007	-0.00796733590000000061
5945700000	0.0170695276999999999	-0.00761478660000000033
5946000000	0.0171806148999999984	-0.00725145559999999974
5946300000	0.0173009632999999996	-0.00687446059999999998
5946600000	0.0174252451000000003	-0.00650485279999999961
5946900000	0.0175198522000000016	-0.00614216990000000015
5947200000	0.0176153102000000013	-0.00578171089999999967
5947500000	0.0176947618000000001	-0.00540123019999999999
5947800000	0.0177797196999999983	-0.00504547109999999976
5948100000	0.0178624552999999998	-0.00466011639999999987
5948400000	0.0179469072000000007	-0.00427583779999999962
5948700000	0.0179779486999999995	-0.00388977659999999994
5949000000	0.018033589400000001	-0.00354261499999999983
5949300000	0.0180918654999999984	-0.00314485139999999986
5949600000	0.0181005452999999997	-0.00277388499999999981
5949900000	0.0181533988000000014	-0.00239166860000000021
5950200000	0.0181565778000000004	-0.00201111180000000016
5950500000	0.0181938240999999987	-0.00161957529999999994
5950800000	0.0182024328999999992	-0.00123215609999999991
5951100000	0.0181849762999999991	-0.000855477599999999983
5951400000	0.0181859346999999998	-0.000487070900000000019
5951700000	0.0181802289000000013	-0.000103008800000000002
5952000000	0.018160912500000001	0.000279846200000000004
5952300000	0.0181395480999999997	0.000673070100000000039
5952600000	0.0180943184	0.00102997649999999989
5952900000	0.0180465733000000003	0.00141993559999999998
5953200000	0.0179653853000000009	0.00179765729999999992
5953500000	0.0179428564999999998	0.00217822939999999998
5953800000	0.0178505140000000014	0.0025205131999999999
5954100000	0.0177981169999999987	0.00290698579999999979
5954400000	0.0177204969000000004	0.0032774639999999999
5954700000	0.0176419592999999993	0.00363663410000000017
5955000000	0.0175357172999999998	0.00397233090000000035
5955300000	0.0174382205000000005	0.00438827960000000034
5955600000	0.0173490339000000014	0.00473053309999999991
5955900000	0.0172434874000000002	0.00506919669999999958
5956200000	0.0171104580999999999	0.00543704860000000009
5956500000	0.0169601467999999991	0.00575714100000000034
5956800000	0.0168408502000000002	0.00612316450000000012
5957100000	0.0166870112999999987	0.00646262620000000003
5957400000	0.0165482225999999989	0.00677878959999999968
5957700000	0.0164053419999999998	0.00713120990000000021
5958000000	0.0162428956000000013	0.00745722949999999985
5958300000	0.016078923299999999	0.00777326790000000024
5958600000	0.0159195986000000012	0.00806454380000000068
5958900000	0.0157318559000000011	0.00838290170000000057
5959200000	0.0155362694000000003	0.00870484640000000059
5959500000	0.0153338823000000006	0.00900126629999999962
5959800000	0.0151600442000000002	0.0092974048000000007
5960100000	0.0149501010000000004	0.0095758269000000007
5960400000	0.0147686662000000007	0.00987066950000000005
5960700000	0.0145334453999999991	0.0101805570999999994
5961000000	0.0143129315000000007	0.0104327502000000003
5961300000	0.0140998332000000001	0.0107187806
5961600000	0.0138554169000000005	0.0109626442999999994
5961900000	0.0136170449999999995	0.0112040036999999995
5962200000	0.0133825472000000008	0.0114827473000000003
5962500000	0.0131290519000000008	0.0117062851999999995
5962800000	0.0128925224000000001	0.0119731091000000005
5963100000	0.0126302936999999997	0.0121621676000000008
5963400000	0.0123571106000000003	0.0123875493999999996
5963700000	0.0121012835000000006	0.0126318906000000009
5964000000	0.0118359602000000005	0.0128225778999999998
5964300000	0.0115847390000000001	0.0130439431999999998
5964600000	0.0112848413000000009	0.0132426861999999992
5964900000	0.0110245368999999996	0.0134137165000000006
5965200000	0.0107150189999999992	0.0136067315999999997
5965500000	0.0104546366000000009	0.0137981826000000002
5965800000	0.0101336607999999995	0.0139573747000000005
5966100000	0.00982155319999999943	0.0141352523999999993
5966400000	0.00953152409999999915	0.0142666305000000004
5966700000	0.0092494399999999994	0.0144499507000000003
5967000000	0.00895148270000000086	0.0145656892000000007
5967300000	0.0086181312999999999	0.0146958598000000006
5967600000	0.00830488920000000026	0.0148235342000000003
5967900000	0.00801447379999999966	0.0149415942999999996
5968200000	0.00769487850000000022	0.0150599930000000007
5968500000	0.00737368729999999997	0.0151663137999999992
5968800000	0.00704726200000000032	0.0152621244999999999
5969100000	0.00671547009999999989	0.0153406345000000003
5969400000	0.00639543079999999996	0.0154111187000000004
5969700000	0.00608236740000000012	0.0155003173000000001
5970000000	0.00575342099999999988	0.0155469140999999998
5970300000	0.00542647379999999964	0.0156335465000000014
5970600000	0.00508040819999999987	0.0156629219999999993
5970900000	0.00476909560000000031	0.0156985478000000005
5971200000	0.0044447248	0.0157346977000000013
5971500000	0.0041037414000000003	0.0157852622000000005
5971800000	0.0037887566000000001	0.015788749500000001
5972100000	0.00345040809999999989	0.0157852638999999989
5972400000	0.00313377090000000001	0.0157987519999999992
5972700000	0.00280264920000000001	0.0157997103999999999
5973000000	0.00247095749999999992	0.0157879491000000004
5973300000	0.00214043040000000016	0.015736286700000001
5973600000	0.00180637799999999998	0.0157341769000000006
5973900000	0.00147474189999999999	0.0156984007000000002
5974200000	0.00115081959999999996	0.0156439370000000001
5974500000	0.000841684700000000009	0.0155862715000000002
5974800000	0.000550714299999999993	0.0155292270999999992
5975100000	0.000210586399999999993	0.0154670490000000001
5975400000	-0.000118615499999999996	0.0153569989
5975700000	-0.000424556100000000013	0.0152884913999999997
5976000000	-0.000734413500000000012	0.0151899940000000001
5976300000	-0.00103147789999999992	0.0150916473999999998
5976600000	-0.00134222930000000001	0.0149636675999999993
5976900000	-0.00163528200000000005	0.0148350448000000006
5977200000	-0.00194736449999999999	0.0147088652000000007
5977500000	-0.00223869470000000008	0.0146046826000000001
5977800000	-0.0025260313999999999	0.0144334000000000007
5978100000	-0.00280353499999999979	0.0143032880000000008
5978400000	-0.00309874180000000018	0.0141056024999999998
5978700000	-0.00337917739999999984	0.0139534185000000002
5979000000	-0.00365839559999999982	0.0137887940000000001
5979300000	-0.00392508150000000014	0.0135638866999999996
5979600000	-0.00418222480000000028	0.0134058687999999999
5979900000	-0.00445280550000000039	0.0131619615999999991
5980200000	-0.00471444379999999986	0.0129494759999999997
5980500000	-0.00496325719999999963	0.0127166889999999998
5980800000	-0.00520569320000000002	0.0125082354999999992
5981100000	-0.00544512980000000021	0.0122568949000000007
5981400000	-0.00568813119999999998	0.0119860266999999993
5981700000	-0.00592577810000000007	0.0117757463000000007
5982000000	-0.00615280259999999996	0.0115035415000000005
5982300000	-0.0063727352000000001	0.0112117455000000001
5982600000	-0.00659128200000000039	0.0109129034999999996
5982900000	-0.0068135473000000002	0.0106409858000000006
5983200000	-0.00698446010000000009	0.0103339289000000008
5983500000	-0.00720516409999999961	0.0100192171999999996
5983800000	-0.00738841160000000031	0.00969725310000000076
5984100000	-0.00757893820000000041	0.00938350750000000074
5984400000	-0.00776824529999999968	0.00904811779999999989
5984700000	-0.00794845100000000047	0.0086951113000000007
5985000000	-0.00814901160000000048	0.0083159173999999992
5985300000	-0.0083178240999999993	0.00798122430000000084
5985600000	-0.00848965500000000046	0.00761427630000000022
5985900000	-0.00865959250000000041	0.00724965450000000008
5986200000	-0.00880105890000000037	0.00685330479999999957
5986500000	-0.00896632699999999963	0.00644675410000000032
5986800000	-0.00913692120000000017	0.0060382166999999997
5987100000	-0.00926829950000000041	0.0056265871000000002
5987400000	-0.00942789139999999914	0.00521232540000000043
5987700000	-0.00956280070000000045	0.00477965699999999966
5988000000	-0.00972066759999999988	0.00437627089999999969
5988300000	-0.00985037469999999922	0.0039338610000000003
5988600000	-0.0100164798999999999	0.00348720610000000011
5988900000	-0.0101530904999999998	0.00302223129999999989
5989200000	-0.0102905957000000003	0.00258021600000000019
5989500000	-0.0104201997000000005	0.00211264379999999983
5989800000	-0.0105680575000000002	0.00166400670000000001
5990100000	-0.0106946633000000006	0.00119599050000000003
5990400000	-0.0108136719000000003	0.000708295099999999987
5990700000	-0.0109807155999999996	0.000256170500000000017
5991000000	-0.0111208926999999992	-0.000198516099999999988
5991300000	-0.0112617046999999998	-0.000671169899999999979
5991600000	-0.0113702468000000008	-0.00114865780000000003
5991900000	-0.0114785634000000008	-0.00159968179999999999
5992200000	-0.0116346415000000009	-0.00205202519999999992
5992500000	-0.0117620763000000003	-0.00251790989999999991
5992800000	-0.0118788007000000008	-0.00298771080000000003
5993100000	-0.0119888553000000002	-0.00342196160000000004
5993400000	-0.0121401436000000001	-0.00386785660000000002
5993700000	-0.0122272924000000009	-0.00431334109999999965
5994000000	-0.0123345259000000006	-0.00474902310000000025
5994300000	-0.0124561589999999996	-0.00516808879999999977
5994600000	-0.012542727	-0.00558565699999999995
5994900000	-0.0126615735000000004	-0.0060270940000000002
5995200000	-0.0127409837999999994	-0.00639545160000000012
5995500000	-0.0128166402999999995	-0.00678699499999999966
5995800000	-0.0128566733999999992	-0.00723034459999999986
5996100000	-0.0129494550000000003	-0.00759345149999999993
5996400000	-0.0129868693000000004	-0.00798554660000000069
5996700000	-0.0130527673000000004	-0.00833877480000000046
5997000000	-0.0130687300000000006	-0.00870529840000000034
5997300000	-0.0130908967000000001	-0.00907557720000000054
5997600000	-0.0131112673999999995	-0.00940671440000000018
5997900000	-0.0131057151	-0.00976818200000000025
5998200000	-0.0130847954999999995	-0.0101439064999999991
5998500000	-0.0130660755999999992	-0.0104525777999999996
5998800000	-0.0130577630999999996	-0.0107798914999999995
5999100000	-0.0129978982999999996	-0.0111026761000000002
5999400000	-0.0129606228999999996	-0.0114448378999999992
5999700000	-0.0128988542000000005	-0.0117554671999999995
6000000000	-0.0128360479999999992	-0.0120464933000000007
6000300000	-0.0127565439999999999	-0.0123645527999999994
6000600000	-0.0126589075999999998	-0.0126964681000000003
6000900000	-0.0125538517999999998	-0.0129912285999999998
6001200000	-0.0124442145000000001	-0.0132975023999999994
6001500000	-0.0123453486000000001	-0.0135827386999999994
6001800000	-0.0122162599999999996	-0.0139146235000000007
6002100000	-0.0121153387000000005	-0.0141864591999999994
6002400000	-0.0119583277999999998	-0.0144401128999999996
6002700000	-0.0118079603999999994	-0.0147426035999999993
6003000000	-0.0116496258000000005	-0.0149822513000000008
6003300000	-0.0114559151000000001	-0.0152538129000000001
6003600000	-0.0113010175999999993	-0.0155347873999999997
6003900000	-0.0110902009999999992	-0.0157421542000000005
6004200000	-0.0108991543999999996	-0.0159861316000000017
6004500000	-0.0106913326000000006	-0.0162396957999999987
6004800000	-0.0104984094000000003	-0.0164824888000000003
6005100000	-0.0102721983000000003	-0.0167007202000000014
6005400000	-0.0100602829000000001	-0.0169209189999999995
6005700000	-0.00981191569999999985	-0.0171456705999999993
6006000000	-0.0095532446999999996	-0.0173349305999999995
6006300000	-0.00930741879999999987	-0.017559557600000001
6006600000	-0.00904392799999999969	-0.0177443938999999988
6006900000	-0.00879855990000000081	-0.0179284756000000003
6007200000	-0.0085145224000000002	-0.0181219890000000015
6007500000	-0.00823465739999999953	-0.0182940759999999994
6007800000	-0.00794916480000000016	-0.0185014745000000001
6008100000	-0.00763735890000000021	-0.0186634608
6008400000	-0.00735101490000000021	-0.0188231835
6008700000	-0.00707137660000000008	-0.0189978230000000005
6009000000	-0.00674488499999999994	-0.0191437711000000017
6009300000	-0.00643454569999999965	-0.0193130244
6009600000	-0.00610548770000000039	-0.0194545025999999996
6009900000	-0.00578425669999999958	-0.0195778718999999983
6010200000	-0.00547394950000000026	-0.0197143567999999991
6010500000	-0.00513555639999999959	-0.0198353526000000016
6010800000	-0.00481032309999999963	-0.0199690863999999989
6011100000	-0.00444760830000000013	-0.0200763220000000006
6011400000	-0.00413087690000000021	-0.0201799811999999988
6011700000	-0.00377911770000000004	-0.0202734713999999996
6012000000	-0.00342016740000000014	-0.0203671469999999986
6012300000	-0.00308240729999999978	-0.0204662686000000003
6012600000	-0.00273348550000000008	-0.0205347710000000003
6012900000	-0.00236545210000000013	-0.0205906956000000002
6013200000	-0.00199723430000000018	-0.0206386866999999988
6013500000	-0.00167563540000000011	-0.0206938548000000014
6013800000	-0.00128847680000000004	-0.0207590516999999995
6014100000	-0.000911954100000000011	-0.0207973772000000015
6014400000	-0.000575356099999999992	-0.020813168600000001
6014700000	-0.000213822600000000002	-0.0208593403999999989
6015000000	0.000150183299999999989	-0.0208382592999999984
6015300000	0.000528942100000000053	-0.0208625295999999988
6015600000	0.000881335899999999999	-0.0208519555999999995
6015900000	0.00127705320000000007	-0.0208663548999999983
6016200000	0.00165041410000000004	-0.0208435356000000009
6016500000	0.00204476650000000012	-0.0208039452
6016800000	0.00241049619999999989	-0.0207932847000000011
6017100000	0.00277943259999999985	-0.0207270760000000005
6017400000	0.00312655309999999983	-0.0206851306000000006
6017700000	0.00352123389999999979	-0.0206237903
6018000000	0.00388375869999999998	-0.0205833976000000009
6018300000	0.00426812949999999958	-0.0204752618999999997
6018600000	0.00465797829999999979	-0.0204089026999999985
6018900000	0.0050121899999999997	-0.0203020697999999993
6019200000	0.00540556859999999969	-0.0202279004999999998
6019500000	0.00578026799999999986	-0.0201042407000000013
6019800000	0.00613356909999999977	-0.0199712026999999993
6020100000	0.00653237939999999975	-0.0198506409999999987
6020400000	0.00688329469999999968	-0.0197151490999999991
6020700000	0.0072604690999999999	-0.0195877541000000002
6021000000	0.00766668839999999976	-0.0194432213000000007
6021300000	0.00800561619999999932	-0.0192866304000000009
6021600000	0.00835767649999999938	-0.0191465413000000001
6021900000	0.00874843919999999942	-0.0189714757999999983
6022200000	0.00906512739999999935	-0.0187909147000000012
6022500000	0.00945060229999999946	-0.0185936748999999991
6022800000	0.0097859468000000005	-0.0184294191000000003
6023100000	0.0101597406999999994	-0.0181987517000000015
6023400000	0.0105270915000000003	-0.0180244352999999989
6023700000	0.0108694976999999995	-0.0177924380000000007
6024000000	0.0112015954000000001	-0.0175738915999999988
6024300000	0.0115343813000000003	-0.0173490349000000009
6024600000	0.0118577505	-0.0171138265999999997
6024900000	0.0121975973999999994	-0.0168649830000000001
6025200000	0.0125132951000000003	-0.0166204141999999992
6025500000	0.0128551195999999993	-0.0163684530000000016
6025800000	0.0131771892999999994	-0.0160999001000000017
6026100000	0.0134841354999999993	-0.0158106647999999989
6026400000	0.0138164662000000004	-0.0155590200999999994
6026700000	0.0141143681999999996	-0.0152448041999999999
6027000000	0.0144204257999999991	-0.0149643103999999999
6027300000	0.0147086657999999995	-0.0146901271000000003
6027600000	0.0150015528999999995	-0.0143802453000000004
6027900000	0.0153193740999999998	-0.0140992808000000008
6028200000	0.0156126276999999994	-0.0137774430000000003
6028500000	0.0158762276999999986	-0.0134732115000000003
6028800000	0.0161417166000000015	-0.0131461467999999995
6029100000	0.0163963929000000008	-0.0127993428999999999
6029400000	0.0166684994999999996	-0.0124942160000000007
6029700000	0.0169407134999999993	-0.0121400147999999996
6030000000	0.0171883011999999988	-0.0118183131999999996
6030300000	0.0174237005	-0.0114633900000000004
6030600000	0.0176728934999999983	-0.0111143560000000006
6030900000	0.0178972010999999993	-0.0107605753999999998
6031200000	0.0181277902000000005	-0.0104137948000000008
6031500000	0.0183223071999999987	-0.0100630401000000001
6031800000	0.0185524764000000002	-0.00968719730000000036
6032100000	0.0187495929999999984	-0.00932557009999999964
6032400000	0.0189618983999999997	-0.00894832310000000068
6032700000	0.0191614326000000001	-0.0085876966999999995
6033000000	0.019328351399999999	-0.00821365400000000079
6033300000	0.0195348873999999992	-0.00783489499999999971
6033600000	0.019654716400000001	-0.007434319
6033900000	0.0198519235000000002	-0.00704163670000000023
6034200000	0.0199957218000000013	-0.00663903880000000016
6034500000	0.0201218381999999987	-0.00627156169999999995
6034800000	0.0203012766000000011	-0.00589613570000000007
6035100000	0.0204143443000000015	-0.00549111099999999991
6035400000	0.0205281666999999994	-0.00506686570000000006
6035700000	0.0206287238999999997	-0.00467584429999999985
6036000000	0.0207275901999999998	-0.00431467669999999973
6036300000	0.0208229893000000006	-0.00388806910000000011
6036600000	0.0209014642999999986	-0.00347177080000000016
6036900000	0.0209879765999999995	-0.00309373450000000006
6037200000	0.0210508015000000007	-0.00267439069999999982
6037500000	0.0211094193000000013	-0.00227494239999999999
6037800000	0.0211888036000000002	-0.00186110799999999999
6038100000	0.0212276432000000001	-0.00144919889999999994
6038400000	0.0212448912999999989	-0.00103090790000000005
6038700000	0.0212478619000000014	-0.000620058999999999953
6039000000	0.0212790217999999989	-0.000236624800000000005
6039300000	0.0212718796999999994	0.000188026099999999999
6039600000	0.0212677245999999993	0.000587250700000000012
6039900000	0.0212977477999999991	0.00101102549999999998
6040200000	0.0212501725000000009	0.00141330790000000002
6040500000	0.0212323181000000014	0.00182365479999999991
6040800000	0.0211660733000000011	0.00224669119999999995
6041100000	0.0211256815000000001	0.00265821659999999991
6041400000	0.0210783867	0.00305978549999999993
6041700000	0.0210253252000000002	0.0034588472000000002
6042000000	0.0209496791000000002	0.00387589919999999999
6042300000	0.0208572126999999989	0.00428129970000000037
6042600000	0.020774922500000001	0.00468641870000000016
6042900000	0.0206581023000000016	0.0050752000000000002
6043200000	0.0205629966000000011	0.00549221569999999975
6043500000	0.0204542565000000003	0.00589669110000000038
6043800000	0.0203166476999999991	0.0062876777
6044100000	0.0201675416000000017	0.00665210820000000039
6044400000	0.0200479840000000013	0.00707552650000000012
6044700000	0.0198681458999999984	0.00745960469999999969
6045000000	0.0197468862000000009	0.00783846069999999916
6045300000	0.0195651732999999987	0.00823195260000000005
6045600000	0.0193826960999999992	0.00863491700000000063
6045900000	0.0192100733999999995	0.00898438550000000072
6046200000	0.0189967389999999986	0.00938410219999999927
6046500000	0.0188195576999999996	0.00975114969999999956
6046800000	0.0185914614999999998	0.0101212779999999992
6047100000	0.0183764437999999995	0.0104894432999999999
6047400000	0.0181684211999999998	0.0108538595999999998
6047700000	0.0179358449999999989	0.0112109355999999993
6048000000	0.0177192904000000005	0.0115734081999999995
6048300000	0.0175038632999999985	0.0119172296000000007
6048600000	0.0172353379999999994	0.0122596380999999994
6048900000	0.0169942304000000009	0.0126153962999999997
6049200000	0.0166968688000000004	0.0129643577999999995
6049500000	0.0164415463999999997	0.0133033846000000008
6049800000	0.0161626240999999983	0.0136022299999999999
6050100000	0.0159030990999999983	0.0139584991000000005
6050400000	0.0155883335000000008	0.0142839366999999995
6050700000	0.0153059999000000006	0.0145948520000000002
6051000000	0.0150016985000000005	0.0149048500000000007
6051300000	0.0147103288000000002	0.0152012503999999996
6051600000	0.0143877603999999996	0.0155003476000000005
6051900000	0.0140746308999999993	0.0157869747000000012
6052200000	0.0137642384999999996	0.0160719053999999993
6052500000	0.0134299691999999991	0.0163604262
6052800000	0.0130962204000000006	0.0166233562000000015
6053100000	0.0127817715000000005	0.0169036982999999988
6053400000	0.0124205726000000006	0.0171561803000000006
6053700000	0.0120789113	0.0174276437999999999
6054000000	0.0117375673999999992	0.0176620842999999986
6054300000	0.0113745767999999994	0.0178874419999999999
6054600000	0.0110088895000000006	0.0181180654999999989
6054900000	0.0106686916999999999	0.0183452350000000014
6055200000	0.0103025628999999994	0.0185665129999999998
6055500000	0.00993407139999999932	0.0187815046999999999
6055800000	0.00954613049999999963	0.0189655149999999988
6056100000	0.00915170749999999998	0.0191653406000000005
6056400000	0.00880115019999999984	0.0193674263999999985
6056700000	0.00840473069999999982	0.0195523571999999986
6057000000	0.00805838090000000028	0.0196984545000000004
6057300000	0.00764545770000000027	0.0198731533000000016
6057600000	0.00725535880000000022	0.0200118780000000003
6057900000	0.00688118389999999979	0.020164299699999999
6058200000	0.00646053860000000025	0.0202783469000000008
6058500000	0.00606065930000000003	0.0204250147000000007
6058800000	0.00566424549999999978	0.0205283900999999984
6059100000	0.00526694359999999983	0.0206554554000000015
6059400000	0.0048550536	0.0207308642999999987
6059700000	0.00447714849999999998	0.0208212725999999994
6060000000	0.00402064239999999976	0.0209146119000000012
6060300000	0.00363927499999999998	0.0209612488999999999
6060600000	0.00323544270000000007	0.0210354734000000008
6060900000	0.00280610590000000002	0.0210719496999999985
6061200000	0.00240168269999999984	0.0211258611999999985
6061500000	0.00197305270000000012	0.0211779058000000006
6061800000	0.0015654407	0.0211797947999999986
6062100000	0.00114120210000000005	0.0212088645000000006
6062400000	0.000720378699999999947	0.0212331328999999999
6062700000	0.000325233499999999975	0.021224772900000001
6063000000	-0.000113752699999999999	0.0212046455999999987
6063300000	-0.000520316200000000011	0.0211573144999999997
6063600000	-0.000947574299999999958	0.0211416255999999983
6063900000	-0.00135182959999999991	0.0210960565999999995
6064200000	-0.00176713510000000001	0.0210539855999999984
6064500000	-0.00218099230000000019	0.0210255890999999986
6064800000	-0.00262982789999999982	0.0209333212000000005
6065100000	-0.00304688849999999994	0.0208620122999999998
6065400000	-0.00345037670000000003	0.0207601604000000016
6065700000	-0.00386804839999999994	0.0207006672000000017
6066000000	-0.00429653360000000015	0.0205927524000000008
6066300000	-0.0047188105000000001	0.0204598161000000001
6066600000	-0.00512210730000000041	0.0203747420999999991
6066900000	-0.00553128209999999981	0.0202579453
6067200000	-0.0059289633999999999	0.0201108410000000008
6067500000	-0.00632847860000000043	0.0199738580999999984
6067800000	-0.00676614879999999988	0.019805552399999999
6068100000	-0.00715003439999999969	0.0196845323999999995
6068400000	-0.00753893690000000029	0.0194985745000000009
6068700000	-0.00796413410000000078	0.0193463746000000006
6069000000	-0.00834047559999999931	0.0191579459000000007
6069300000	-0.0087380396000000006	0.0189566798000000009
6069600000	-0.00914332099999999939	0.0187597996999999996
6069900000	-0.00951872840000000074	0.018569728399999999
6070200000	-0.00990949110000000077	0.0183787039999999992
6070500000	-0.0102895659000000004	0.0181414018999999996
6070800000	-0.0106691106000000001	0.0179189459000000002
6071100000	-0.0110167822999999998	0.0177059912
6071400000	-0.0114054450000000002	0.0174804383999999993
6071700000	-0.0117614030999999997	0.0172004223999999983
6072000000	-0.0121166164000000003	0.016985019300000001
6072300000	-0.0124729138000000007	0.0167139835999999993
6072600000	-0.0128298571999999993	0.0164634050000000004
6072900000	-0.0131513971	0.0161997372000000014
6073200000	-0.0135034380999999992	0.0159266989000000012
6073500000	-0.0138445990000000008	0.0156223254999999991
6073800000	-0.0141756082999999998	0.0153559687
6074100000	-0.014483681	0.0150509067
6074400000	-0.0148032189999999994	0.0147668490999999999
6074700000	-0.0151137593999999993	0.0144553485999999991
6075000000	-0.0154150676000000004	0.0141712735999999992
6075300000	-0.0157116724999999992	0.0138523169999999994
6075600000	-0.0160078965000000004	0.0135520902999999998
6075900000	-0.0163129208999999997	0.0132135559
6076200000	-0.0165905493000000001	0.0129064499000000003
6076500000	-0.0168510769000000012	0.0125718302000000001
6076800000	-0.0170835169999999995	0.0122376379000000007
6077100000	-0.0173548674000000014	0.0119009917999999999
6077400000	-0.0175838541000000008	0.0115476714000000008
6077700000	-0.0178352542999999988	0.0111998028999999999
6078000000	-0.0180784971000000003	0.0108738529999999993
6078300000	-0.0182778884999999988	0.0104917488000000007
6078600000	-0.0184878774000000017	0.0101322869000000006
6078900000	-0.0187039457999999999	0.00977801210000000046
6079200000	-0.0189067000999999998	0.0094089597000000004
6079500000	-0.0190798148999999986	0.00906224649999999923
6079800000	-0.0192480780999999997	0.00867869310000000081
6080100000	-0.0194289758000000014	0.00832884809999999941
6080400000	-0.0195835933000000004	0.00794345829999999926
6080700000	-0.0197360669999999995	0.0075572727000000001
6081000000	-0.0198759347000000003	0.00719229229999999997
6081300000	-0.0200192232999999997	0.00681230540000000041
6081600000	-0.0201377174999999992	0.00640899439999999959
6081900000	-0.0202409061000000008	0.00602366610000000004
6082200000	-0.0203582806999999984	0.005611441
6082500000	-0.0204284185	0.00525148009999999981
6082800000	-0.0205246611999999988	0.00480094690000000025
6083100000	-0.0206183007999999994	0.0044205968
6083400000	-0.0206885480999999989	0.00401205599999999996
6083700000	-0.0207247836000000012	0.00361140289999999997
6084000000	-0.0207861366999999991	0.00319702099999999998
6084300000	-0.0207949976000000002	0.00280122610000000001
6084600000	-0.0208687448999999997	0.00239082719999999995
6084900000	-0.0208621408000000015	0.00198465890000000013
6085200000	-0.0208928414999999985	0.00155708559999999992
6085500000	-0.0208862322000000003	0.00117250670000000005
6085800000	-0.0208515527999999992	0.000735955399999999971
6086100000	-0.0208575836000000001	0.000329968199999999996
6086400000	-0.0208213410000000002	-9.61234999999999954e-05
6086700000	-0.0207924825000000008	-0.0004996213
6087000000	-0.0207379269999999997	-0.000919921599999999964
6087300000	-0.0206925498999999992	-0.00136333149999999991
6087600000	-0.0206100994999999995	-0.00178006559999999993
6087900000	-0.0205521159999999987	-0.00219780809999999991
6088200000	-0.0204439707999999991	-0.0026038852999999999
6088500000	-0.0203716848000000013	-0.003011578
6088800000	-0.0202788466999999986	-0.0034533646999999998
6089100000	-0.0201812139999999994	-0.00387161539999999983
6089400000	-0.0200598303999999991	-0.0042847505999999997
6089700000	-0.019934991400000001	-0.00470778600000000026
6090000000	-0.0198098145000000017	-0.00514259510000000027
6090300000	-0.0196562644000000016	-0.00555552130000000043
6090600000	-0.0195069011999999993	-0.00594676900000000019
6090900000	-0.0193598206000000009	-0.00633781090000000002
6091200000	-0.0192028615000000014	-0.00677999709999999988
6091500000	-0.0190226644	-0.0071822730999999999
6091800000	-0.0188452606000000002	-0.00758457100000000002
6092100000	-0.0186763182	-0.00798983099999999932
6092400000	-0.0184708061999999985	-0.00838986109999999979
6092700000	-0.018272053600000001	-0.00881391349999999935
6093000000	-0.0180476731000000015	-0.00915878049999999978
6093300000	-0.0178598880000000008	-0.00956904419999999971
6093600000	-0.017630624000000001	-0.00998428850000000062
6093900000	-0.0174179120000000007	-0.0103284677999999994
6094200000	-0.0171928145000000004	-0.0107210198999999999
6094500000	-0.0169620517000000012	-0.0111041830999999997
6094800000	-0.0166811216000000012	-0.0114530175000000008
6095100000	-0.0164431386999999984	-0.0118267408000000008
6095400000	-0.0161957821000000002	-0.0121993061999999992
6095700000	-0.0159333322000000006	-0.0125525493999999998
6096000000	-0.015654928299999999	-0.0129031578000000004
6096300000	-0.0153935774000000004	-0.0132411895000000002
6096600000	-0.0151122315999999996	-0.0135729977000000005
6096900000	-0.0148127490000000001	-0.0139213307999999994
6097200000	-0.0145149224999999993	-0.0142347424999999996
6097500000	-0.0142196731	-0.0145595273999999993
6097800000	-0.0139491335000000004	-0.0149018008999999996
6098100000	-0.0136329780000000005	-0.0151996224999999992
6098400000	-0.0133290252000000005	-0.0154831450000000002
6098700000	-0.0129959893	-0.0157916118000000008
6099000000	-0.0127071596000000002	-0.0160988555999999998
6099300000	-0.0123640613999999992	-0.0163462836999999986
6099600000	-0.0120446932999999992	-0.0166184395999999998
6099900000	-0.0117362821000000003	-0.0169010259999999995
6100200000	-0.0113891119000000002	-0.0171448200000000016
6100500000	-0.0110636720999999997	-0.0174051024999999984
6100800000	-0.0107219664999999992	-0.0176567029999999993
6101100000	-0.0103460157000000007	-0.0178595265000000003
6101400000	-0.0100110220999999992	-0.0181257173000000001
6101700000	-0.00963970939999999991	-0.0183127571000000003
6102000000	-0.0093260602999999994	-0.0185392968999999984
6102300000	-0.00892565529999999989	-0.0187240520999999993
6102600000	-0.00859262809999999932	-0.0189278140000000011
6102900000	-0.00820885489999999968	-0.0191131837999999991
6103200000	-0.00784548619999999967	-0.0192787430999999988
6103500000	-0.00743709700000000015	-0.0194462167999999991
6103800000	-0.00710680120000000033	-0.0195909880000000002
6104100000	-0.00672912909999999996	-0.0197628772999999987
6104400000	-0.00631826399999999965	-0.0198640846000000017
6104700000	-0.00595275420000000027	-0.0200020950999999989
6105000000	-0.00556105440000000031	-0.0201152950999999997
6105300000	-0.00516820090000000027	-0.0202081393999999984
6105600000	-0.00477724370000000027	-0.0203371388999999993
6105900000	-0.00437975730000000028	-0.0203935116000000007
6106200000	-0.00400758980000000004	-0.0204981181999999984
6106500000	-0.00357177360000000008	-0.0205637587000000004
6106800000	-0.00316165350000000012	-0.0206173103000000003
6107100000	-0.00280798940000000002	-0.020660664799999999
6107400000	-0.00238365890000000018	-0.0206893135999999984
6107700000	-0.00195876739999999985	-0.0207297424000000008
6108000000	-0.00156874680000000004	-0.0207256044
6108300000	-0.00117685849999999998	-0.0207485780000000002
6108600000	-0.000753517599999999977	-0.0207683450000000006
6108900000	-0.000360728100000000027	-0.0207473011000000006
6109200000	7.10610999999999963e-05	-0.0207255286000000011
6109500000	0.000488750199999999995	-0.0207069517000000002
6109800000	0.000885359300000000053	-0.0206669849999999988
6110100000	0.00128500399999999996	-0.0206529516000000003
6110400000	0.00168572990000000005	-0.0205681599999999985
6110700000	0.00212165839999999993	-0.0205104894999999995
6111000000	0.00254659630000000003	-0.0204202640999999983
6111300000	0.00295174479999999991	-0.0203518815999999998
6111600000	0.00334917180000000002	-0.0202609226000000017
6111900000	0.00375231790000000011	-0.0201275453000000007
6112200000	0.0041914303999999996	-0.0200628625000000005
6112500000	0.00459464299999999982	-0.0199464697000000003
6112800000	0.0049960263999999999	-0.0197918576000000006
6113100000	0.00541502870000000035	-0.0196911263000000003
6113400000	0.00581463760000000031	-0.0195454797
6113700000	0.00619913649999999979	-0.0194020339999999986
6114000000	0.0066179345000000004	-0.0192275041999999986
6114300000	0.00702578079999999997	-0.0190717382999999983
6114600000	0.00742325399999999979	-0.0189001581999999994
6114900000	0.00783216890000000034	-0.0187329705000000013
6115200000	0.00823537409999999977	-0.0185224592999999986
6115500000	0.00861489359999999954	-0.018335807400000001
6115800000	0.00900208909999999918	-0.0181317278999999984
6116100000	0.00939440719999999965	-0.0179127102999999989
6116400000	0.00978967109999999939	-0.0177455297999999997
6116700000	0.0101698589999999998	-0.0174815104000000006
6117000000	0.0105408280000000004	-0.0172624985000000009
6117300000	0.0109427883000000007	-0.0170501778
6117600000	0.0112725562000000005	-0.0168077394999999984
6117900000	0.0116738164000000002	-0.0165533864999999995
6118200000	0.0119913777999999995	-0.0163061915000000009
6118500000	0.0123667611	-0.0160416087999999991
6118800000	0.0127115618999999996	-0.0157968811000000001
6119100000	0.0130607783000000009	-0.0155371768999999996
6119400000	0.0133822668000000006	-0.0152463045999999998
6119700000	0.0137296282999999995	-0.0149624549999999995
6120000000	0.0140477081000000004	-0.0146726222000000007
6120300000	0.0143576447999999995	-0.0143935348999999994
6120600000	0.0146670310000000005	-0.0140873605999999995
6120900000	0.0149636334000000006	-0.0137730526999999998
6121200000	0.0152753360000000005	-0.0134732654999999996
6121500000	0.0155631133000000005	-0.0131652695999999996
6121800000	0.0158529780000000002	-0.0128331351000000003
6122100000	0.016137998399999999	-0.0125199379
6122400000	0.0164055066999999992	-0.0121910674999999996
6122700000	0.0166715511000000011	-0.0118615247000000007
6123000000	0.0169175012999999985	-0.0115272796000000007
6123300000	0.0171719292999999995	-0.0111919926000000006
6123600000	0.0174245986000000005	-0.0108454098000000006
6123900000	0.0176399255000000005	-0.0104622754999999998
6124200000	0.0178859583000000009	-0.0101289268999999998
6124500000	0.0180993761999999996	-0.00978925850000000007
6124800000	0.0183115226000000013	-0.00941374139999999991
6125100000	0.0185410376000000009	-0.00909963930000000018
6125400000	0.018719788099999999	-0.00869302559999999939
6125700000	0.0188551022999999991	-0.00832601160000000055
6126000000	0.0190339599000000012	-0.0079763712000000004
6126300000	0.0192176907000000015	-0.00760512219999999982
6126600000	0.0193838822999999986	-0.00721090410000000022
6126900000	0.019521840700000001	-0.00684180440000000008
6127200000	0.0196406450999999996	-0.00645517900000000013
6127500000	0.0197822983999999986	-0.00605245540000000012
6127800000	0.0199064522999999986	-0.0056868092999999998
6128100000	0.0199891550000000015	-0.00528602790000000031
6128400000	0.0201097987000000006	-0.00490189939999999963
6128700000	0.0201843108000000007	-0.00448890239999999961
6129000000	0.0202623476000000011	-0.00408050659999999957
6129300000	0.0203292818000000014	-0.00369449219999999981
6129600000	0.0204107257	-0.00328932260000000011
6129900000	0.0204587672999999998	-0.00289115040000000002
6130200000	0.0205133200999999994	-0.0024832614999999998
6130500000	0.020554524099999999	-0.00209494050000000017
6130800000	0.0205429742000000012	-0.00167290590000000001
6131100000	0.0205781626000000016	-0.00127017059999999992
6131400000	0.0205842591999999998	-0.000845376700000000027
6131700000	0.0205834122000000015	-0.00044890860000000002
6132000000	0.0205850732000000015	-1.55192999999999989e-05
6132300000	0.0205523513000000005	0.00039277559999999998
6132600000	0.0205105533999999992	0.000816422700000000046
6132900000	0.0204759286999999998	0.0012261657
6133200000	0.0204270917000000003	0.00165257339999999998
6133500000	0.0203696621999999994	0.00206963950000000002
6133800000	0.0203086773999999991	0.00246203000000000003
6134100000	0.0202655716000000007	0.00289752110000000016
6134400000	0.0201649113000000012	0.00330531809999999983
6134700000	0.0200862704000000017	0.00371323299999999981
6135000000	0.0199801530000000005	0.00413264580000000017
6135300000	0.019853320800000001	0.00453798700000000027
6135600000	0.0197259024999999998	0.00494529830000000042
6135900000	0.0196191757999999994	0.00537780500000000026
6136200000	0.0194893262999999983	0.00578713219999999959
6136500000	0.0193512807999999988	0.00620352310000000032
6136800000	0.0192248871000000009	0.00659881410000000019
6137100000	0.019051325899999999	0.00701245170000000008
6137400000	0.0189050490000000002	0.00740933760000000042
6137700000	0.0187289172000000004	0.00779719730000000017
6138000000	0.0185505535000000006	0.00818110449999999954
