8383000000	-0.0106676173999999992	0.00660487259999999968
8383030000	-0.0106342697000000007	0.00660783059999999964
8383060000	-0.0105682746000000001	0.00663213250000000039
8383090000	-0.0105374075000000001	0.00661535690000000006
8383120000	-0.0105284981999999999	0.0065923240999999997
8383150000	-0.0105227194	0.00658320060000000019
8383180000	-0.0105125996000000003	0.00656475590000000012
8383210000	-0.0105229489000000006	0.00654912650000000034
8383240000	-0.0105218768999999993	0.00654340149999999964
8383270000	-0.0105494953999999991	0.00649409639999999969
8383300000	-0.0105648506999999996	0.00651295069999999979
8383330000	-0.0105468586000000003	0.00649753940000000023
8383360000	-0.0105734146000000008	0.00648020330000000002
8383390000	-0.0105494601999999993	0.00644479739999999964
8383420000	-0.0105792804000000001	0.00643140570000000009
8383450000	-0.0105888508000000006	0.00639027159999999966
8383480000	-0.0106083254999999998	0.00638587240000000004
8383510000	-0.0106102787999999993	0.00635497030000000025
8383540000	-0.0106097034	0.0063398902999999996
8383570000	-0.0106266856999999992	0.00634108649999999986
8383600000	-0.0106380694000000001	0.0063083827999999998
8383630000	-0.0106411425000000007	0.00629131590000000032
8383660000	-0.0106660694000000004	0.00625283190000000023
8383690000	-0.0106541807999999995	0.00626061490000000016
8383720000	-0.0106845146000000002	0.00621834729999999961
8383750000	-0.0107094996000000001	0.00621069900000000008
8383780000	-0.0107080379	0.00619399470000000021
8383810000	-0.0107123224	0.00617846020000000027
8383840000	-0.0107196753000000002	0.00615285339999999993
8383870000	-0.0107194235999999998	0.00612200569999999961
8383900000	-0.0107427731000000002	0.00611047149999999987
8383930000	-0.0107364620000000004	0.0060835176000000003
8383960000	-0.0107673552999999998	0.00606816359999999989
8383990000	-0.0107773493000000008	0.00605015169999999994
8384020000	-0.0107755074999999999	0.0060009019000000002
8384050000	-0.0107863001999999996	0.00598207770000000038
8384080000	-0.0108198748000000004	0.00598679969999999992
8384110000	-0.0108239372999999993	0.00597046429999999965
8384140000	-0.0108207809999999998	0.00597896430000000034
8384170000	-0.0108384824999999997	0.00591110210000000014
8384200000	-0.0108398765999999994	0.00591979180000000004
8384230000	-0.0108615272999999998	0.00589580400000000015
8384260000	-0.0108331225999999999	0.00587836450000000024
8384290000	-0.0108714106000000008	0.00585387409999999983
8384320000	-0.0108806671999999993	0.00582971919999999977
8384350000	-0.0108958948999999996	0.00580816299999999987
8384380000	-0.0109176459999999996	0.00579003690000000001
8384410000	-0.0109200819999999994	0.00576940800000000018
8384440000	-0.0109313272999999999	0.00574578230000000016
8384470000	-0.0109316618000000008	0.00572806690000000028
8384500000	-0.0109449279999999996	0.0057101538000000002
8384530000	-0.0109525978999999996	0.00568812999999999958
8384560000	-0.0109481304000000005	0.00566922529999999963
8384590000	-0.0109636769000000002	0.00562949379999999958
8384620000	-0.0109537005	0.00562374480000000024
8384650000	-0.0110066216000000005	0.00560703380000000026
8384680000	-0.0110021497999999995	0.00556276309999999968
8384710000	-0.0110148217	0.00555798810000000029
8384740000	-0.0110333160999999992	0.00552045819999999986
8384770000	-0.0110221282999999996	0.00551451189999999959
8384800000	-0.011040121	0.00552435840000000018
8384830000	-0.0110357361000000005	0.00547786040000000033
8384860000	-0.0110600292999999995	0.00547420930000000038
8384890000	-0.0110888817000000008	0.00545063849999999957
8384920000	-0.0111014587000000005	0.00544965839999999972
8384950000	-0.0110829841000000002	0.00538867649999999997
8384980000	-0.0110896155999999999	0.0053627003999999999
8385010000	-0.0110899615999999999	0.00534944110000000039
8385040000	-0.0110981902999999996	0.00533251899999999997
8385070000	-0.0111261428000000006	0.00531477360000000027
8385100000	-0.0111377009999999999	0.00529073729999999989
8385130000	-0.0111502532999999994	0.00526082870000000018
8385160000	-0.0111710451000000006	0.00524626049999999972
8385190000	-0.0111692818999999995	0.00523615480000000008
8385220000	-0.0111819905000000008	0.00518807489999999986
8385250000	-0.0111821214999999995	0.0051924416000000001
8385280000	-0.0111971056999999995	0.00516068439999999972
8385310000	-0.0112036730000000008	0.00514716799999999971
8385340000	-0.0112137095000000003	0.00513312089999999957
8385370000	-0.0112238573000000008	0.00511803210000000026
8385400000	-0.0112324872999999999	0.00508477669999999986
8385430000	-0.0112453615000000003	0.00506244120000000006
8385460000	-0.0112527766000000001	0.00504672879999999973
8385490000	-0.0112645525999999999	0.00499644590000000027
8385520000	-0.0112698704999999993	0.00499672409999999973
8385550000	-0.0112720918	0.00499612039999999986
8385580000	-0.0112986408000000007	0.00495252540000000029
8385610000	-0.0112990960999999994	0.00493171960000000041
8385640000	-0.0113084099	0.00493429990000000037
8385670000	-0.0113110183999999992	0.00488728719999999978
8385700000	-0.0113326368000000004	0.00488133109999999964
8385730000	-0.0113439225000000008	0.00484796540000000022
8385760000	-0.0113420603999999994	0.00481912409999999975
8385790000	-0.0113576796999999997	0.00479221239999999982
8385820000	-0.0113672744000000003	0.00479476980000000021
8385850000	-0.0113449468999999997	0.00475854830000000013
8385880000	-0.0113695011999999998	0.00474576519999999995
8385910000	-0.0113999442999999992	0.00470325580000000021
8385940000	-0.0113703115000000007	0.00470687280000000024
8385970000	-0.0113920319000000003	0.00467844259999999987
8386000000	-0.0114110331000000006	0.00466920450000000032
8386030000	-0.0114363815000000004	0.00464899310000000017
8386060000	-0.0114393854999999996	0.00461672890000000037
8386090000	-0.0114524272999999999	0.00461743429999999979
8386120000	-0.0114418083999999996	0.00458108810000000012
8386150000	-0.0114650036000000007	0.00455300889999999975
8386180000	-0.0114787802999999997	0.00454637309999999985
8386210000	-0.0114656545000000002	0.00452766729999999964
8386240000	-0.0114794644999999997	0.00448441269999999993
8386270000	-0.0114802637999999995	0.00447661199999999961
8386300000	-0.0115101306999999993	0.00443571340000000012
8386330000	-0.0115139193999999993	0.00444068669999999992
8386360000	-0.0115101591000000003	0.00442879829999999995
8386390000	-0.0115222143999999995	0.00439724549999999988
8386420000	-0.0115298172000000004	0.0043802511000000004
8386450000	-0.0115255636000000002	0.00434121329999999968
8386480000	-0.0115415964999999992	0.00432716080000000031
8386510000	-0.0115587520000000003	0.00427828770000000021
8386540000	-0.0115718877000000001	0.00427221449999999961
8386570000	-0.0115903740000000005	0.00426161640000000033
8386600000	-0.0115717013000000007	0.00423475640000000025
8386630000	-0.0115740027000000006	0.00423647349999999989
8386660000	-0.0115921692000000003	0.00418426270000000003
8386690000	-0.0116109462999999993	0.00416659249999999995
8386720000	-0.0116015964000000006	0.00414742990000000009
8386750000	-0.0116237599000000007	0.00414195599999999959
8386780000	-0.0116063159000000006	0.00412328540000000011
8386810000	-0.0116426436000000005	0.00410281210000000042
8386840000	-0.0116436492999999995	0.00404067770000000014
8386870000	-0.0116450977000000008	0.0040420873000000003
8386900000	-0.0116637048000000007	0.00402440369999999999
8386930000	-0.0116557516	0.00401397359999999988
8386960000	-0.0116704938000000008	0.00400591990000000002
8386990000	-0.0116820758000000004	0.00392926420000000009
8387020000	-0.0116918938000000004	0.00393697319999999993
8387050000	-0.0116850808000000007	0.00389797080000000001
8387080000	-0.0116918235999999998	0.00389799339999999991
8387110000	-0.0117009495000000002	0.00387319789999999997
8387140000	-0.0117340945000000002	0.00387659510000000007
8387170000	-0.0117280412000000007	0.00385306360000000009
8387200000	-0.0117248691999999998	0.00381764029999999985
8387230000	-0.0117413751999999993	0.00380673489999999986
8387260000	-0.0117354721999999995	0.00378428979999999998
8387290000	-0.0117704508999999999	0.00376458209999999986
8387320000	-0.0117677947000000005	0.00372986309999999996
8387350000	-0.0117646781999999998	0.00370711950000000021
8387380000	-0.0117710767000000008	0.00369365130000000015
8387410000	-0.0117770944000000002	0.00368135550000000004
8387440000	-0.0117934397	0.00363446280000000004
8387470000	-0.0118132131000000008	0.00363111239999999984
8387500000	-0.0118142931999999992	0.00361385179999999979
8387530000	-0.0118218591000000001	0.00357369209999999988
8387560000	-0.0118249987000000004	0.0035734021999999999
8387590000	-0.0118422460000000007	0.00353456229999999988
8387620000	-0.0118328578000000007	0.00355574209999999979
8387650000	-0.0118266541999999999	0.0034957606999999999
8387680000	-0.0118474892999999998	0.00347757390000000017
8387710000	-0.0118815480000000005	0.0034543461000000001
8387740000	-0.0118610607000000003	0.00343637240000000017
8387770000	-0.0118332386000000005	0.0034121488000000001
8387800000	-0.0118741417999999998	0.0033859933
8387830000	-0.0118715751000000001	0.00337176230000000004
8387860000	-0.0118989755000000006	0.00335217240000000019
8387890000	-0.0118992404000000003	0.00334567440000000001
8387920000	-0.0119118290000000005	0.00330968199999999999
8387950000	-0.0119113042000000002	0.00328710960000000007
8387980000	-0.0119082119999999996	0.00326475820000000005
8388010000	-0.0119097995999999998	0.00322128219999999986
8388040000	-0.0119229835999999992	0.0032391096000000002
8388070000	-0.0119290847999999998	0.00321747359999999998
8388100000	-0.0119514046999999995	0.00318586050000000016
8388130000	-0.0119376438999999994	0.00318363399999999986
8388160000	-0.0119184609000000004	0.00313935190000000017
8388190000	-0.0119381463000000007	0.00313354299999999992
8388220000	-0.0119722145999999995	0.00310598469999999981
8388250000	-0.0119535678999999999	0.0030874775000000001
8388280000	-0.0119867050000000003	0.00306914220000000003
8388310000	-0.0119800309000000008	0.0030349855000000002
8388340000	-0.0120063292000000005	0.00302524240000000017
8388370000	-0.0119977313999999995	0.00301828950000000013
8388400000	-0.0120050121000000003	0.00297964079999999982
8388430000	-0.0120118240000000008	0.00293890950000000014
8388460000	-0.0120297562	0.00293677739999999993
8388490000	-0.0120140326999999998	0.00292376719999999993
8388520000	-0.0120264071000000007	0.00288852070000000013
8388550000	-0.0120191723000000004	0.00287416319999999996
8388580000	-0.0120451751999999992	0.0028606313999999999
8388610000	-0.0120197290999999994	0.00285552379999999984
8388640000	-0.0120328488000000008	0.00281576229999999997
8388670000	-0.0120532008000000003	0.0028009993999999999
8388700000	-0.0120517951999999998	0.00277235779999999987
8388730000	-0.0120571225999999993	0.00275842250000000013
8388760000	-0.0120456570999999991	0.00273417649999999979
8388790000	-0.0120761106000000003	0.00271946660000000002
8388820000	-0.0120726038999999993	0.00269054879999999991
8388850000	-0.0120835486000000006	0.00266921969999999982
8388880000	-0.0120688581999999992	0.00266000120000000001
8388910000	-0.0120772948000000008	0.00261755709999999999
8388940000	-0.0121109550999999992	0.00260526799999999999
8388970000	-0.0120928127000000003	0.00259962310000000016
8389000000	-0.0120934266000000002	0.00256469520000000015
8389030000	-0.0121110851000000002	0.00255972510000000014
8389060000	-0.0121018232999999999	0.00254443119999999984
8389090000	-0.0121167555999999992	0.00250828850000000018
8389120000	-0.0121176579000000003	0.00250313809999999984
8389150000	-0.0121182037999999995	0.00246404500000000021
8389180000	-0.0121239202000000008	0.00244822479999999999
8389210000	-0.0121267618000000001	0.00241222069999999988
8389240000	-0.0121289437999999999	0.00239214680000000022
8389270000	-0.0121555223000000007	0.00237840240000000008
8389300000	-0.0121490515000000007	0.0023794774000000002
8389330000	-0.0121540043999999996	0.00233277449999999987
8389360000	-0.0121516208000000004	0.00233228609999999986
8389390000	-0.0121519055000000008	0.00230647669999999982
8389420000	-0.0121911627000000009	0.00229333169999999982
8389450000	-0.0121791616000000002	0.00229124239999999989
8389480000	-0.0121706963000000005	0.00226259770000000011
8389510000	-0.0121663849000000004	0.00221088100000000004
8389540000	-0.0122001964000000001	0.00219797109999999999
8389570000	-0.0121827424	0.0021886967999999998
8389600000	-0.0121730711999999998	0.00215114419999999987
8389630000	-0.0122009414	0.00214752660000000007
8389660000	-0.0121882999999999991	0.00210790389999999982
8389690000	-0.0122000935000000001	0.00210061459999999998
8389720000	-0.0122019998999999997	0.0020742588000000001
8389750000	-0.0122300389000000002	0.00204275789999999995
8389780000	-0.0122072910999999999	0.00204198419999999979
8389810000	-0.0122328677000000004	0.00203042929999999993
8389840000	-0.0122309114000000007	0.00199105889999999985
8389870000	-0.0122149671999999994	0.00196360240000000019
8389900000	-0.0122483687999999993	0.00195801010000000008
8389930000	-0.0122250955999999994	0.00193434610000000002
8389960000	-0.0122565294000000005	0.00193386569999999991
8389990000	-0.0122303246000000001	0.0019124662000000001
8390020000	-0.0122391350999999995	0.00186945980000000002
8390050000	-0.0122706577999999993	0.00186068239999999992
8390080000	-0.0122824435999999999	0.00183675250000000004
8390110000	-0.0122539407999999999	0.00182726809999999998
8390140000	-0.0122763617000000002	0.00179981090000000008
8390170000	-0.0122534112999999993	0.0017823991999999999
8390200000	-0.0122817055000000001	0.00176411980000000003
8390230000	-0.0122737939999999993	0.00174602739999999996
8390260000	-0.0122751738000000006	0.00172214999999999998
8390290000	-0.0122820525999999992	0.00170764209999999992
8390320000	-0.0122901967000000004	0.0016943227999999999
8390350000	-0.0122785776999999995	0.00166752190000000002
8390380000	-0.0123052474000000002	0.00165947969999999997
8390410000	-0.0123171950999999991	0.00162076639999999997
8390440000	-0.0122852566000000007	0.00162890359999999989
8390470000	-0.0123038226000000001	0.00160022560000000003
8390500000	-0.0123189916000000007	0.0015886826000000001
8390530000	-0.0123160163999999992	0.00156237629999999997
8390560000	-0.0123319360999999995	0.00155445840000000002
8390590000	-0.0123262405000000002	0.00148499510000000006
8390620000	-0.0123243708999999993	0.00149371709999999991
8390650000	-0.0123165609000000006	0.00146844180000000007
8390680000	-0.0123339400999999994	0.00146797729999999997
8390710000	-0.0123150106000000006	0.00144079230000000009
8390740000	-0.0123365431999999994	0.00142870249999999996
8390770000	-0.0123133917000000006	0.00140498459999999995
8390800000	-0.0123446141999999995	0.00139286120000000008
8390830000	-0.0123535788000000007	0.00137139959999999991
8390860000	-0.0123461826	0.00134528639999999993
8390890000	-0.0123407342	0.0013431297
8390920000	-0.0123467852999999995	0.00131996450000000003
8390950000	-0.0123442824999999996	0.00131538959999999991
8390980000	-0.0123657861999999993	0.00126685430000000009
8391010000	-0.0123697406999999995	0.0012683989000000001
8391040000	-0.0123669997000000007	0.00124518260000000005
8391070000	-0.0123416616999999992	0.00122339119999999996
8391100000	-0.0123604477000000008	0.00120495520000000003
8391130000	-0.0123584283999999996	0.00119897379999999994
8391160000	-0.0123467717999999997	0.00115637120000000007
8391190000	-0.0123728154000000007	0.00114600430000000005
8391220000	-0.0123918281000000002	0.00111775539999999993
8391250000	-0.0123871251000000002	0.00111556010000000007
8391280000	-0.0123863448000000008	0.00110661209999999991
8391310000	-0.0123865853000000008	0.0010801719999999999
8391340000	-0.0123905040000000001	0.00104387430000000008
8391370000	-0.0123867409000000001	0.00105210640000000005
8391400000	-0.0123761050000000001	0.00100618619999999991
8391430000	-0.0124148641000000007	0.00101128650000000008
8391460000	-0.0123924329999999996	0.000983678100000000017
8391490000	-0.0124125159000000006	0.00095872809999999998
8391520000	-0.0124051982999999998	0.000926890700000000006
8391550000	-0.0123915064999999998	0.000937968999999999977
8391580000	-0.0123983628999999995	0.00091460230000000003
8391610000	-0.0123838132999999993	0.000901740600000000038
8391640000	-0.0124202066000000007	0.000869024699999999947
8391670000	-0.0124112435000000004	0.000883261599999999973
8391700000	-0.0124047736000000002	0.000858109300000000014
8391730000	-0.0124108673999999992	0.000849565900000000024
8391760000	-0.0124067425999999995	0.000821531100000000053
8391790000	-0.0124098049999999994	0.000807630600000000033
8391820000	-0.0124175122999999991	0.000794209699999999953
8391850000	-0.0124159160000000008	0.000764219899999999991
8391880000	-0.0124339820999999993	0.000747779399999999985
8391910000	-0.0124304331000000007	0.000749831500000000019
8391940000	-0.0124192000999999996	0.000712673999999999946
8391970000	-0.0124219379000000008	0.000692252100000000006
8392000000	-0.0124210011000000006	0.000691615400000000053
8392030000	-0.0124384244999999997	0.000690943999999999977
8392060000	-0.0124372752999999999	0.000648784600000000002
8392090000	-0.0124373091000000002	0.000628173899999999973
8392120000	-0.0124462826000000006	0.000628485700000000046
8392150000	-0.0124339433999999995	0.000622409500000000045
8392180000	-0.0124247539000000001	0.000601020599999999949
8392210000	-0.0124218496999999994	0.000585902799999999963
8392240000	-0.0124314148000000003	0.000561444000000000027
8392270000	-0.0124366366999999998	0.000559658500000000049
8392300000	-0.0124469087000000003	0.000522048100000000034
8392330000	-0.0124372742000000008	0.000509310700000000036
8392360000	-0.0124508045000000008	0.000516405900000000036
8392390000	-0.0124544037999999996	0.000492022500000000008
8392420000	-0.0124633530999999995	0.000480055800000000013
8392450000	-0.0124289928000000001	0.000460782999999999983
8392480000	-0.0124462797999999996	0.000442838900000000013
8392510000	-0.0124379882999999993	0.000428643900000000018
8392540000	-0.0124396498000000008	0.000393268800000000005
8392570000	-0.0124419595000000004	0.000384198700000000005
8392600000	-0.0124479073999999995	0.000386593699999999985
8392630000	-0.0124326543000000001	0.000375769400000000001
8392660000	-0.0124520207000000001	0.000349670500000000013
8392690000	-0.0124557421999999998	0.000354735599999999999
8392720000	-0.0124513773000000001	0.000323473999999999973
8392750000	-0.0124687241999999997	0.000319615600000000024
8392780000	-0.0124551643999999996	0.000286570299999999983
8392810000	-0.0124313494999999993	0.00027742629999999999
8392840000	-0.0124589672000000005	0.000285951599999999988
8392870000	-0.0124760478000000008	0.000269708800000000015
8392900000	-0.0124850050000000004	0.000254686399999999981
8392930000	-0.0124448751000000007	0.000239731500000000007
8392960000	-0.0124622479000000008	0.000236354800000000009
8392990000	-0.0124589288999999992	0.000197167499999999999
8393020000	-0.0124569416999999998	0.000208549400000000013
8393050000	-0.0124567363	0.000174930499999999988
8393080000	-0.0124547704000000006	0.000169674800000000004
8393110000	-0.0124572298000000005	0.000164634199999999997
8393140000	-0.0124608471999999998	0.000158055399999999991
8393170000	-0.0124691158999999992	0.000132095899999999997
8393200000	-0.0124526616999999992	0.000116083700000000001
8393230000	-0.0124657125999999997	0.000118009699999999996
8393260000	-0.0124472777000000003	0.000105668900000000001
8393290000	-0.0124610784000000006	8.4082100000000006e-05
8393320000	-0.0124829520999999999	5.89057000000000008e-05
8393350000	-0.0124351667999999995	7.89096999999999943e-05
8393380000	-0.0124740123000000001	7.08812000000000016e-05
8393410000	-0.0124567497999999999	5.84525999999999967e-05
8393440000	-0.0124526468999999994	4.59610000000000026e-05
8393470000	-0.0124769775999999995	1.44383000000000003e-05
8393500000	-0.0124335855999999998	2.39848000000000012e-05
8393530000	-0.0124641092999999998	4.68115999999999975e-05
8393560000	-0.0124444913000000008	-1.45848999999999999e-05
8393590000	-0.0124238131000000002	6.20390000000000001e-06
8393620000	-0.0124382083999999993	1.04118000000000008e-05
8393650000	-0.0124624339999999997	-1.63736999999999988e-05
8393680000	-0.0124381167999999993	-4.71382000000000021e-05
8393710000	-0.0124529480000000001	-2.56080999999999997e-05
8393740000	-0.0124464373	-5.37092999999999975e-05
8393770000	-0.0124499668000000001	-5.45093999999999969e-05
8393800000	-0.0124406247999999994	-3.03382000000000003e-05
8393830000	-0.0124557981999999998	-6.87798999999999952e-05
8393860000	-0.0124564129999999995	-7.12063999999999964e-05
8393890000	-0.0124302977000000005	-6.25535999999999969e-05
8393920000	-0.0124468076999999996	-9.34608999999999982e-05
8393950000	-0.0124383494999999993	-9.18348000000000038e-05
8393980000	-0.0124546549000000006	-0.000101281399999999996
8394010000	-0.0124384976000000008	-9.24871000000000043e-05
8394040000	-0.0124430193000000001	-0.000100522700000000006
8394070000	-0.0124113899	-0.000122701899999999998
8394100000	-0.0124331938000000006	-0.000127046200000000003
8394130000	-0.0124302223	-0.000135172699999999994
8394160000	-0.0124182513000000005	-0.000132798200000000012
8394190000	-0.0124095870999999993	-0.000116145700000000002
8394220000	-0.0124074236000000001	-0.000138845099999999996
8394250000	-0.0124238879999999993	-0.000130050499999999998
8394280000	-0.0123986453999999999	-0.000128831899999999996
8394310000	-0.0124032748000000009	-0.000123148800000000009
8394340000	-0.0124055267000000007	-0.000148453399999999997
8394370000	-0.0124018102999999998	-0.000153964599999999993
8394400000	-0.0124027354999999995	-0.000145717799999999989
8394430000	-0.0124209759000000006	-0.000174154000000000013
8394460000	-0.0124108874000000008	-0.000161006699999999991
8394490000	-0.0123824442999999999	-0.000159499099999999992
8394520000	-0.0123881193999999997	-0.000162634200000000002
8394550000	-0.0123802587000000006	-0.000153335500000000003
8394580000	-0.0123861709	-0.000175706000000000001
8394610000	-0.0123789035999999995	-0.000152884200000000009
8394640000	-0.0123756735	-0.000136345300000000004
8394670000	-0.0123657057000000001	-0.000160709000000000009
8394700000	-0.0123480307000000001	-0.000175510000000000005
8394730000	-0.0123410314000000007	-0.000148163800000000013
8394760000	-0.0123333190000000006	-0.000125565099999999988
8394790000	-0.0123484921000000004	-0.0001492334
8394820000	-0.0123115166000000009	-0.000138088799999999998
8394850000	-0.0123484740999999995	-0.000135572300000000003
8394880000	-0.0123318295000000005	-0.000126299399999999992
8394910000	-0.0123271474999999998	-0.000138552499999999992
8394940000	-0.0123348897000000006	-0.000147316499999999991
8394970000	-0.0123416120999999997	-0.000114415900000000003
8395000000	-0.0123119353000000001	-0.000113245499999999999
8395030000	-0.0123122323999999995	-0.000114220499999999995
8395060000	-0.0123064333000000008	-9.66192999999999983e-05
8395090000	-0.0122956573000000003	-9.45062000000000067e-05
8395120000	-0.0123047177000000004	-6.50840000000000023e-05
8395150000	-0.0122723740000000008	-8.22780999999999941e-05
8395180000	-0.0122879003999999993	-4.53977000000000007e-05
8395210000	-0.0122605977000000005	-5.50224999999999971e-05
8395240000	-0.0122506244999999996	-2.45460999999999986e-05
8395270000	-0.0122654848000000004	-2.66742999999999997e-05
8395300000	-0.0122495717999999993	1.80392999999999985e-05
8395330000	-0.0122479766999999996	-5.47630000000000041e-06
8395360000	-0.0122448144999999994	2.91037000000000005e-05
8395390000	-0.0122092450000000005	3.53512000000000013e-05
8395420000	-0.0122024028999999992	3.78261000000000003e-05
8395450000	-0.0121929193000000005	7.38277000000000047e-05
8395480000	-0.0121911568000000001	7.9254500000000005e-05
8395510000	-0.0121837582999999999	9.4807400000000003e-05
8395540000	-0.0121431032999999994	0.000107134500000000002
8395570000	-0.0121443868999999999	0.000154979600000000009
8395600000	-0.0121324077000000002	0.000154382500000000008
8395630000	-0.0121253916000000003	0.000192979600000000012
8395660000	-0.0121349649999999993	0.00021364419999999999
8395690000	-0.0120916466000000004	0.000244356799999999991
8395720000	-0.0120620160999999997	0.000264831900000000022
8395750000	-0.0120792237000000007	0.000272752699999999988
8395780000	-0.0120333195000000004	0.000308073500000000024
8395810000	-0.0120197715	0.000335909099999999992
8395840000	-0.0119983398000000005	0.000383072799999999982
8395870000	-0.0119941262999999996	0.000407746800000000011
8395900000	-0.0119653573999999995	0.000430249099999999987
8395930000	-0.0119304454999999993	0.000456453299999999996
8395960000	-0.0119456489999999992	0.000490298899999999996
8395990000	-0.0119194068000000007	0.000514451299999999965
8396020000	-0.0118758978000000001	0.000550221300000000037
8396050000	-0.0118309340999999991	0.000606530599999999969
8396080000	-0.0118196749000000004	0.000627312100000000021
8396110000	-0.0117781232000000007	0.000696251600000000041
8396140000	-0.0117691487000000008	0.000719797299999999987
8396170000	-0.0117295883999999993	0.000760315100000000048
8396200000	-0.0116782959999999995	0.00081649390000000004
8396230000	-0.0116721741	0.000881278299999999981
8396260000	-0.0116235686999999997	0.000910724100000000051
8396290000	-0.0115856553000000008	0.000966532700000000003
8396320000	-0.0115599256999999993	0.00101649360000000003
8396350000	-0.0114972675999999996	0.00106357549999999993
8396380000	-0.0114511795000000003	0.00113958690000000003
8396410000	-0.0114239809000000001	0.00117835649999999993
8396440000	-0.0113543350999999997	0.00124663729999999998
8396470000	-0.0113103516000000008	0.0013009254
8396500000	-0.0112527272999999994	0.00136512619999999999
8396530000	-0.0111958712000000005	0.0014450372
8396560000	-0.0111293982999999992	0.00147681159999999995
8396590000	-0.0110705396999999997	0.00155413110000000008
8396620000	-0.0109747070000000002	0.00165129969999999997
8396650000	-0.0109147681999999992	0.00170114279999999994
8396680000	-0.0108392288999999992	0.00178232809999999994
8396710000	-0.0107565569000000003	0.00185747699999999996
8396740000	-0.0106769631000000007	0.00192411069999999995
8396770000	-0.0105716861999999995	0.0019977425
8396800000	-0.0104915858999999993	0.00209519340000000011
8396830000	-0.0103607152000000004	0.00215312910000000019
8396860000	-0.0102547478000000001	0.00227387109999999983
8396890000	-0.0101411482999999997	0.00234732950000000017
8396920000	-0.0100055911000000008	0.00243375390000000018
8396950000	-0.0098514802999999998	0.00256115210000000017
8396980000	-0.00968340430000000016	0.00261569820000000014
8397010000	-0.00954595090000000084	0.00270963760000000019
8397040000	-0.00937404789999999981	0.00278910349999999998
8397070000	-0.00920414859999999987	0.00287815050000000006
8397100000	-0.00901219760000000064	0.00295648890000000004
8397130000	-0.00879826000000000046	0.00304836450000000019
8397160000	-0.00861125519999999915	0.00311268930000000018
8397190000	-0.00836187679999999926	0.00318399549999999996
8397220000	-0.00810284720000000076	0.00324693950000000007
8397250000	-0.00784102840000000002	0.00333092210000000008
8397280000	-0.00758358209999999977	0.00338376879999999994
8397310000	-0.00729322209999999985	0.00339476299999999986
8397340000	-0.00699623439999999975	0.00343988779999999982
8397370000	-0.00667114439999999965	0.00343701899999999992
8397400000	-0.00634573430000000011	0.00343685369999999994
8397430000	-0.00598198920000000012	0.00341938530000000015
8397460000	-0.00566247300000000033	0.00335017930000000011
8397490000	-0.0052744853999999999	0.00328366680000000003
8397520000	-0.00490235759999999975	0.0031979202
8397550000	-0.00456597959999999973	0.00305790689999999987
8397580000	-0.00417857960000000018	0.00292353640000000015
8397610000	-0.00381998390000000019	0.00273320460000000013
8397640000	-0.00345971739999999988	0.00251961710000000007
8397670000	-0.00313273639999999982	0.00233058059999999984
8397700000	-0.00277050619999999991	0.00206589290000000004
8397730000	-0.0024810676999999998	0.00180630999999999999
8397760000	-0.00215194600000000007	0.0014880195000000001
8397790000	-0.00190607980000000003	0.00120171759999999992
8397820000	-0.00164085389999999993	0.000868946299999999992
8397850000	-0.00143730890000000008	0.000532662399999999964
8397880000	-0.00121922489999999996	0.000179968500000000003
8397910000	-0.00104454060000000004	-0.000175814900000000003
8397940000	-0.000919718099999999959	-0.000544719200000000001
8397970000	-0.000797491199999999958	-0.000881051299999999985
8398000000	-0.000702876699999999978	-0.00123553349999999998
8398030000	-0.00061445110000000005	-0.0016101532999999999
8398060000	-0.00057662719999999998	-0.0019777394999999998
8398090000	-0.000550722700000000039	-0.00230942869999999989
8398120000	-0.000506315400000000048	-0.00265493429999999996
8398150000	-0.000541726999999999985	-0.00296361309999999996
8398180000	-0.000555631700000000029	-0.0033137332000000002
8398210000	-0.000572648000000000037	-0.00362631380000000021
8398240000	-0.000638082100000000028	-0.00393667100000000009
8398270000	-0.00070154340000000003	-0.0042128202999999996
8398300000	-0.000794130400000000016	-0.00451262350000000007
8398330000	-0.000857114800000000022	-0.00480845869999999963
8398360000	-0.000990185300000000082	-0.00505506439999999987
8398390000	-0.00108841629999999992	-0.00530098859999999974
8398420000	-0.00119620459999999996	-0.00552623320000000025
8398450000	-0.00130666989999999998	-0.00577491339999999971
8398480000	-0.00143283579999999998	-0.00597217869999999967
8398510000	-0.00158176150000000006	-0.00616217920000000034
8398540000	-0.00170359950000000004	-0.00636321870000000015
8398570000	-0.00183188600000000002	-0.00654098439999999982
8398600000	-0.00197370270000000016	-0.00672474959999999969
8398630000	-0.00211988870000000013	-0.0068782925
8398660000	-0.00223629400000000022	-0.00703062330000000027
8398690000	-0.00238224600000000019	-0.00717743249999999982
8398720000	-0.00255288379999999999	-0.00731854939999999985
8398750000	-0.0026808254000000001	-0.00743857390000000028
8398780000	-0.00281883359999999996	-0.00756628230000000023
8398810000	-0.00295353149999999986	-0.00766848699999999987
8398840000	-0.00307744869999999979	-0.0077904888000000002
8398870000	-0.00322059649999999979	-0.00788443959999999937
8398900000	-0.00336430710000000001	-0.0079791106000000004
8398930000	-0.00348328219999999994	-0.00804560609999999989
8398960000	-0.00363532739999999997	-0.00815277590000000087
8398990000	-0.00375353110000000009	-0.00819143389999999957
8399020000	-0.00386761189999999984	-0.00825900209999999926
8399050000	-0.00400259000000000031	-0.00833295229999999991
8399080000	-0.00411267490000000006	-0.00839883179999999924
8399110000	-0.00420424590000000042	-0.00845062249999999938
8399140000	-0.00435155210000000032	-0.00851236319999999942
8399170000	-0.00447306390000000009	-0.00854623390000000017
8399200000	-0.00457130579999999974	-0.00860103689999999928
8399230000	-0.0046855454999999999	-0.00866163309999999978
8399260000	-0.00478387380000000039	-0.00868830060000000057
8399290000	-0.00486398669999999964	-0.00870749160000000057
8399320000	-0.00495973420000000043	-0.00873777700000000039
8399350000	-0.00505824260000000032	-0.00875693659999999922
8399380000	-0.00515063909999999986	-0.00881087369999999925
8399410000	-0.00525388629999999981	-0.00881717960000000071
8399440000	-0.00532986350000000039	-0.00884455399999999926
8399470000	-0.0054314013000000003	-0.00886426499999999964
8399500000	-0.00551064219999999969	-0.00890763359999999921
8399530000	-0.00558537580000000033	-0.00890825959999999931
8399560000	-0.00564752489999999999	-0.00893962080000000082
8399590000	-0.00574038929999999992	-0.00896277600000000042
8399620000	-0.00579706120000000012	-0.00896449910000000037
8399650000	-0.00586405499999999996	-0.00895325909999999947
8399680000	-0.00591657769999999993	-0.00896511709999999948
8399710000	-0.00600243200000000025	-0.00899015910000000064
8399740000	-0.00607043309999999968	-0.00902488499999999985
8399770000	-0.00610246530000000016	-0.00900829660000000004
8399800000	-0.00618921039999999981	-0.00903072759999999988
8399830000	-0.00623467070000000012	-0.00904845880000000082
8399860000	-0.00626569780000000003	-0.00906307280000000041
8399890000	-0.00632036980000000043	-0.00904335759999999947
8399920000	-0.0063777316000000004	-0.00906198190000000008
8399950000	-0.00642940569999999982	-0.00906123929999999925
8399980000	-0.00647345370000000035	-0.00906483460000000012
8400010000	-0.00654578359999999967	-0.0090949745000000002
8400040000	-0.00657037779999999991	-0.00908243490000000021
8400070000	-0.00661132260000000041	-0.00910739319999999929
8400100000	-0.00665632350000000018	-0.0090824145999999998
8400130000	-0.00671605859999999978	-0.00906135660000000065
8400160000	-0.00674466570000000019	-0.00910322799999999967
8400190000	-0.00678511370000000041	-0.00910323740000000027
8400220000	-0.00683142119999999992	-0.00910406220000000051
8400250000	-0.00685210669999999997	-0.00911445469999999994
8400280000	-0.00689236619999999967	-0.00911934390000000011
8400310000	-0.00694051680000000015	-0.00908560450000000033
8400340000	-0.00694528199999999967	-0.00911231589999999918
8400370000	-0.00698897030000000027	-0.00910018689999999957
8400400000	-0.00701313260000000025	-0.00911931499999999937
8400430000	-0.00705888049999999975	-0.00910720599999999963
8400460000	-0.00705901710000000036	-0.00913103120000000046
8400490000	-0.00709063449999999991	-0.00911266959999999966
8400520000	-0.00711164369999999976	-0.00913483730000000035
8400550000	-0.00715327199999999958	-0.00915486050000000051
8400580000	-0.00717103529999999975	-0.00914719140000000083
8400610000	-0.00718980250000000008	-0.00913025129999999949
8400640000	-0.00720995850000000042	-0.00915333200000000013
8400670000	-0.00722265129999999974	-0.00916018140000000002
8400700000	-0.00723623420000000031	-0.0091417232000000001
8400730000	-0.00726638079999999964	-0.0091710591999999997
8400760000	-0.00729228159999999962	-0.00916038469999999952
8400790000	-0.00729568600000000001	-0.00916411420000000018
8400820000	-0.0073228401999999998	-0.00914842809999999972
8400850000	-0.00733345150000000012	-0.00917859830000000015
8400880000	-0.00735663639999999987	-0.00917609729999999992
8400910000	-0.00737650879999999978	-0.00917981359999999955
8400940000	-0.00737135090000000034	-0.0091802168999999996
8400970000	-0.00738935830000000005	-0.0091749554000000004
8401000000	-0.00741974580000000043	-0.00919684609999999944
8401030000	-0.00743403899999999992	-0.00917795849999999969
8401060000	-0.0074038117000000004	-0.00919981140000000058
8401090000	-0.00744511149999999965	-0.00919746830000000085
8401120000	-0.00745624830000000006	-0.00920617760000000049
8401150000	-0.00746161449999999983	-0.00921359599999999924
8401180000	-0.0074540826999999997	-0.00922247699999999976
8401210000	-0.00750186100000000029	-0.00921588719999999993
8401240000	-0.00748757799999999994	-0.00922205719999999972
8401270000	-0.00749809889999999979	-0.00922539950000000018
8401300000	-0.00750539510000000024	-0.00924270999999999947
8401330000	-0.00751345720000000036	-0.00924526129999999995
8401360000	-0.00752362900000000043	-0.00924491459999999925
8401390000	-0.00753874890000000037	-0.00924045870000000068
8401420000	-0.00750935839999999997	-0.00926733069999999964
8401450000	-0.00756125310000000002	-0.00929770220000000064
8401480000	-0.00752668390000000003	-0.00925068610000000062
8401510000	-0.00755727389999999964	-0.00927649770000000054
8401540000	-0.00754378360000000029	-0.00928992269999999974
8401570000	-0.00754845759999999994	-0.00927118449999999976
8401600000	-0.00753659060000000033	-0.0093045216000000007
8401630000	-0.00757875790000000008	-0.00930437540000000028
8401660000	-0.00757118780000000033	-0.00929412290000000002
8401690000	-0.00756466699999999975	-0.00928887400000000078
8401720000	-0.0075623909999999999	-0.00931211870000000011
8401750000	-0.00756051029999999999	-0.00931962430000000085
8401780000	-0.0075421450000000001	-0.00931717840000000075
8401810000	-0.00758113890000000016	-0.00932685930000000038
8401840000	-0.00756759510000000035	-0.00932199470000000079
8401870000	-0.00756001810000000041	-0.0093450979999999996
8401900000	-0.00757067640000000028	-0.00935709539999999944
8401930000	-0.00757700209999999982	-0.00934457560000000013
8401960000	-0.00756253339999999989	-0.0093728254999999993
8401990000	-0.00756363179999999975	-0.00936531749999999948
8402020000	-0.00754635110000000022	-0.00937533179999999917
8402050000	-0.00755799059999999988	-0.00939088530000000039
8402080000	-0.00756472619999999998	-0.00938918350000000033
8402110000	-0.0075594121999999998	-0.0094163619999999993
8402140000	-0.0075714364000000001	-0.00940941210000000028
8402170000	-0.00755549290000000033	-0.00940341320000000029
8402200000	-0.0075654082000000001	-0.00944061300000000048
8402230000	-0.00754617929999999975	-0.00940920919999999918
8402260000	-0.00754632969999999986	-0.00943856579999999973
8402290000	-0.00754215679999999979	-0.00943106280000000075
8402320000	-0.0075281619999999997	-0.00944261839999999998
8402350000	-0.00752663319999999966	-0.0094437423000000003
8402380000	-0.00754453629999999979	-0.00947283470000000009
8402410000	-0.00753273819999999983	-0.00945444060000000079
8402440000	-0.00750592020000000019	-0.00946857729999999939
8402470000	-0.00754500380000000005	-0.00949287839999999987
8402500000	-0.00750422429999999998	-0.00951224340000000022
8402530000	-0.00749670179999999998	-0.00950748449999999981
8402560000	-0.00751812700000000032	-0.00952080590000000011
8402590000	-0.00749278450000000033	-0.00952078469999999982
8402620000	-0.00747408740000000005	-0.00953082310000000037
8402650000	-0.00746653990000000021	-0.00952509600000000026
8402680000	-0.00748256840000000034	-0.00955449360000000004
8402710000	-0.00745699599999999959	-0.00957427999999999925
8402740000	-0.00746395059999999978	-0.00958020899999999925
8402770000	-0.00744849119999999986	-0.00958147600000000023
8402800000	-0.00743786210000000041	-0.00957475720000000065
8402830000	-0.00744144629999999967	-0.00959609649999999988
8402860000	-0.00743652969999999969	-0.00957233289999999924
8402890000	-0.00743422029999999973	-0.00961049020000000025
8402920000	-0.00744226000000000002	-0.00960511250000000046
8402950000	-0.00740267219999999997	-0.00960336749999999954
8402980000	-0.00740969139999999964	-0.00960889409999999937
8403010000	-0.00740932830000000028	-0.00962263910000000014
8403040000	-0.00740034329999999987	-0.00963880259999999947
8403070000	-0.00737029640000000028	-0.00968595279999999968
8403100000	-0.00736867800000000003	-0.00967051009999999982
8403130000	-0.00736057330000000013	-0.0096820577999999994
8403160000	-0.00735850759999999958	-0.0096806843000000007
8403190000	-0.00735343780000000027	-0.00969717370000000058
8403220000	-0.00733685149999999987	-0.00970917879999999914
8403250000	-0.00735175400000000027	-0.00970181139999999956
8403280000	-0.00733682950000000018	-0.00973696769999999982
8403310000	-0.00731668380000000031	-0.00972661600000000043
8403340000	-0.00729402120000000043	-0.00972028410000000051
8403370000	-0.00727679869999999993	-0.00974579689999999915
8403400000	-0.0072805296999999998	-0.00975338419999999956
8403430000	-0.00729057209999999997	-0.00975318290000000074
8403460000	-0.00725759749999999992	-0.00977022810000000019
8403490000	-0.00726445530000000006	-0.00978086620000000011
8403520000	-0.00725059760000000032	-0.00978732350000000029
8403550000	-0.00725542209999999969	-0.00978065009999999971
8403580000	-0.00720870379999999974	-0.00982355289999999916
8403610000	-0.00719867730000000022	-0.00982122430000000046
8403640000	-0.00718255939999999996	-0.00979943169999999975
8403670000	-0.00719043939999999999	-0.00984705710000000067
8403700000	-0.00717110929999999983	-0.00985199200000000039
8403730000	-0.00715284409999999982	-0.00986921089999999966
8403760000	-0.00715011390000000035	-0.00986807989999999996
8403790000	-0.00714749110000000021	-0.00984777189999999983
8403820000	-0.00713333720000000008	-0.00987813950000000079
8403850000	-0.00712599610000000036	-0.00987002990000000052
8403880000	-0.00712613120000000003	-0.00991216089999999959
8403910000	-0.00707837189999999984	-0.00990349509999999961
8403940000	-0.00709795059999999978	-0.00990923240000000059
8403970000	-0.00706641639999999998	-0.00994577900000000008
8404000000	-0.00705905600000000018	-0.00993814950000000003
8404030000	-0.0070467819000000001	-0.00995484649999999957
8404060000	-0.00703060909999999976	-0.00994918179999999992
8404090000	-0.00704158669999999966	-0.00996483679999999976
8404120000	-0.00701264440000000031	-0.00996611520000000028
8404150000	-0.00700088130000000013	-0.00998753190000000075
8404180000	-0.00698096449999999983	-0.00999599120000000015
8404210000	-0.00697624539999999998	-0.0100092940000000002
8404240000	-0.00695125979999999984	-0.0100274487999999998
8404270000	-0.00692305639999999962	-0.0100295504000000001
8404300000	-0.0069318521999999997	-0.0100310125000000003
8404330000	-0.00693059339999999979	-0.0100425793999999995
8404360000	-0.00691421339999999992	-0.0100665654999999993
8404390000	-0.00690788919999999959	-0.0100702489999999999
8404420000	-0.00686598629999999981	-0.0100757003000000005
8404450000	-0.00687641169999999961	-0.0100693502000000004
8404480000	-0.00683295719999999981	-0.0100808617000000007
8404510000	-0.0068408033	-0.0100932991999999992
8404540000	-0.00681507379999999989	-0.0101039861000000002
8404570000	-0.00680509990000000009	-0.0101176261000000007
8404600000	-0.00680990210000000009	-0.0101239337000000006
8404630000	-0.00678707390000000011	-0.0101239030000000001
8404660000	-0.0067761169000000003	-0.0101212378999999998
8404690000	-0.00678114270000000022	-0.0101463609
8404720000	-0.00673943130000000026	-0.0101779637000000006
8404750000	-0.0067227325000000001	-0.0101822700000000002
8404780000	-0.00673060909999999984	-0.0101813402999999993
8404810000	-0.00670402259999999979	-0.0102201344000000006
8404840000	-0.0066912791999999997	-0.0101944084000000004
8404870000	-0.00665824249999999972	-0.0102292582000000007
8404900000	-0.00665596900000000029	-0.0102230498999999996
8404930000	-0.00664362240000000021	-0.0102395152999999999
8404960000	-0.00660359890000000033	-0.0102328804999999995
8404990000	-0.00661828669999999994	-0.0102441518000000002
8405020000	-0.00662057879999999963	-0.0102552580999999993
8405050000	-0.00659614509999999991	-0.0102424536999999993
8405080000	-0.0065789485	-0.0103103759
8405110000	-0.0065615910999999999	-0.0102874113000000003
8405140000	-0.00655037909999999987	-0.0102985014999999996
8405170000	-0.00651956389999999979	-0.0103088186000000002
8405200000	-0.00651453020000000022	-0.0103267115000000003
8405230000	-0.0064917426999999998	-0.0103265222000000004
8405260000	-0.00648720220000000014	-0.0103079070999999994
8405290000	-0.00646795150000000017	-0.0103588042999999998
8405320000	-0.00646139569999999979	-0.0103474498999999998
8405350000	-0.00642649659999999963	-0.0103428645999999996
8405380000	-0.00640727250000000005	-0.0103712899000000004
8405410000	-0.00638533479999999973	-0.0104025941000000007
8405440000	-0.00638690580000000029	-0.0103903450000000005
8405470000	-0.00636033950000000018	-0.0103962038999999996
8405500000	-0.00633985959999999998	-0.0104229140999999997
8405530000	-0.00632429140000000025	-0.0104372441999999992
8405560000	-0.00630876029999999973	-0.0104333961000000006
8405590000	-0.00630367109999999987	-0.0104457604000000003
8405620000	-0.00627602630000000019	-0.0104466190000000007
8405650000	-0.00626534390000000035	-0.0104606265000000004
8405680000	-0.0062438448000000004	-0.0104811495000000001
8405710000	-0.00623708060000000009	-0.0104929589999999996
8405740000	-0.0062344198	-0.0105147129000000006
8405770000	-0.00620178750000000001	-0.0105019329000000002
8405800000	-0.00618803990000000009	-0.0105150117000000001
8405830000	-0.00616700290000000029	-0.0105140747000000007
8405860000	-0.0061476189000000004	-0.0105466967999999998
8405890000	-0.0061293112999999998	-0.0105493988
8405920000	-0.0061240130999999998	-0.0105587957
8405950000	-0.00608978019999999957	-0.0105462255000000008
8405980000	-0.00605210630000000034	-0.0105607782000000008
8406010000	-0.00606219810000000001	-0.0105819417999999995
8406040000	-0.00603286769999999972	-0.0105714221000000001
8406070000	-0.00603082099999999958	-0.0105856874999999996
8406100000	-0.00603188479999999978	-0.0105864029999999994
8406130000	-0.00599764650000000031	-0.0106153414000000005
8406160000	-0.00597634849999999999	-0.0106208835000000008
8406190000	-0.00596677999999999965	-0.0106401081000000002
8406220000	-0.0059515061999999997	-0.0106509377999999995
8406250000	-0.00593337229999999979	-0.0106418937000000002
8406280000	-0.00591738799999999999	-0.0106479216000000005
8406310000	-0.00589044689999999958	-0.0106705102999999999
8406340000	-0.00587429239999999984	-0.0106913731000000001
8406370000	-0.00584332399999999957	-0.0106838961999999992
8406400000	-0.00585770949999999974	-0.0107261600999999998
8406430000	-0.00580908130000000033	-0.0107258827999999994
8406460000	-0.00581959000000000035	-0.0107267531999999995
8406490000	-0.00578322469999999981	-0.0107287514
8406520000	-0.00575164380000000013	-0.0107499711999999997
8406550000	-0.00574920059999999965	-0.0107474678000000004
8406580000	-0.00574052779999999988	-0.0107567571999999997
8406610000	-0.00570907749999999964	-0.0107815739000000008
8406640000	-0.00570069949999999978	-0.0107712585999999999
8406670000	-0.00568207650000000005	-0.0107833834000000007
8406700000	-0.00565369610000000019	-0.010801115
8406730000	-0.00564252510000000027	-0.010781232
8406760000	-0.00561190720000000025	-0.0108215442999999995
8406790000	-0.00557406079999999988	-0.0108234313000000002
8406820000	-0.00557825250000000029	-0.0108333102999999993
8406850000	-0.00557146949999999964	-0.0108440927999999999
8406880000	-0.00555462649999999974	-0.0108332341000000002
8406910000	-0.00554044149999999985	-0.0108685511000000002
8406940000	-0.00551006279999999987	-0.0108777188999999996
8406970000	-0.00548586079999999979	-0.0109008132999999993
8407000000	-0.00546854630000000001	-0.0108669300999999999
8407030000	-0.00545692180000000027	-0.0109105872999999999
8407060000	-0.00546751780000000014	-0.0109000763000000004
8407090000	-0.00542415100000000032	-0.0109034622999999997
8407120000	-0.00539677160000000006	-0.0109435259000000007
8407150000	-0.00539213260000000021	-0.0109273757999999999
8407180000	-0.00537898850000000008	-0.0109246416999999995
8407210000	-0.00534813740000000034	-0.0109527400000000007
8407240000	-0.00532617909999999993	-0.0109789268000000002
8407270000	-0.00530509459999999999	-0.0109765903000000001
8407300000	-0.00530314480000000036	-0.0109909525999999994
8407330000	-0.00527615839999999968	-0.0110107988000000007
8407360000	-0.00527406479999999959	-0.0110016116000000008
8407390000	-0.00523758370000000032	-0.0110309485000000002
8407420000	-0.00520190660000000027	-0.0110255883999999995
8407450000	-0.00520939070000000018	-0.0110348926999999999
8407480000	-0.00517942039999999982	-0.0110397809000000006
8407510000	-0.00516904860000000008	-0.0110385193000000006
8407540000	-0.00513719979999999968	-0.0110646128
8407570000	-0.00511339400000000027	-0.0110563914000000006
8407600000	-0.00509790909999999989	-0.0110725537999999991
8407630000	-0.00509618339999999993	-0.0110869069000000004
8407660000	-0.00507588929999999976	-0.0110969399999999996
8407690000	-0.00503467819999999996	-0.0111076170999999998
8407720000	-0.00505217270000000041	-0.0110954659000000004
8407750000	-0.00500950959999999987	-0.0111280111999999994
8407780000	-0.00496757899999999974	-0.0110813596999999996
8407810000	-0.00497172039999999992	-0.0111242126000000007
8407840000	-0.00494383759999999974	-0.0111381776999999998
8407870000	-0.00492107969999999988	-0.0111524323000000009
8407900000	-0.00492543970000000001	-0.0111571615000000002
8407930000	-0.0049033773000000001	-0.0111584957999999995
8407960000	-0.0048722256000000002	-0.0111762344000000003
8407990000	-0.00484931950000000011	-0.0111873145
8408020000	-0.00484669770000000031	-0.0111823532999999996
8408050000	-0.00481612549999999983	-0.0112011550000000008
8408080000	-0.00480259550000000038	-0.0111847322000000002
8408110000	-0.00478265709999999965	-0.0112238849999999994
8408140000	-0.00474882589999999979	-0.0112163326999999997
8408170000	-0.00472810889999999984	-0.0112146720000000002
8408200000	-0.00471942439999999998	-0.0112417301999999993
8408230000	-0.00472442239999999996	-0.0112330147999999998
8408260000	-0.00470310329999999981	-0.0112367513000000002
8408290000	-0.0046603221999999998	-0.0112573602999999998
8408320000	-0.00464244399999999991	-0.0112617783000000006
8408350000	-0.00462378289999999977	-0.0112907243000000008
8408380000	-0.00460252730000000002	-0.0112609076999999995
8408410000	-0.00459656519999999957	-0.0112875845999999991
8408440000	-0.0045716254000000003	-0.0112825301999999999
8408470000	-0.00453174020000000032	-0.0112831843000000005
8408500000	-0.0045396398000000001	-0.0113325271999999994
8408530000	-0.00449136640000000024	-0.0113027345999999994
8408560000	-0.00448772210000000001	-0.0113104027999999992
8408590000	-0.00444593860000000018	-0.0113113137000000006
8408620000	-0.0044537572000000001	-0.0113506467999999992
8408650000	-0.00441042829999999976	-0.0113339258000000002
8408680000	-0.00438767770000000022	-0.0113576447000000007
8408710000	-0.00437122209999999973	-0.0113537779000000005
8408740000	-0.00436233569999999998	-0.0113657807999999992
8408770000	-0.00435728959999999964	-0.0113649778999999999
8408800000	-0.00430901180000000002	-0.011377702
8408830000	-0.00430422450000000033	-0.0113852681000000001
8408860000	-0.0042597707000000002	-0.0113979492000000002
8408890000	-0.0042408678	-0.0114071507000000003
8408920000	-0.00424422239999999989	-0.0114294494999999992
8408950000	-0.00422497250000000019	-0.0114386794999999999
8408980000	-0.00420188750000000024	-0.0114369025999999999
8409010000	-0.00416976160000000033	-0.0114333542000000007
8409040000	-0.00415089860000000029	-0.0114591178999999994
8409070000	-0.00412072380000000002	-0.0114821673999999999
8409100000	-0.00409093160000000011	-0.0114720577999999993
8409130000	-0.00412004410000000026	-0.0114708089000000006
8409160000	-0.00407614680000000038	-0.0114869059000000003
8409190000	-0.00404005149999999997	-0.0114580988999999998
8409220000	-0.00403490549999999983	-0.0114932582999999998
8409250000	-0.00399339570000000008	-0.0115082955999999993
8409280000	-0.00399241139999999967	-0.0114994052999999995
8409310000	-0.00396652379999999985	-0.0115114745000000004
8409340000	-0.00395231460000000038	-0.0115111864999999994
8409370000	-0.00392202699999999981	-0.0115481921000000001
8409400000	-0.00388163839999999989	-0.0115324229000000004
8409430000	-0.00388104729999999998	-0.0115332479999999994
8409460000	-0.00387990099999999984	-0.0115537642999999999
8409490000	-0.00385600010000000009	-0.0115441650000000003
8409520000	-0.00380390090000000012	-0.0115740168999999993
8409550000	-0.00378369870000000007	-0.0115917426999999993
8409580000	-0.00376452629999999991	-0.0115665514999999993
8409610000	-0.00375990800000000017	-0.0115748081999999999
8409640000	-0.00372497939999999993	-0.0115904045000000001
8409670000	-0.0037124387	-0.0116143203999999993
8409700000	-0.0036943102000000002	-0.0116193757000000002
8409730000	-0.00366928790000000012	-0.0116082167999999996
8409760000	-0.00364951300000000006	-0.0115977500000000004
8409790000	-0.00362277390000000001	-0.0116291633000000002
8409820000	-0.00360724499999999981	-0.0116178142999999994
8409850000	-0.00356094019999999992	-0.0116182431999999995
8409880000	-0.00354888320000000014	-0.0116352004999999998
8409910000	-0.00352184449999999984	-0.0116647116000000006
8409940000	-0.0035255731999999998	-0.0116635661999999994
8409970000	-0.00349528430000000008	-0.0116708152000000003
8410000000	-0.00346939220000000003	-0.0116733867999999994
8410030000	-0.00345855259999999992	-0.0116452918000000006
8410060000	-0.00342611780000000006	-0.0116683884999999998
8410090000	-0.00339785650000000005	-0.0116844283000000007
8410120000	-0.00338035019999999992	-0.0117074672999999997
8410150000	-0.00335396739999999994	-0.0117114977999999998
8410180000	-0.00334073150000000017	-0.0117035196000000001
8410210000	-0.00333804989999999992	-0.0117132461999999993
8410240000	-0.00329338310000000002	-0.0117215372999999994
8410270000	-0.0032776035000000002	-0.0117397344000000001
8410300000	-0.00326599980000000017	-0.0117370128000000001
8410330000	-0.00323472700000000018	-0.0117345183999999995
8410360000	-0.00322139389999999979	-0.0117417052000000008
8410390000	-0.00319632420000000002	-0.0117616144999999998
8410420000	-0.00317193720000000018	-0.0117438870999999993
8410450000	-0.0031659714999999998	-0.0117647501000000005
8410480000	-0.00311262520000000001	-0.0117794877000000006
8410510000	-0.0031069213	-0.0117726466000000005
8410540000	-0.00309246239999999995	-0.0117744865000000004
8410570000	-0.0030489556000000001	-0.0117823692999999997
8410600000	-0.00300890150000000019	-0.0117963983000000001
8410630000	-0.00304730029999999985	-0.0117752203
8410660000	-0.00298434970000000009	-0.0118078023999999993
8410690000	-0.00297334169999999981	-0.0118141970000000002
8410720000	-0.00297204459999999985	-0.0118289095999999996
8410750000	-0.00294237969999999998	-0.0118272878000000008
8410780000	-0.0029084877000000002	-0.0118056066000000008
8410810000	-0.0028622487999999998	-0.0118126835000000006
8410840000	-0.00286978449999999996	-0.0118421081000000001
8410870000	-0.00285606860000000001	-0.0118597384999999996
8410900000	-0.00280916949999999999	-0.0118374363999999999
8410930000	-0.00280408489999999996	-0.0118478828000000008
8410960000	-0.00276595280000000018	-0.0118474457000000005
8410990000	-0.0027562607999999998	-0.0118618408000000005
8411020000	-0.00272507640000000002	-0.0118698763999999998
8411050000	-0.00270880879999999989	-0.0118797947999999993
8411080000	-0.00271281119999999994	-0.0118919435
8411110000	-0.00266819259999999999	-0.0118759202000000008
8411140000	-0.00265904640000000012	-0.0118998173000000006
8411170000	-0.00263045710000000014	-0.0119059922999999995
8411200000	-0.00261094680000000011	-0.0118860996999999996
8411230000	-0.00257867089999999979	-0.0119220916000000003
8411260000	-0.00255310749999999994	-0.0118984798000000003
8411290000	-0.00253365110000000008	-0.0119268710000000003
8411320000	-0.00251736000000000017	-0.0119213510999999998
8411350000	-0.00251102459999999993	-0.0119378615000000007
8411380000	-0.00247247420000000018	-0.0119483870999999992
8411410000	-0.00245282240000000004	-0.0119325270000000001
8411440000	-0.00242586350000000006	-0.0119213759999999992
8411470000	-0.00242245290000000016	-0.0119544685000000008
8411500000	-0.0023927579	-0.0119808455000000001
8411530000	-0.00239383609999999991	-0.0119669454999999994
8411560000	-0.00233109589999999992	-0.0119609941000000004
8411590000	-0.00232726190000000005	-0.0119452042000000001
8411620000	-0.00229661539999999982	-0.0119735667000000004
8411650000	-0.00227604040000000014	-0.0119465421000000006
8411680000	-0.00225176769999999981	-0.0119952331000000006
8411710000	-0.00222891819999999994	-0.0119895599000000002
8411740000	-0.00219748639999999993	-0.0120125292000000002
8411770000	-0.0021858139999999999	-0.0120003938999999997
8411800000	-0.00215507409999999991	-0.0119901260000000003
8411830000	-0.0021360391999999998	-0.0120166176999999992
8411860000	-0.00212006499999999997	-0.0120143361000000001
8411890000	-0.00211414160000000014	-0.0120072873000000007
8411920000	-0.00206628590000000004	-0.0120132955999999996
8411950000	-0.00205814020000000004	-0.0120294122000000007
8411980000	-0.00203601869999999992	-0.0120270042999999997
8412010000	-0.00201614010000000007	-0.0120351642999999998
8412040000	-0.00199062049999999997	-0.0120220469999999992
8412070000	-0.0019785235	-0.0120354207000000005
8412100000	-0.0019462545999999999	-0.0120419801999999999
8412130000	-0.00192520309999999993	-0.0120269877999999997
8412160000	-0.00191415240000000005	-0.0120274504000000004
8412190000	-0.00189040949999999997	-0.0120541233000000005
8412220000	-0.00186355750000000001	-0.0120708146000000002
8412250000	-0.00183585189999999998	-0.0120609836999999998
8412280000	-0.00182715270000000009	-0.0120731790999999995
8412310000	-0.0017968188	-0.0120800401999999994
8412340000	-0.00176214030000000003	-0.0120979953000000008
8412370000	-0.00174490699999999997	-0.0120972653999999995
8412400000	-0.00169050870000000009	-0.0120900283999999993
8412430000	-0.00171236970000000007	-0.0120719330999999996
8412460000	-0.00166823079999999999	-0.0120945649000000002
8412490000	-0.00166352769999999995	-0.0120928853999999995
8412520000	-0.00162776349999999991	-0.0120832882000000003
8412550000	-0.00160495600000000005	-0.0120869555999999993
8412580000	-0.00160360170000000009	-0.0121011347999999998
8412610000	-0.00156828460000000007	-0.0121043162999999992
8412640000	-0.00155486600000000002	-0.0121154155000000006
8412670000	-0.00151946289999999994	-0.0121136436999999993
8412700000	-0.00148575079999999993	-0.0120970204999999997
8412730000	-0.00147754830000000007	-0.0121169363000000006
8412760000	-0.00146168430000000009	-0.0121328020999999994
8412790000	-0.00142632789999999989	-0.0121306056000000002
8412820000	-0.00140049529999999997	-0.0121307332000000004
8412850000	-0.00137882340000000008	-0.0121219476000000003
8412880000	-0.00137817030000000006	-0.0121362264999999997
8412910000	-0.00135970069999999995	-0.0121402126999999999
8412940000	-0.00130328299999999992	-0.0121423318999999991
8412970000	-0.00132003450000000005	-0.0121376811000000005
8413000000	-0.00129694430000000006	-0.0121440271999999991
