13552000000	-0.0236357929000000008	-0.0132585455999999994
13552180000	-0.0236798988999999994	-0.0131305163000000006
13552360000	-0.0237847779000000016	-0.0129535876999999997
13552540000	-0.0238631758999999985	-0.0128041736999999992
13552720000	-0.0239310055000000015	-0.0127489070999999999
13552900000	-0.0240315317000000007	-0.0125516768999999993
13553080000	-0.0241162026999999987	-0.0125002533999999995
13553260000	-0.0241657295000000001	-0.0123479587999999994
13553440000	-0.0243501716000000014	-0.0122507241000000006
13553620000	-0.0243792071000000013	-0.0122063411000000004
13553800000	-0.0244393879999999994	-0.0120476655000000005
13553980000	-0.0245436688999999993	-0.0119260879999999996
13554160000	-0.0245655715000000011	-0.0118057231000000002
13554340000	-0.0247610238000000003	-0.0116871994000000007
13554520000	-0.0247833073999999993	-0.0116116454000000004
13554700000	-0.0248394161999999988	-0.0114081285999999994
13554880000	-0.0249511747999999998	-0.0113063877999999996
13555060000	-0.0250147792000000001	-0.0111956940000000008
13555240000	-0.0251629529000000005	-0.0111071585000000004
13555420000	-0.025153301900000001	-0.0110302916000000004
13555600000	-0.0252903269	-0.0108274354999999996
13555780000	-0.0253682304000000004	-0.0106919908000000004
13555960000	-0.0254365471000000017	-0.0105207644000000003
13556140000	-0.0255475918999999996	-0.0104855507000000004
13556320000	-0.0256119274999999993	-0.0103108409999999994
13556500000	-0.0256994133999999992	-0.0101958124000000004
13556680000	-0.0257885233999999991	-0.0101179379000000003
13556860000	-0.0258150439999999988	-0.00997997420000000003
13557040000	-0.0259127894999999983	-0.00987879619999999965
13557220000	-0.0259879777999999992	-0.00971604270000000006
13557400000	-0.0260602753000000013	-0.00960625510000000064
13557580000	-0.0261277973999999996	-0.00947556830000000072
13557760000	-0.0261224283000000002	-0.00932883290000000032
13557940000	-0.0262796729999999999	-0.00923348170000000065
13558120000	-0.0263027179000000014	-0.00912051860000000041
13558300000	-0.0264040318999999996	-0.00897338949999999975
13558480000	-0.0264455611000000007	-0.00884584159999999946
13558660000	-0.0264934411999999987	-0.00876864039999999956
13558840000	-0.0265530991000000015	-0.00862985450000000077
13559020000	-0.0265903250000000015	-0.00845102149999999927
13559200000	-0.0266352299000000015	-0.00832820880000000041
13559380000	-0.0267764222000000003	-0.00822241420000000001
13559560000	-0.0268558246999999993	-0.00809663029999999929
13559740000	-0.0268773733000000001	-0.00795122260000000018
13559920000	-0.0268856706999999993	-0.00789311399999999969
13560100000	-0.0270828777000000007	-0.00769781070000000005
13560280000	-0.0270216469000000015	-0.00755070120000000001
13560460000	-0.0271360162999999995	-0.00746239099999999964
13560640000	-0.0272102364999999985	-0.00731589390000000027
13560820000	-0.0272549548999999995	-0.00717934229999999968
13561000000	-0.027322688500000001	-0.0069861315000000002
13561180000	-0.0273297649999999989	-0.00696886229999999982
13561360000	-0.0273692303999999997	-0.00683040319999999972
13561540000	-0.0275059390000000001	-0.00664832849999999996
13561720000	-0.0274448127999999993	-0.00659105619999999972
13561900000	-0.0275951894999999989	-0.00642551750000000012
13562080000	-0.0276449876999999983	-0.00626781469999999983
13562260000	-0.0276710694999999993	-0.00614484709999999976
13562440000	-0.0277435951999999986	-0.00594579289999999996
13562620000	-0.0278124632999999996	-0.00585404700000000024
13562800000	-0.0279044142000000016	-0.00583644210000000031
13562980000	-0.0278701265999999996	-0.00562589299999999987
13563160000	-0.0279923366000000007	-0.00552456200000000022
13563340000	-0.0280222101000000001	-0.00538483859999999964
13563520000	-0.0280079911999999986	-0.00524689660000000023
13563700000	-0.0281107566000000017	-0.00508463129999999972
13563880000	-0.0281141851999999991	-0.00496551570000000001
13564060000	-0.0281078046000000012	-0.00482021939999999986
13564240000	-0.0282160654000000004	-0.00473254610000000027
13564420000	-0.0282118168999999988	-0.00452266249999999995
13564600000	-0.0282531229000000002	-0.00449922029999999962
13564780000	-0.0282828551000000004	-0.00429718520000000031
13564960000	-0.0283415321999999983	-0.00415839360000000002
13565140000	-0.0284176348999999988	-0.00406951240000000009
13565320000	-0.0284631377999999997	-0.0039118451999999998
13565500000	-0.0285419919999999987	-0.00377147080000000013
13565680000	-0.0285417872999999996	-0.00370606039999999987
13565860000	-0.0285924110000000016	-0.00347770799999999993
13566040000	-0.0286161732000000009	-0.00339489750000000019
13566220000	-0.0286520648000000017	-0.00327593259999999983
13566400000	-0.0287349431000000002	-0.00311866949999999987
13566580000	-0.0287391606000000008	-0.00302771769999999989
13566760000	-0.0287867304999999997	-0.00285052829999999984
13566940000	-0.0287703566999999993	-0.00276506010000000021
13567120000	-0.0287888703000000017	-0.00264291430000000022
13567300000	-0.0287935167999999984	-0.00249423739999999998
13567480000	-0.0289872242999999995	-0.00229080229999999987
13567660000	-0.0289281691000000014	-0.00223948869999999979
13567840000	-0.0289758963999999994	-0.00210856679999999993
13568020000	-0.0290468488000000004	-0.00191368219999999995
13568200000	-0.0290633317000000002	-0.00185511519999999991
13568380000	-0.0290533629999999987	-0.00170499109999999992
13568560000	-0.0291266251000000011	-0.00160215290000000001
13568740000	-0.0291408558999999984	-0.00134796869999999997
13568920000	-0.0291656643999999993	-0.0012971069
13569100000	-0.0292204756000000003	-0.00114096089999999998
13569280000	-0.0292072347999999989	-0.000982583200000000049
13569460000	-0.0292502335000000002	-0.000880071500000000019
13569640000	-0.0292402528000000016	-0.000763366700000000045
13569820000	-0.0293021398000000016	-0.00061051759999999997
13570000000	-0.0293295132999999986	-0.000507031199999999978
13570180000	-0.0294407666999999991	-0.000367718399999999979
13570360000	-0.0294147678000000017	-0.000232471499999999998
13570540000	-0.0293934468999999983	-0.000104351499999999999
13570720000	-0.0294320398000000004	5.35194000000000013e-05
13570900000	-0.0294785205000000008	0.000211368100000000007
13571080000	-0.0294489734999999996	0.000304588800000000007
13571260000	-0.0295288141999999997	0.000465054500000000018
13571440000	-0.0294587231999999984	0.000588836199999999985
13571620000	-0.0295801685000000002	0.000704640500000000038
13571800000	-0.0295933601999999983	0.000810898700000000023
13571980000	-0.0295613186999999986	0.000911050399999999974
13572160000	-0.0295784967000000017	0.0010871972000000001
13572340000	-0.0296437012999999985	0.00121648710000000007
13572520000	-0.0296813458000000016	0.00126920909999999991
13572700000	-0.0297036042999999986	0.00149436079999999997
13572880000	-0.0296843827000000011	0.00163170339999999989
13573060000	-0.0297630551999999993	0.00175882940000000008
13573240000	-0.0297400870999999997	0.0018874861000000001
13573420000	-0.0297136110999999987	0.00201557570000000016
13573600000	-0.0297492087999999995	0.00211332350000000002
13573780000	-0.029802829900000001	0.00230197030000000007
13573960000	-0.0297656043000000016	0.00239145759999999982
13574140000	-0.0298355821999999986	0.00251329349999999995
13574320000	-0.0297739571000000015	0.0026538772999999999
13574500000	-0.0298118986000000009	0.00280713439999999989
13574680000	-0.0297955514999999997	0.00293378390000000001
13574860000	-0.0298914834999999997	0.00305148339999999994
13575040000	-0.0298700687999999999	0.00317732300000000013
13575220000	-0.0298615937000000012	0.00335648559999999997
13575400000	-0.0298971118999999987	0.00349425619999999991
13575580000	-0.0299132897999999994	0.00358541889999999981
13575760000	-0.0300083335999999992	0.00374434510000000009
13575940000	-0.0299854605000000017	0.00385911549999999994
13576120000	-0.0299799258999999992	0.00396833569999999972
13576300000	-0.0299859872000000013	0.00415631250000000028
13576480000	-0.0299781873000000004	0.00426510199999999978
13576660000	-0.0299921310999999996	0.00439776449999999992
13576840000	-0.029975615399999999	0.00446878189999999967
13577020000	-0.0300337435999999992	0.00460413030000000022
13577200000	-0.0300641042999999983	0.00482214950000000014
13577380000	-0.0300528910999999996	0.00491683019999999971
13577560000	-0.0300724344000000005	0.00491820760000000017
13577740000	-0.0300253143999999993	0.00520697569999999978
13577920000	-0.0300892890999999996	0.00530021209999999993
13578100000	-0.0301174167	0.00545893699999999964
13578280000	-0.0301560100999999983	0.00556465529999999962
13578460000	-0.0301394122	0.00567661700000000012
13578640000	-0.0301134483000000015	0.00584058839999999999
13578820000	-0.0300749542000000002	0.00598988189999999972
13579000000	-0.0301432519999999989	0.0060447032000000003
13579180000	-0.0301273851000000009	0.00625456280000000024
13579360000	-0.0301661678999999988	0.00634384569999999967
13579540000	-0.0302000997	0.00646084149999999989
13579720000	-0.0301603753000000002	0.00653403839999999996
13579900000	-0.0301755286000000011	0.00673191689999999999
13580080000	-0.0301108780000000006	0.00678991869999999963
13580260000	-0.0301788231999999997	0.00699091989999999983
13580440000	-0.0301670531999999984	0.00711647219999999962
13580620000	-0.030190111700000001	0.00725414249999999962
13580800000	-0.0301927284999999983	0.00739715140000000038
13580980000	-0.0301166583000000015	0.00754410259999999978
13581160000	-0.0302337613999999998	0.00762421820000000038
13581340000	-0.0301519867000000011	0.00777341929999999983
13581520000	-0.0301738748000000001	0.00797060959999999936
13581700000	-0.0302241694000000005	0.00799871599999999947
13581880000	-0.0302424479000000003	0.00816441650000000047
13582060000	-0.0302181155	0.00825985769999999959
13582240000	-0.0301869960000000007	0.00844597279999999978
13582420000	-0.0301873632999999988	0.00850337699999999946
13582600000	-0.0302144420000000011	0.00872343920000000043
13582780000	-0.0301363488999999984	0.00882476750000000046
13582960000	-0.0302466828999999986	0.00895430910000000017
13583140000	-0.0302184433000000016	0.00909003979999999968
13583320000	-0.0302242037000000005	0.0092360067000000004
13583500000	-0.0302057108000000005	0.00934864089999999995
13583680000	-0.0301996253000000013	0.00940420259999999973
13583860000	-0.0302146286000000014	0.00957526849999999936
13584040000	-0.0302490111000000006	0.00974149250000000064
13584220000	-0.0302490787000000011	0.00983215179999999932
13584400000	-0.0302495490999999984	0.0100619184999999993
13584580000	-0.0301806950000000004	0.0101572371000000009
13584760000	-0.0302210023999999987	0.0102681622
13584940000	-0.0301949061999999997	0.0103799402999999995
13585120000	-0.0301908250999999989	0.0105055031000000007
13585300000	-0.0301981225000000006	0.0106364709000000002
13585480000	-0.0302129678999999984	0.0107641349999999993
13585660000	-0.0301862755999999996	0.0109276122000000007
13585840000	-0.0302073518999999985	0.0110500018000000005
13586020000	-0.0302531348999999991	0.0112190232000000008
13586200000	-0.0301994348999999988	0.0113071826999999996
13586380000	-0.0302128460999999994	0.0114029401999999995
13586560000	-0.0301654872999999983	0.0114894329000000007
13586740000	-0.0302444749999999998	0.0116568331999999993
13586920000	-0.0302236606999999984	0.0117903111000000008
13587100000	-0.0302378285000000011	0.0119007695999999996
13587280000	-0.0302504331000000015	0.0120839881
13587460000	-0.0301919507000000011	0.0122342270999999999
13587640000	-0.0302031312000000003	0.0123838555000000006
13587820000	-0.0302315169000000016	0.0125068320000000007
13588000000	-0.0302531776000000002	0.0126852795000000004
13588180000	-0.0302001320999999989	0.0127676391000000004
13588360000	-0.0302430061000000007	0.0129087724000000008
13588540000	-0.0302022818999999991	0.0129761371999999996
13588720000	-0.0302325935999999997	0.0131558456000000004
13588900000	-0.0302264458000000014	0.0132546716999999998
13589080000	-0.0301725837999999996	0.0134658943999999992
13589260000	-0.030232415700000001	0.0135879208000000001
13589440000	-0.0301757846000000017	0.0137381776999999997
13589620000	-0.0302091259000000015	0.0138047636000000005
13589800000	-0.0302530911000000007	0.0139869173000000003
13589980000	-0.0301994073000000016	0.0140906747999999995
13590160000	-0.0302002141999999987	0.0142703350000000003
13590340000	-0.0301722081000000003	0.0143467860000000003
13590520000	-0.0301298948000000011	0.0145534315999999997
13590700000	-0.0301688394999999991	0.0146725899999999992
13590880000	-0.0301692486000000003	0.0148190461999999998
13591060000	-0.0301857932000000016	0.0149220292000000008
13591240000	-0.0301299858999999996	0.0150535640999999998
13591420000	-0.0301878054	0.0151651049999999999
13591600000	-0.0301656892999999995	0.0153352305999999994
13591780000	-0.0301555732999999986	0.0154495996000000007
13591960000	-0.0301397326	0.0156025230000000001
13592140000	-0.0301583108999999988	0.0156722055999999992
13592320000	-0.0302215049999999992	0.0158782225999999985
13592500000	-0.0301745253999999991	0.0159627562999999986
13592680000	-0.0301786489999999984	0.0161543692999999988
13592860000	-0.0301619176999999988	0.016286932300000001
13593040000	-0.0302135525999999988	0.0164153449
13593220000	-0.0301823543999999999	0.0165294193999999985
13593400000	-0.0301789831999999987	0.0166966480999999993
13593580000	-0.0301910012000000012	0.0168335228000000003
13593760000	-0.0301671833999999986	0.0169266102999999987
13593940000	-0.0301238622000000004	0.0171037636999999999
13594120000	-0.0301766876000000017	0.0172736219999999989
13594300000	-0.0301841447999999998	0.0173817868
13594480000	-0.0301659480000000015	0.0175401290999999994
13594660000	-0.0301350878999999995	0.0176988726999999998
13594840000	-0.0301574385999999993	0.0178218178999999984
13595020000	-0.0301422824000000013	0.0180104386999999991
13595200000	-0.0301446060999999987	0.0180599674000000016
13595380000	-0.0301254768999999999	0.0182249287000000003
13595560000	-0.0301651053999999995	0.0184240332999999999
13595740000	-0.0301279428999999994	0.0185995286999999995
13595920000	-0.0301816305000000007	0.018742133099999999
13596100000	-0.0301211543999999991	0.0188284158000000014
13596280000	-0.0301290988000000003	0.0190153488999999995
13596460000	-0.0301912259000000002	0.0191637241999999992
13596640000	-0.0301611281000000002	0.0193308630000000002
13596820000	-0.0302608946999999989	0.0194385572999999992
13597000000	-0.0301060837000000012	0.0196113314999999989
13597180000	-0.0302015742000000011	0.0197395011000000009
13597360000	-0.0301915622999999987	0.0199236611000000001
13597540000	-0.0301955128999999989	0.0200310364999999983
13597720000	-0.0301290032000000006	0.0202146123000000004
13597900000	-0.0302040392000000012	0.0203993070999999998
13598080000	-0.0301051944000000002	0.0204329338000000006
13598260000	-0.0301642067999999992	0.0206682657000000006
13598440000	-0.0301443189999999993	0.0207924571000000016
13598620000	-0.0301639390000000007	0.0209981924999999986
13598800000	-0.0301510541999999993	0.0211303431000000007
13598980000	-0.0301412752999999992	0.0213147399000000008
13599160000	-0.0301907166000000005	0.0214704356999999985
13599340000	-0.0301905155999999987	0.0215674079999999997
13599520000	-0.0301684213000000014	0.0217506192000000015
13599700000	-0.0301453794999999997	0.0218933808000000008
13599880000	-0.0302184879000000003	0.0221021700000000008
13600060000	-0.0301350044999999997	0.0222431813999999992
13600240000	-0.0301653532999999995	0.0224057658000000014
13600420000	-0.0302117041000000003	0.0225170199000000008
13600600000	-0.0301808201999999998	0.0227353573999999996
13600780000	-0.0302178680999999998	0.0228731352999999998
13600960000	-0.0301650050999999995	0.0230631042000000001
13601140000	-0.030201290799999999	0.0232138973999999991
13601320000	-0.0301431654999999993	0.0233598185000000007
13601500000	-0.0302613582000000013	0.0235512671999999999
13601680000	-0.0302131741000000002	0.0236955169000000014
13601860000	-0.0302460173999999984	0.023916018800000001
13602040000	-0.0301735225999999988	0.0240716145000000013
13602220000	-0.0302577665999999995	0.0242109392
13602400000	-0.0302939404000000002	0.0243978198000000014
13602580000	-0.0302411456000000016	0.0245617131000000002
13602760000	-0.0302425384999999991	0.0247498410999999995
13602940000	-0.0302589688999999988	0.0248791410999999983
13603120000	-0.0302628973000000009	0.0250757708999999988
13603300000	-0.0302752431000000016	0.0252632905999999983
13603480000	-0.0302394107000000002	0.0254461103000000015
13603660000	-0.0302858509000000012	0.0256203249000000015
13603840000	-0.0302751609999999984	0.0257982622000000016
13604020000	-0.0303545687000000008	0.0259637014000000006
13604200000	-0.0303100886	0.0261977019999999998
13604380000	-0.0302840548000000015	0.0263507005000000009
13604560000	-0.0302222811999999993	0.0265523759000000012
13604740000	-0.0303379476000000016	0.0266812204000000004
13604920000	-0.0302871699999999987	0.0268904956999999993
13605100000	-0.0303713440000000015	0.0271049455999999994
13605280000	-0.030325655	0.0272749650000000017
13605460000	-0.0303054388999999987	0.0274610188999999984
13605640000	-0.0303784445999999986	0.0276825430000000004
13605820000	-0.0304159479000000003	0.0278367475000000017
13606000000	-0.0303555847000000004	0.0280759323999999998
13606180000	-0.030383146199999999	0.028316218399999999
13606360000	-0.0303791753999999997	0.0284406551
13606540000	-0.0304143366999999991	0.028619120599999999
13606720000	-0.0304142259000000012	0.0288240973999999983
13606900000	-0.0304137220999999985	0.0290363153000000006
13607080000	-0.0303916392999999986	0.0292409934000000017
13607260000	-0.0304337782999999987	0.0294564585999999989
13607440000	-0.0304087185999999988	0.0296612500000000001
13607620000	-0.0304701796000000011	0.0298653897000000015
13607800000	-0.0304656048999999984	0.0301109404000000011
13607980000	-0.0305338996000000008	0.0303058099000000011
13608160000	-0.0304850857999999988	0.0305474672999999988
13608340000	-0.0305016572000000007	0.0307386891000000009
13608520000	-0.0305328877999999984	0.0309301815999999986
13608700000	-0.0304807204999999991	0.031146178699999999
13608880000	-0.0305392615999999992	0.0314219764000000026
13609060000	-0.0305440634000000016	0.0315655255999999981
13609240000	-0.030512735400000001	0.0318308342999999994
13609420000	-0.0306053449000000012	0.031992241099999999
13609600000	-0.0306307552999999996	0.0322851650999999989
13609780000	-0.0306225486999999984	0.0325094320999999992
13609960000	-0.0306673597999999985	0.0327806858000000007
13610140000	-0.0306604382999999987	0.032992202800000002
13610320000	-0.0306396988000000002	0.0332319921000000032
13610500000	-0.0307089501000000001	0.0334619369000000028
13610680000	-0.0307019531999999998	0.0337258598000000007
13610860000	-0.0307076763000000003	0.0339779334000000002
13611040000	-0.0307059473999999992	0.0341856965000000013
13611220000	-0.0307907707999999988	0.0344072200999999966
13611400000	-0.0307675147000000017	0.0347028164000000028
13611580000	-0.030776302299999999	0.0349959966000000025
13611760000	-0.0308044388000000002	0.0352148129999999976
13611940000	-0.0308427092999999999	0.0354819587000000033
13612120000	-0.0308339917999999984	0.0357584307999999976
13612300000	-0.0308198785999999995	0.0359501497000000031
13612480000	-0.0309129170000000016	0.036244223300000003
13612660000	-0.0309465356999999996	0.0365742740999999982
13612840000	-0.0309300903000000009	0.0367976011000000006
13613020000	-0.0309515507000000002	0.0370975441999999989
13613200000	-0.0310015384000000005	0.0373141057000000026
13613380000	-0.0310386279000000008	0.0376426944000000027
13613560000	-0.0310268798999999984	0.0378963215999999978
13613740000	-0.0310850073999999997	0.0382153850999999989
13613920000	-0.0310627093999999992	0.0384925237999999975
13614100000	-0.0311502754	0.0387566166000000017
13614280000	-0.0311338066000000011	0.0390776586999999967
13614460000	-0.0311910263000000007	0.0393446552000000019
13614640000	-0.0311236361999999989	0.0396411216999999969
13614820000	-0.0311936452000000017	0.0400074918999999973
13615000000	-0.0312203032999999984	0.0403012260000000025
13615180000	-0.0312620699000000016	0.0406024814000000012
13615360000	-0.0312647808000000027	0.0409744706
13615540000	-0.031317054900000002	0.041244742299999998
13615720000	-0.0313524026999999969	0.0415753089000000034
13615900000	-0.0313524420000000012	0.041935385700000001
13616080000	-0.0313848995000000006	0.0422840657999999994
13616260000	-0.0314020351000000031	0.0425739123999999969
13616440000	-0.0314433660000000004	0.0429076650999999989
13616620000	-0.0315533860000000027	0.0432580943000000009
13616800000	-0.0314927923000000026	0.0436701765999999991
13616980000	-0.0315373586999999969	0.0440184211999999978
13617160000	-0.0315278410000000009	0.0443594721999999997
13617340000	-0.0315779844000000018	0.0447156474000000026
13617520000	-0.0316765554000000005	0.0450904224000000034
13617700000	-0.031643787399999998	0.045467139099999998
13617880000	-0.0317235350999999985	0.0458327909000000033
13618060000	-0.0317153049999999992	0.0462390911999999987
13618240000	-0.0317766282999999983	0.046663109199999997
13618420000	-0.031803646900000003	0.0470343245000000021
13618600000	-0.0318083243000000029	0.0474764153999999994
13618780000	-0.0318412872999999999	0.047810970199999997
13618960000	-0.031826094800000003	0.0482617451999999975
13619140000	-0.0319755654000000028	0.0486069552999999974
13619320000	-0.0319522407000000022	0.0490810646000000017
13619500000	-0.0319540625999999994	0.0495350380000000035
13619680000	-0.031978748199999997	0.0499647817999999966
13619860000	-0.0320038316999999989	0.0503919421000000034
13620040000	-0.0321048797999999996	0.0508935533999999995
13620220000	-0.0321135390000000034	0.0513307219000000009
13620400000	-0.0321573200000000031	0.0518174333000000001
13620580000	-0.0321776613000000003	0.0522518984000000034
13620760000	-0.0322104352999999996	0.052750479900000001
13620940000	-0.0323048876999999998	0.0532695981999999971
13621120000	-0.0322763032000000019	0.053732044399999998
13621300000	-0.0323514988999999975	0.0542331512000000029
13621480000	-0.0323292088000000019	0.0546640397
13621660000	-0.0324423603000000005	0.0553059055000000022
13621840000	-0.0324377092999999991	0.0557478003999999985
13622020000	-0.0325402078999999997	0.0563666613000000025
13622200000	-0.0325292364000000014	0.056875154800000001
13622380000	-0.0325634673000000027	0.057470752600000001
13622560000	-0.0325847041000000004	0.0580050046
13622740000	-0.0326184560999999984	0.0586190566999999982
13622920000	-0.0326676046999999983	0.0592130568999999982
13623100000	-0.0326944176999999989	0.0598034357999999988
13623280000	-0.0327280962000000009	0.0603713863999999975
13623460000	-0.0327701409000000013	0.061006824799999998
13623640000	-0.0327844360000000001	0.0616616427999999994
13623820000	-0.0328218014999999974	0.062312928699999999
13624000000	-0.0328849460999999996	0.0629396165000000035
13624180000	-0.032874104500000001	0.063612101500000004
13624360000	-0.0329194048000000031	0.0643372809000000018
13624540000	-0.0329189611999999993	0.0650091280999999938
13624720000	-0.0329247680000000001	0.065738407400000004
13624900000	-0.0329990490999999969	0.0664611457000000017
13625080000	-0.0330153795999999985	0.0671846838000000057
13625260000	-0.0330512213000000027	0.0679444958999999987
13625440000	-0.0331190627000000001	0.0686710465999999936
13625620000	-0.0330847713000000029	0.0694677660999999946
13625800000	-0.0330813500999999968	0.0703278222999999952
13625980000	-0.0331344173999999977	0.0711406722999999991
13626160000	-0.0331911385000000017	0.0719885826999999978
13626340000	-0.0332005246999999976	0.0728166338000000024
13626520000	-0.0332215198000000017	0.0737176206000000056
13626700000	-0.0332189805000000019	0.0745884083000000059
13626880000	-0.033159108700000002	0.0754889433999999943
13627060000	-0.0332586231999999968	0.0764453496000000038
13627240000	-0.0331745979999999996	0.0774406158000000011
13627420000	-0.0331637728999999992	0.0783517571999999968
13627600000	-0.0331895581999999967	0.079357992799999999
13627780000	-0.0332317346	0.0804567468000000063
13627960000	-0.0331830405999999981	0.0814160139999999949
13628140000	-0.0331378311000000009	0.0825681231000000015
13628320000	-0.0331821684999999977	0.0836984354000000069
13628500000	-0.0330620471999999999	0.084712491599999995
13628680000	-0.0331501359000000023	0.0858661433999999973
13628860000	-0.0330329374999999981	0.0870940466000000024
13629040000	-0.0329375372999999999	0.0883918451999999993
13629220000	-0.0329771932999999989	0.0896141676000000026
13629400000	-0.0328324301999999985	0.0909267750000000013
13629580000	-0.0328220154000000014	0.0921837472999999935
13629760000	-0.0327492432	0.0935727878000000013
13629940000	-0.0326324192999999999	0.0950262560000000034
13630120000	-0.0325579245000000017	0.0964685586000000039
13630300000	-0.0324523504999999976	0.0978882776999999982
13630480000	-0.0323593740000000032	0.0994178777999999985
13630660000	-0.0321711422999999969	0.100941457999999998
13630840000	-0.032068803600000001	0.102478283599999997
13631020000	-0.0318539420000000031	0.104225763099999993
13631200000	-0.0317403808000000023	0.1059211875
13631380000	-0.0315597128000000005	0.107697103799999999
13631560000	-0.0312894900000000031	0.109519370800000002
13631740000	-0.0310633015000000012	0.111316638699999998
13631920000	-0.0308116444999999989	0.113300571000000003
13632100000	-0.0304838836000000009	0.115310289600000004
13632280000	-0.0301710419999999986	0.117275321099999996
13632460000	-0.0298786940999999986	0.119415747500000002
13632640000	-0.0293735044000000001	0.121592527199999995
13632820000	-0.0289426004000000008	0.1239107614
13633000000	-0.0285954299000000002	0.12623761
13633180000	-0.0281786199000000001	0.128721739800000012
13633360000	-0.0275765305000000016	0.131212348300000003
13633540000	-0.027075637100000001	0.133851029199999999
13633720000	-0.0263453893999999987	0.136594644900000006
13633900000	-0.0256598962000000007	0.139365253200000011
13634080000	-0.0248566932999999997	0.142203184399999988
13634260000	-0.0241008342000000007	0.145316062299999993
13634440000	-0.0231997203999999985	0.148491610100000004
13634620000	-0.0221542054000000016	0.1516221294
13634800000	-0.0211754497000000014	0.155010527399999987
13634980000	-0.0199707860000000008	0.158458876599999993
13635160000	-0.0185717920000000002	0.162048172600000012
13635340000	-0.0172757928999999998	0.165865519500000003
13635520000	-0.0158446876999999986	0.169786987800000011
13635700000	-0.0139236632999999999	0.174047457699999991
13635880000	-0.0121537368999999999	0.17828247350000001
13636060000	-0.0100522431000000002	0.182716320900000007
13636240000	-0.00778062579999999962	0.187389962399999999
13636420000	-0.00539558339999999994	0.192023777300000004
13636600000	-0.00255477510000000005	0.197030079200000013
13636780000	0.000419342599999999999	0.202388421799999996
13636960000	0.00360491149999999988	0.207824301699999991
13637140000	0.00737178530000000016	0.213465475500000001
13637320000	0.0113995387999999993	0.219104505899999996
13637500000	0.0158098176999999993	0.225196079100000002
13637680000	0.0207828249	0.231375615499999993
13637860000	0.0262690549000000016	0.237728854399999995
13638040000	0.0325255871999999974	0.24454044820000001
13638220000	0.0393261541999999978	0.251356761699999987
13638400000	0.0469713786999999966	0.258222978499999978
13638580000	0.0552162824999999982	0.265105875699999993
13638760000	0.064594926900000002	0.272385289199999991
13638940000	0.0747385554999999979	0.279416552400000018
13639120000	0.0860399832000000031	0.286077830300000002
13639300000	0.0987657395000000049	0.292896721099999979
13639480000	0.112717773499999993	0.299524585999999982
13639660000	0.128015926599999996	0.304723040800000011
13639840000	0.145255995100000007	0.309728586099999981
13640020000	0.163525444200000009	0.313461685699999992
13640200000	0.183350063300000005	0.315875734700000022
13640380000	0.205047638899999995	0.31685433289999998
13640560000	0.228088563800000005	0.315147067800000014
13640740000	0.251776999200000018	0.311221470100000008
13640920000	0.276612211599999991	0.304006853099999974
13641100000	0.301823999999999981	0.293574068500000007
13641280000	0.326864931600000019	0.279761889200000002
13641460000	0.350668620200000003	0.2621637141
13641640000	0.373107403599999998	0.240696998699999998
13641820000	0.392836168900000005	0.216654212099999993
13642000000	0.409199321999999976	0.189072110099999996
13642180000	0.421607617599999984	0.159251716500000001
13642360000	0.429978260599999995	0.128246948299999997
13642540000	0.433892292600000007	0.096818270299999995
13642720000	0.433424242100000023	0.0657103178999999954
13642900000	0.429258885899999998	0.0356926908999999973
13643080000	0.421451178699999984	0.00789297890000000002
13643260000	0.41089999490000001	-0.017794086399999999
13643440000	0.398029067000000014	-0.0409881118999999988
13643620000	0.383540297199999991	-0.0612592695999999992
13643800000	0.367948231899999978	-0.0790131461000000007
13643980000	0.351773073300000017	-0.0939966378999999991
13644160000	0.3353621725	-0.106656986100000004
13644340000	0.319136126500000006	-0.117145666900000001
13644520000	0.303181813500000008	-0.125648777099999998
13644700000	0.287720920200000008	-0.132406751500000003
13644880000	0.272932055700000009	-0.137817302800000013
13645060000	0.258816819799999986	-0.141755538300000011
13645240000	0.245443744399999997	-0.144831408500000008
13645420000	0.232807635200000002	-0.1468925227
13645600000	0.220972400399999991	-0.148204058400000005
13645780000	0.209807701399999991	-0.148861363200000013
13645960000	0.199300406699999988	-0.148839356199999995
13646140000	0.189417194399999989	-0.148646509499999996
13646320000	0.180285988300000005	-0.14804137819999999
13646500000	0.17161298089999999	-0.147108908499999996
13646680000	0.163605750200000011	-0.145821926600000012
13646860000	0.155982933699999993	-0.14442093310000001
13647040000	0.148985865800000006	-0.142898322100000003
13647220000	0.142300860000000001	-0.14114751880000001
13647400000	0.136036820599999997	-0.139569264500000012
13647580000	0.130267060500000004	-0.137704625899999988
13647760000	0.124649295899999998	-0.13577651939999999
13647940000	0.119573418299999998	-0.133860819299999989
13648120000	0.114738226799999996	-0.131980231899999995
13648300000	0.1100744055	-0.129976343500000008
13648480000	0.105842840199999996	-0.128067897099999994
13648660000	0.101763894399999999	-0.126246033199999996
13648840000	0.097875174800000006	-0.124322285699999993
13649020000	0.094159884499999999	-0.122442922800000006
13649200000	0.0907306471000000059	-0.120542275199999993
13649380000	0.0874784621000000012	-0.118879241900000002
13649560000	0.084333349599999996	-0.116893465799999999
13649740000	0.0815398313999999985	-0.115255112699999995
13649920000	0.078657936100000006	-0.113490694099999997
13650100000	0.0760349049999999999	-0.111761697500000007
13650280000	0.0733587229000000063	-0.110205750800000002
13650460000	0.071055449100000001	-0.1085398791
13650640000	0.0687653948999999987	-0.106941576799999993
13650820000	0.0664901767999999949	-0.105336449799999995
13651000000	0.0644341873999999953	-0.103840558999999999
13651180000	0.0624423028000000019	-0.102229458699999998
13651360000	0.0605785078000000005	-0.100888417100000002
13651540000	0.0586515872000000008	-0.0994347067000000001
13651720000	0.0570071877000000032	-0.0980020630999999948
13651900000	0.0552116371999999966	-0.0967883182000000009
13652080000	0.053678669499999998	-0.0953038026999999954
13652260000	0.0521468054000000028	-0.0940473406000000012
13652440000	0.0506557409999999972	-0.0927536501000000013
13652620000	0.0492962942000000001	-0.0914843959000000012
13652800000	0.0478911713000000003	-0.0902868421999999948
13652980000	0.0465830772999999976	-0.0891075016999999941
13653160000	0.0453098236000000001	-0.0879156425000000019
13653340000	0.0441114704999999996	-0.0867234308000000009
13653520000	0.0428257748000000008	-0.0856809161999999985
13653700000	0.0417669341	-0.0845749902000000053
13653880000	0.0406252071999999992	-0.0835548443000000002
13654060000	0.0396177278999999966	-0.0825090376000000014
13654240000	0.0387218544999999997	-0.0814219758999999987
13654420000	0.0376766379999999984	-0.0805576182000000002
13654600000	0.0366725644999999975	-0.0795248296999999937
13654780000	0.0357108880999999975	-0.078535003000000006
13654960000	0.034949329799999998	-0.0776421102999999974
13655140000	0.034084570699999997	-0.0766911128999999969
13655320000	0.0331868690000000008	-0.0758514460999999973
13655500000	0.0323892464000000019	-0.0749472050000000029
13655680000	0.0316387417000000004	-0.0740869254999999977
13655860000	0.0309130272999999997	-0.0732494526000000007
13656040000	0.0301813746999999993	-0.0724104027999999955
13656220000	0.0294217103999999986	-0.0716224562999999981
13656400000	0.0287473897999999985	-0.0708166038999999969
13656580000	0.0281405001000000002	-0.0700837727000000049
13656760000	0.0274297268999999996	-0.0693477973999999942
13656940000	0.026784978000000001	-0.0685952751999999999
13657120000	0.0261323226000000006	-0.0678908443000000028
13657300000	0.0255751770999999989	-0.0672032585000000016
13657480000	0.0249372258000000006	-0.0665552514000000012
13657660000	0.0244948180999999994	-0.0657900101999999987
13657840000	0.0238845012999999995	-0.0651779407000000061
13658020000	0.0234348940000000013	-0.0644972069000000064
13658200000	0.0228311806000000006	-0.0637986031000000037
13658380000	0.0223463555000000015	-0.0631917886000000067
13658560000	0.0218623226000000011	-0.0625459394999999946
13658740000	0.0213709086999999999	-0.0619163412999999968
13658920000	0.020939595200000001	-0.0613134711999999971
13659100000	0.0204549572999999998	-0.060810623799999998
13659280000	0.020049813100000001	-0.0602227061000000022
13659460000	0.0196235639999999996	-0.0596229542000000015
13659640000	0.0191287020000000009	-0.0590497145999999973
13659820000	0.0187783720000000015	-0.0585155544000000027
13660000000	0.0184012336000000006	-0.0579670246
13660180000	0.0179471583999999997	-0.0575072219999999967
13660360000	0.0175797791999999994	-0.0569154331999999971
13660540000	0.017190441800000001	-0.0563942334000000003
13660720000	0.0167834850000000008	-0.055928615299999998
13660900000	0.0164502535000000012	-0.0553485368000000005
13661080000	0.0161139575999999993	-0.0549320208000000018
13661260000	0.0157875363999999997	-0.0544842311999999968
13661440000	0.0154701351000000008	-0.0539719537999999999
13661620000	0.0151104667999999998	-0.0535840975999999983
13661800000	0.0148141196999999995	-0.0530208090000000021
13661980000	0.0144774750000000001	-0.0525912169000000013
13662160000	0.0141818807999999994	-0.0521776556999999988
13662340000	0.0138379344999999994	-0.0517559029999999989
13662520000	0.0136367720999999997	-0.0513565591999999987
13662700000	0.0133047055999999993	-0.0509725405999999978
13662880000	0.0130139791999999994	-0.0504926147000000006
13663060000	0.0127568647000000004	-0.0501011838999999987
13663240000	0.0124318362000000009	-0.0496584160999999982
13663420000	0.0122650701000000008	-0.0492799967000000019
13663600000	0.0119915574	-0.0488973004999999974
13663780000	0.0117257378000000002	-0.0484776609999999983
13663960000	0.0114455779000000001	-0.0482235414000000001
13664140000	0.0112005561	-0.0477299457999999996
13664320000	0.0109252824999999994	-0.0473921060000000033
13664500000	0.0107341083999999993	-0.0470073863000000022
13664680000	0.0105075689999999996	-0.0466470558999999979
13664860000	0.0102613432999999997	-0.0463530092000000032
13665040000	0.0101331495000000008	-0.0459669776000000002
13665220000	0.00987365370000000027	-0.0456095268000000012
13665400000	0.00957784939999999953	-0.0452479355000000028
13665580000	0.00949953970000000023	-0.0449803026000000009
13665760000	0.00922271000000000028	-0.0447080601000000022
13665940000	0.00896921030000000057	-0.0442954777000000022
13666120000	0.00881810549999999943	-0.0440325822999999977
13666300000	0.00861658960000000022	-0.0436973297000000024
13666480000	0.00841489999999999946	-0.0434067938999999972
13666660000	0.00819546770000000036	-0.0430605703999999978
13666840000	0.00806312279999999923	-0.0427569148999999982
13667020000	0.00788963269999999953	-0.0424965575999999984
13667200000	0.00772614610000000018	-0.0421798051000000021
13667380000	0.00747361520000000036	-0.0419360364000000013
13667560000	0.00731478660000000041	-0.0416563364000000005
13667740000	0.00709964950000000015	-0.0413575559999999967
13667920000	0.00698144980000000009	-0.0409729177
13668100000	0.00686595439999999977	-0.0407249821000000012
13668280000	0.00671810500000000026	-0.0405167982999999968
13668460000	0.00654578610000000009	-0.0402130717999999998
13668640000	0.00632873870000000022	-0.0399721816999999979
13668820000	0.00619397219999999991	-0.0396986218000000002
13669000000	0.00601323889999999962	-0.0394795029999999991
13669180000	0.00587259819999999978	-0.0392111760000000004
13669360000	0.00575888760000000006	-0.0390059425000000015
13669540000	0.00557568599999999984	-0.0387250213000000024
13669720000	0.00544041790000000022	-0.0384496833999999968
13669900000	0.00533851489999999981	-0.0383112881000000002
13670080000	0.0051857429	-0.0380168062999999973
13670260000	0.00507273350000000001	-0.0377547712000000021
13670440000	0.00494176959999999971	-0.0375675983999999991
13670620000	0.00477329749999999987	-0.0372835543000000005
13670800000	0.00467366350000000038	-0.0370507958000000012
13670980000	0.00449356730000000006	-0.0367760566999999969
13671160000	0.00439638150000000016	-0.0365748353999999984
13671340000	0.00427189370000000037	-0.0363722180999999992
13671520000	0.00405296519999999959	-0.0361299300999999989
13671700000	0.00402428589999999971	-0.0358903766999999971
13671880000	0.00391249709999999962	-0.0357463569999999994
13672060000	0.00374840419999999995	-0.0354994298000000028
13672240000	0.00368924330000000014	-0.0352980868999999975
13672420000	0.00361416960000000018	-0.0350548681999999986
13672600000	0.0035218074999999998	-0.0349086877999999975
13672780000	0.00328322430000000005	-0.0346423159999999994
13672960000	0.00323463020000000013	-0.0344736277000000021
13673140000	0.00310813730000000007	-0.0342591110000000018
13673320000	0.00299460239999999999	-0.0340921877999999998
13673500000	0.00295023840000000013	-0.0339065279999999983
13673680000	0.00278318890000000011	-0.033640597199999997
13673860000	0.00270202740000000021	-0.0335480890000000032
13674040000	0.00261307999999999983	-0.0333947845999999979
13674220000	0.00248471539999999989	-0.0331324861999999984
13674400000	0.00237928959999999991	-0.0329560886999999969
13674580000	0.00230370900000000014	-0.0327376846999999985
13674760000	0.00224151489999999988	-0.0325618473000000019
13674940000	0.00217123819999999988	-0.0324199754000000021
13675120000	0.00205244440000000019	-0.0322763459999999974
13675300000	0.00198589839999999997	-0.0320108200000000023
13675480000	0.00184569740000000001	-0.0318531465999999999
13675660000	0.00180769409999999991	-0.0317589666000000007
13675840000	0.00167066669999999993	-0.0315678642999999981
13676020000	0.00170736799999999991	-0.0313876314999999989
13676200000	0.0015042479000000001	-0.0312668061999999969
13676380000	0.00147133009999999989	-0.0310462810999999998
13676560000	0.0013354071999999999	-0.0308992829999999996
13676740000	0.00129784559999999993	-0.0307247453999999996
13676920000	0.0011932252999999999	-0.0305915159000000013
13677100000	0.00103405500000000009	-0.0304145312999999987
13677280000	0.00103889970000000005	-0.0302228104000000011
13677460000	0.00095685340000000005	-0.0301236695999999998
13677640000	0.000894494400000000046	-0.029996710900000001
13677820000	0.000799878900000000051	-0.0297881408000000014
13678000000	0.000652587099999999971	-0.0297092493999999985
13678180000	0.000683694400000000018	-0.0294847766999999997
13678360000	0.000578927099999999948	-0.029366308800000001
13678540000	0.000453931499999999982	-0.0291765057999999987
13678720000	0.000439225200000000024	-0.029054323
13678900000	0.00040138359999999999	-0.0289131491999999983
13679080000	0.000334434900000000026	-0.0287365667999999984
13679260000	0.000212600600000000005	-0.0286100690999999997
13679440000	0.000162794200000000001	-0.0285533941000000006
13679620000	6.43631000000000005e-05	-0.0284151693999999989
13679800000	4.50109999999999998e-06	-0.0282341538999999996
13679980000	-4.97191000000000031e-05	-0.0281194737000000014
13680160000	-0.000112486999999999996	-0.0279104381999999984
13680340000	-0.000248179500000000018	-0.0278469345
13680520000	-0.00023419519999999999	-0.0276719653000000003
13680700000	-0.000317580999999999994	-0.0275537967000000009
13680880000	-0.000352698300000000024	-0.0273947167999999998
13681060000	-0.000500101100000000008	-0.0272762822999999995
13681240000	-0.000561971699999999998	-0.0271786078999999986
13681420000	-0.000626146200000000019	-0.0270621752
13681600000	-0.000704791399999999996	-0.0269526569000000001
13681780000	-0.000687423500000000002	-0.0267507573000000005
13681960000	-0.000744659900000000036	-0.0266809785000000008
13682140000	-0.000761410899999999998	-0.0265612073999999983
13682320000	-0.000901678799999999997	-0.026455694200000001
13682500000	-0.000884039400000000012	-0.0262500326000000006
13682680000	-0.000955350100000000027	-0.0262196851999999987
13682860000	-0.00108834129999999993	-0.0261089821999999985
13683040000	-0.00106066230000000008	-0.0259474175000000001
13683220000	-0.00118232990000000007	-0.0258288997000000013
13683400000	-0.00117167349999999998	-0.0257423433999999993
13683580000	-0.00126085710000000003	-0.0256043290999999999
13683760000	-0.00133713720000000003	-0.0255663434000000002
13683940000	-0.00137862409999999999	-0.0253747884999999986
13684120000	-0.0014342688000000001	-0.0253069791000000016
13684300000	-0.00148415500000000002	-0.0251329806000000003
13684480000	-0.0015162591999999999	-0.0250330981000000015
13684660000	-0.00160888289999999994	-0.0249473667999999989
13684840000	-0.00164090950000000003	-0.0248345231999999999
13685020000	-0.00162721710000000006	-0.0247504635000000001
13685200000	-0.00172698610000000005	-0.024628526500000001
13685380000	-0.00180125459999999995	-0.0245517324000000016
13685560000	-0.00186609350000000005	-0.0243906197999999991
13685740000	-0.00190434450000000004	-0.0242468896999999996
13685920000	-0.0019044101999999999	-0.0241767066000000003
13686100000	-0.00197703970000000012	-0.0241123524999999998
13686280000	-0.00202123470000000003	-0.0240055220000000014
13686460000	-0.00206407960000000012	-0.0239471901000000015
13686640000	-0.00211583520000000001	-0.0238270870000000003
13686820000	-0.00214575140000000013	-0.0237006106000000015
13687000000	-0.00223010280000000014	-0.0236887141999999988
13687180000	-0.00230015830000000017	-0.0235205102999999985
13687360000	-0.00227465250000000001	-0.0233633287999999995
13687540000	-0.00234674290000000006	-0.0233448688000000015
13687720000	-0.00242306789999999998	-0.0232435068000000009
13687900000	-0.00243770599999999999	-0.0231316550999999988
13688080000	-0.00243325750000000004	-0.0230836181999999994
13688260000	-0.00254961409999999999	-0.0230373279999999993
13688440000	-0.00259648769999999999	-0.022893760400000001
13688620000	-0.00261699290000000015	-0.0227566360000000002
13688800000	-0.00265333850000000005	-0.0226953624999999999
13688980000	-0.00271768260000000011	-0.0225921863000000007
13689160000	-0.00271434209999999983	-0.0225287425999999985
13689340000	-0.00270525009999999979	-0.0224239411000000007
13689520000	-0.00278037350000000022	-0.0223266358000000012
13689700000	-0.00281376860000000012	-0.0221981420999999984
13689880000	-0.00282095239999999997	-0.0221408096999999998
13690060000	-0.00291494509999999998	-0.0220125720999999989
13690240000	-0.00296828529999999986	-0.0220258093999999988
13690420000	-0.0030261747999999998	-0.0218857785999999992
13690600000	-0.0030448748999999998	-0.0218186535000000001
13690780000	-0.00301349010000000021	-0.0217352983999999985
13690960000	-0.00309358590000000013	-0.0216464326999999991
13691140000	-0.0031653492000000001	-0.0215526327000000011
13691320000	-0.00311587750000000014	-0.0214888459999999989
13691500000	-0.0032732843000000001	-0.0214091242999999987
13691680000	-0.00327832800000000006	-0.0212537032000000015
13691860000	-0.00330730150000000007	-0.0211704960999999983
13692040000	-0.00336606199999999996	-0.0211817348999999988
13692220000	-0.00329583250000000001	-0.0210639011999999987
13692400000	-0.00345854140000000001	-0.0209947597999999985
13692580000	-0.00344536340000000003	-0.0209209545999999996
13692760000	-0.00353199109999999998	-0.0208220014000000016
13692940000	-0.00351922869999999992	-0.0207481054000000012
13693120000	-0.00354741020000000004	-0.0207305389000000014
13693300000	-0.00356773359999999979	-0.0205951568000000002
13693480000	-0.00365084639999999983	-0.0204681606000000002
13693660000	-0.00365752079999999988	-0.0204478166999999995
13693840000	-0.00370383160000000008	-0.0204688649000000014
13694020000	-0.00368535410000000009	-0.020315142500000001
13694200000	-0.00377083240000000014	-0.0202823770999999986
13694380000	-0.00383657049999999982	-0.0202178995999999986
13694560000	-0.00387306330000000004	-0.0200810537999999983
13694740000	-0.00381333929999999989	-0.0200289030999999985
13694920000	-0.00386756529999999999	-0.0199311447000000003
13695100000	-0.0038524481000000001	-0.0198714930999999984
13695280000	-0.00393018289999999982	-0.0198436129000000017
13695460000	-0.0039745364	-0.0197818753000000014
13695640000	-0.00400565850000000022	-0.0196418954999999992
13695820000	-0.00408172570000000026	-0.0196289961000000006
13696000000	-0.00407884260000000026	-0.0195635572999999993
13696180000	-0.00415971770000000008	-0.0194315525999999988
13696360000	-0.00411826310000000008	-0.0193735976999999983
13696540000	-0.00409414449999999982	-0.0193445247999999986
13696720000	-0.00413657629999999998	-0.0192804950999999995
13696900000	-0.00423080759999999983	-0.0191786774
13697080000	-0.00427182150000000004	-0.019142381
13697260000	-0.00429173129999999969	-0.0189862511999999983
13697440000	-0.00423255550000000043	-0.0190096038000000002
13697620000	-0.00432141850000000022	-0.0188735473000000015
13697800000	-0.0043590282999999997	-0.0188944082999999985
13697980000	-0.00434686690000000032	-0.0187224978000000014
13698160000	-0.00447881239999999969	-0.0186704580999999988
13698340000	-0.00444742980000000041	-0.0186814678999999983
13698520000	-0.00449388110000000039	-0.018598464700000001
13698700000	-0.0045490458999999997	-0.0185956861999999994
13698880000	-0.00451841940000000022	-0.018470052800000001
13699060000	-0.00457942539999999995	-0.0184120598000000017
13699240000	-0.0046113088	-0.018376107400000001
13699420000	-0.00460290699999999983	-0.0182310385000000012
13699600000	-0.00463013620000000004	-0.0182432702000000016
13699780000	-0.00469025659999999962	-0.0182225872000000011
13699960000	-0.00473413220000000034	-0.018083624999999999
13700140000	-0.00466068019999999958	-0.0181261857999999998
13700320000	-0.00470302250000000002	-0.0180291027000000006
13700500000	-0.00479898079999999984	-0.0178538835999999985
13700680000	-0.00479557710000000012	-0.0178491609999999988
13700860000	-0.00478398009999999978	-0.0178900495000000014
13701040000	-0.00485960379999999994	-0.0177038982999999997
13701220000	-0.00488275239999999989	-0.0177060752999999987
13701400000	-0.00496801879999999967	-0.0176643432999999996
13701580000	-0.0048932549000000004	-0.0176029340999999985
13701760000	-0.00495947830000000034	-0.0175359939999999992
13701940000	-0.00500480189999999957	-0.0174703372999999995
13702120000	-0.00498574860000000012	-0.0173771945999999997
13702300000	-0.00507463450000000035	-0.0173913400000000017
13702480000	-0.0050461754000000001	-0.0172422373999999989
13702660000	-0.00502620259999999978	-0.0172333928000000004
13702840000	-0.00507111130000000021	-0.0172277009000000002
13703020000	-0.00511677030000000019	-0.017172710800000001
13703200000	-0.00516757979999999967	-0.0169756721999999999
13703380000	-0.00519473669999999995	-0.017023092699999999
13703560000	-0.00520103160000000026	-0.0170529763000000015
13703740000	-0.00522864109999999962	-0.0168770324999999999
13703920000	-0.00523817899999999993	-0.0169052672000000008
13704100000	-0.00526544239999999966	-0.0168818332000000015
13704280000	-0.00536455620000000043	-0.0167128942000000016
13704460000	-0.00530256590000000028	-0.0167166166999999991
13704640000	-0.00526692279999999968	-0.0166468985
13704820000	-0.00537345659999999975	-0.0165505713000000006
13705000000	-0.00538938340000000033	-0.0165451437000000007
13705180000	-0.00536127229999999993	-0.0164530737999999989
13705360000	-0.00544452429999999973	-0.0164188871999999993
13705540000	-0.00539094650000000036	-0.0164129831000000004
13705720000	-0.00552350819999999996	-0.0163548311000000016
13705900000	-0.00547761829999999974	-0.016321442299999999
13706080000	-0.0054709677999999996	-0.0162027585000000009
13706260000	-0.00556264290000000033	-0.0161497241999999999
13706440000	-0.0055974401	-0.0161497991999999986
13706620000	-0.00556371899999999996	-0.0161929362000000007
13706800000	-0.00563878480000000026	-0.0160245777999999985
13706980000	-0.00564805349999999984	-0.0159711490000000005
13707160000	-0.00571131710000000008	-0.0159993678000000007
13707340000	-0.00567855659999999974	-0.0157863471999999984
13707520000	-0.00569869789999999984	-0.0158259934999999997
13707700000	-0.00578375770000000029	-0.0158395706999999997
13707880000	-0.00573455750000000011	-0.0157372523999999986
13708060000	-0.00580305180000000032	-0.0156684695000000006
13708240000	-0.00574591470000000021	-0.0157054003999999997
13708420000	-0.00580061489999999982	-0.0156050665000000005
13708600000	-0.00589453859999999972	-0.0156632639999999997
13708780000	-0.00587871680000000025	-0.0155285257000000003
13708960000	-0.00584442610000000026	-0.0154559381000000003
13709140000	-0.0059207458000000001	-0.0154411025999999993
13709320000	-0.00590716179999999959	-0.0153816742000000006
13709500000	-0.00596012930000000031	-0.0153634984999999995
13709680000	-0.00593025310000000038	-0.0152753734999999998
13709860000	-0.00601295160000000009	-0.0152672790999999995
13710040000	-0.00601030180000000028	-0.0152272284000000008
13710220000	-0.00602399329999999972	-0.0151556695999999994
13710400000	-0.00606514470000000042	-0.0150716869000000007
13710580000	-0.00611399129999999971	-0.0150919317000000001
13710760000	-0.00617245000000000033	-0.0150483838000000005
13710940000	-0.00611433240000000024	-0.0149193815000000004
13711120000	-0.00608791760000000019	-0.0149847771000000008
13711300000	-0.00621803720000000011	-0.0148664576000000007
13711480000	-0.00619298669999999996	-0.0148882814999999995
13711660000	-0.0062090302999999996	-0.0147811126999999997
13711840000	-0.00623069409999999976	-0.0147559322000000003
13712020000	-0.00625847059999999969	-0.0147702246999999991
13712200000	-0.00625047740000000008	-0.0146495410000000003
13712380000	-0.00625977879999999997	-0.0146251811000000006
13712560000	-0.00630770350000000018	-0.0146288983999999997
13712740000	-0.00629712849999999966	-0.0145409818999999996
13712920000	-0.00634189460000000003	-0.0144941814999999998
13713100000	-0.00632198530000000012	-0.0145300713000000008
13713280000	-0.00640371860000000029	-0.0144322980999999993
13713460000	-0.00642240869999999991	-0.0144215005
13713640000	-0.00640271459999999966	-0.0143424551999999997
13713820000	-0.00640387620000000025	-0.0142830454999999992
13714000000	-0.00640457800000000018	-0.0143262032000000001
13714180000	-0.00650447249999999959	-0.0142631957
13714360000	-0.00654099710000000025	-0.0141545279
13714540000	-0.00654329430000000038	-0.0141769858999999995
13714720000	-0.00655218709999999972	-0.0140895645000000003
13714900000	-0.00659239450000000029	-0.0141286595999999993
13715080000	-0.00659381789999999995	-0.0139930390000000005
13715260000	-0.00656176030000000035	-0.0139212716999999996
13715440000	-0.00658779850000000035	-0.0139119020999999999
13715620000	-0.00664572759999999992	-0.0138592724000000007
13715800000	-0.00657779020000000009	-0.0138140543999999994
13715980000	-0.00666790029999999971	-0.0138329869999999997
13716160000	-0.00665849050000000015	-0.0137458857999999996
13716340000	-0.00670980599999999958	-0.0138036797999999995
13716520000	-0.00676814160000000029	-0.0137413867000000002
13716700000	-0.00676009380000000028	-0.0136566667000000003
13716880000	-0.00679814800000000038	-0.0136585725000000005
13717060000	-0.00675253129999999965	-0.0136541010000000001
13717240000	-0.00678115539999999978	-0.0134509823000000008
13717420000	-0.00685649719999999966	-0.0134671974000000003
13717600000	-0.00681111350000000032	-0.0134947000999999997
13717780000	-0.00683869140000000018	-0.0134683674000000003
13717960000	-0.0069072287000000003	-0.0133569746999999996
13718140000	-0.00689097609999999965	-0.0134377634000000003
13718320000	-0.00688763669999999974	-0.0132965632
13718500000	-0.00692892259999999989	-0.0133443429000000002
13718680000	-0.00693650320000000018	-0.0132490157000000001
13718860000	-0.00694925270000000019	-0.0132410432000000002
13719040000	-0.00705575249999999994	-0.0131678426000000001
13719220000	-0.00697396070000000021	-0.0130971035999999999
13719400000	-0.00706191339999999966	-0.0130489916000000004
13719580000	-0.00701871939999999979	-0.0130809297000000005
13719760000	-0.00708042929999999973	-0.0129319915999999997
13719940000	-0.00709782529999999998	-0.0129713169999999996
13720120000	-0.00704485049999999981	-0.0129424598999999998
13720300000	-0.00711524859999999957	-0.0129117610000000008
13720480000	-0.00707192360000000013	-0.0129240002000000007
13720660000	-0.00713797949999999976	-0.0128157285999999995
13720840000	-0.0071664331000000003	-0.0127708335000000003
13721020000	-0.00711461030000000005	-0.0127695554000000003
13721200000	-0.00716545299999999958	-0.0127062274000000006
13721380000	-0.00721036219999999974	-0.0126785526000000003
13721560000	-0.00726950400000000042	-0.0126921107999999998
13721740000	-0.00729020859999999962	-0.0125892932000000006
13721920000	-0.00730403530000000006	-0.0125732107999999999
13722100000	-0.0072899677000000003	-0.0125306093000000004
13722280000	-0.00718679599999999964	-0.0125703441999999999
13722460000	-0.00724304630000000005	-0.0125376098999999998
13722640000	-0.00728827940000000007	-0.0124588393999999995
13722820000	-0.00738450599999999988	-0.0124469630000000001
13723000000	-0.00735475229999999966	-0.0124532429999999993
13723180000	-0.00748469909999999964	-0.0123848172000000003
13723360000	-0.00734415310000000043	-0.0123776771999999993
13723540000	-0.00733815820000000008	-0.0123285066000000006
13723720000	-0.00747494079999999964	-0.0122391940000000001
13723900000	-0.00740969809999999975	-0.0122472081999999999
13724080000	-0.00745003129999999986	-0.0121730380000000006
13724260000	-0.00751878990000000042	-0.0121930576999999991
13724440000	-0.00756325909999999973	-0.0121296632999999994
13724620000	-0.0075529302000000003	-0.0120899569000000005
13724800000	-0.00753443089999999982	-0.0120451628999999998
13724980000	-0.00755951859999999965	-0.0120404342000000001
13725160000	-0.00754642629999999984	-0.0119283853000000002
13725340000	-0.00755710739999999968	-0.0119226074000000001
13725520000	-0.00764766420000000027	-0.0119595316
13725700000	-0.0075746527000000001	-0.0118908981
13725880000	-0.00761394960000000027	-0.0118514889000000002
13726060000	-0.00762689309999999964	-0.0119290773999999999
13726240000	-0.00767039179999999977	-0.0118398519000000001
13726420000	-0.00765912580000000041	-0.0117760040999999992
13726600000	-0.0076922583999999997	-0.0117027295
13726780000	-0.00770026909999999964	-0.0117306715999999991
13726960000	-0.0077701135000000001	-0.0116637524999999992
13727140000	-0.00775647100000000003	-0.0116951352999999994
13727320000	-0.00783766990000000011	-0.0116921335999999997
13727500000	-0.00784064599999999973	-0.0115784415999999994
13727680000	-0.00786909159999999927	-0.0115479328000000006
13727860000	-0.0077924400999999999	-0.0115667511999999993
13728040000	-0.00780634009999999975	-0.0114427800999999992
13728220000	-0.00784728139999999949	-0.0114584630999999999
13728400000	-0.00789802310000000014	-0.0114772585999999999
13728580000	-0.00788693059999999967	-0.0113827018000000005
13728760000	-0.00789675849999999999	-0.0114191220000000003
13728940000	-0.00796834039999999924	-0.0113722094999999992
13729120000	-0.00797308939999999931	-0.0112912827000000004
13729300000	-0.00802975849999999942	-0.0112545725000000006
13729480000	-0.00799369550000000005	-0.0112917508
13729660000	-0.00798880759999999988	-0.0111389720000000005
13729840000	-0.00806883469999999936	-0.0111763386000000003
13730020000	-0.00810212429999999928	-0.0111937087000000008
13730200000	-0.00800632180000000054	-0.0111292922999999995
13730380000	-0.00797934580000000081	-0.0111162104999999994
13730560000	-0.00804030059999999956	-0.0110544276999999993
13730740000	-0.00802710620000000007	-0.0110315888000000004
13730920000	-0.00813260659999999989	-0.0109931496999999996
13731100000	-0.00811969310000000034	-0.0109833013999999993
13731280000	-0.00822196419999999921	-0.0109383606000000005
13731460000	-0.00816965260000000054	-0.0108634486000000006
13731640000	-0.00812447869999999989	-0.0109311480999999995
13731820000	-0.0081694491999999997	-0.0108056782000000001
13732000000	-0.00822256939999999915	-0.0108588260999999998
