10285000000	0.00644658709999999975	0.00260497379999999985
10285150000	0.00646187759999999976	0.00257304749999999992
10285300000	0.00648255899999999972	0.00254512069999999991
10285450000	0.0065432792999999996	0.00255153120000000018
10285600000	0.00650453219999999957	0.00252651120000000002
10285750000	0.00652198520000000018	0.00252044429999999983
10285900000	0.00657577230000000023	0.00247128829999999997
10286050000	0.00660309779999999989	0.00255194269999999999
10286200000	0.00663636849999999986	0.00245944759999999979
10286350000	0.00664103479999999993	0.00248717560000000009
10286500000	0.00670380939999999995	0.00241338039999999983
10286650000	0.00676387880000000035	0.00250395629999999999
10286800000	0.00676451180000000023	0.00242255019999999995
10286950000	0.00683159309999999999	0.00236957339999999995
10287100000	0.00688987529999999983	0.00243514100000000004
10287250000	0.00685642309999999998	0.00239165859999999984
10287400000	0.0068855139999999997	0.00240865819999999979
10287550000	0.00694636940000000012	0.00237581649999999995
10287700000	0.00696621669999999971	0.00236277319999999994
10287850000	0.00702640290000000004	0.00236123899999999979
10288000000	0.0070270552	0.00232500519999999985
10288150000	0.00705361509999999966	0.00234666960000000022
10288300000	0.00715695350000000036	0.00231110150000000004
10288450000	0.00716011660000000043	0.00231106350000000009
10288600000	0.00718421860000000023	0.00231157370000000017
10288750000	0.00720815199999999979	0.00225682979999999997
10288900000	0.00725390299999999991	0.00223782069999999998
10289050000	0.00726825760000000039	0.0022276561000000002
10289200000	0.0072704880999999999	0.00216583829999999989
10289350000	0.00736783839999999995	0.00223185770000000009
10289500000	0.00735745050000000036	0.0021923731000000001
10289650000	0.00741844520000000014	0.00218383430000000005
10289800000	0.00745943680000000012	0.00217599949999999981
10289950000	0.00748179249999999987	0.00213817930000000014
10290100000	0.00755767039999999998	0.00210284940000000009
10290250000	0.0075313384000000004	0.0021206812000000002
10290400000	0.00765383529999999999	0.00210396819999999997
10290550000	0.00768326779999999997	0.00211734849999999997
10290700000	0.00771529350000000041	0.0020330779999999998
10290850000	0.0076874342999999996	0.00202396640000000001
10291000000	0.00773351739999999978	0.00201018629999999985
10291150000	0.00783712899999999997	0.00203877920000000018
10291300000	0.00785856199999999949	0.00199451010000000015
10291450000	0.00784196250000000067	0.00197687109999999987
10291600000	0.00786567290000000051	0.00197825560000000015
10291750000	0.00795308049999999926	0.00192214370000000009
10291900000	0.00800088929999999941	0.00192241479999999995
10292050000	0.00800308819999999942	0.00188930359999999993
10292200000	0.00803719269999999923	0.00182622129999999994
10292350000	0.00809844080000000043	0.00185199619999999992
10292500000	0.00811866969999999917	0.0018433054999999999
10292650000	0.00820660399999999929	0.00183191129999999997
10292800000	0.00815066010000000014	0.00182533939999999996
10292950000	0.00825479250000000012	0.00182318150000000006
10293100000	0.00836272149999999978	0.00178506070000000001
10293250000	0.00833647900000000081	0.0017430773000000001
10293400000	0.00835168659999999986	0.00176188069999999998
10293550000	0.0084162426000000002	0.0016929178
10293700000	0.00844000150000000053	0.00169183490000000001
10293850000	0.00849345550000000019	0.00160925369999999996
10294000000	0.00857582680000000021	0.00165558950000000002
10294150000	0.00856216079999999949	0.0016263708999999999
10294300000	0.00858662280000000062	0.00158970649999999993
10294450000	0.00867843830000000066	0.00152762779999999999
10294600000	0.00870826809999999951	0.0015569901000000001
10294750000	0.00872550920000000028	0.00153206570000000001
10294900000	0.00881872009999999998	0.00151176700000000002
10295050000	0.00885474039999999997	0.0014561315
10295200000	0.00886958149999999938	0.00143157599999999994
10295350000	0.00900638410000000056	0.00146283239999999998
10295500000	0.00899297639999999988	0.0013859059999999999
10295650000	0.00902010219999999953	0.00136856439999999998
10295800000	0.00901873750000000036	0.00133368139999999989
10295950000	0.00913689940000000055	0.00128744550000000008
10296100000	0.00915553939999999913	0.00134735970000000004
10296250000	0.00918236769999999924	0.00133162420000000007
10296400000	0.00925724049999999965	0.00126281310000000003
10296550000	0.00935281339999999989	0.00128069730000000001
10296700000	0.00936750549999999967	0.00123283050000000003
10296850000	0.00937999360000000074	0.00116470120000000004
10297000000	0.00942682729999999927	0.00118157909999999991
10297150000	0.00951616090000000081	0.00109305160000000004
10297300000	0.00951468509999999976	0.0010863228999999999
10297450000	0.00961176069999999938	0.0010481027
10297600000	0.00968062570000000067	0.000988483899999999943
10297750000	0.00965592300000000028	0.000997960800000000049
10297900000	0.00972863409999999949	0.00098320640000000006
10298050000	0.00979249960000000072	0.000948922900000000028
10298200000	0.00988597729999999945	0.000884244699999999981
10298350000	0.00985209530000000049	0.000908534000000000013
10298500000	0.00993489260000000006	0.000832939199999999948
10298650000	0.00997241849999999999	0.000833141199999999985
10298800000	0.0100758874000000005	0.000847492300000000031
10298950000	0.0100761914999999997	0.000794367499999999987
10299100000	0.0101972797000000007	0.00071502689999999999
10299250000	0.0101681575000000003	0.000685299400000000027
10299400000	0.0101995964000000001	0.000687953099999999971
10299550000	0.0102920588	0.000643814499999999994
10299700000	0.0102951362000000008	0.00055475339999999998
10299850000	0.0103928354999999993	0.000581404299999999986
10300000000	0.0104427071000000003	0.00051089379999999995
10300150000	0.0105239527000000003	0.000533724800000000017
10300300000	0.0106192353999999996	0.000507529200000000013
10300450000	0.0105925021999999994	0.00039869809999999999
10300600000	0.0106959489000000001	0.00035945539999999998
10300750000	0.0107292064999999995	0.000306771699999999975
10300900000	0.0107018585999999992	0.000328674299999999985
10301050000	0.0108175218000000004	0.000251236700000000027
10301200000	0.0108774861999999996	0.000195376199999999995
10301350000	0.0109636768000000006	0.000236739200000000012
10301500000	0.0110290436999999995	9.14758999999999961e-05
10301650000	0.0110852902000000003	0.000135547200000000009
10301800000	0.0111444875999999991	4.63483999999999983e-05
10301950000	0.0111868113000000002	4.18357999999999968e-05
10302100000	0.0112424023000000008	-1.10408999999999996e-05
10302250000	0.0113034251000000002	-2.83651000000000005e-05
10302400000	0.0113788676999999998	-9.44442999999999997e-05
10302550000	0.0114989319000000003	-0.000120276300000000006
10302700000	0.0114824382000000003	-0.000245182400000000013
10302850000	0.0115182219000000002	-0.000191416200000000012
10303000000	0.0115644822000000001	-0.000308968199999999974
10303150000	0.0116490242999999997	-0.000355038000000000012
10303300000	0.0117216688999999992	-0.000367879799999999994
10303450000	0.0117343898999999995	-0.00039448590000000001
10303600000	0.0119076158999999997	-0.00053413769999999998
10303750000	0.0119611717999999999	-0.000540717400000000049
10303900000	0.0119900683999999997	-0.000564106700000000004
10304050000	0.0120347335000000003	-0.000620470600000000015
10304200000	0.0120924428000000004	-0.000719133900000000037
10304350000	0.0121348887000000006	-0.000738184900000000001
10304500000	0.0122405605000000008	-0.000793236700000000028
10304650000	0.0123019225999999992	-0.000813866400000000031
10304800000	0.0124228399999999992	-0.000929425100000000034
10304950000	0.0124696376999999994	-0.000949736299999999955
10305100000	0.0124884948999999992	-0.00107304459999999998
10305250000	0.0126278347999999995	-0.0010998290999999999
10305400000	0.0126465617999999991	-0.00112638129999999997
10305550000	0.0127473972999999994	-0.00120776499999999997
10305700000	0.0127989265000000001	-0.00122945949999999997
10305850000	0.0129138486999999993	-0.00128130710000000001
10306000000	0.0129147448000000008	-0.00136990019999999992
10306150000	0.0130074132999999995	-0.00141734619999999995
10306300000	0.0131098872999999994	-0.00150733579999999989
10306450000	0.0131916809000000006	-0.00158696690000000007
10306600000	0.0132219975000000007	-0.00163325139999999998
10306750000	0.0132781176000000001	-0.00169982950000000009
10306900000	0.0134251758999999991	-0.00172783320000000008
10307050000	0.0134916276000000002	-0.00179953719999999999
10307200000	0.0135398922000000005	-0.00193040190000000008
10307350000	0.0136294280000000007	-0.00193328180000000007
10307500000	0.0136919000999999995	-0.00206023539999999981
10307650000	0.0137578519999999992	-0.00211216719999999993
10307800000	0.0138160668000000004	-0.00218250069999999978
10307950000	0.0139285658000000007	-0.00223771329999999978
10308100000	0.0139718793999999997	-0.00230567990000000002
10308250000	0.0140264019000000007	-0.00241233269999999991
10308400000	0.0141953845999999995	-0.00245451079999999986
10308550000	0.0142546606999999995	-0.00253011639999999993
10308700000	0.0143978375999999995	-0.00261613550000000007
10308850000	0.0144309344999999992	-0.00273028210000000014
10309000000	0.0144484586999999998	-0.00275158180000000018
10309150000	0.0146079359000000006	-0.00289601979999999995
10309300000	0.0147126189000000001	-0.00298086270000000016
10309450000	0.0147557823000000008	-0.00308503499999999986
10309600000	0.0148147738999999997	-0.0031358015999999999
10309750000	0.0149014865	-0.00321715360000000014
10309900000	0.0149558689000000005	-0.00334002530000000004
10310050000	0.0149884493999999993	-0.00341874030000000008
10310200000	0.0151597824000000003	-0.00351318749999999982
10310350000	0.0152145237999999992	-0.00365709329999999982
10310500000	0.0153544760000000006	-0.00374472820000000019
10310650000	0.0153461386999999994	-0.00382149690000000005
10310800000	0.0155217839000000007	-0.00387475100000000006
10310950000	0.0156200164000000006	-0.00400576669999999982
10311100000	0.0157119879999999996	-0.0041103327999999998
10311250000	0.0157444168999999988	-0.00421201619999999992
10311400000	0.0158674549000000012	-0.00430056480000000005
10311550000	0.0159706605000000008	-0.00441298660000000002
10311700000	0.0160793511	-0.00455314920000000033
10311850000	0.0161543014999999991	-0.00464955339999999998
10312000000	0.0163076272000000008	-0.00481703950000000013
10312150000	0.0163829927000000014	-0.00489655440000000015
10312300000	0.0164794420000000004	-0.00498402900000000006
10312450000	0.0165075153999999988	-0.00509938389999999974
10312600000	0.016650335799999999	-0.0052349998999999996
10312750000	0.0167044276999999998	-0.00538010180000000025
10312900000	0.0168653240999999988	-0.00554439759999999972
10313050000	0.0169441834	-0.00564758589999999998
10313200000	0.0170509013999999987	-0.00578673269999999997
10313350000	0.0171636655000000013	-0.00590901159999999981
10313500000	0.0171760832999999988	-0.00601968339999999977
10313650000	0.0174166140000000004	-0.00616984509999999979
10313800000	0.0174366531000000012	-0.00636259489999999994
10313950000	0.0175530085000000016	-0.00642831900000000005
10314100000	0.0176401231999999998	-0.00663018709999999966
10314250000	0.0177870561000000003	-0.00672465760000000041
10314400000	0.0178622129999999983	-0.00692135880000000012
10314550000	0.0179710631000000003	-0.00706350180000000008
10314700000	0.0180113969000000006	-0.00725657350000000027
10314850000	0.0182056913000000001	-0.00739710690000000039
10315000000	0.0182798074999999983	-0.00755328490000000026
10315150000	0.0183878090000000015	-0.00770346079999999992
10315300000	0.0185317699000000016	-0.00793980189999999968
10315450000	0.018622686900000001	-0.00809230550000000076
10315600000	0.0186649771000000006	-0.00823384220000000083
10315750000	0.0187784234000000008	-0.00844876630000000045
10315900000	0.0189249800999999988	-0.00868267720000000069
10316050000	0.0190109283000000004	-0.00882700980000000052
10316200000	0.0191357457999999994	-0.00896517529999999938
10316350000	0.0192075220000000012	-0.00921615140000000069
10316500000	0.0193432514999999985	-0.00938183040000000086
10316650000	0.0194777621000000005	-0.00960891699999999981
10316800000	0.0194794759000000012	-0.00976451300000000071
10316950000	0.0196992170000000015	-0.00998871179999999935
10317100000	0.0198000452000000014	-0.0102417037999999998
10317250000	0.0199526453999999999	-0.0104279637000000008
10317400000	0.0199986729000000002	-0.0107041180999999999
10317550000	0.0201153807000000011	-0.0108884891000000008
10317700000	0.0202562054000000012	-0.0111230227000000004
10317850000	0.0203707059999999988	-0.0113782420999999998
10318000000	0.0204705601000000001	-0.0115975560000000002
10318150000	0.0205362689000000015	-0.0118319379000000006
10318300000	0.0206176604999999992	-0.0120911054999999993
10318450000	0.0208384801999999987	-0.0123790214000000006
10318600000	0.0208486558999999988	-0.0126562740999999999
10318750000	0.0210207019000000009	-0.0129184551000000002
10318900000	0.0211341802000000016	-0.0131491456999999999
10319050000	0.0212255233000000001	-0.0134025210000000006
10319200000	0.0213226562000000015	-0.0137168428000000002
10319350000	0.0214372362000000011	-0.0140395678999999992
10319500000	0.0215194600999999985	-0.0142881108
10319650000	0.0216026201999999987	-0.0146119622999999997
10319800000	0.0217803373999999987	-0.0149063610999999995
10319950000	0.0218139232999999995	-0.0152588961000000006
10320100000	0.0219238372000000008	-0.0155310845000000003
10320250000	0.0220036581000000002	-0.0159327569000000009
10320400000	0.0221405630999999999	-0.016210541299999999
10320550000	0.0221551538000000006	-0.016531328599999999
10320700000	0.0223654531999999996	-0.0168715293000000002
10320850000	0.022410255300000001	-0.0173142116999999984
10321000000	0.0225362316999999993	-0.0176244247999999999
10321150000	0.0226062347999999996	-0.0180545210000000005
10321300000	0.0226821133000000008	-0.0183871513999999993
10321450000	0.0227639905999999989	-0.0188227811000000016
10321600000	0.0228329056999999995	-0.0191940919000000015
10321750000	0.0228815165000000008	-0.0196580205000000015
10321900000	0.0230234411	-0.0199891734000000008
10322050000	0.0230369519999999994	-0.0204442184999999998
10322200000	0.0231045487999999993	-0.0209774612999999999
10322350000	0.0231691516	-0.0213046872999999998
10322500000	0.023224176400000001	-0.0218416823999999996
10322650000	0.0232587653999999991	-0.0222920297000000003
10322800000	0.0233000384000000005	-0.0227340057000000005
10322950000	0.0233425231999999996	-0.0231469738000000015
10323100000	0.0234541023000000015	-0.0237205930000000016
10323250000	0.0233867025999999999	-0.024215489199999999
10323400000	0.0234780119000000016	-0.0248120117000000008
10323550000	0.0233946743999999991	-0.0252005393000000015
10323700000	0.0233772744999999997	-0.0257684479000000015
10323850000	0.0235429329000000007	-0.0263820615999999994
10324000000	0.0234140153000000004	-0.0269197647000000012
10324150000	0.0234385210000000004	-0.0274975406999999998
10324300000	0.0233431483000000016	-0.0280070639000000003
10324450000	0.0233440952999999993	-0.0286407486000000017
10324600000	0.0233457255000000009	-0.0293495757000000017
10324750000	0.0231975147000000013	-0.0300017919999999993
10324900000	0.0230884134000000005	-0.0305260437000000016
10325050000	0.0230284606999999995	-0.0311954917999999991
10325200000	0.0229148688999999996	-0.0318989896999999981
10325350000	0.0227881682000000002	-0.0325677762999999967
10325500000	0.0226309007999999992	-0.0332004331000000028
10325650000	0.0224980434999999986	-0.0339000095000000015
10325800000	0.0223465278000000017	-0.0347379695000000002
10325950000	0.0221583547999999984	-0.0354260055999999976
10326100000	0.0218674165000000004	-0.0361945167999999998
10326250000	0.0216711116000000009	-0.0369013638999999977
10326400000	0.0214417787000000006	-0.0376745149999999987
10326550000	0.0210784127000000002	-0.0384351017000000017
10326700000	0.0208636438000000014	-0.0392484180000000002
10326850000	0.020506382699999999	-0.0400432672000000031
10327000000	0.0202261941000000008	-0.0408191659000000026
10327150000	0.0197922266000000006	-0.0416357107000000018
10327300000	0.0193929722000000006	-0.0424405429000000028
10327450000	0.0189750108999999986	-0.0433228469000000033
10327600000	0.0184817663000000007	-0.0441975437000000013
10327750000	0.0179538015999999995	-0.0449956114000000032
10327900000	0.0173839167000000017	-0.0458464624999999973
10328050000	0.0168075806000000001	-0.0467712606000000031
10328200000	0.0161814041000000013	-0.0475572883000000002
10328350000	0.0155661238999999993	-0.0484162734000000011
10328500000	0.0148634540999999995	-0.049329354899999997
10328650000	0.0140567599000000001	-0.0501781509999999972
10328800000	0.0133183312000000002	-0.0510460067000000003
10328950000	0.0124891914999999999	-0.0519291610000000015
10329100000	0.0116630989000000001	-0.0527028662999999981
10329250000	0.0107266998999999991	-0.0535173617000000018
10329400000	0.00974474619999999951	-0.0544291542000000031
10329550000	0.0087528021999999997	-0.0551335834999999996
10329700000	0.00762007169999999977	-0.0559783077000000004
10329850000	0.0065710880000000001	-0.0566811851000000033
10330000000	0.00535422380000000024	-0.057365654000000002
10330150000	0.0042419672000000002	-0.0580593510000000021
10330300000	0.00297590160000000018	-0.0587285908000000009
10330450000	0.00163444039999999994	-0.0593591872999999978
10330600000	0.000178681400000000007	-0.059977931499999998
10330750000	-0.00108261849999999999	-0.0604865708000000002
10330900000	-0.00259781470000000018	-0.0610351343000000018
10331050000	-0.00411250179999999958	-0.0613602040000000015
10331200000	-0.00558413469999999995	-0.0618500750999999988
10331350000	-0.00711373400000000003	-0.0621219033999999976
10331500000	-0.00869473039999999961	-0.0624161770000000032
10331650000	-0.0103402444999999999	-0.0626054208000000056
10331800000	-0.0120376990000000007	-0.0627516305999999968
10331950000	-0.0136762373999999992	-0.0627585180999999936
10332100000	-0.0153827357000000005	-0.0627673405000000045
10332250000	-0.0170360298999999993	-0.0626741504999999977
10332400000	-0.0188051511999999983	-0.0624828317999999994
10332550000	-0.0205237542999999988	-0.0621867384999999981
10332700000	-0.0221657380000000008	-0.0619472062000000004
10332850000	-0.0239219056999999992	-0.0614945645000000013
10333000000	-0.0256129398000000015	-0.0609584134000000014
10333150000	-0.0272512936999999983	-0.0603349315000000011
10333300000	-0.0288939004999999999	-0.0597265387999999994
10333450000	-0.030512102499999999	-0.0590824482999999998
10333600000	-0.0321042299999999975	-0.0582133090999999991
10333750000	-0.0336137378000000014	-0.0573398537999999999
10333900000	-0.0350613342999999966	-0.0564668190000000014
10334050000	-0.036559980899999997	-0.055430625499999997
10334200000	-0.0379275857999999966	-0.0543272618999999998
10334350000	-0.0392914321999999969	-0.0532993797999999977
10334500000	-0.0405186953999999988	-0.0520259563000000022
10334650000	-0.041761597999999997	-0.0508387148999999983
10334800000	-0.0428739205000000026	-0.0495438483999999998
10334950000	-0.0439642479999999974	-0.0482628465999999992
10335100000	-0.0450044186999999998	-0.0469780188000000001
10335250000	-0.0459430652000000009	-0.0455837119999999985
10335400000	-0.0468237103000000016	-0.0441504891999999968
10335550000	-0.0476873579999999991	-0.0428459638999999989
10335700000	-0.0483128649000000021	-0.0413548940000000032
10335850000	-0.0490269522000000013	-0.0399814195999999983
10336000000	-0.0496693625000000014	-0.0384816088999999986
10336150000	-0.0501213426000000004	-0.0370527241999999979
10336300000	-0.0506053711999999989	-0.0356264536999999978
10336450000	-0.0510464398999999971	-0.0341819516999999976
10336600000	-0.0514230216000000004	-0.0327510596000000001
10336750000	-0.0516810039000000013	-0.0313656948000000033
10336900000	-0.0518804273999999982	-0.0299922052000000001
10337050000	-0.0520594102999999975	-0.0286025303000000015
10337200000	-0.0522218425999999986	-0.0272684012000000003
10337350000	-0.0523471170999999999	-0.0258862964999999993
10337500000	-0.0523962165999999965	-0.0246656727999999999
10337650000	-0.0523067186999999975	-0.023302600100000001
10337800000	-0.0522889693000000016	-0.0220842690000000001
10337950000	-0.0521532393000000011	-0.0208470283999999985
10338100000	-0.0520867776000000018	-0.0196283927000000004
10338250000	-0.0519250060000000027	-0.0184731817999999985
10338400000	-0.0517213566999999985	-0.0173103229000000011
10338550000	-0.0515467173000000028	-0.0162250526000000013
10338700000	-0.0512189135999999989	-0.0150998603000000002
10338850000	-0.0510304673	-0.0140435244000000001
10339000000	-0.050714627800000002	-0.0131219683
10339150000	-0.0504464739999999981	-0.0120843119999999998
10339300000	-0.0500370733999999998	-0.0110632169000000006
10339450000	-0.049710771899999999	-0.0101913066999999996
10339600000	-0.0493098183000000023	-0.00929189950000000077
10339750000	-0.0489441644999999981	-0.00840344919999999954
10339900000	-0.0486027195999999967	-0.00755170660000000025
10340050000	-0.0482649146000000001	-0.00672421590000000027
10340200000	-0.0478164768000000004	-0.00600089739999999996
10340350000	-0.0473459255999999981	-0.00519474080000000005
10340500000	-0.0469732503999999995	-0.00442470970000000043
10340650000	-0.0465516015999999991	-0.00376947910000000009
10340800000	-0.0460412602999999976	-0.00303369710000000016
10340950000	-0.0455911240999999981	-0.00239037350000000006
10341100000	-0.0451806432000000022	-0.00172003759999999999
10341250000	-0.0447318072000000011	-0.00108448630000000006
10341400000	-0.0443333742999999988	-0.000560740499999999955
10341550000	-0.0437859709999999999	4.42392000000000016e-05
10341700000	-0.0433750342999999969	0.000591041500000000003
10341850000	-0.0429034971000000001	0.0011674433000000001
10342000000	-0.0424700865999999982	0.00160500110000000003
10342150000	-0.0419985714999999982	0.00218813450000000017
10342300000	-0.0415332288999999966	0.00270246669999999996
10342450000	-0.0411518805000000015	0.00315379280000000015
10342600000	-0.0407479741000000006	0.00359348000000000002
10342750000	-0.0402311170999999981	0.00396191179999999966
10342900000	-0.0398351883999999989	0.0044410576999999998
10343050000	-0.0393525726999999978	0.00486283099999999975
10343200000	-0.0388738875999999969	0.00525255479999999983
10343350000	-0.0385221441000000026	0.00568268779999999991
10343500000	-0.0380580018999999992	0.00598395800000000016
10343650000	-0.0375749086999999996	0.0064133113999999998
10343800000	-0.0371859465999999986	0.00670151150000000001
10343950000	-0.0367905096000000001	0.00693841640000000034
10344100000	-0.0364043539999999999	0.00734553070000000009
10344250000	-0.0359020602000000022	0.0076151207000000002
10344400000	-0.0354796453000000012	0.00792229300000000039
10344550000	-0.0350836767999999979	0.00821412149999999931
10344700000	-0.0347874026999999975	0.00849925250000000028
10344850000	-0.0343524971999999984	0.00877170399999999996
10345000000	-0.0339291031999999979	0.00903052650000000026
10345150000	-0.0334989930999999991	0.00925835329999999922
10345300000	-0.0332019127000000025	0.00945261420000000074
10345450000	-0.0327747130999999983	0.00974085530000000019
10345600000	-0.0323342991999999996	0.00979173390000000025
10345750000	-0.0319490542000000002	0.0101298993
10345900000	-0.0316263671999999982	0.0103216387
10346050000	-0.0311967175999999999	0.0105475515000000002
10346200000	-0.0309590975000000011	0.0107128429999999997
10346350000	-0.0305188366999999995	0.0108977919000000003
10346500000	-0.0302349103999999987	0.0110033105999999999
10346650000	-0.0298721509999999996	0.0112599173
10346800000	-0.0295020211000000011	0.0113737926
10346950000	-0.0292037729999999988	0.0116006357000000004
10347100000	-0.0288121052000000002	0.0117030407999999999
10347250000	-0.028435121800000001	0.0118190794999999994
10347400000	-0.0281741442000000009	0.0119797033999999997
10347550000	-0.0279088270999999985	0.0121452034000000004
10347700000	-0.027540450000000001	0.0122650265999999994
10347850000	-0.0272512716999999995	0.0123429178000000004
10348000000	-0.0268852085999999983	0.0125477131999999995
10348150000	-0.0265581493000000002	0.0126868126999999994
10348300000	-0.0262085225000000012	0.0127570089999999997
10348450000	-0.0259694325000000004	0.0129253744
10348600000	-0.0256415176000000002	0.0129717044000000007
10348750000	-0.0253797402999999984	0.0130617561000000004
10348900000	-0.0250684865999999985	0.0131993493999999992
10349050000	-0.0248769617999999998	0.0132393673000000007
10349200000	-0.0244889442000000013	0.0133612778999999994
10349350000	-0.0242112992000000013	0.0134364458999999999
10349500000	-0.0238986170999999983	0.0135732292000000001
10349650000	-0.0236772410000000016	0.0136235595000000001
10349800000	-0.0234185425000000003	0.0136968117000000004
10349950000	-0.0231197139000000017	0.0137086285999999998
10350100000	-0.0228675106000000017	0.0138370521999999999
10350250000	-0.0225465713999999998	0.0139233505000000007
10350400000	-0.0223576517999999995	0.0139158096000000005
10350550000	-0.0220593453000000016	0.0140549961999999994
10350700000	-0.0218253729000000007	0.0141332582000000002
10350850000	-0.0215228774000000012	0.0142294753000000006
10351000000	-0.0213121115999999992	0.0142294819000000003
10351150000	-0.0210308083999999999	0.0142890388000000007
10351300000	-0.0207845545	0.0143880315000000005
10351450000	-0.0205785557999999986	0.0143808896000000002
10351600000	-0.0203738460999999989	0.0144019409000000001
10351750000	-0.0201017066999999994	0.0144679553999999995
10351900000	-0.0198488902000000002	0.0145366195000000004
10352050000	-0.0197014642999999989	0.0145622210999999998
10352200000	-0.019454201899999999	0.0145207818999999998
10352350000	-0.0191782866000000003	0.0146086692000000004
10352500000	-0.0190135170000000006	0.0146075908000000004
10352650000	-0.0186841943999999996	0.0147442583999999998
10352800000	-0.0185277286999999992	0.0147888327000000007
10352950000	-0.018309985899999999	0.0147260941999999995
10353100000	-0.0181248276000000007	0.0147584529999999995
10353250000	-0.0178455230999999999	0.0148117527999999995
10353400000	-0.017667073299999999	0.0148104666000000006
10353550000	-0.0174268940999999997	0.0148329907999999993
10353700000	-0.0172245336999999991	0.0148747080000000004
10353850000	-0.0170841660000000013	0.0149261337999999997
10354000000	-0.016816503	0.0149238986000000007
10354150000	-0.0166216590999999983	0.0149232219999999999
10354300000	-0.0164984638000000017	0.0149164028000000008
10354450000	-0.0162209996000000009	0.0149343060999999992
10354600000	-0.0160560523999999996	0.0149902856000000001
10354750000	-0.0158253821000000003	0.0149974909000000003
10354900000	-0.0157065425000000002	0.0149882404999999996
10355050000	-0.0155294736999999992	0.0149986136999999999
10355200000	-0.0152733451999999999	0.0150945042000000008
10355350000	-0.0150676438000000006	0.0150681125999999992
10355500000	-0.0149795911999999996	0.0150220773000000005
10355650000	-0.0147899060999999998	0.0149948854999999992
10355800000	-0.0145999461000000004	0.0151458986000000007
10355950000	-0.0144458156999999997	0.0151244173999999995
10356100000	-0.0142586287999999992	0.0150539672000000006
10356250000	-0.0140548027000000006	0.0150713276999999996
10356400000	-0.0138638176999999994	0.0150501360000000004
10356550000	-0.0136549242999999994	0.0150863642000000006
10356700000	-0.0134825394000000001	0.0149973096999999993
10356850000	-0.0133706129999999999	0.0150834870999999992
10357000000	-0.0132083648000000005	0.0150803108999999994
10357150000	-0.0130838566000000007	0.0151108886000000005
10357300000	-0.0128249817999999995	0.0151267200999999993
10357450000	-0.0126387344000000006	0.0150709056999999997
10357600000	-0.0125841465000000007	0.0150911411999999998
10357750000	-0.0123954508000000008	0.0150454170000000002
10357900000	-0.0121858100999999996	0.0150164970999999998
10358050000	-0.0120640845000000007	0.0150324267000000004
10358200000	-0.0119392869999999998	0.0149873608999999998
10358350000	-0.0117625161999999998	0.0149865624999999999
10358500000	-0.0116019537000000006	0.0150974885000000007
10358650000	-0.0113988835999999996	0.0150189960999999993
10358800000	-0.0112561022999999993	0.0149616994000000003
10358950000	-0.0112132052999999992	0.0149981177000000007
10359100000	-0.0109912974000000007	0.0150305914999999991
10359250000	-0.0108178375	0.0149675135999999993
10359400000	-0.0107056220999999993	0.0149718943999999996
10359550000	-0.0105911141999999996	0.0150034108999999999
10359700000	-0.0103925844999999996	0.0149430382999999993
10359850000	-0.0102774721000000006	0.0149133518000000003
10360000000	-0.0101541155999999994	0.0148843086999999995
10360150000	-0.0100224705999999997	0.0149098488000000001
10360300000	-0.00984854559999999955	0.0148084205000000007
10360450000	-0.00974495289999999931	0.0148435800000000003
10360600000	-0.00955181620000000037	0.0147967328999999998
10360750000	-0.0094936211000000003	0.0147912019000000002
10360900000	-0.00930364420000000074	0.0148126014999999996
10361050000	-0.00908889019999999971	0.0147079889999999994
10361200000	-0.00908721860000000041	0.0147279935999999993
10361350000	-0.00888885650000000027	0.0147719027000000006
10361500000	-0.00874596600000000085	0.0146726084000000003
10361650000	-0.00874484979999999926	0.0146695417000000002
10361800000	-0.00851748379999999958	0.0147028116000000007
10361950000	-0.00837107230000000077	0.0145734534000000002
10362100000	-0.00818485090000000033	0.0146400730999999996
10362250000	-0.00810441760000000025	0.0146175511000000008
10362400000	-0.00798041520000000032	0.0145789596
10362550000	-0.0078973419000000003	0.0145607817000000007
10362700000	-0.00777552939999999991	0.0145398921
10362850000	-0.00768901909999999966	0.0145332389999999999
10363000000	-0.00750971760000000016	0.0145009318000000002
10363150000	-0.00746674339999999978	0.0144257915999999996
10363300000	-0.0073074374000000001	0.0144317527999999994
10363450000	-0.00722689739999999962	0.0144804511999999993
10363600000	-0.00713809470000000001	0.0143471576999999999
10363750000	-0.00700824759999999977	0.0143586181999999993
10363900000	-0.00684381350000000041	0.0142777592000000002
10364050000	-0.00672835359999999962	0.0142912946000000006
10364200000	-0.00668411490000000042	0.0142116889
10364350000	-0.00646455859999999979	0.0141772100000000009
10364500000	-0.00645058869999999996	0.0141590592000000008
10364650000	-0.00627141550000000041	0.0141465215000000002
10364800000	-0.00617007030000000026	0.0141585440000000003
10364950000	-0.0060962083000000002	0.0140003699999999998
10365100000	-0.00591538110000000041	0.0140666218999999995
10365250000	-0.0058973745000000001	0.0140416924999999995
10365400000	-0.0058044593000000002	0.0139508261000000008
10365550000	-0.00561462699999999964	0.0139652912000000004
10365700000	-0.0055731267000000001	0.0139156353999999993
10365850000	-0.0054580656999999996	0.0138682886000000005
10366000000	-0.00531231369999999974	0.0138293240000000005
10366150000	-0.00528848970000000019	0.0138522364000000005
10366300000	-0.00513379879999999959	0.0138520251
10366450000	-0.00501640459999999969	0.0136892005999999997
10366600000	-0.00494191170000000003	0.0137082348
10366750000	-0.00482343710000000033	0.0137009777000000003
10366900000	-0.00476045740000000019	0.0136768437999999996
10367050000	-0.00468412770000000041	0.0136676074999999998
10367200000	-0.00456264869999999968	0.0135903249000000007
10367350000	-0.00451408370000000014	0.0135663177999999999
10367500000	-0.00439480690000000011	0.0135263432000000006
10367650000	-0.00428585320000000013	0.0134604228999999995
10367800000	-0.00417891210000000037	0.0134826489999999993
10367950000	-0.00409966799999999989	0.0133957291999999995
10368100000	-0.00402835699999999977	0.0134031820999999992
10368250000	-0.00400842870000000032	0.0133008706000000004
10368400000	-0.00386577039999999985	0.0132691740999999995
10368550000	-0.0037774089999999998	0.0132490074000000003
10368700000	-0.00366371929999999985	0.0132363227000000007
10368850000	-0.00355336580000000001	0.0131915279999999992
10369000000	-0.00351577969999999993	0.0131514037999999993
10369150000	-0.00339568919999999998	0.0131382610999999996
10369300000	-0.00338526809999999991	0.0130864416999999997
10369450000	-0.00327416649999999997	0.0129734767000000001
10369600000	-0.0032001375000000002	0.0129921840000000004
10369750000	-0.00305250589999999994	0.0129043501999999994
10369900000	-0.00304467399999999982	0.0128911632999999994
10370050000	-0.00294423729999999982	0.0128990093999999996
10370200000	-0.00285759799999999982	0.0128260703000000007
10370350000	-0.00279422179999999978	0.0127878795
10370500000	-0.00272019859999999983	0.0127370981000000001
10370650000	-0.00262847989999999984	0.0127127559000000008
10370800000	-0.0025072101000000002	0.0126398402999999999
10370950000	-0.0024552313000000001	0.0126247861000000003
10371100000	-0.00238194729999999981	0.0125926809999999997
10371250000	-0.00231578389999999995	0.0125563053000000008
10371400000	-0.00228008060000000007	0.0125646924000000007
10371550000	-0.00219557310000000018	0.0124632434000000007
10371700000	-0.00202984149999999985	0.0123812677000000003
10371850000	-0.00200965050000000015	0.0124420257999999992
10372000000	-0.00196099699999999991	0.0123343961000000005
10372150000	-0.00188395319999999991	0.0123252471000000006
10372300000	-0.00177292690000000006	0.0122702165000000002
10372450000	-0.00167536040000000001	0.0121743149999999998
10372600000	-0.00165337730000000003	0.0121758501999999994
10372750000	-0.00156492390000000006	0.0121445111999999994
10372900000	-0.0015508423999999999	0.0120990248000000002
10373050000	-0.00149598510000000006	0.0120537179000000001
10373200000	-0.00138938100000000008	0.0120067851999999999
10373350000	-0.00123695719999999997	0.0119168408
10373500000	-0.00121182179999999992	0.0119068773999999999
10373650000	-0.00116267080000000004	0.0118340741999999992
10373800000	-0.00114565450000000003	0.0118011229000000006
10373950000	-0.00104841029999999994	0.0117619369000000005
10374100000	-0.000999816300000000045	0.0117475771
10374250000	-0.000874744400000000027	0.0117294176999999996
10374400000	-0.000860347900000000003	0.0117451060999999995
10374550000	-0.000736460899999999961	0.0115887319999999992
10374700000	-0.000700708400000000001	0.0115658094999999995
10374850000	-0.000632387299999999982	0.0115131014999999993
10375000000	-0.000581275900000000002	0.0114789239999999997
10375150000	-0.00049204079999999996	0.0113855734999999993
10375300000	-0.000451126299999999984	0.0113895360000000005
10375450000	-0.000407701599999999993	0.0113271026999999993
10375600000	-0.000378683299999999987	0.0113199393999999995
10375750000	-0.000286829399999999975	0.0112746831999999998
10375900000	-0.000216943799999999988	0.0112540040999999993
10376050000	-0.000179102500000000002	0.0112117503
10376200000	-0.000146514200000000001	0.0110544901999999994
10376350000	-1.81637000000000003e-05	0.0111238712999999993
10376500000	-3.83385999999999992e-05	0.0110020155999999997
10376650000	8.34209999999999997e-05	0.0109468906999999997
10376800000	0.000137716799999999996	0.0109456400999999991
10376950000	0.000221672200000000002	0.0108576032999999992
10377100000	0.000242107599999999992	0.0109205997000000003
10377250000	0.000275356400000000012	0.0108496767999999993
10377400000	0.000373303000000000014	0.0107234957000000002
10377550000	0.000366548999999999976	0.0106611362000000008
10377700000	0.000448578299999999981	0.0107065975999999993
10377850000	0.000416760399999999988	0.0105784582999999995
10378000000	0.000527080699999999997	0.0105716235999999998
10378150000	0.000597207700000000011	0.0105327960000000005
10378300000	0.000563230200000000027	0.0104754983999999999
10378450000	0.000656924099999999954	0.0104546812999999992
10378600000	0.000733493800000000048	0.0104278058000000003
10378750000	0.000731851000000000051	0.0103935502000000006
10378900000	0.000830852500000000042	0.0103228671000000008
10379050000	0.000917263599999999964	0.0102965204999999997
10379200000	0.000873096500000000025	0.0102048200999999995
10379350000	0.000969524900000000018	0.0101584125999999997
10379500000	0.00102567879999999998	0.0101687119000000003
10379650000	0.00108882219999999999	0.0101204099000000002
10379800000	0.00112049109999999997	0.0100293328000000005
10379950000	0.00113352770000000008	0.0100358215000000001
10380100000	0.00117852709999999999	0.00994072489999999961
10380250000	0.00124702800000000007	0.00990669370000000007
10380400000	0.00137461789999999994	0.00986122860000000073
10380550000	0.00131175970000000004	0.00978129349999999967
10380700000	0.00137330539999999993	0.00980479499999999983
10380850000	0.00142786819999999996	0.00968848310000000081
10381000000	0.00145055050000000006	0.00965095879999999968
10381150000	0.00147138080000000005	0.00964066729999999913
10381300000	0.00152581039999999998	0.00958726269999999985
10381450000	0.00161895159999999997	0.00955070709999999989
10381600000	0.00165852399999999998	0.00947765289999999948
10381750000	0.00167005290000000008	0.00948342320000000044
10381900000	0.00168694580000000008	0.00937272580000000043
10382050000	0.00170332480000000004	0.0094354673
10382200000	0.0018071691	0.00936986109999999976
10382350000	0.0018337506999999999	0.00928412500000000071
10382500000	0.00185899080000000009	0.00924535869999999933
10382650000	0.00189229840000000008	0.00923401849999999982
10382800000	0.00191381569999999994	0.00914179879999999986
10382950000	0.00200978179999999982	0.0090338782999999992
10383100000	0.00192715310000000006	0.00905075009999999937
10383250000	0.00204443159999999997	0.00903112380000000055
10383400000	0.00206120640000000003	0.00901577679999999992
10383550000	0.00203667079999999981	0.00895247809999999943
10383700000	0.00212956089999999983	0.00883149800000000013
10383850000	0.00219599049999999983	0.0087915132999999996
10384000000	0.00219476650000000007	0.00881863469999999948
10384150000	0.00224075860000000002	0.00871070380000000047
10384300000	0.00228457299999999981	0.00870563740000000058
10384450000	0.00230705409999999982	0.00865350200000000042
10384600000	0.00229304120000000007	0.00865932699999999965
10384750000	0.00238191089999999998	0.0086249654999999998
10384900000	0.0023478787000000001	0.00848934099999999921
10385050000	0.00238158720000000018	0.00847932310000000002
10385200000	0.00244059359999999979	0.00842859399999999932
10385350000	0.00246332890000000018	0.00838414789999999965
10385500000	0.00247937169999999998	0.00829219399999999926
10385650000	0.00249971979999999991	0.00824418279999999948
10385800000	0.0025416636000000002	0.00828617889999999982
10385950000	0.00258367789999999981	0.0082248100000000008
10386100000	0.00256658069999999997	0.00814145299999999988
10386250000	0.00270386569999999998	0.00815430800000000074
10386400000	0.00264684770000000015	0.00815059119999999963
10386550000	0.00273236500000000005	0.00804438629999999939
10386700000	0.00274917040000000014	0.00807920850000000065
10386850000	0.00273052529999999981	0.0080073429000000005
10387000000	0.00273423129999999983	0.00789837720000000076
10387150000	0.00273400359999999981	0.0078540811000000002
10387300000	0.0028386968000000002	0.00784808749999999986
10387450000	0.00287050370000000018	0.00779142449999999966
10387600000	0.00286619169999999994	0.00776159490000000001
10387750000	0.00286836349999999981	0.00774221150000000032
10387900000	0.0029114287	0.00767713809999999962
10388050000	0.00292500449999999988	0.00762204829999999986
10388200000	0.00292970450000000016	0.00757790549999999997
10388350000	0.00297068690000000003	0.00754426680000000027
10388500000	0.00298332529999999988	0.00752042820000000008
10388650000	0.00297466189999999985	0.00747286680000000016
10388800000	0.00308369150000000012	0.00737539289999999959
10388950000	0.0030746332999999999	0.00737104909999999978
10389100000	0.00305887140000000004	0.00729584810000000021
10389250000	0.00313400859999999996	0.0072845080000000003
10389400000	0.00318290320000000002	0.00724865409999999981
10389550000	0.00311854200000000019	0.00721830460000000024
10389700000	0.00323322279999999984	0.0071813577
10389850000	0.00317046489999999988	0.00714223520000000032
10390000000	0.00318439999999999999	0.00706508090000000036
10390150000	0.00318396420000000013	0.00703867870000000027
10390300000	0.00327132259999999989	0.00700832580000000042
10390450000	0.00329913479999999985	0.00696946639999999982
10390600000	0.0032921363999999999	0.00693074729999999979
10390750000	0.00330938090000000009	0.00690719100000000003
10390900000	0.00338130409999999994	0.00686901320000000027
10391050000	0.00333307739999999996	0.00685961149999999957
10391200000	0.00330360090000000016	0.00672799070000000034
10391350000	0.00335219640000000013	0.0067746111999999999
10391500000	0.00338092190000000015	0.00671774349999999972
10391650000	0.00342139149999999993	0.0066369183999999996
10391800000	0.00345143750000000008	0.00668553700000000008
10391950000	0.00342106490000000001	0.00654280010000000013
10392100000	0.00348469690000000011	0.0065349405999999997
10392250000	0.00337299760000000018	0.00655671200000000013
10392400000	0.00343706800000000015	0.00640881890000000003
10392550000	0.00349435740000000016	0.00642850809999999991
10392700000	0.00344754450000000004	0.00643319320000000031
10392850000	0.00353438880000000013	0.00635406120000000033
10393000000	0.00349914589999999982	0.00632946749999999982
10393150000	0.00350892010000000004	0.00630067169999999968
10393300000	0.00357176189999999999	0.00625195860000000037
10393450000	0.00355667059999999983	0.00623706170000000015
10393600000	0.00363632679999999989	0.00617481500000000016
10393750000	0.00360173979999999991	0.00614112159999999959
10393900000	0.00358945709999999992	0.00611423139999999962
10394050000	0.00361711750000000016	0.00604778849999999986
10394200000	0.00358787599999999983	0.00606524870000000032
10394350000	0.00363904979999999994	0.00594775939999999965
10394500000	0.00365684890000000018	0.0059011402999999997
10394650000	0.00366791190000000013	0.00587016240000000009
10394800000	0.00369731000000000009	0.00589134719999999997
10394950000	0.00375847170000000001	0.00589914609999999968
10395100000	0.00372394679999999995	0.00576486780000000018
10395250000	0.00372339699999999982	0.00578448129999999984
10395400000	0.00373867690000000011	0.00573368140000000016
10395550000	0.00374966390000000017	0.00568345389999999964
10395700000	0.00367308920000000011	0.00562685089999999995
10395850000	0.00374447990000000008	0.00561173400000000017
10396000000	0.00373605009999999991	0.0056283434999999998
10396150000	0.00374900860000000006	0.00555638759999999964
10396300000	0.00379838689999999982	0.00547696059999999967
10396450000	0.00380428210000000001	0.0055008768000000003
10396600000	0.00378954849999999996	0.00551665759999999967
10396750000	0.00381021819999999983	0.00539532680000000004
10396900000	0.00382566039999999996	0.00532877780000000009
10397050000	0.00385436580000000006	0.00528686049999999973
10397200000	0.00381839400000000013	0.00528957379999999994
10397350000	0.00386748910000000003	0.00529123260000000008
10397500000	0.0038513935	0.0051921891999999999
10397650000	0.00381095430000000018	0.00517801509999999982
10397800000	0.00389138029999999994	0.00513004570000000042
10397950000	0.00385399139999999989	0.00512845510000000011
10398100000	0.00394826460000000014	0.0050696226000000004
10398250000	0.00395162020000000037	0.00512068340000000014
10398400000	0.00388722779999999988	0.00504863659999999978
10398550000	0.00394992899999999959	0.00499252020000000036
10398700000	0.00388649860000000015	0.00497097670000000002
10398850000	0.0038996501999999998	0.00490413929999999974
10399000000	0.00392876159999999957	0.0049514457999999999
10399150000	0.00389452740000000019	0.00487333749999999989
10399300000	0.0038986731000000001	0.00483202300000000039
10399450000	0.00394258090000000009	0.00481341499999999971
10399600000	0.0039793290999999998	0.00477444359999999995
10399750000	0.00395011059999999994	0.0046817120000000002
10399900000	0.00396138909999999966	0.00468236419999999969
10400050000	0.0039501778000000003	0.00468647730000000019
10400200000	0.0039575696000000004	0.00464488900000000014
10400350000	0.00392676109999999957	0.0046387577000000001
10400500000	0.00398794449999999995	0.00457450989999999991
10400650000	0.00401099530000000037	0.00457027409999999964
10400800000	0.00393906229999999979	0.00455200239999999957
10400950000	0.00402108580000000004	0.00454605480000000017
10401100000	0.00397661319999999957	0.00450559110000000023
10401250000	0.00396487579999999992	0.00442327009999999958
10401400000	0.00402807329999999974	0.00442892989999999973
10401550000	0.00394032669999999988	0.00437214979999999993
10401700000	0.00403420659999999959	0.0042943097000000003
10401850000	0.00401540689999999988	0.00425841620000000018
10402000000	0.00405676830000000019	0.00427200869999999969
10402150000	0.00406160980000000015	0.00419340170000000005
10402300000	0.0040480115000000004	0.00422284579999999965
10402450000	0.00401405040000000005	0.00418603570000000008
10402600000	0.00403632790000000002	0.00409041919999999972
10402750000	0.0040559083999999997	0.00410925560000000023
10402900000	0.00402092239999999983	0.00410573430000000031
10403050000	0.00397559569999999998	0.00401796190000000032
10403200000	0.00397435810000000035	0.00403807700000000016
10403350000	0.00404549920000000021	0.00401423030000000024
10403500000	0.00400110279999999971	0.00395388309999999965
10403650000	0.00398353560000000006	0.00387934779999999984
10403800000	0.00400966840000000022	0.00396047160000000033
10403950000	0.00398059560000000017	0.00388825370000000017
10404100000	0.00407035680000000007	0.00381489729999999992
10404250000	0.0039959161	0.00383391749999999979
10404400000	0.00405386240000000023	0.0037763180999999999
10404550000	0.00399426000000000034	0.00377901870000000011
10404700000	0.00405669990000000029	0.00378147420000000001
10404850000	0.00402397040000000011	0.00366331040000000005
10405000000	0.00399002359999999986	0.0036997124000000001
10405150000	0.00400650790000000017	0.00375087129999999991
10405300000	0.00401819070000000028	0.00364467749999999998
10405450000	0.00396376049999999994	0.00363297199999999994
10405600000	0.00402973740000000039	0.00363811379999999995
10405750000	0.00405516830000000016	0.00353721960000000007
10405900000	0.00401032899999999998	0.00355638900000000008
10406050000	0.00402036279999999982	0.00353783359999999998
10406200000	0.0040311364000000004	0.00345522130000000018
10406350000	0.00405055380000000041	0.00341800550000000017
10406500000	0.00399167099999999959	0.00347950330000000021
10406650000	0.00404353289999999973	0.00338394149999999986
10406800000	0.00398370050000000035	0.00339602339999999989
10406950000	0.00403595699999999974	0.00338458099999999979
10407100000	0.0040732028999999996	0.0032954073999999999
10407250000	0.00403761200000000032	0.00330521809999999999
10407400000	0.00399327029999999982	0.0032624542000000002
10407550000	0.00396153709999999982	0.00324688500000000014
10407700000	0.00401330470000000033	0.00321501970000000019
10407850000	0.00400421809999999996	0.00322474580000000005
10408000000	0.00403402919999999981	0.00315754430000000008
10408150000	0.00403284260000000023	0.00313603750000000011
10408300000	0.00399896769999999978	0.00311191460000000012
10408450000	0.00399401710000000035	0.00309065509999999991
10408600000	0.00401260829999999964	0.00309207929999999985
10408750000	0.00401979550000000022	0.0030321428000000001
10408900000	0.00401291589999999958	0.00302495580000000002
10409050000	0.00397135700000000001	0.00304206479999999998
10409200000	0.00391466429999999966	0.00298877589999999981
10409350000	0.00395255789999999965	0.00304081360000000005
10409500000	0.00397105229999999976	0.00296064599999999994
10409650000	0.00394929419999999996	0.0028750735999999999
10409800000	0.00394930670000000032	0.00285271859999999995
10409950000	0.00396115399999999972	0.0028316283999999998
10410100000	0.0039468665999999996	0.00286092279999999996
10410250000	0.00395306760000000042	0.00283935189999999981
10410400000	0.0039302076	0.00282359349999999985
10410550000	0.00391442450000000029	0.00273323319999999991
10410700000	0.00398379309999999983	0.00274280059999999987
10410850000	0.0039771260999999997	0.00271854179999999994
10411000000	0.00396152229999999998	0.00269979349999999998
10411150000	0.00396474949999999979	0.00268844310000000003
10411300000	0.00393482200000000015	0.0026521117999999998
10411450000	0.0039564257000000002	0.00263845039999999979
10411600000	0.00388902540000000008	0.00263745440000000015
10411750000	0.00387862470000000003	0.00262719590000000001
10411900000	0.00390611099999999987	0.00256596170000000009
10412050000	0.00395975440000000036	0.00261240560000000014
10412200000	0.00391284380000000032	0.00255132140000000019
10412350000	0.00390564579999999996	0.00255890840000000007
10412500000	0.00396228070000000012	0.00246234389999999996
10412650000	0.00391661219999999994	0.00248060420000000004
10412800000	0.00392704070000000037	0.00241508869999999994
10412950000	0.00386423959999999999	0.00243812399999999985
10413100000	0.00387442830000000018	0.00244285139999999993
10413250000	0.00396233499999999999	0.00246080479999999987
10413400000	0.00391033840000000032	0.00231778370000000015
10413550000	0.0038666238999999999	0.00235966229999999989
10413700000	0.00388316599999999996	0.00228990010000000013
10413850000	0.00387506150000000013	0.00233937779999999996
10414000000	0.00385657319999999993	0.00232079799999999978
10414150000	0.00384136690000000001	0.00223749369999999993
10414300000	0.00385198760000000006	0.00226254190000000016
10414450000	0.00388204960000000003	0.00222916339999999985
10414600000	0.00383823210000000005	0.00218314719999999993
10414750000	0.00380806269999999988	0.00219990970000000013
10414900000	0.00389344279999999984	0.00219310109999999985
10415050000	0.00385868380000000018	0.00213079010000000006
10415200000	0.00385599650000000016	0.00214927489999999994
10415350000	0.00380032249999999981	0.00213131109999999992
10415500000	0.00388466009999999988	0.00207488680000000002
10415650000	0.00382132199999999983	0.00199599099999999991
10415800000	0.00382590760000000012	0.00200388320000000021
10415950000	0.00376199460000000005	0.0020275286
10416100000	0.00383105560000000008	0.00204045069999999988
10416250000	0.0038192635	0.00202171450000000015
10416400000	0.00379020780000000014	0.00198303559999999995
10416550000	0.00386257069999999987	0.0019691445000000001
10416700000	0.00386564770000000007	0.00199546319999999991
10416850000	0.00376210650000000004	0.00193644299999999993
10417000000	0.0038072990000000001	0.00189472160000000002
10417150000	0.00380920109999999994	0.0018574021
10417300000	0.00375309090000000003	0.00186226160000000003
10417450000	0.00375579230000000009	0.00185404800000000007
10417600000	0.00375893250000000016	0.00185262800000000004
10417750000	0.00377801430000000021	0.00185335829999999993
10417900000	0.00373283499999999989	0.00172876970000000003
10418050000	0.00375213240000000017	0.00175799570000000007
10418200000	0.0037699983000000002	0.00179272299999999997
10418350000	0.00375295969999999996	0.00171690920000000004
10418500000	0.00376796950000000009	0.0017806466999999999
10418650000	0.0037376572000000002	0.00171266080000000002
10418800000	0.00370648340000000014	0.00173628429999999993
10418950000	0.00374867440000000015	0.00165082779999999995
10419100000	0.00370437139999999984	0.00167895520000000006
10419250000	0.00371076550000000015	0.00163234899999999995
10419400000	0.00366983830000000002	0.00161443440000000001
10419550000	0.00372854769999999983	0.00161085000000000004
10419700000	0.00364820060000000009	0.00158550120000000008
10419850000	0.00370510909999999987	0.00150999399999999996
10420000000	0.0036422198999999998	0.0015383752000000001
10420150000	0.0036668848999999999	0.0015486358999999999
10420300000	0.00365794770000000017	0.00147742310000000009
10420450000	0.00367717619999999995	0.00155029489999999989
10420600000	0.00366011269999999989	0.0014541688000000001
10420750000	0.00361530500000000008	0.0014398925999999999
10420900000	0.0036173656999999998	0.00150351590000000006
10421050000	0.00360938600000000002	0.00143322470000000011
10421200000	0.00363641380000000007	0.0014528264999999999
10421350000	0.00364062250000000021	0.0014574058
10421500000	0.00358591899999999991	0.00143085590000000006
10421650000	0.00358012950000000021	0.00142896829999999996
10421800000	0.00362677120000000006	0.00134722560000000006
10421950000	0.00358344929999999994	0.00132674969999999992
10422100000	0.00366061430000000007	0.00132709790000000005
10422250000	0.00359820980000000006	0.00128704410000000003
10422400000	0.00361124060000000014	0.0013206359
10422550000	0.00354637569999999985	0.00128806280000000003
10422700000	0.00351865340000000019	0.00127092809999999998
10422850000	0.00355607309999999991	0.0012521136
10423000000	0.00361105970000000004	0.0012539516000000001
10423150000	0.00355988260000000009	0.00123379689999999998
10423300000	0.00349779220000000007	0.00122481059999999999
10423450000	0.00356535679999999983	0.00117959769999999992
10423600000	0.00355603759999999994	0.00119108670000000008
10423750000	0.00354145149999999988	0.00116849310000000008
10423900000	0.00355865359999999993	0.00121310629999999992
10424050000	0.00353515670000000004	0.00111651970000000008
10424200000	0.00352034619999999979	0.00109854669999999996
10424350000	0.00348353180000000005	0.00108423960000000007
10424500000	0.00347138670000000015	0.00106246599999999997
10424650000	0.00348557450000000013	0.00107941299999999999
10424800000	0.00348042179999999987	0.00109205879999999997
10424950000	0.00349508600000000011	0.00103257879999999998
10425100000	0.00347875010000000011	0.00101750980000000005
10425250000	0.0034169014000000001	0.00100849839999999995
10425400000	0.00349188890000000016	0.00101432530000000005
10425550000	0.00344344440000000007	0.000985846099999999892
10425700000	0.00346333179999999989	0.00100301649999999997
10425850000	0.00343092329999999989	0.000995381399999999963
10426000000	0.00348608540000000001	0.000949317599999999965
10426150000	0.00343323710000000004	0.000902005199999999954
10426300000	0.00340247560000000006	0.000912355199999999962
10426450000	0.00336289300000000005	0.000916641500000000002
10426600000	0.0034161851	0.000881731500000000027
10426750000	0.00339309829999999988	0.000907162200000000054
10426900000	0.00340862370000000019	0.000941506200000000008
10427050000	0.00331285119999999997	0.000831923300000000031
10427200000	0.00336612559999999996	0.000865791400000000006
10427350000	0.00331850320000000006	0.000832450100000000021
10427500000	0.00330221909999999994	0.000819177300000000028
10427650000	0.00340791900000000014	0.000823825499999999988
10427800000	0.00335546509999999978	0.000766436000000000005
10427950000	0.00333216470000000011	0.000749562099999999984
10428100000	0.00327866760000000007	0.000737377899999999979
10428250000	0.00330103629999999992	0.000741218100000000011
10428400000	0.00333017359999999984	0.000751862999999999967
10428550000	0.00332113789999999992	0.000723299399999999975
10428700000	0.00332432920000000007	0.000756551999999999962
10428850000	0.00326979499999999982	0.000749106300000000028
10429000000	0.00328282750000000005	0.000700401000000000018
10429150000	0.00326061029999999983	0.000711306299999999976
10429300000	0.00327612449999999979	0.000719473800000000044
10429450000	0.00320058350000000007	0.000785068400000000013
10429600000	0.00321522280000000006	0.000703964900000000047
10429750000	0.0032446323	0.000678750199999999951
10429900000	0.00325986909999999991	0.000597484499999999968
10430050000	0.003215201	0.000676001699999999989
10430200000	0.00323253469999999982	0.00059431130000000003
10430350000	0.00322137109999999982	0.000652561699999999983
10430500000	0.00325619450000000019	0.000610674200000000029
10430650000	0.00321809619999999979	0.000593893099999999994
10430800000	0.0031963667999999998	0.000559556100000000041
10430950000	0.00317800860000000017	0.000534016899999999986
10431100000	0.00317360920000000005	0.000572447000000000017
10431250000	0.00320100850000000015	0.000543929900000000052
10431400000	0.00316654720000000009	0.000516508999999999957
10431550000	0.00315791350000000021	0.000566223600000000018
10431700000	0.00317283779999999981	0.000510907199999999966
10431850000	0.00315143699999999999	0.000490417399999999964
10432000000	0.00314592660000000005	0.000523806199999999993
10432150000	0.00309614919999999993	0.000537368800000000038
10432300000	0.0031355176999999998	0.000494817999999999951
10432450000	0.0030649614999999999	0.00046489639999999999
10432600000	0.0031058981999999998	0.000400532799999999995
10432750000	0.00312824900000000005	0.000411064899999999975
10432900000	0.00312265080000000009	0.000484169299999999999
10433050000	0.00307369839999999984	0.000372971900000000026
10433200000	0.00305148910000000015	0.000363571300000000027
10433350000	0.00306551540000000013	0.000433376600000000007
10433500000	0.00311835439999999997	0.000361488199999999993
10433650000	0.00307825369999999978	0.000412850299999999973
10433800000	0.0031416450000000002	0.00033773309999999998
10433950000	0.00313343599999999986	0.000329056499999999996
10434100000	0.00306013810000000004	0.000392684699999999991
10434250000	0.00307217790000000003	0.000358496100000000012
10434400000	0.00303690509999999993	0.000381766099999999997
10434550000	0.00303329990000000002	0.000324080600000000016
10434700000	0.00300620640000000012	0.000290064999999999995
10434850000	0.00301212679999999979	0.00029560980000000001
10435000000	0.00296382330000000008	0.000310293200000000019
