10030000000	0.00126909789999999994	-0.00082672059999999996
10030600000	0.00127823400000000005	-0.00082249609999999996
10031200000	0.00124391249999999997	-0.000829689599999999979
10031800000	0.00129547090000000004	-0.000844413799999999969
10032400000	0.00123595119999999996	-0.000935506300000000005
10033000000	0.00122201420000000007	-0.000927696899999999971
10033600000	0.00125860800000000004	-0.000874840400000000021
10034200000	0.0011991924000000001	-0.000968743299999999985
10034800000	0.00120985350000000005	-0.000938427199999999993
10035400000	0.00118662150000000007	-0.000976287000000000053
10036000000	0.00119627709999999996	-0.000986528900000000061
10036600000	0.00119842059999999994	-0.000993889800000000026
10037200000	0.00117833369999999996	-0.00104179639999999992
10037800000	0.00114598869999999993	-0.00105693850000000006
10038400000	0.00119302519999999997	-0.00104462020000000008
10039000000	0.00117955170000000006	-0.00109323980000000003
10039600000	0.00119027609999999991	-0.00110205539999999992
10040200000	0.00112977020000000006	-0.00109854830000000007
10040800000	0.00116188519999999994	-0.00111751930000000008
10041400000	0.00110715719999999996	-0.00112423259999999995
10042000000	0.00111183479999999997	-0.00112152749999999994
10042600000	0.00112121260000000011	-0.00114730309999999994
10043200000	0.00110351020000000011	-0.00119170980000000005
10043800000	0.00108401529999999991	-0.00120143000000000008
10044400000	0.00107907740000000004	-0.00125363730000000004
10045000000	0.00100973509999999992	-0.00124382170000000001
10045600000	0.00102468609999999995	-0.00121109030000000006
10046200000	0.00102417729999999992	-0.0012343549000000001
10046800000	0.001008737	-0.00133218830000000009
10047400000	0.00100043490000000001	-0.00129047040000000008
10048000000	0.00101540640000000008	-0.00136059169999999999
10048600000	0.000973824500000000041	-0.00129265140000000005
10049200000	0.000944669200000000046	-0.00134064709999999997
10049800000	0.000958154700000000037	-0.0013504077000000001
10050400000	0.00094221509999999997	-0.00139377810000000006
10051000000	0.000923529299999999967	-0.0013996961
10051600000	0.000902583199999999948	-0.0013743532000000001
10052200000	0.000893270099999999971	-0.00139401039999999992
10052800000	0.000908693099999999948	-0.00141586560000000008
10053400000	0.000884886400000000012	-0.00146693280000000006
10054000000	0.00086541799999999996	-0.00143674439999999992
10054600000	0.00082069249999999999	-0.00149429820000000009
10055200000	0.000834429600000000018	-0.00151154939999999997
10055800000	0.000796724200000000025	-0.0015268317
10056400000	0.000761219399999999964	-0.00150369510000000002
10057000000	0.000782954599999999973	-0.00155168430000000011
10057600000	0.000741722499999999951	-0.00155524809999999999
10058200000	0.000734674699999999961	-0.00156970919999999993
10058800000	0.00070899489999999999	-0.00160879129999999993
10059400000	0.000692750799999999954	-0.00155660980000000009
10060000000	0.000693049699999999966	-0.00162811630000000008
10060600000	0.000621036799999999996	-0.00163082820000000003
10061200000	0.00060997489999999998	-0.00163976810000000003
10061800000	0.000590514100000000025	-0.00165006419999999998
10062400000	0.000618850299999999993	-0.00163028859999999991
10063000000	0.000589419100000000023	-0.00172874219999999998
10063600000	0.000549336899999999968	-0.00171136079999999993
10064200000	0.000529167899999999965	-0.00170415689999999995
10064800000	0.000492087499999999947	-0.00168125879999999998
10065400000	0.000527414799999999977	-0.00174175099999999993
10066000000	0.000463543099999999997	-0.00175295620000000003
10066600000	0.000465843000000000019	-0.00175827579999999995
10067200000	0.000404912800000000004	-0.00179675439999999994
10067800000	0.000420915700000000026	-0.00180176990000000003
10068400000	0.000387071500000000016	-0.00177772010000000003
10069000000	0.000333963200000000015	-0.00180968829999999994
10069600000	0.000335567599999999982	-0.0017653638000000001
10070200000	0.000344242199999999989	-0.00180549440000000007
10070800000	0.00029967040000000001	-0.00184977769999999995
10071400000	0.000247208399999999983	-0.00179417490000000003
10072000000	0.00020642809999999999	-0.00183585129999999999
10072600000	0.000198358099999999994	-0.00184611759999999997
10073200000	0.000209411500000000013	-0.00188020320000000006
10073800000	0.000153208599999999989	-0.00188174559999999998
10074400000	0.000148956599999999989	-0.00185878749999999994
10075000000	0.0001045501	-0.00191260900000000001
10075600000	8.68443000000000047e-05	-0.00193341629999999997
10076200000	4.07840000000000012e-05	-0.00189503000000000002
10076800000	2.51079000000000006e-05	-0.00186204090000000001
10077400000	3.47740000000000028e-05	-0.00192157440000000003
10078000000	5.0101999999999999e-06	-0.00193409250000000006
10078600000	-2.88204999999999996e-05	-0.00193424390000000008
10079200000	6.3350999999999997e-06	-0.00189509380000000009
10079800000	-0.000101102300000000003	-0.0019051096999999999
10080400000	-0.000122301499999999988	-0.00198310779999999985
10081000000	-0.000195217100000000005	-0.00198747759999999985
10081600000	-0.000181465700000000006	-0.00190156380000000005
10082200000	-0.000213423799999999994	-0.0019023585
10082800000	-0.000239329899999999994	-0.00190864450000000009
10083400000	-0.000254091999999999979	-0.00200855900000000004
10084000000	-0.000276465900000000026	-0.00195573839999999997
10084600000	-0.000306998800000000006	-0.00193213239999999995
10085200000	-0.000365798000000000024	-0.00194545520000000008
10085800000	-0.000330555500000000017	-0.00196370429999999981
10086400000	-0.000451987700000000016	-0.00195596439999999984
10087000000	-0.000422471399999999975	-0.00184872899999999991
10087600000	-0.000427454600000000005	-0.00192495189999999992
10088200000	-0.000508444300000000034	-0.00192206199999999999
10088800000	-0.000528449600000000051	-0.00191654559999999996
10089400000	-0.000487590900000000021	-0.00187561210000000006
10090000000	-0.000549358899999999989	-0.00194741069999999992
10090600000	-0.000519618700000000033	-0.00195573770000000017
10091200000	-0.000598617500000000026	-0.00197029869999999991
10091800000	-0.000647885500000000016	-0.00186963870000000009
10092400000	-0.000690267699999999964	-0.0019360305
10093000000	-0.000663954499999999974	-0.00191678329999999991
10093600000	-0.000738689600000000043	-0.0019130242
10094200000	-0.000790806400000000046	-0.00189475059999999994
10094800000	-0.000828454600000000049	-0.00189546909999999992
10095400000	-0.000833842199999999963	-0.0019114252999999999
10096000000	-0.000821853499999999947	-0.00196818290000000005
10096600000	-0.000878368700000000053	-0.00186551769999999994
10097200000	-0.00090289319999999995	-0.00189450310000000011
10097800000	-0.000905409099999999957	-0.00192206369999999992
10098400000	-0.000961027099999999966	-0.00183938729999999994
10099000000	-0.000975286499999999967	-0.0018017001999999999
10099600000	-0.00105270009999999998	-0.00184149760000000009
10100200000	-0.00103468549999999999	-0.00188075209999999989
10100800000	-0.00108033439999999999	-0.00176387890000000006
10101400000	-0.00110153079999999993	-0.00176950900000000006
10102000000	-0.0011565554	-0.00177996430000000008
10102600000	-0.00116534059999999994	-0.00176044679999999999
10103200000	-0.00119534549999999995	-0.00173886859999999996
10103800000	-0.0012471114000000001	-0.00175706860000000007
10104400000	-0.00122712509999999995	-0.00171523219999999998
10105000000	-0.00124033189999999999	-0.00166760400000000005
10105600000	-0.0012694246000000001	-0.00176548650000000009
10106200000	-0.0013099435	-0.00169603120000000004
10106800000	-0.0013153447	-0.00169613170000000005
10107400000	-0.00132645789999999994	-0.00164107300000000005
10108000000	-0.00141204580000000007	-0.00162291819999999995
10108600000	-0.00143242869999999994	-0.00164397070000000005
10109200000	-0.00141591729999999993	-0.00161555060000000009
10109800000	-0.0014822848	-0.00157084590000000006
10110400000	-0.00150018370000000001	-0.00156565179999999999
10111000000	-0.00154824520000000003	-0.00151405079999999991
10111600000	-0.00150216679999999993	-0.00149785369999999997
10112200000	-0.00157541160000000007	-0.00149111709999999995
10112800000	-0.00157779519999999996	-0.00147080910000000004
10113400000	-0.00162779010000000009	-0.00141918199999999995
10114000000	-0.00174174349999999998	-0.00145071640000000003
10114600000	-0.00161183300000000002	-0.00148422539999999996
10115200000	-0.00172108589999999989	-0.00136220140000000009
10115800000	-0.00171324379999999998	-0.00141515739999999992
10116400000	-0.00174220629999999994	-0.00138600279999999995
10117000000	-0.00175401729999999996	-0.00131717420000000002
10117600000	-0.00183745470000000011	-0.0012991662000000001
10118200000	-0.00179398350000000003	-0.00130938610000000009
10118800000	-0.00181006260000000007	-0.00125820139999999994
10119400000	-0.00182484399999999995	-0.00125991189999999993
10120000000	-0.00188031520000000009	-0.00120665360000000001
10120600000	-0.00185507940000000007	-0.00118112459999999996
10121200000	-0.00190436009999999994	-0.00116014120000000002
10121800000	-0.00195443599999999993	-0.00112354909999999998
10122400000	-0.00191282480000000009	-0.00111442149999999994
10123000000	-0.00198505170000000007	-0.00105352190000000006
10123600000	-0.00193981800000000005	-0.00104217320000000004
10124200000	-0.00197253549999999982	-0.00113021679999999992
10124800000	-0.0020164953999999998	-0.00101535670000000005
10125400000	-0.00226679460000000013	0.000876684500000000032
10126000000	-0.00232441960000000008	0.000909550900000000054
10126600000	-0.00230272379999999985	0.000902105799999999998
10127200000	-0.0022732239999999999	0.000909072799999999974
10127800000	-0.00227729930000000009	0.00099143420000000009
10128400000	-0.00226729859999999983	0.000969864200000000037
10129000000	-0.00227479030000000016	0.00090701569999999997
10129600000	-0.0022543699999999999	0.00100849290000000003
10130200000	-0.00224496019999999991	0.00109911340000000001
10130800000	-0.00225116350000000021	0.00102676120000000002
10131400000	-0.00217159980000000002	0.00117081889999999999
10132000000	-0.0022237724999999999	0.0011648667000000001
10132600000	-0.00219507399999999998	0.00119126949999999996
10133200000	-0.00214606450000000021	0.00117707100000000002
10133800000	-0.0021919413999999999	0.00120515050000000006
10134400000	-0.00215680139999999999	0.00123416949999999997
10135000000	-0.00219200540000000004	0.0012319856000000001
10135600000	-0.00212555499999999989	0.00131473570000000006
10136200000	-0.00216093220000000003	0.00126487759999999996
10136800000	-0.00212196369999999995	0.0012740665999999999
10137400000	-0.00214848229999999984	0.0013561751999999999
10138000000	-0.00213457150000000021	0.00139935949999999993
10138600000	-0.00207578029999999983	0.00139678549999999995
10139200000	-0.00204659739999999996	0.00141318600000000009
10139800000	-0.00204490589999999995	0.00145130309999999996
10140400000	-0.00197267090000000003	0.0014744389000000001
10141000000	-0.00198038290000000002	0.00149190780000000005
10141600000	-0.00198002460000000014	0.00153275669999999994
10142200000	-0.00194940609999999992	0.0015541655000000001
10142800000	-0.00195454610000000018	0.00158592239999999995
10143400000	-0.00186338220000000008	0.00158125939999999993
10144000000	-0.00194214759999999996	0.00163635090000000005
10144600000	-0.00190835570000000006	0.00160098149999999997
10145200000	-0.00182692909999999996	0.00158854520000000009
10145800000	-0.00190920739999999992	0.00163250849999999992
10146400000	-0.00183689420000000001	0.00161548880000000005
10147000000	-0.00180804459999999996	0.00168775429999999996
10147600000	-0.00179251270000000003	0.00172530769999999995
10148200000	-0.00184886790000000001	0.00171952489999999993
10148800000	-0.00178576509999999996	0.00172344620000000007
10149400000	-0.00175825029999999993	0.00177347669999999998
10150000000	-0.00166551099999999994	0.00174249379999999996
10150600000	-0.00173657460000000005	0.00186925919999999992
10151200000	-0.00171151979999999994	0.00184954330000000004
10151800000	-0.00168941920000000001	0.00189052990000000004
10152400000	-0.00166330439999999992	0.00183946650000000006
10153000000	-0.0016704688000000001	0.00190127999999999998
10153600000	-0.00160965739999999993	0.00194672380000000009
10154200000	-0.00165898730000000011	0.00197054070000000003
10154800000	-0.00155190350000000005	0.0019147468
10155400000	-0.0015795080999999999	0.00197740499999999979
10156000000	-0.00154587080000000003	0.0019528003999999999
10156600000	-0.00152040669999999999	0.00203144929999999994
10157200000	-0.00147177359999999999	0.00203603710000000012
10157800000	-0.00151631420000000001	0.00202404739999999988
10158400000	-0.00147823139999999991	0.00203306279999999982
10159000000	-0.00146997009999999995	0.0020370433000000002
10159600000	-0.00144359010000000005	0.00208824409999999999
10160200000	-0.00140565109999999998	0.00206271220000000003
10160800000	-0.00143849309999999992	0.00213797310000000008
10161400000	-0.00140630219999999997	0.00219195240000000019
10162000000	-0.00140557320000000009	0.00216837419999999989
10162600000	-0.00139407950000000006	0.00216186499999999979
10163200000	-0.00135276249999999993	0.0022542536000000001
10163800000	-0.00126810649999999992	0.00220335439999999995
10164400000	-0.00133676720000000006	0.00225434370000000004
10165000000	-0.00122509669999999998	0.00221755619999999994
10165600000	-0.00124689479999999997	0.00225745990000000016
10166200000	-0.00121826469999999996	0.0022360167999999998
10166800000	-0.00118348109999999993	0.00223067449999999994
10167400000	-0.00113215920000000005	0.00231290890000000011
10168000000	-0.00118706900000000001	0.00232674180000000006
10168600000	-0.00117757699999999996	0.00234370909999999984
10169200000	-0.0011433379	0.00233898150000000013
10169800000	-0.00114066280000000003	0.00238868759999999979
10170400000	-0.00109160120000000005	0.00237386539999999988
10171000000	-0.00105477710000000005	0.00233339419999999999
10171600000	-0.00102288680000000003	0.00241983050000000015
10172200000	-0.000997363399999999945	0.00241314669999999993
10172800000	-0.00103234029999999997	0.00242568820000000013
10173400000	-0.00105747770000000005	0.00245514990000000009
10174000000	-0.00096960130000000005	0.00247004939999999991
10174600000	-0.000960754500000000032	0.0024792925999999999
10175200000	-0.000903668999999999957	0.00246779459999999992
10175800000	-0.000959258900000000032	0.00240814900000000005
10176400000	-0.000870826799999999948	0.00247888679999999986
10177000000	-0.000892280500000000023	0.00252747479999999988
10177600000	-0.000825183300000000052	0.00256864140000000012
10178200000	-0.000833140899999999991	0.00251932159999999992
10178800000	-0.00076159579999999995	0.00252928890000000007
10179400000	-0.000767695800000000044	0.00258810810000000002
10180000000	-0.000787058599999999973	0.00256117090000000007
10180600000	-0.000736571299999999986	0.00261154509999999987
10181200000	-0.000706506699999999996	0.00259628180000000004
10181800000	-0.000681561799999999963	0.00262625959999999992
10182400000	-0.000637494300000000054	0.00267158139999999983
10183000000	-0.000603038299999999962	0.00261664570000000015
10183600000	-0.000623332299999999982	0.0026657880000000001
10184200000	-0.000627844199999999975	0.00269104810000000017
10184800000	-0.000663344200000000024	0.0026816721
10185400000	-0.000511035500000000024	0.00272188639999999989
10186000000	-0.000548199899999999955	0.00273856209999999997
10186600000	-0.000518938600000000026	0.00274146600000000013
10187200000	-0.000450953199999999991	0.00271995609999999997
10187800000	-0.000477330100000000019	0.00274507780000000012
10188400000	-0.000446296099999999977	0.00272231160000000003
10189000000	-0.000398543599999999997	0.00276881380000000002
10189600000	-0.000404414699999999989	0.00275864250000000012
10190200000	-0.000364618100000000018	0.00279039870000000016
10190800000	-0.000373256400000000006	0.00283212959999999984
10191400000	-0.000275015600000000024	0.00285208320000000012
10192000000	-0.000288009700000000008	0.00282510169999999981
10192600000	-0.000247548899999999977	0.00290086639999999991
10193200000	-0.000241568199999999989	0.00286470550000000011
10193800000	-0.000164968800000000012	0.00288246980000000019
10194400000	-0.000211178099999999997	0.00285078929999999994
10195000000	-0.000122729100000000004	0.00284161680000000021
10195600000	-0.000197665200000000013	0.0028559738000000002
10196200000	-0.000117499199999999995	0.00289388380000000014
10196800000	-7.53479999999999976e-05	0.0029272234999999998
10197400000	-6.92225999999999969e-05	0.00290387939999999997
10198000000	-8.69503000000000067e-05	0.00290956740000000019
10198600000	2.24697999999999996e-05	0.00296597760000000005
10199200000	-3.55375999999999967e-05	0.00297612750000000002
10199800000	2.84960999999999998e-05	0.00299347909999999988
10200400000	3.81287999999999999e-05	0.00296662179999999985
10201000000	5.48981000000000021e-05	0.00294366509999999986
10201600000	8.2386300000000001e-05	0.00297078270000000018
10202200000	0.000128085299999999998	0.00297453810000000013
10202800000	0.000172381399999999989	0.00295013369999999999
10203400000	0.000180890400000000012	0.00298471620000000017
10204000000	0.000183864900000000009	0.00303039359999999992
10204600000	0.000242176999999999996	0.00302581720000000016
10205200000	0.000270086099999999982	0.00304039319999999981
10205800000	0.000321925100000000012	0.00302183949999999986
10206400000	0.000335590799999999979	0.00309719380000000009
10207000000	0.000366449100000000008	0.00301378630000000017
10207600000	0.000392388300000000019	0.003059745
10208200000	0.000414175900000000007	0.0030924555999999998
10208800000	0.000431665199999999982	0.00309582150000000007
10209400000	0.000508732499999999975	0.00310210599999999987
10210000000	0.000542891500000000052	0.00312490670000000002
10210600000	0.000535967300000000034	0.00313797450000000014
10211200000	0.000600210599999999989	0.00314713350000000005
10211800000	0.000628835199999999966	0.00314829710000000002
10212400000	0.000661413000000000018	0.00315734019999999987
10213000000	0.000678960200000000005	0.00318977340000000005
10213600000	0.00068671110000000004	0.00314611250000000012
10214200000	0.000681728799999999991	0.00319124780000000019
10214800000	0.000785465900000000038	0.00317257550000000013
10215400000	0.00078799930000000005	0.00315725710000000015
10216000000	0.000842465699999999946	0.00321610540000000006
10216600000	0.000884237399999999985	0.00322196180000000002
10217200000	0.000870429399999999957	0.00325519090000000013
10217800000	0.000893077699999999955	0.00317274259999999987
10218400000	0.000936719799999999976	0.00323392020000000001
10219000000	0.000995227900000000094	0.00322932690000000012
10219600000	0.00103212110000000003	0.00318425359999999994
10220200000	0.00107167640000000006	0.00327184679999999997
10220800000	0.00113664829999999997	0.00325673279999999987
10221400000	0.00112837599999999995	0.00325195150000000006
10222000000	0.00121125769999999989	0.00325073060000000006
10222600000	0.00122979940000000009	0.00324369439999999979
10223200000	0.00122866129999999992	0.00326138580000000016
10223800000	0.00128995260000000001	0.00322656700000000006
10224400000	0.00130702740000000002	0.0032636067999999999
10225000000	0.00130779170000000001	0.00328650379999999992
10225600000	0.00137582039999999996	0.00333000160000000017
10226200000	0.00143826369999999998	0.00327326309999999981
10226800000	0.00145822750000000004	0.00329720360000000006
10227400000	0.00150741520000000008	0.0032817482999999998
10228000000	0.0015210833	0.00324876960000000008
10228600000	0.00163702430000000005	0.0033057732000000002
10229200000	0.0015926244999999999	0.00331168270000000006
10229800000	0.00162544370000000009	0.00332018539999999994
10230400000	0.00171167949999999998	0.00330898719999999985
10231000000	0.00169368420000000006	0.00332045780000000002
10231600000	0.00177532779999999999	0.00331173350000000003
10232200000	0.00181265469999999994	0.00331766849999999992
10232800000	0.00185847950000000007	0.00334357750000000009
10233400000	0.00195613619999999988	0.00335390290000000006
10234000000	0.0019471744	0.00331888789999999984
10234600000	0.00198517699999999986	0.00333603779999999987
10235200000	0.00207180790000000004	0.00332464159999999991
10235800000	0.00206875720000000013	0.00338655249999999988
10236400000	0.00212442000000000013	0.00341032740000000003
10237000000	0.00217711499999999987	0.00329018519999999979
10237600000	0.00215435539999999986	0.00332960899999999987
10238200000	0.00223232239999999983	0.00331423219999999992
10238800000	0.00224722909999999993	0.00333040289999999998
10239400000	0.00237639339999999978	0.00333864619999999987
10240000000	0.00241103029999999987	0.00334895450000000008
10240600000	0.0024328507000000001	0.00338428099999999983
10241200000	0.00252947710000000006	0.00333115220000000005
10241800000	0.00255890480000000014	0.00329669029999999979
10242400000	0.00261402970000000016	0.0033680174000000002
10243000000	0.0026777213000000002	0.00332904910000000019
10243600000	0.00269619730000000011	0.00332004350000000012
10244200000	0.0026948177000000002	0.00336921120000000006
10244800000	0.00278503820000000017	0.00332342500000000008
10245400000	0.00288090099999999995	0.00334675139999999994
10246000000	0.00291306340000000016	0.00330028309999999981
10246600000	0.00287739660000000015	0.0033033365000000002
10247200000	0.00295910740000000002	0.0032723966000000001
10247800000	0.00307136859999999987	0.00329001639999999991
10248400000	0.00309055780000000013	0.00329434110000000014
10249000000	0.00314588580000000001	0.00327468600000000018
10249600000	0.00320869529999999979	0.00326122579999999981
10250200000	0.0032823256000000002	0.00331038759999999991
10250800000	0.00329960389999999978	0.0033002992000000001
10251400000	0.00334703759999999996	0.00331384730000000008
10252000000	0.00339926259999999989	0.00330404529999999991
10252600000	0.00347910029999999983	0.00323208810000000018
10253200000	0.00353557449999999983	0.00322838560000000005
10253800000	0.00364027520000000018	0.0031809726
10254400000	0.00361229009999999981	0.00326299090000000021
10255000000	0.0037065278000000001	0.00323447569999999992
10255600000	0.00376129660000000011	0.00322133959999999992
10256200000	0.0038426316000000002	0.00322791370000000003
10256800000	0.00389850040000000019	0.00320480009999999987
10257400000	0.00395003899999999981	0.00320081079999999995
10258000000	0.00402404539999999967	0.00320734639999999994
10258600000	0.00409276029999999964	0.00320295479999999988
10259200000	0.00412603749999999967	0.00316052249999999998
10259800000	0.00416918259999999978	0.00313938929999999991
10260400000	0.00431185530000000039	0.00315407709999999996
10261000000	0.00435387170000000028	0.00307406739999999991
10261600000	0.00442778130000000009	0.00312428140000000016
10262200000	0.00448713770000000022	0.00311879149999999983
10262800000	0.0045840760999999999	0.00307755989999999998
10263400000	0.00458717210000000007	0.00307049609999999985
10264000000	0.00470334720000000015	0.00304715899999999981
10264600000	0.00477584580000000019	0.00304762560000000019
10265200000	0.00480080300000000019	0.00300665130000000004
10265800000	0.00486815849999999977	0.00295841600000000017
10266400000	0.00498071009999999977	0.00298296179999999996
10267000000	0.0050829899000000003	0.00295005359999999999
10267600000	0.00516103200000000029	0.00291710220000000004
10268200000	0.00524539040000000008	0.00290693279999999993
10268800000	0.00528276360000000042	0.00282373440000000019
10269400000	0.00537780630000000027	0.00286412690000000013
10270000000	0.00555367809999999986	0.00285566350000000021
10270600000	0.0055918846999999999	0.00281746899999999996
10271200000	0.00562849409999999998	0.00274056700000000018
10271800000	0.00577424649999999998	0.00271267210000000021
10272400000	0.00582824029999999983	0.00269561029999999986
10273000000	0.0059261384000000002	0.00268865850000000019
10273600000	0.00600883310000000035	0.00271143930000000005
10274200000	0.0060842072000000004	0.00266490879999999996
10274800000	0.00624778709999999991	0.00260745550000000001
10275400000	0.00632669339999999969	0.0025631168000000001
10276000000	0.00641026370000000005	0.00256882279999999996
10276600000	0.00652359179999999986	0.00250235300000000013
10277200000	0.00659416900000000042	0.00245854540000000005
10277800000	0.00672018410000000017	0.00245504290000000003
10278400000	0.00682175050000000029	0.00239184329999999994
10279000000	0.00693704599999999966	0.00237418829999999983
10279600000	0.00706390299999999985	0.00226307279999999993
10280200000	0.00716865650000000042	0.00224215219999999993
10280800000	0.00727374649999999994	0.00220917050000000005
10281400000	0.00733882610000000015	0.00218479409999999992
10282000000	0.00747112790000000002	0.0020915297999999998
10282600000	0.00762307439999999979	0.00204160919999999985
10283200000	0.00776083089999999969	0.00197002470000000015
10283800000	0.0078895480999999993	0.0019591970000000002
10284400000	0.00798647090000000059	0.00188131400000000003
10285000000	0.00810201229999999925	0.00184677689999999993
10285600000	0.00823995310000000085	0.00170719069999999994
10286200000	0.00842767139999999956	0.00166518159999999994
10286800000	0.00856153370000000032	0.00160187679999999996
10287400000	0.00867404450000000028	0.00154290029999999993
10288000000	0.00879944340000000068	0.0015109018000000001
10288600000	0.00896151320000000001	0.00135991280000000007
10289200000	0.00908128799999999986	0.0012779480000000001
10289800000	0.00932023069999999947	0.00126512850000000008
10290400000	0.00939593269999999987	0.00114095670000000007
10291000000	0.00958857720000000011	0.00100823340000000001
10291600000	0.00975675550000000037	0.000928208600000000016
10292200000	0.00989173269999999924	0.000831593900000000027
10292800000	0.0101322579000000003	0.000682163999999999969
10293400000	0.0102376510000000004	0.000599033700000000031
10294000000	0.0104092577000000006	0.000499202000000000022
10294600000	0.0106263821999999994	0.00039721750000000001
10295200000	0.0107952043999999994	0.000244699900000000005
10295800000	0.0109793623999999996	0.000156116300000000001
10296400000	0.0111395735999999992	-1.85907000000000014e-05
10297000000	0.0114256589999999995	-0.000196099400000000008
10297600000	0.0116392657999999996	-0.000286563299999999981
10298200000	0.0118119734000000001	-0.000497754500000000054
10298800000	0.0120319851999999995	-0.000616213499999999957
10299400000	0.0122207036000000005	-0.000811432600000000048
10300000000	0.0124403032000000007	-0.00100041600000000007
10300600000	0.0127619141000000005	-0.00117919040000000002
10301200000	0.0129142615999999991	-0.0013389687999999999
10301800000	0.0131674080000000002	-0.00155080879999999993
10302400000	0.0134284877	-0.00182450959999999997
10303000000	0.0136985371999999994	-0.00202627470000000002
10303600000	0.0139155717000000005	-0.00231767099999999988
10304200000	0.0141998848999999993	-0.00257705109999999994
10304800000	0.0144888741000000001	-0.00276581089999999993
10305400000	0.0147360431000000004	-0.00310932160000000016
10306000000	0.0150662068000000007	-0.00335235739999999996
10306600000	0.0153424570999999999	-0.00374969629999999995
10307200000	0.0156574573000000002	-0.00404932890000000035
10307800000	0.0159336929999999988	-0.00441370059999999977
10308400000	0.0162547339999999998	-0.00475108030000000008
10309000000	0.0165800289999999996	-0.00518318569999999968
10309600000	0.0169042668999999993	-0.00557642669999999958
10310200000	0.0172227414999999995	-0.00605105770000000012
10310800000	0.0175516986999999999	-0.00655276709999999974
10311400000	0.0179129165999999986	-0.00707581659999999973
10312000000	0.0182932155999999992	-0.00756782969999999968
10312600000	0.0186166621000000004	-0.00815935410000000021
10313200000	0.0189399916999999987	-0.00872608580000000002
10313800000	0.019329764499999999	-0.00943330730000000069
10314400000	0.0197322217000000001	-0.0100515659999999996
10315000000	0.0200092324000000002	-0.0107851257000000002
10315600000	0.0204602790000000014	-0.0116185842000000004
10316200000	0.020832954800000001	-0.0124046686999999996
10316800000	0.0212114077999999984	-0.0133258955000000005
10317400000	0.0215141699999999991	-0.0143141119000000008
10318000000	0.0218361996000000017	-0.0153195081000000004
10318600000	0.0222293270000000001	-0.0165337400000000016
10319200000	0.0224833691999999988	-0.0176286158999999984
10319800000	0.0227972697999999988	-0.018920821899999999
10320400000	0.0230361058999999993	-0.0203374794000000005
10321000000	0.0232451524	-0.021828521699999999
10321600000	0.0233633185999999986	-0.0234044761999999996
10322200000	0.023450551699999999	-0.0250914123999999988
10322800000	0.0234076278999999984	-0.0269149673999999998
10323400000	0.0232908497999999992	-0.0289368602000000009
10324000000	0.0230757244999999986	-0.0310919436000000014
10324600000	0.0226250784000000017	-0.0332448367000000022
10325200000	0.0220151059999999996	-0.0356764548000000001
10325800000	0.0212720727999999998	-0.0381967361999999977
10326400000	0.0202028583000000012	-0.0408429069999999977
10327000000	0.018707293199999999	-0.0435728815000000005
10327600000	0.0170410414000000017	-0.0464879568000000007
10328200000	0.0148339974999999995	-0.0493513812999999968
10328800000	0.0121237867999999995	-0.0522360824000000015
10329400000	0.00899302209999999942	-0.0549484999999999973
10330000000	0.00537469230000000003	-0.0573910231000000007
10330600000	0.00107896110000000006	-0.0595771902999999992
10331200000	-0.00356235569999999993	-0.0613028471000000019
10331800000	-0.00879188489999999968	-0.0624555914000000031
10332400000	-0.0142876471999999997	-0.0627989020999999981
10333000000	-0.019944319700000001	-0.0623112157999999999
10333600000	-0.0256218806999999986	-0.0609576537000000029
10334200000	-0.0310454775999999995	-0.0587657217000000023
10334800000	-0.0361697563000000014	-0.0557791352000000032
10335400000	-0.0405856578000000009	-0.0520750022999999992
10336000000	-0.0443482114999999982	-0.047773243600000001
10336600000	-0.0473809364999999982	-0.0432183500000000026
10337200000	-0.0496713072000000005	-0.038437024799999997
10337800000	-0.0511912050999999979	-0.0336879560999999994
10338400000	-0.0520409328000000018	-0.0290929813000000009
10339000000	-0.052415378399999997	-0.0245609107000000007
10339600000	-0.0521637735000000033	-0.0204176271999999999
10340200000	-0.0516138899000000012	-0.0165851626000000016
10340800000	-0.0506724207999999995	-0.0130835485000000001
10341400000	-0.0496099324000000008	-0.00981587440000000061
10342000000	-0.0482732634000000022	-0.0069930875999999996
10342600000	-0.0469347042000000034	-0.0044455272000000004
10343200000	-0.0454260748000000006	-0.00219117490000000003
10343800000	-0.0439604827999999989	-8.96906000000000049e-05
10344400000	-0.0425612294999999988	0.00181509870000000004
10345000000	-0.0408728361999999984	0.00328409170000000007
10345600000	-0.0394867434000000031	0.00472852730000000027
10346200000	-0.0380971265000000017	0.00596024310000000009
10346800000	-0.0366260786000000005	0.00708171880000000014
10347400000	-0.0352379821000000024	0.00811608919999999914
10348000000	-0.0339400117000000015	0.0089918528999999997
10348600000	-0.0326870422000000022	0.00977796929999999974
10349200000	-0.0313882034000000018	0.0104794490000000001
10349800000	-0.0302131339000000013	0.0111244546
10350400000	-0.0290442419	0.0116035158000000003
10351000000	-0.0279299621999999984	0.0121107508999999999
10351600000	-0.0269504669999999988	0.0125417046000000001
10352200000	-0.0258227983999999994	0.0129285866999999995
10352800000	-0.0248749020999999987	0.0132497473999999994
10353400000	-0.0239004810999999991	0.0135948736999999993
10354000000	-0.0230209525999999984	0.0137740676000000003
10354600000	-0.0221762612999999997	0.0140458983999999995
10355200000	-0.021318640199999999	0.0141935780000000001
10355800000	-0.0205465166999999997	0.0144242193000000008
10356400000	-0.0197490471000000001	0.014512301
10357000000	-0.0190034570000000014	0.0146473207000000008
10357600000	-0.018242093899999999	0.0147632412000000008
10358200000	-0.0175435061999999996	0.0148607011999999997
10358800000	-0.0168325928999999985	0.0148626192999999993
10359400000	-0.0161762662999999987	0.0150012849
10360000000	-0.0155870022999999996	0.0150738252
10360600000	-0.0149061674999999994	0.0151115078
10361200000	-0.0143380307000000005	0.0150941606999999995
10361800000	-0.0137151801	0.0151597291999999995
10362400000	-0.0132070650000000005	0.0150579864000000008
10363000000	-0.0126567225000000002	0.0151217155000000006
10363600000	-0.0120765187999999999	0.0150937468999999998
10364200000	-0.0115743956000000005	0.0150072264000000004
10364800000	-0.0110606537000000008	0.0149865785000000001
10365400000	-0.0105831945000000004	0.0149120712999999995
10366000000	-0.0101063083000000001	0.0149072627999999995
10366600000	-0.00967399080000000064	0.0148164725000000004
10367200000	-0.00917620149999999989	0.0147687571
10367800000	-0.0087616366000000008	0.0147304615999999996
10368400000	-0.00835430210000000055	0.0146108969999999994
10369000000	-0.00799903450000000009	0.0145849146999999998
10369600000	-0.0075762379000000003	0.0144410218000000003
10370200000	-0.00715327340000000006	0.0144302930000000003
10370800000	-0.00678224540000000025	0.0143065256999999994
10371400000	-0.00637611329999999976	0.0141966472000000007
10372000000	-0.00611207199999999964	0.0140555129000000008
10372600000	-0.00564113099999999975	0.0140059513999999993
10373200000	-0.00533519789999999973	0.0138847468999999998
10373800000	-0.00500462220000000031	0.0137171978000000007
10374400000	-0.00464406679999999992	0.0136910925999999995
10375000000	-0.00438518239999999976	0.0134981278000000007
10375600000	-0.00405818169999999992	0.0133830978000000003
10376200000	-0.00379462320000000007	0.0132841000000000001
10376800000	-0.00350237499999999985	0.0131296612
10377400000	-0.00326598720000000021	0.0129967569999999994
10378000000	-0.00293542000000000022	0.0128231421000000005
10378600000	-0.0027005305999999998	0.0128100884000000009
10379200000	-0.00246757709999999991	0.0125694767000000002
10379800000	-0.00220775280000000016	0.0125366542000000004
10380400000	-0.00191239389999999995	0.0123844965999999994
10381000000	-0.0016964669999999999	0.0122072193000000006
10381600000	-0.00144671129999999993	0.0120101149000000004
10382200000	-0.00120086410000000009	0.0119656400999999992
10382800000	-0.00110595320000000008	0.0117133626000000008
10383400000	-0.000767519600000000023	0.0116307246999999992
10384000000	-0.000569186900000000044	0.0114827733000000005
10384600000	-0.000411218400000000006	0.0113276834999999996
10385200000	-0.000203497900000000002	0.0111769548999999992
10385800000	2.03600000000000007e-06	0.0110400888999999999
10386400000	0.000150484700000000013	0.0108648110999999999
10387000000	0.000327373200000000012	0.0107211126000000007
10387600000	0.000516052099999999951	0.0105988243999999999
10388200000	0.000678384500000000037	0.0104260883000000006
10388800000	0.000843427899999999982	0.0102588599000000003
10389400000	0.00102740100000000005	0.0101842805999999998
10390000000	0.00115822639999999997	0.0100353434000000005
10390600000	0.00135107270000000006	0.00981617769999999952
10391200000	0.00146056419999999998	0.0097384333
10391800000	0.00155229510000000001	0.00948994820000000072
10392400000	0.0017047633999999999	0.00938614029999999995
10393000000	0.0018446062	0.00920216339999999945
10393600000	0.00193873489999999999	0.00911591160000000018
10394200000	0.00210014550000000005	0.00894538370000000013
10394800000	0.00219445279999999979	0.00880554889999999972
10395400000	0.00228351759999999987	0.00864058340000000043
10396000000	0.00237275860000000019	0.00852936280000000067
10396600000	0.00249917269999999983	0.00836550829999999947
10397200000	0.00258891799999999995	0.00825569750000000081
10397800000	0.00267300109999999997	0.00812295690000000049
10398400000	0.00272162429999999985	0.00794579100000000066
10399000000	0.00285812829999999981	0.00776760359999999987
10399600000	0.00298002220000000021	0.00765018929999999962
10400200000	0.0029653574999999998	0.00753164309999999979
10400800000	0.00307896790000000004	0.00736459129999999986
10401400000	0.00314041750000000012	0.00725332059999999994
10402000000	0.00319986339999999998	0.00709337400000000038
10402600000	0.00326291460000000021	0.00697407219999999963
10403200000	0.00330354210000000006	0.00680521100000000025
10403800000	0.00335945089999999981	0.00662266299999999999
10404400000	0.0034673744000000002	0.00655964209999999968
10405000000	0.00352215420000000006	0.00640717170000000037
10405600000	0.00355326399999999999	0.00627247949999999981
10406200000	0.00353637489999999999	0.00617403709999999988
10406800000	0.00364455519999999991	0.00603895449999999976
10407400000	0.0036265834999999998	0.00593427350000000006
10408000000	0.00366413750000000021	0.00583320910000000026
10408600000	0.00381993790000000012	0.00566050990000000007
10409200000	0.00376408739999999986	0.00555826530000000027
10409800000	0.00382190739999999996	0.00546623950000000008
10410400000	0.00382088540000000013	0.00533794950000000042
10411000000	0.00386351699999999991	0.00521065580000000007
10411600000	0.00386414960000000009	0.00518902950000000012
10412200000	0.00386112869999999993	0.00500905950000000034
10412800000	0.00391167990000000024	0.00491150630000000005
10413400000	0.00390586520000000019	0.00484270350000000002
10414000000	0.00397355190000000039	0.00471494120000000034
10414600000	0.00396946049999999991	0.00459093219999999989
10415200000	0.0039551552000000002	0.00449428320000000003
10415800000	0.00400309369999999991	0.00435239989999999972
10416400000	0.00404447279999999975	0.00427342369999999996
10417000000	0.00396682980000000011	0.00419364269999999983
10417600000	0.00400443589999999964	0.00406248679999999997
10418200000	0.00401923449999999974	0.00395950570000000012
10418800000	0.00402210380000000024	0.00391853609999999984
10419400000	0.00403293100000000002	0.0038238450000000002
10420000000	0.00402638379999999997	0.0037061176999999999
10420600000	0.00399503890000000011	0.00357524200000000018
10421200000	0.00404373189999999993	0.00354953739999999988
10421800000	0.00406483410000000028	0.00344118909999999991
10422400000	0.00412501150000000021	0.00333061200000000016
10423000000	0.00407853030000000002	0.003325644
10423600000	0.00400677719999999963	0.00314674889999999987
10424200000	0.0040203197999999999	0.00315672180000000019
10424800000	0.00399314459999999989	0.00301732400000000005
10425400000	0.00397287049999999961	0.0029360848000000001
10426000000	0.00395966009999999986	0.00280773199999999985
10426600000	0.00399792220000000018	0.00279959470000000011
10427200000	0.00394207710000000003	0.00269862429999999983
10427800000	0.00395849630000000025	0.00267744949999999989
10428400000	0.00394522220000000003	0.00261020770000000004
10429000000	0.00386890549999999991	0.00245281760000000014
10429600000	0.00388537910000000004	0.00243425129999999979
10430200000	0.00384053209999999983	0.00234453109999999999
10430800000	0.00390934149999999994	0.00231658670000000006
10431400000	0.00389584139999999985	0.00220344599999999996
10432000000	0.00386342200000000004	0.00213896569999999986
10432600000	0.00385330880000000001	0.00215684910000000021
10433200000	0.00389069920000000014	0.00198260669999999984
10433800000	0.00382099939999999997	0.00200585180000000017
10434400000	0.00382355710000000003	0.00188245090000000001
10435000000	0.0038466949999999998	0.00187652530000000008
10435600000	0.00376073899999999992	0.00180276010000000007
10436200000	0.00376067939999999998	0.00175158030000000008
10436800000	0.00375972639999999983	0.00170389049999999996
10437400000	0.00370168240000000011	0.00164453150000000003
10438000000	0.00369818490000000007	0.00158502090000000001
10438600000	0.00369455180000000018	0.00154631829999999997
10439200000	0.0035743623999999999	0.00142820300000000007
10439800000	0.00359584450000000012	0.00140614579999999998
10440400000	0.00355410520000000018	0.0013051076
10441000000	0.00364985609999999997	0.00132011929999999991
10441600000	0.00357326570000000019	0.00123371180000000002
10442200000	0.00355299789999999989	0.00124859059999999993
10442800000	0.00353927439999999994	0.0011319374000000001
10443400000	0.00352532250000000017	0.00110039280000000001
10444000000	0.00351819770000000006	0.00105439620000000005
10444600000	0.00346297910000000018	0.00103390230000000006
10445200000	0.00340829359999999994	0.000949295999999999972
10445800000	0.00342423050000000007	0.000923473200000000027
10446400000	0.00336459149999999985	0.000854380900000000052
10447000000	0.00333291900000000016	0.000855651900000000006
10447600000	0.00333829470000000014	0.000762646299999999956
10448200000	0.00332438359999999997	0.000730774199999999967
10448800000	0.00330690740000000013	0.000675957499999999987
10449400000	0.0031835587999999998	0.000660649400000000052
10450000000	0.00323974579999999988	0.000624847100000000023
10450600000	0.00320671610000000011	0.000565970600000000046
10451200000	0.00322592789999999983	0.000556480999999999946
10451800000	0.00322075660000000017	0.000552764100000000002
10452400000	0.00314471409999999988	0.000507034900000000047
10453000000	0.00315837939999999992	0.000428896599999999996
10453600000	0.00315444020000000018	0.00038113079999999998
10454200000	0.00307767689999999998	0.000339604199999999983
10454800000	0.00304534030000000022	0.000361606400000000021
10455400000	0.00305290080000000016	0.000355315700000000004
10456000000	0.00298207509999999986	0.000284916699999999989
10456600000	0.00301549089999999988	0.000228811499999999996
10457200000	0.00298854780000000009	0.000272617899999999991
10457800000	0.00296628710000000021	0.000238330500000000011
10458400000	0.0029225198	0.000171588399999999999
10459000000	0.00288017940000000021	0.000139105499999999998
10459600000	0.00288368380000000001	0.000129849799999999998
10460200000	0.00285509389999999983	6.87897000000000031e-05
10460800000	0.00280172269999999978	7.74867999999999981e-05
10461400000	0.00284632669999999996	7.87645999999999946e-05
10462000000	0.00279386839999999984	4.31959999999999977e-05
10462600000	0.00274375849999999996	7.91230000000000046e-06
10463200000	0.00270179099999999983	-3.25083000000000018e-05
10463800000	0.00267647480000000014	-8.34195000000000032e-05
10464400000	0.00274420859999999992	-3.48046000000000022e-05
10465000000	0.00264193039999999994	-7.33885999999999973e-05
10465600000	0.00267063480000000013	-0.000122049900000000005
10466200000	0.00260426090000000004	-0.00013493890000000001
10466800000	0.00261640989999999997	-0.000204779499999999993
10467400000	0.0026040258000000001	-0.000142700699999999994
10468000000	0.00258313139999999993	-0.000228803299999999992
10468600000	0.00251451689999999993	-0.000219862400000000004
10469200000	0.00259065040000000003	-0.00028869980000000001
10469800000	0.00252146150000000019	-0.000225473799999999989
10470400000	0.00253269460000000004	-0.000253961799999999978
10471000000	0.0025259363	-0.0002926909
10471600000	0.0025155663	-0.000311914400000000023
10472200000	0.00244270560000000008	-0.000315468200000000023
10472800000	0.00242447569999999996	-0.000336436000000000016
10473400000	0.00240262340000000013	-0.000353227800000000013
10474000000	0.00239222420000000015	-0.000393302599999999984
10474600000	0.00230135500000000015	-0.000375601799999999986
10475200000	0.00237343409999999982	-0.000395725499999999991
10475800000	0.00233073530000000011	-0.000402045899999999999
10476400000	0.00231706650000000017	-0.00044762920000000002
10477000000	0.00229940829999999985	-0.000514770400000000034
10477600000	0.00220753790000000017	-0.000509046899999999959
10478200000	0.00220562380000000014	-0.000524592999999999956
10478800000	0.00221471910000000001	-0.000490966400000000043
10479400000	0.00225093359999999987	-0.000504652999999999981
10480000000	0.00222467289999999989	-0.000554647400000000046
10480600000	0.00215610120000000018	-0.00054218780000000002
10481200000	0.00218176520000000007	-0.000568587900000000045
10481800000	0.00211681509999999979	-0.000611285999999999947
10482400000	0.00215171919999999992	-0.00064144400000000002
10483000000	0.00211635580000000016	-0.000577285899999999954
10483600000	0.00207063009999999999	-0.000665603200000000031
10484200000	0.00207355209999999981	-0.000625292800000000005
10484800000	0.001996809	-0.000632607200000000051
10485400000	0.00203260799999999998	-0.000687349800000000024
10486000000	0.00196713410000000019	-0.000649706700000000025
10486600000	0.00198758930000000021	-0.000657938900000000037
10487200000	0.00199305150000000019	-0.000747659400000000047
10487800000	0.00193219170000000001	-0.000666092099999999999
10488400000	0.00198570099999999987	-0.000715045899999999963
10489000000	0.00193647070000000005	-0.000746404899999999973
10489600000	0.00193036700000000011	-0.000739387100000000021
10490200000	0.00191490249999999996	-0.000777442000000000042
10490800000	0.00183472829999999998	-0.000755663900000000041
10491400000	0.00181838620000000003	-0.000782739599999999949
10492000000	0.00184516379999999998	-0.000782945099999999986
10492600000	0.00186535660000000008	-0.00082331570000000005
10493200000	0.00182344259999999998	-0.000802747600000000019
10493800000	0.00181197260000000001	-0.000838129699999999979
10494400000	0.00175223499999999999	-0.000849475000000000035
10495000000	0.0017492498999999999	-0.000879800399999999946
10495600000	0.00175521959999999991	-0.000826892699999999992
10496200000	0.00178060299999999996	-0.000914131599999999981
10496800000	0.00173297069999999993	-0.00087399489999999999
10497400000	0.00168851609999999997	-0.000877307700000000044
10498000000	0.00172017929999999995	-0.000870184599999999963
10498600000	0.00168578049999999996	-0.00088558389999999999
10499200000	0.00167825070000000008	-0.000915145600000000009
10499800000	0.00165537749999999993	-0.000892439500000000033
10500400000	0.00164791029999999993	-0.000923366000000000009
10501000000	0.00159578270000000004	-0.000935638799999999977
10501600000	0.0015608079999999999	-0.000948328400000000046
10502200000	0.00161532699999999995	-0.00095423019999999999
10502800000	0.00155184830000000009	-0.000963848299999999999
10503400000	0.00151460169999999999	-0.0010033803
10504000000	0.00157135730000000011	-0.000952841099999999987
10504600000	0.00150093920000000003	-0.00100445149999999991
10505200000	0.00148755109999999997	-0.0010262158999999999
10505800000	0.00151138149999999996	-0.00103989630000000011
10506400000	0.00145284480000000007	-0.00100835230000000001
10507000000	0.0014897605999999999	-0.00102441399999999997
10507600000	0.00153994929999999998	-0.0010211908
10508200000	0.00141603619999999993	-0.001083697
10508800000	0.00144279520000000004	-0.00109786239999999993
10509400000	0.00142091859999999995	-0.00111056580000000005
10510000000	0.00142716939999999997	-0.00104706070000000007
10510600000	0.00136876659999999998	-0.0010790019000000001
10511200000	0.00140814429999999995	-0.00104978470000000003
10511800000	0.00134768249999999996	-0.00111073300000000003
10512400000	0.00137110639999999989	-0.00109565539999999999
10513000000	0.00129102649999999998	-0.00113919010000000003
10513600000	0.00133449380000000002	-0.00108482239999999996
10514200000	0.00131593589999999994	-0.00111731250000000003
10514800000	0.0012963994999999999	-0.00109415269999999995
10515400000	0.00122635720000000004	-0.00111154979999999993
10516000000	0.00122430340000000007	-0.00118673559999999995
10516600000	0.00122381810000000003	-0.00114128119999999992
10517200000	0.00118329809999999998	-0.00115391080000000002
10517800000	0.00117884510000000001	-0.00118389160000000005
10518400000	0.00111979630000000004	-0.00120759059999999991
10519000000	0.0011620103000000001	-0.00114236000000000003
10519600000	0.00112022389999999993	-0.00122961680000000005
10520200000	0.0011068587999999999	-0.00112294429999999995
10520800000	0.00111772179999999996	-0.00117504179999999999
10521400000	0.00115305770000000011	-0.00118276870000000008
10522000000	0.00113029389999999997	-0.00119556390000000005
10522600000	0.00107731639999999996	-0.00116495719999999995
10523200000	0.00107842060000000006	-0.0011998626000000001
10523800000	0.0010941003999999999	-0.0011873236000000001
10524400000	0.00106461719999999998	-0.0011642670999999999
10525000000	0.000989204800000000094	-0.00120505390000000007
10525600000	0.00101858880000000001	-0.00122516339999999995
10526200000	0.00100846680000000002	-0.00119361009999999993
10526800000	0.00100689180000000005	-0.00122232619999999999
10527400000	0.000970251400000000019	-0.00121083920000000008
10528000000	0.000934527800000000048	-0.00123516469999999999
10528600000	0.000953453999999999955	-0.0012853242999999999
10529200000	0.000942087200000000049	-0.00120254819999999997
10529800000	0.000920622099999999989	-0.00123122930000000002
10530400000	0.000885743600000000022	-0.00123480409999999997
10531000000	0.000903688699999999952	-0.00123275509999999991
10531600000	0.00091204610000000005	-0.00127728840000000004
10532200000	0.000870935899999999963	-0.00124341990000000004
10532800000	0.000868320000000000008	-0.00121765109999999997
10533400000	0.000875512600000000044	-0.00127450130000000003
10534000000	0.000862448300000000028	-0.00122647449999999992
10534600000	0.000808121399999999998	-0.00121015329999999994
10535200000	0.000813809800000000029	-0.00126835860000000002
10535800000	0.000821306500000000008	-0.00128728460000000007
10536400000	0.000757706199999999986	-0.00126537650000000008
10537000000	0.000758324199999999959	-0.00124155269999999996
10537600000	0.000776396399999999972	-0.00128663350000000009
10538200000	0.000731417399999999968	-0.00127892910000000008
10538800000	0.000742653900000000001	-0.00130116470000000008
10539400000	0.000710793300000000031	-0.00129006439999999997
10540000000	0.000682969500000000021	-0.00128383630000000011
10540600000	0.000652893200000000053	-0.00128292040000000003
10541200000	0.000647721400000000002	-0.0012927282
10541800000	0.000627233600000000032	-0.00129484770000000003
10542400000	0.000657401900000000039	-0.00122340499999999989
10543000000	0.000623739100000000033	-0.00127392059999999999
10543600000	0.000636046499999999983	-0.00132837879999999991
10544200000	0.000603885299999999963	-0.00129733860000000008
10544800000	0.000578509399999999974	-0.00130195549999999999
10545400000	0.000575960300000000029	-0.00130510989999999992
10546000000	0.000520219999999999949	-0.00126855419999999993
10546600000	0.000579031399999999953	-0.00128121539999999996
10547200000	0.00052057220000000003	-0.00131440000000000007
10547800000	0.000569717699999999988	-0.00134324719999999996
10548400000	0.000489544200000000028	-0.00128987900000000007
10549000000	0.00054838249999999999	-0.00129299610000000007
10549600000	0.000478646099999999978	-0.0013009473000000001
10550200000	0.000511093499999999961	-0.00130222429999999993
10550800000	0.000502865899999999999	-0.00129189080000000002
10551400000	0.000455107500000000013	-0.00134346310000000007
10552000000	0.000433461000000000003	-0.00124783040000000004
10552600000	0.000457463000000000021	-0.0012974989000000001
10553200000	0.000446039899999999998	-0.00133477979999999997
10553800000	0.000426024099999999979	-0.00132493770000000001
10554400000	0.000412732199999999978	-0.0012724743000000001
10555000000	0.000429675199999999982	-0.00130383319999999997
10555600000	0.000379049200000000023	-0.00129393359999999992
10556200000	0.000422475500000000018	-0.00132555879999999996
10556800000	0.000443048699999999999	-0.0012444737999999999
10557400000	0.000322959700000000018	-0.00127404290000000006
10558000000	0.000402500000000000026	-0.00130435540000000002
10558600000	0.000362499800000000015	-0.00126775790000000009
10559200000	0.000358739399999999983	-0.00126134610000000003
10559800000	0.00030517309999999998	-0.00130467150000000004
10560400000	0.000347994699999999984	-0.00131629249999999989
10561000000	0.000266590299999999974	-0.00126331800000000004
10561600000	0.000257759799999999985	-0.0013214988
10562200000	0.000256553000000000022	-0.0013434352000000001
10562800000	0.000216997500000000004	-0.00131127770000000004
10563400000	0.000232930999999999996	-0.00130273730000000009
10564000000	0.000262629200000000023	-0.00127078650000000005
10564600000	0.000210922200000000012	-0.00126411119999999991
10565200000	0.000178522100000000003	-0.00126601280000000001
10565800000	0.000207668099999999998	-0.00126525420000000001
10566400000	0.0001727911	-0.00132843380000000001
10567000000	0.00018082760000000001	-0.00129666260000000006
10567600000	0.000140022199999999996	-0.00127937759999999993
10568200000	0.000132127299999999998	-0.00128933770000000001
10568800000	0.000115205099999999999	-0.00128067190000000003
10569400000	0.000158510200000000013	-0.00127017600000000003
10570000000	0.000132628400000000006	-0.00127442929999999999
10570600000	0.000111595200000000005	-0.0012685121000000001
10571200000	0.000108050900000000006	-0.00128950099999999997
10571800000	8.36944000000000029e-05	-0.00125529440000000003
10572400000	0.000123296599999999994	-0.00123080980000000008
10573000000	8.46751000000000052e-05	-0.00125337639999999998
10573600000	7.20054000000000001e-05	-0.00125995259999999993
10574200000	5.0622699999999999e-05	-0.00130426460000000006
10574800000	4.44690999999999975e-05	-0.00125973759999999991
10575400000	-1.67312e-05	-0.00125510279999999997
10576000000	-1.55680000000000007e-05	-0.00125102049999999999
10576600000	6.12152999999999965e-05	-0.00125423289999999996
10577200000	3.04947000000000013e-05	-0.00125870150000000004
10577800000	-6.05933000000000014e-05	-0.00126227700000000002
10578400000	-5.42043999999999989e-05	-0.00118969509999999998
10579000000	-1.79478000000000012e-05	-0.00125662699999999996
10579600000	-4.62037999999999997e-05	-0.00124662090000000002
10580200000	-3.43351000000000027e-05	-0.00125513579999999994
10580800000	-5.84347999999999983e-05	-0.00127322010000000007
10581400000	-6.64117000000000066e-05	-0.00121689989999999989
10582000000	-6.90127999999999976e-05	-0.00124657320000000002
10582600000	-0.000142899200000000002	-0.00124541970000000002
10583200000	-0.000108106399999999999	-0.00122065220000000009
10583800000	-6.32319000000000002e-05	-0.00124066080000000004
10584400000	-0.000122542499999999988	-0.00122124680000000011
10585000000	-0.000158989500000000013	-0.0012763192
10585600000	-0.000149959300000000013	-0.00120161719999999994
10586200000	-0.000108794499999999997	-0.00126305649999999998
10586800000	-0.000182339500000000012	-0.00124992719999999992
10587400000	-0.000115439099999999997	-0.00120052380000000005
10588000000	-0.000196394600000000005	-0.00120443929999999996
10588600000	-0.000173056099999999998	-0.0011816595
10589200000	-0.000215913599999999992	-0.00119520299999999993
10589800000	-0.000161452999999999987	-0.00126493700000000005
10590400000	-0.000212830999999999996	-0.00115579240000000002
10591000000	-0.000248691400000000023	-0.00120388289999999996
10591600000	-0.000226293200000000011	-0.00121374310000000002
10592200000	-0.000228452000000000001	-0.00124048179999999993
10592800000	-0.000278647699999999999	-0.00118141870000000007
10593400000	-0.000238250899999999999	-0.00118027369999999993
10594000000	-0.000245685700000000012	-0.00122653369999999994
10594600000	-0.00034360450000000002	-0.0011569293
10595200000	-0.000273137399999999985	-0.00117832859999999996
10595800000	-0.000270306500000000005	-0.0011914676999999999
10596400000	-0.000253338300000000027	-0.00115830329999999995
10597000000	-0.000269638599999999984	-0.00108130019999999995
10597600000	-0.000322629000000000004	-0.00114574480000000003
10598200000	-0.000338536500000000021	-0.00119819270000000007
10598800000	-0.000343117200000000002	-0.00118447239999999992
10599400000	-0.000342359700000000001	-0.00118744269999999995
10600000000	-0.000352686399999999978	-0.0011406369999999999
10600600000	-0.0003924849	-0.00114604669999999998
10601200000	-0.000393109700000000015	-0.00116670269999999995
10601800000	-0.000411913000000000025	-0.00116286009999999997
10602400000	-0.000404982300000000014	-0.00118819169999999992
10603000000	-0.000384946700000000019	-0.00114051689999999993
10603600000	-0.000358842500000000012	-0.0010839192000000001
10604200000	-0.000428764700000000012	-0.00111285859999999998
10604800000	-0.000420494499999999997	-0.00116597930000000003
10605400000	-0.000442742799999999985	-0.0011392564999999999
10606000000	-0.000489047500000000003	-0.00113417180000000006
10606600000	-0.000437414699999999978	-0.00105211860000000009
10607200000	-0.000421723599999999975	-0.0010811134
10607800000	-0.000497996499999999961	-0.00109485000000000008
10608400000	-0.000498338899999999953	-0.00113659419999999995
10609000000	-0.000502652799999999973	-0.00114930900000000005
10609600000	-0.000549452599999999958	-0.00108236479999999999
10610200000	-0.000525804999999999957	-0.00112811719999999995
10610800000	-0.000473315600000000019	-0.00107881889999999992
10611400000	-0.000554979099999999967	-0.00109189940000000004
10612000000	-0.000505912599999999951	-0.0010513082
10612600000	-0.000518921400000000015	-0.00109373020000000007
10613200000	-0.000546240399999999948	-0.00104399690000000003
10613800000	-0.000591291299999999968	-0.00104355120000000005
10614400000	-0.000583884899999999991	-0.00105144799999999997
10615000000	-0.00064700510000000001	-0.00106974169999999994
10615600000	-0.000574689800000000028	-0.00110087050000000006
10616200000	-0.000644333100000000006	-0.0010051379
10616800000	-0.000574965400000000009	-0.00103842999999999991
10617400000	-0.000619093099999999956	-0.00100894570000000005
10618000000	-0.000611441100000000037	-0.00103348010000000007
10618600000	-0.00063851149999999998	-0.00102693079999999996
10619200000	-0.000712665900000000003	-0.00106066769999999997
10619800000	-0.000686852099999999983	-0.0010399490999999999
10620400000	-0.000621345300000000029	-0.000959442400000000048
10621000000	-0.000677554900000000007	-0.001004729
10621600000	-0.000674357299999999989	-0.000973692099999999994
10622200000	-0.000707153100000000004	-0.000941840800000000051
10622800000	-0.000701381300000000047	-0.000956916099999999964
10623400000	-0.000780481899999999952	-0.000948216100000000024
10624000000	-0.000753767499999999976	-0.000948446300000000027
10624600000	-0.00074783909999999996	-0.000958737400000000007
10625200000	-0.000741193199999999977	-0.000991690099999999967
10625800000	-0.00078454019999999998	-0.000968548299999999951
10626400000	-0.000777306699999999982	-0.00098886729999999993
10627000000	-0.000769618899999999998	-0.00100272779999999997
10627600000	-0.000760268900000000015	-0.00091577990000000001
10628200000	-0.000818827900000000035	-0.000949669100000000025
10628800000	-0.000829206800000000031	-0.000934156700000000027
10629400000	-0.000819116699999999963	-0.000941060800000000021
10630000000	-0.00083009010000000005	-0.000854583799999999961
