9985000000	0.0007360089	0.00135764489999999995
9985700000	0.000725269600000000053	0.00133901770000000009
9986400000	0.000730659000000000039	0.00133186229999999995
9987100000	0.000771092900000000005	0.00135818630000000004
9987800000	0.000720651599999999983	0.0013943346000000001
9988500000	0.000701508199999999952	0.0013844485000000001
9989200000	0.000695598399999999991	0.00135172469999999992
9989900000	0.000723972600000000015	0.00137162789999999992
9990600000	0.000679811400000000028	0.00136178649999999998
9991300000	0.000715339099999999983	0.00132620000000000004
9992000000	0.000699994199999999967	0.00135486880000000001
9992700000	0.000705471300000000043	0.00136813889999999995
9993400000	0.000667770799999999986	0.00136069290000000002
9994100000	0.000717524999999999999	0.00140556399999999999
9994800000	0.00069092670000000004	0.00133330280000000002
9995500000	0.000652982200000000045	0.00131290659999999996
9996200000	0.000691054899999999955	0.00136455020000000003
9996900000	0.00069300999999999998	0.00135866489999999997
9997600000	0.000686345100000000023	0.00140503270000000009
9998300000	0.000688034100000000054	0.00138632399999999998
9999000000	0.000677359500000000053	0.00136451429999999993
9999700000	0.000650280300000000036	0.00135421020000000007
10000400000	0.000668774799999999965	0.00137594439999999996
10001100000	0.000664166599999999985	0.00138175689999999992
10001800000	0.000674348099999999995	0.00138970510000000001
10002500000	0.000666750499999999979	0.00138240450000000001
10003200000	0.000648334800000000032	0.00138506919999999991
10003900000	0.000660314099999999987	0.00136177239999999995
10004600000	0.000645245600000000008	0.00137794390000000005
10005300000	0.000643906599999999958	0.00138249440000000009
10006000000	0.000639029999999999958	0.00141138570000000005
10006700000	0.000624503299999999988	0.00139858939999999991
10007400000	0.000627266499999999975	0.00142626660000000002
10008100000	0.000626760200000000037	0.00140274869999999991
10008800000	0.00060895350000000003	0.00139993179999999993
10009500000	0.000626987899999999947	0.00139239940000000003
10010200000	0.000615788900000000016	0.00141171169999999998
10010900000	0.000574875599999999961	0.00138868429999999994
10011600000	0.000616075299999999993	0.00140408900000000007
10012300000	0.000601242700000000009	0.00140519889999999995
10013000000	0.000593602499999999994	0.00143422749999999989
10013700000	0.000595005199999999973	0.00142337330000000001
10014400000	0.000580248599999999993	0.0014448283000000001
10015100000	0.000588608400000000041	0.00141298519999999992
10015800000	0.000563452200000000053	0.00143122910000000004
10016500000	0.000558007499999999966	0.00146926000000000001
10017200000	0.000572965399999999961	0.001438335
10017900000	0.000572830800000000031	0.00142207029999999999
10018600000	0.00057753269999999998	0.00141351119999999996
10019300000	0.000552736299999999955	0.00144375740000000008
10020000000	0.00055987099999999998	0.00139892940000000006
10020700000	0.000561015599999999982	0.00144120909999999997
10021400000	0.000548973600000000005	0.00145015740000000001
10022100000	0.000563586799999999982	0.00146843740000000009
10022800000	0.000543571699999999985	0.00146102449999999996
10023500000	0.000543024900000000006	0.00147495799999999995
10024200000	0.00054324600000000005	0.00144079389999999998
10024900000	0.000549080100000000002	0.00146124490000000009
10025600000	0.000542382100000000033	0.00149002930000000002
10026300000	0.000544087900000000046	0.0015062579999999999
10027000000	0.000561989799999999991	0.00150100259999999997
10027700000	0.000529727499999999973	0.00150164200000000008
10028400000	0.000546604400000000041	0.00150431049999999998
10029100000	0.000542375599999999985	0.00150785000000000003
10029800000	0.000528130000000000027	0.0015038451
10030500000	0.000533836800000000045	0.00149319699999999993
10031200000	0.000512726300000000018	0.00150043360000000001
10031900000	0.0005362206	0.00149056889999999993
10032600000	0.000503576200000000005	0.00153451299999999994
10033300000	0.000512310599999999967	0.00151792409999999996
10034000000	0.00050262950000000005	0.00150553439999999992
10034700000	0.000511220999999999963	0.00150727099999999991
10035400000	0.000536920400000000003	0.00151884489999999997
10036100000	0.000477578900000000023	0.00151711899999999993
10036800000	0.000477921800000000022	0.0015011359000000001
10037500000	0.000501210999999999996	0.00152674819999999993
10038200000	0.000478426200000000017	0.00152979940000000001
10038900000	0.000500506600000000051	0.00155729029999999991
10039600000	0.000492484500000000018	0.00155438499999999992
10040300000	0.00046022700000000001	0.00155438420000000009
10041000000	0.000475943200000000007	0.00154382229999999992
10041700000	0.000470162700000000011	0.00154878080000000009
10042400000	0.000470086600000000027	0.00158056749999999991
10043100000	0.000492395200000000032	0.00156754760000000007
10043800000	0.000450889099999999979	0.00158219320000000004
10044500000	0.000464773499999999984	0.00159387549999999998
10045200000	0.000455257600000000024	0.00158060569999999992
10045900000	0.000449247599999999991	0.00158493060000000001
10046600000	0.000444639299999999976	0.00160365089999999996
10047300000	0.000458411499999999993	0.0015903944000000001
10048000000	0.000452765799999999994	0.0015897951
10048700000	0.00044153049999999999	0.00161014290000000004
10049400000	0.000426968099999999989	0.0016056369
10050100000	0.000405571499999999978	0.00160570880000000002
10050800000	0.000420379699999999989	0.00162467490000000009
10051500000	0.000422758999999999982	0.00164765789999999994
10052200000	0.000399072200000000004	0.00163314139999999998
10052900000	0.000408083099999999982	0.00162802189999999999
10053600000	0.000390668400000000022	0.00165302989999999996
10054300000	0.000414244400000000001	0.0016480392999999999
10055000000	0.000383894000000000021	0.00165137740000000002
10055700000	0.000420782300000000018	0.00170047300000000009
10056400000	0.000402694700000000012	0.00165604420000000003
10057100000	0.000367988600000000016	0.0016494646
10057800000	0.000372929600000000022	0.0016928793000000001
10058500000	0.000365545799999999999	0.00170279010000000007
10059200000	0.000390233600000000017	0.00170225759999999998
10059900000	0.000362811500000000001	0.0017007875
10060600000	0.000368363300000000018	0.00169922790000000008
10061300000	0.000373007199999999975	0.00171792290000000007
10062000000	0.00033203909999999999	0.00176665390000000006
10062700000	0.000360640500000000024	0.00175270619999999999
10063400000	0.000364068200000000012	0.00175003440000000006
10064100000	0.000363010600000000024	0.00173607629999999991
10064800000	0.000358326599999999999	0.00173985820000000001
10065500000	0.000381886300000000003	0.00178521389999999999
10066200000	0.000363757799999999982	0.00178517850000000007
10066900000	0.000348776300000000017	0.0017908307
10067600000	0.000330186800000000001	0.00180942740000000009
10068300000	0.000338872900000000026	0.00179495099999999993
10069000000	0.000327121700000000009	0.00181950389999999997
10069700000	0.000339795500000000003	0.00183616880000000006
10070400000	0.000345106799999999974	0.00182154189999999996
10071100000	0.00037463319999999999	0.00182379029999999993
10071800000	0.000344597900000000016	0.00185632950000000005
10072500000	0.000355151800000000004	0.00186540050000000008
10073200000	0.000366155399999999981	0.00187213929999999998
10073900000	0.000313633800000000012	0.00188922279999999992
10074600000	0.000344425299999999977	0.00191596730000000008
10075300000	0.000382534699999999988	0.0019009401999999999
10076000000	0.000330462000000000008	0.00188195859999999997
10076700000	0.000365298099999999991	0.0019074405
10077400000	0.000369427600000000014	0.00194720669999999996
10078100000	0.000344657700000000026	0.00191323399999999999
10078800000	0.000362903100000000012	0.00193961749999999999
10079500000	0.000392495600000000017	0.00196670520000000008
10080200000	0.000313776799999999987	0.00193972229999999995
10080900000	0.000370972899999999993	0.00194775099999999995
10081600000	0.000376460500000000019	0.00195301679999999997
10082300000	0.00034687139999999998	0.00201413889999999983
10083000000	0.000364654500000000017	0.0019832907000000002
10083700000	0.000335776499999999986	0.0019874303999999998
10084400000	0.000351624299999999973	0.0020012242999999999
10085100000	0.000361316299999999975	0.00202934390000000017
10085800000	0.000372488900000000011	0.00201315329999999983
10086500000	0.000412881999999999995	0.00201781049999999983
10087200000	0.000398778699999999991	0.0020020169
10087900000	0.000410174499999999974	0.00204269039999999992
10088600000	0.000369296100000000003	0.00206200670000000015
10089300000	0.000375782800000000017	0.00202742310000000002
10090000000	0.000379670799999999977	0.0020271184999999998
10090700000	0.00040380940000000001	0.0020831103000000001
10091400000	0.000379956199999999993	0.00208098530000000014
10092100000	0.000392468100000000018	0.00205157400000000002
10092800000	0.000409731499999999992	0.00206843609999999992
10093500000	0.000435900100000000004	0.00208620919999999996
10094200000	0.000355484799999999988	0.00209907730000000008
10094900000	0.000390600800000000009	0.00207590720000000017
10095600000	0.000425313699999999993	0.00211908399999999981
10096300000	0.000420591400000000027	0.00212344040000000001
10097000000	0.000383469799999999999	0.00212848570000000008
10097700000	0.000408613899999999981	0.00212727400000000018
10098400000	0.000419804600000000009	0.00209967260000000011
10099100000	0.000402861399999999991	0.00214676329999999999
10099800000	0.000428767900000000019	0.00211620769999999996
10100500000	0.000434892999999999998	0.00216632760000000021
10101200000	0.000412483399999999975	0.00218733920000000002
10101900000	0.000432045900000000023	0.00218048779999999989
10102600000	0.000448843199999999999	0.00220556400000000014
10103300000	0.000419948200000000026	0.00215056169999999986
10104000000	0.000427278599999999999	0.0021765249999999999
10104700000	0.000433600999999999984	0.00221122090000000016
10105400000	0.00044792129999999999	0.00217648539999999984
10106100000	0.000459836900000000015	0.00224077879999999997
10106800000	0.000439003299999999978	0.00222600000000000011
10107500000	0.000437344700000000014	0.00222359059999999989
10108200000	0.000461224700000000009	0.00222839519999999984
10108900000	0.000467204999999999997	0.00224777069999999987
10109600000	0.00047451520000000002	0.00224567629999999994
10110300000	0.000476010300000000012	0.00226315419999999993
10111000000	0.000459925199999999985	0.00225879559999999984
10111700000	0.000461054999999999983	0.0022512029999999998
10112400000	0.000475700099999999996	0.00221776670000000016
10113100000	0.000470689700000000014	0.00229647039999999981
10113800000	0.000460405400000000022	0.00227643499999999983
10114500000	0.000507859200000000005	0.0022530235
10115200000	0.00046992920000000002	0.00230773010000000006
10115900000	0.000512226399999999985	0.00231147239999999988
10116600000	0.000517502599999999967	0.00232023280000000004
10117300000	0.000450305199999999979	0.00230005630000000008
10118000000	0.000521252799999999991	0.00232635109999999997
10118700000	0.000495677099999999957	0.00233966349999999981
10119400000	0.000519227499999999989	0.00232447330000000018
10120100000	0.00050539859999999999	0.00233144990000000007
10120800000	0.000537890299999999955	0.00232571759999999992
10121500000	0.00051127360000000001	0.00234785879999999982
10122200000	0.000522376200000000028	0.00238601869999999997
10122900000	0.000566414000000000002	0.00237606110000000009
10123600000	0.000532144300000000014	0.00236788659999999981
10124300000	0.000524801299999999972	0.00236112560000000015
10125000000	0.000504633299999999985	0.00234666430000000014
10125700000	0.000524119500000000036	0.00238660849999999987
10126400000	0.000535982099999999986	0.00237920770000000018
10127100000	0.000531919200000000015	0.00241194150000000008
10127800000	0.000593365299999999989	0.00238056680000000003
10128500000	0.000575651699999999962	0.00240658090000000005
10129200000	0.000544520600000000039	0.0024296118000000002
10129900000	0.000570545400000000021	0.00244491710000000004
10130600000	0.00053764640000000005	0.00239169740000000006
10131300000	0.000574682599999999958	0.00243114579999999985
10132000000	0.000580903799999999966	0.00241373710000000003
10132700000	0.000573599200000000009	0.00246137959999999986
10133400000	0.000558842600000000029	0.00243610179999999982
10134100000	0.000600004899999999992	0.00244434220000000002
10134800000	0.000559810199999999955	0.00242916920000000019
10135500000	0.000630700899999999971	0.00243665639999999985
10136200000	0.00057631049999999997	0.0024769992999999998
10136900000	0.000566336899999999948	0.00245421630000000005
10137600000	0.000568025499999999951	0.00247728569999999988
10138300000	0.000573536099999999958	0.00247710379999999987
10139000000	0.000602316899999999966	0.00246901909999999985
10139700000	0.000593087299999999948	0.00248104420000000003
10140400000	0.000624251000000000038	0.00246812129999999987
10141100000	0.000650523200000000033	0.00248100660000000021
10141800000	0.000640233199999999994	0.00248145989999999997
10142500000	0.000621535199999999951	0.00247274600000000006
10143200000	0.000621928499999999953	0.00249780640000000012
10143900000	0.000644513700000000009	0.00249271790000000007
10144600000	0.000660824800000000016	0.0025161526
10145300000	0.000653883999999999976	0.00252636370000000002
10146000000	0.000651463099999999946	0.00252784670000000006
10146700000	0.00067291590000000004	0.0025326404999999998
10147400000	0.000669569399999999986	0.00250157220000000015
10148100000	0.000653662800000000006	0.00254223790000000002
10148800000	0.000654255999999999978	0.00251740440000000013
10149500000	0.000665318099999999955	0.00254811240000000008
10150200000	0.000667041900000000035	0.00254056909999999993
10150900000	0.000680546800000000028	0.00258357369999999984
10151600000	0.000655020299999999967	0.00257924069999999981
10152300000	0.00064041320000000001	0.00256976670000000004
10153000000	0.000690178699999999972	0.00260867609999999991
10153700000	0.000729766200000000033	0.00256069239999999997
10154400000	0.000705638200000000037	0.00257949409999999992
10155100000	0.000660071900000000012	0.0025407988000000002
10155800000	0.000727595000000000043	0.00256563329999999999
10156500000	0.000725159999999999976	0.00259762890000000014
10157200000	0.000719197800000000035	0.00260237039999999982
10157900000	0.000725538200000000032	0.00256900559999999984
10158600000	0.000720790799999999963	0.00260161220000000018
10159300000	0.000749982900000000039	0.0025901139000000001
10160000000	0.000723228000000000022	0.00261259500000000011
10160700000	0.000725428899999999949	0.00261911719999999987
10161400000	0.000747899799999999951	0.00262193610000000009
10162100000	0.000724379399999999958	0.00265508049999999994
10162800000	0.000751352000000000053	0.00265024700000000011
10163500000	0.000750440899999999986	0.00258569300000000002
10164200000	0.000759200199999999982	0.00264344999999999988
10164900000	0.000761471700000000023	0.0026165495999999999
10165600000	0.000728857399999999992	0.00264397180000000001
10166300000	0.000734060199999999989	0.00266795709999999991
10167000000	0.000723956700000000014	0.00260952169999999987
10167700000	0.000769304800000000007	0.00262002259999999983
10168400000	0.00072194770000000004	0.00263235119999999986
10169100000	0.000792385000000000051	0.00264615290000000001
10169800000	0.00078537720000000004	0.00262121230000000004
10170500000	0.000775736099999999994	0.00262190509999999993
10171200000	0.000742701400000000045	0.00263152500000000001
10171900000	0.000771175600000000017	0.00263278379999999992
10172600000	0.00077066319999999995	0.00265072949999999984
10173300000	0.000731188900000000002	0.00266286060000000017
10174000000	0.000758030799999999979	0.00263661100000000008
10174700000	0.000782423999999999988	0.00264208049999999995
10175400000	0.000716526800000000046	0.00264567890000000014
10176100000	0.000776577200000000043	0.00266660509999999988
10176800000	0.000747375700000000014	0.00263105389999999982
10177500000	0.000775943800000000023	0.00265473640000000012
10178200000	0.000744573899999999983	0.00266828759999999986
10178900000	0.000727652200000000033	0.00266964869999999996
10179600000	0.000756895799999999998	0.00267877020000000009
10180300000	0.000747005600000000009	0.00266811349999999991
10181000000	0.000736576399999999991	0.0026690863999999999
10181700000	0.000743372099999999991	0.00266504900000000006
10182400000	0.000739106499999999961	0.00267964089999999993
10183100000	0.000724476999999999955	0.00267817199999999993
10183800000	0.000708849100000000037	0.0026564939000000001
10184500000	0.000767085699999999946	0.00266005880000000014
10185200000	0.000775732000000000006	0.00269541189999999986
10185900000	0.000695065900000000009	0.00266933699999999993
10186600000	0.000692926500000000021	0.00268538389999999983
10187300000	0.000741181499999999998	0.00267527680000000014
10188000000	0.000729147400000000005	0.00271238440000000011
10188700000	0.0006910598	0.0027021835000000001
10189400000	0.000696062299999999998	0.0026948584000000002
10190100000	0.000678280699999999986	0.0027191899999999998
10190800000	0.000675467799999999964	0.0027177299000000002
10191500000	0.000681595400000000037	0.00271743649999999989
10192200000	0.000660646699999999998	0.00269213880000000001
10192900000	0.000646126600000000001	0.00273413800000000011
10193600000	0.000680896099999999988	0.00273897330000000012
10194300000	0.000632906399999999948	0.00278039809999999993
10195000000	0.000658501700000000052	0.0027832677000000001
10195700000	0.000606748099999999979	0.00277825479999999981
10196400000	0.000651386000000000001	0.00280607550000000006
10197100000	0.000603924900000000022	0.00279042959999999986
10197800000	0.000626421399999999972	0.0028459179999999998
10198500000	0.000635111300000000046	0.00279752450000000019
10199200000	0.00061960610000000001	0.00284498040000000013
10199900000	0.000587549900000000017	0.00283057699999999992
10200600000	0.000556827899999999955	0.0028617308000000001
10201300000	0.000592404699999999956	0.00288409620000000012
10202000000	0.000619960300000000014	0.00285017060000000017
10202700000	0.000579190699999999957	0.00287387809999999988
10203400000	0.000581097499999999991	0.00286655299999999998
10204100000	0.000582738399999999991	0.00290022159999999991
10204800000	0.000540273500000000031	0.00288355999999999986
10205500000	0.00057085139999999996	0.00289151019999999998
10206200000	0.000556181700000000015	0.00293331980000000004
10206900000	0.000563815699999999976	0.00294085240000000001
10207600000	0.00056323199999999999	0.00292521090000000001
10208300000	0.00051643710000000005	0.00293271480000000017
10209000000	0.000530732000000000014	0.00298799379999999982
10209700000	0.0005372803	0.00298178019999999992
10210400000	0.000509970499999999952	0.00298797290000000007
10211100000	0.000515674300000000031	0.00299411430000000008
10211800000	0.000553758799999999954	0.00301145309999999991
10212500000	0.000517015499999999963	0.00305280829999999984
10213200000	0.000478768999999999983	0.00306777179999999979
10213900000	0.000487363100000000023	0.00305758369999999981
10214600000	0.000484405900000000017	0.00306252690000000018
10215300000	0.000485619000000000014	0.00310499850000000004
10216000000	0.000468198199999999979	0.00314563660000000004
10216700000	0.000459663399999999994	0.00312782440000000011
10217400000	0.000440282200000000025	0.0031425950000000002
10218100000	0.000456941900000000024	0.00312627109999999995
10218800000	0.000432545500000000008	0.00319011489999999984
10219500000	0.00039466490000000001	0.00318581769999999988
10220200000	0.000423320100000000013	0.00321488789999999991
10220900000	0.000422041500000000015	0.00324263710000000007
10221600000	0.000405567199999999975	0.00323600039999999986
10222300000	0.000388515900000000012	0.00322125299999999988
10223000000	0.000364979900000000012	0.00325379290000000002
10223700000	0.000357114699999999978	0.00328054419999999989
10224400000	0.0003834051	0.00334275159999999991
10225100000	0.000368310299999999996	0.00331013439999999987
10225800000	0.000364264599999999982	0.00334488870000000009
10226500000	0.000359289299999999989	0.0033763030999999998
10227200000	0.000341931199999999976	0.00338961489999999987
10227900000	0.000337203000000000004	0.00342767019999999992
10228600000	0.000308590999999999987	0.00341645449999999993
10229300000	0.000327180799999999996	0.00343602959999999994
10230000000	0.000289668300000000027	0.00343440240000000016
10230700000	0.000317799099999999991	0.00347452930000000017
10231400000	0.000271522300000000001	0.00350254140000000021
10232100000	0.000285391300000000013	0.00350466400000000022
10232800000	0.000307032700000000019	0.00352387939999999986
10233500000	0.00028835219999999998	0.00354409419999999987
10234200000	0.000262861699999999998	0.00354534059999999989
10234900000	0.000245974599999999974	0.00358951240000000013
10235600000	0.000252206200000000005	0.00363281610000000012
10236300000	0.000251589400000000007	0.00365110550000000015
10237000000	0.000208216400000000001	0.00365926069999999992
10237700000	0.000194565199999999992	0.00368044020000000017
10238400000	0.000198527600000000007	0.00371793310000000012
10239100000	0.000192670899999999992	0.00374309600000000001
10239800000	0.000134480199999999987	0.00375142849999999996
10240500000	0.000130506099999999994	0.00377632270000000016
10241200000	0.000156045400000000002	0.00379533489999999991
10241900000	0.000138200399999999999	0.00382831929999999983
10242600000	0.000160416599999999991	0.00386872190000000019
10243300000	0.000103002400000000002	0.00388897679999999999
10244000000	0.000112148900000000006	0.00390674010000000016
10244700000	0.000101439499999999997	0.00399766450000000034
10245400000	6.15589999999999979e-05	0.00397544749999999975
10246100000	6.17361e-05	0.00403076319999999978
10246800000	6.97312000000000008e-05	0.00404271869999999964
10247500000	5.03501999999999978e-05	0.00409274099999999957
10248200000	5.74901000000000004e-05	0.00410116130000000041
10248900000	2.68399999999999995e-07	0.00413574400000000023
10249600000	-1.72067999999999993e-05	0.00415286240000000036
10250300000	-3.6445e-06	0.00420351579999999996
10251000000	-3.39795000000000022e-05	0.00423933039999999962
10251700000	-3.11825000000000017e-05	0.00426423649999999998
10252400000	-9.33837000000000051e-05	0.00430769099999999978
10253100000	-4.95642000000000023e-05	0.00434673309999999979
10253800000	-0.000113881800000000005	0.00440102520000000032
10254500000	-8.85166000000000056e-05	0.00442045850000000011
10255200000	-0.0001150695	0.00445350219999999988
10255900000	-0.000138423099999999993	0.00449947229999999969
10256600000	-0.000132494000000000009	0.00453637680000000022
10257300000	-0.000117290199999999997	0.00459136150000000014
10258000000	-0.000189853599999999988	0.00462762219999999971
10258700000	-0.000190941900000000009	0.00466192820000000015
10259400000	-0.0002053325	0.00469671840000000004
10260100000	-0.000231485399999999998	0.00473888509999999957
10260800000	-0.000273248000000000024	0.00482233010000000014
10261500000	-0.000241965600000000006	0.00483080680000000026
10262200000	-0.000272375899999999975	0.00491417069999999963
10262900000	-0.000291450899999999991	0.00493403030000000038
10263600000	-0.000352791199999999991	0.00499293469999999989
10264300000	-0.000326212799999999988	0.0050643346000000004
10265000000	-0.000355350799999999993	0.00509883429999999967
10265700000	-0.000385068000000000021	0.00513285099999999991
10266400000	-0.00040888989999999999	0.00522742289999999967
10267100000	-0.000436791300000000007	0.00525598509999999994
10267800000	-0.000430495900000000013	0.00532008969999999987
10268500000	-0.000448483200000000023	0.00539251530000000017
10269200000	-0.000480578000000000006	0.00544085200000000036
10269900000	-0.000500442700000000053	0.00551137660000000033
10270600000	-0.000511125299999999963	0.00556747189999999992
10271300000	-0.000543490500000000051	0.00563182210000000034
10272000000	-0.000551753700000000009	0.00568713090000000018
10272700000	-0.000569715999999999951	0.00574269430000000011
10273400000	-0.000592455800000000034	0.00585366399999999974
10274100000	-0.000609397300000000014	0.00589317709999999991
10274800000	-0.000666928599999999996	0.00597267630000000022
10275500000	-0.000660559199999999976	0.00605445879999999981
10276200000	-0.000689320700000000015	0.00616619780000000027
10276900000	-0.000715722799999999964	0.0062356314000000003
10277600000	-0.000725529600000000027	0.00630946709999999963
10278300000	-0.000746651299999999971	0.00638101079999999973
10279000000	-0.000763400000000000016	0.00647261789999999983
10279700000	-0.000784458099999999956	0.00656608780000000024
10280400000	-0.000829183300000000041	0.0066648536999999999
10281100000	-0.000873553199999999963	0.00676396749999999981
10281800000	-0.000858576599999999988	0.0068718017999999997
10282500000	-0.000898268199999999986	0.00696866400000000028
10283200000	-0.000969139999999999954	0.00706984719999999983
10283900000	-0.00096834839999999998	0.00716347470000000021
10284600000	-0.0010020039000000001	0.00725836699999999994
10285300000	-0.00102314510000000008	0.00737366790000000029
10286000000	-0.00106356969999999991	0.00747016809999999972
10286700000	-0.00108517110000000004	0.00759782829999999972
10287400000	-0.00112661769999999992	0.00771290490000000033
10288100000	-0.00114751660000000011	0.00787549069999999955
10288800000	-0.00117107410000000006	0.0079686900000000005
10289500000	-0.00122793259999999993	0.00812447040000000009
10290200000	-0.00125305379999999991	0.00824381859999999932
10290900000	-0.00126602659999999994	0.00841248120000000037
10291600000	-0.00132050919999999994	0.00856722780000000045
10292300000	-0.00133990059999999998	0.00871819690000000085
10293000000	-0.00140818689999999995	0.00884610239999999992
10293700000	-0.00141656940000000004	0.00903115080000000021
10294400000	-0.00144079040000000009	0.00919762919999999977
10295100000	-0.00149415510000000008	0.00935324920000000018
10295800000	-0.00155913090000000002	0.0095439952000000005
10296500000	-0.0015977106	0.0097608945000000006
10297200000	-0.0016397801	0.00992781409999999968
10297900000	-0.00163124389999999998	0.0101333668999999994
10298600000	-0.00167562919999999995	0.0103522622000000002
10299300000	-0.00174188449999999992	0.0106042814000000003
10300000000	-0.00175547229999999999	0.0107908112999999996
10300700000	-0.00180341130000000009	0.0110725256000000008
10301400000	-0.00185042920000000007	0.0113062710999999993
10302100000	-0.0018632624	0.0116037954000000002
10302800000	-0.00192185100000000003	0.0118693306999999998
10303500000	-0.0019220203999999999	0.0121403051999999997
10304200000	-0.00197918419999999979	0.0124487363000000007
10304900000	-0.00202963260000000017	0.0127997564000000008
10305600000	-0.0020673337	0.0131358067000000005
10306300000	-0.00209734500000000003	0.0134716965999999994
10307000000	-0.0021347276000000001	0.0138097581999999993
10307700000	-0.00213583749999999998	0.0142146145000000002
10308400000	-0.0021868956000000001	0.0146167395999999995
10309100000	-0.00217142919999999996	0.0150253416000000004
10309800000	-0.0022062713999999998	0.0155078510999999992
10310500000	-0.00225067559999999993	0.0159740009000000002
10311200000	-0.00223553379999999989	0.0164798781000000012
10311900000	-0.00220978110000000011	0.0170126240999999984
10312600000	-0.00221392300000000002	0.0175652219000000005
10313300000	-0.00219091940000000008	0.0181761592
10314000000	-0.0021995220999999998	0.0188206092000000012
10314700000	-0.00215011840000000004	0.0194837804999999989
10315400000	-0.00208503229999999979	0.0202305064000000007
10316100000	-0.00203232070000000003	0.0209997310000000006
10316800000	-0.00194713599999999992	0.0217915262999999991
10317500000	-0.00180663299999999998	0.0226716617999999995
10318200000	-0.00165864000000000007	0.0236495850000000007
10318900000	-0.00142032500000000006	0.0246373767999999993
10319600000	-0.0012522353999999999	0.0257393563999999998
10320300000	-0.000896378599999999963	0.0269337797000000004
10321000000	-0.000583608	0.0281829533999999986
10321700000	-0.000170960000000000003	0.0295620597999999984
10322400000	0.000379083399999999976	0.0310202218000000009
10323100000	0.000971549200000000005	0.032580699099999999
10323800000	0.00176405510000000008	0.0343360447999999999
10324500000	0.00263407349999999997	0.0361555049999999975
10325200000	0.00384289100000000019	0.0382389688000000019
10325900000	0.0051797741000000003	0.0403643347999999985
10326600000	0.00690622359999999973	0.042645628900000003
10327300000	0.00899206280000000059	0.0450579930999999989
10328000000	0.0115318252	0.0476126586000000032
10328700000	0.0147078807000000002	0.0502547845000000035
10329400000	0.018573327399999999	0.0528788725000000001
10330100000	0.0231981082000000012	0.0552712090000000017
10330800000	0.0288200890000000001	0.0572835006999999966
10331500000	0.0354904056999999981	0.0586183490000000001
10332200000	0.0431427772000000029	0.0589538017000000025
10332900000	0.0515989729999999994	0.0577030066000000022
10333600000	0.0605064825000000001	0.0543456164999999991
10334300000	0.0690612949000000004	0.048757947599999997
10335000000	0.0763512058999999965	0.0408096395000000015
10335700000	0.081618463799999999	0.0310616421999999996
10336400000	0.0842237584999999955	0.0203509670000000011
10337100000	0.0842198816000000045	0.00976034400000000066
10337800000	0.081844217900000002	0.000173987099999999993
10338500000	0.0778058435999999937	-0.00804257960000000043
10339200000	0.0729246863999999939	-0.0144990705000000008
10339900000	0.067542686399999996	-0.0194953492000000013
10340600000	0.0621898062999999973	-0.0230178712999999993
10341300000	0.0571127723999999976	-0.0254874972999999984
10342000000	0.0523015817000000022	-0.0271171779000000009
10342700000	0.0480125246000000019	-0.0281420151000000007
10343400000	0.044165142999999997	-0.0285419737000000007
10344100000	0.040718509600000001	-0.0287717029999999992
10344800000	0.037606082300000003	-0.0287434568999999987
10345500000	0.0348395405000000019	-0.0284385444999999994
10346200000	0.0323511200999999984	-0.0280541553999999992
10346900000	0.0301888558999999987	-0.0276879873999999991
10347600000	0.0281933219999999998	-0.0271191357999999993
10348300000	0.0264590117	-0.0266471370000000013
10349000000	0.0248309068000000001	-0.0261176644000000006
10349700000	0.0233952083999999991	-0.0255525106999999994
10350400000	0.0220924410000000009	-0.0250108768999999995
10351100000	0.0208734819000000009	-0.0244538889999999995
10351800000	0.0197677752000000005	-0.0239398543000000005
10352500000	0.0187816009000000006	-0.0234084250000000001
10353200000	0.0178250089999999993	-0.0229568396000000008
10353900000	0.0169644424000000016	-0.0225108849
10354600000	0.0161993377000000001	-0.0220619303999999988
10355300000	0.0154754227999999994	-0.0215668697999999992
10356000000	0.0147532044000000008	-0.0211787948000000011
10356700000	0.0141124970999999995	-0.0207520128000000005
10357400000	0.0135330558000000007	-0.0203958010999999995
10358100000	0.0129580384999999996	-0.0200117645000000011
10358800000	0.0123828275000000005	-0.0196236520999999997
10359500000	0.0119663814999999996	-0.0193449805000000009
10360200000	0.0114647489999999998	-0.0189710639999999993
10360900000	0.0110354636999999995	-0.0186582898999999997
10361600000	0.0106102620000000005	-0.0183376248000000006
10362300000	0.0102116493999999999	-0.0180797094999999991
10363000000	0.00982405679999999969	-0.0177395436999999989
10363700000	0.00944974779999999993	-0.0174744964999999988
10364400000	0.00916447119999999962	-0.0172043971000000011
10365100000	0.00879388040000000058	-0.0169315545000000012
10365800000	0.00847811719999999949	-0.0166627677999999987
10366500000	0.00816835940000000017	-0.0164206780000000011
10367200000	0.00788298240000000032	-0.0161823583000000014
10367900000	0.00761305120000000009	-0.0159605953999999994
10368600000	0.00732889939999999997	-0.0157230496000000004
10369300000	0.00708472930000000022	-0.0154918386000000002
10370000000	0.00683844670000000043	-0.0153239130999999994
10370700000	0.00658225640000000001	-0.0151020254999999996
10371400000	0.00635357229999999971	-0.0148618441000000004
10372100000	0.00611609399999999987	-0.014693032
10372800000	0.00593683940000000031	-0.0145197376000000006
10373500000	0.00569246450000000011	-0.0142985404999999999
10374200000	0.00551009460000000031	-0.0141279144000000002
10374900000	0.00528819170000000005	-0.0139449862000000004
10375600000	0.00506908150000000019	-0.0137322960999999993
10376300000	0.00490103849999999966	-0.0135720848999999998
10377000000	0.0046957984999999999	-0.0134213557999999997
10377700000	0.00454366869999999964	-0.0132587555999999999
10378400000	0.00437290620000000026	-0.0131061656000000006
10379100000	0.00418316369999999996	-0.0129301107000000005
10379800000	0.00401860080000000005	-0.0127488976999999993
10380500000	0.00388637309999999986	-0.0125903885000000007
10381200000	0.00374980949999999995	-0.0124308276999999991
10381900000	0.00355543999999999999	-0.0122573326999999999
10382600000	0.00344271820000000006	-0.0121344738000000001
10383300000	0.00327983650000000012	-0.0119715768999999993
10384000000	0.00315230889999999981	-0.0118169716999999997
10384700000	0.0030389643	-0.0116367157999999991
10385400000	0.00288805319999999987	-0.0114767059000000001
10386100000	0.00275606509999999985	-0.0113978394999999996
10386800000	0.00260917250000000005	-0.0112010644000000003
10387500000	0.00248294249999999987	-0.0111135561999999993
10388200000	0.00240218749999999981	-0.0109219341000000008
10388900000	0.00229391929999999983	-0.0107725371
10389600000	0.00217489640000000008	-0.0106312959000000005
10390300000	0.00207279900000000017	-0.0105079744999999995
10391000000	0.00194754869999999992	-0.0103605378999999994
10391700000	0.00183914990000000008	-0.0102776915999999996
10392400000	0.00176912690000000008	-0.0101178277999999996
10393100000	0.00168239400000000003	-0.00995102559999999983
10393800000	0.00157043789999999992	-0.00983982939999999973
10394500000	0.00148057859999999996	-0.00967922870000000046
10395200000	0.00140614249999999994	-0.00955622329999999964
10395900000	0.00133095619999999996	-0.00943788620000000043
10396600000	0.00126788760000000008	-0.00930681679999999928
10397300000	0.00120035179999999995	-0.00919322550000000079
10398000000	0.00109243430000000009	-0.00905647669999999974
10398700000	0.00103949990000000003	-0.00891740010000000027
10399400000	0.000924416999999999969	-0.00879078250000000019
10400100000	0.000902320100000000001	-0.0086425349000000002
10400800000	0.000862034099999999946	-0.00857770639999999931
10401500000	0.000789205099999999997	-0.00839800249999999963
10402200000	0.0007602342	-0.00835422369999999984
10402900000	0.000691590600000000053	-0.00818894839999999985
10403600000	0.000586047799999999969	-0.00807272239999999933
10404300000	0.000586487100000000045	-0.00796876499999999918
10405000000	0.00054295449999999996	-0.00785219560000000039
10405700000	0.000512777599999999947	-0.00774771279999999975
10406400000	0.000425762899999999975	-0.00764895250000000027
10407100000	0.000419234200000000005	-0.00755816229999999988
10407800000	0.000366696899999999996	-0.00744676969999999959
10408500000	0.000317725299999999978	-0.00730006990000000005
10409200000	0.000301160100000000003	-0.00720696029999999977
10409900000	0.00027737660000000001	-0.00714204599999999998
10410600000	0.000231363900000000009	-0.00706193329999999994
10411300000	0.000167639999999999987	-0.00691995830000000003
10412000000	0.000195857099999999999	-0.00678948579999999989
10412700000	0.000184032799999999991	-0.00672665600000000013
10413400000	0.000135741300000000008	-0.00664729850000000001
10414100000	0.000149279200000000006	-0.00658142670000000027
10414800000	0.000106959699999999998	-0.0064457424999999997
10415500000	5.47407000000000026e-05	-0.00638774200000000007
10416200000	5.88570000000000025e-05	-0.00628325730000000009
10416900000	1.56349999999999994e-06	-0.00619110579999999997
10417600000	2.1107600000000001e-05	-0.00612340619999999971
10418300000	-8.3799999999999996e-08	-0.00603517220000000017
10419000000	-2.62178000000000016e-05	-0.00599319770000000026
10419700000	-3.35348000000000029e-05	-0.00585424359999999963
10420400000	-4.66052999999999991e-05	-0.00578366310000000012
10421100000	-5.4647700000000002e-05	-0.00575092220000000039
10421800000	-4.71820999999999967e-05	-0.00561958239999999984
10422500000	-6.08328999999999982e-05	-0.0055608780999999996
10423200000	-9.67019000000000033e-05	-0.00548397929999999961
10423900000	-7.99287000000000061e-05	-0.00539457350000000033
10424600000	-8.27959999999999981e-05	-0.00534457539999999998
10425300000	-8.60347000000000049e-05	-0.00525143339999999993
10426000000	-0.000105916199999999994	-0.00521740180000000026
10426700000	-0.000102017100000000003	-0.00512929759999999988
10427400000	-0.000135029299999999991	-0.00506358180000000043
10428100000	-0.000111106400000000004	-0.00502327340000000011
10428800000	-0.0001194083	-0.00491619269999999959
10429500000	-0.000122385599999999989	-0.00486670089999999972
10430200000	-0.000105020500000000002	-0.00479697419999999992
10430900000	-8.7549399999999999e-05	-0.00475888710000000031
10431600000	-0.000147168700000000006	-0.00467314879999999964
10432300000	-0.000128395400000000007	-0.00461831149999999968
10433000000	-9.19948999999999957e-05	-0.00457631639999999968
10433700000	-8.0626999999999999e-05	-0.00451188659999999988
10434400000	-0.000113385600000000001	-0.00445460469999999983
10435100000	-9.13028999999999962e-05	-0.00442344950000000004
10435800000	-0.000100697400000000003	-0.00435041719999999972
10436500000	-0.000114255900000000005	-0.00429820800000000041
10437200000	-0.000102044699999999996	-0.00430248080000000029
10437900000	-0.000123113600000000013	-0.00418996790000000004
10438600000	-0.000100219799999999999	-0.00415454560000000014
10439300000	-9.26142000000000051e-05	-0.00411983990000000001
10440000000	-8.91532000000000056e-05	-0.00405881989999999984
10440700000	-0.000118904300000000006	-0.00397242519999999998
10441400000	-0.000100849399999999997	-0.00395852349999999999
10442100000	-0.000145582999999999992	-0.00392609639999999972
10442800000	-0.000104741900000000001	-0.00390886959999999992
10443500000	-7.66569999999999947e-05	-0.0038289273999999999
10444200000	-8.80886999999999957e-05	-0.00377576589999999981
10444900000	-8.64030000000000061e-05	-0.00376264700000000004
10445600000	-0.000103814999999999995	-0.00366977909999999978
10446300000	-7.99885000000000017e-05	-0.00367483540000000013
10447000000	-7.63138000000000011e-05	-0.00360275810000000021
10447700000	-8.76227999999999973e-05	-0.00359120760000000011
10448400000	-3.47009999999999986e-05	-0.0035399489000000001
10449100000	-5.68110000000000021e-05	-0.00348923919999999995
10449800000	-2.40181999999999999e-05	-0.00344051310000000011
10450500000	-3.28925999999999974e-05	-0.00343030399999999991
10451200000	-6.45737000000000015e-05	-0.00338661729999999985
10451900000	-4.44069999999999968e-05	-0.00338022100000000009
10452600000	-6.52156999999999997e-05	-0.00328630070000000005
10453300000	-3.10667999999999987e-05	-0.00329510010000000006
10454000000	6.98869999999999968e-06	-0.00326749120000000004
10454700000	-7.2115999999999997e-06	-0.0031887803000000001
10455400000	1.85486000000000006e-05	-0.00317298069999999996
10456100000	-2.56700000000000016e-06	-0.00316661369999999978
10456800000	-8.04949999999999976e-06	-0.00310959139999999979
10457500000	1.60015999999999994e-05	-0.00309599869999999978
10458200000	1.3783e-06	-0.00306942710000000004
10458900000	2.26664000000000004e-05	-0.0030050961000000001
10459600000	2.38144000000000002e-05	-0.00298320569999999986
10460300000	1.44163999999999997e-05	-0.00295575510000000005
10461000000	3.70465999999999987e-05	-0.00292306080000000017
10461700000	5.89260999999999981e-05	-0.00289373819999999993
10462400000	8.01288999999999978e-05	-0.00290670550000000005
10463100000	8.07712000000000035e-05	-0.00285868069999999997
10463800000	9.0529299999999994e-05	-0.0028372737000000002
10464500000	9.20930999999999941e-05	-0.00277633449999999983
10465200000	9.28000999999999994e-05	-0.00275590889999999993
10465900000	0.0001045778	-0.00275093739999999988
10466600000	8.14731999999999978e-05	-0.00272897830000000006
10467300000	0.000104606500000000002	-0.00269366410000000016
10468000000	0.000107814700000000003	-0.00266567590000000004
10468700000	0.000126630999999999987	-0.0026318616999999999
10469400000	0.000152747400000000007	-0.00266112109999999983
10470100000	0.00012985850000000001	-0.00258900419999999985
10470800000	0.000127964399999999997	-0.00256223509999999998
10471500000	0.000172234599999999992	-0.0025830782
10472200000	0.000154448300000000003	-0.00256125539999999983
10472900000	0.000163397500000000002	-0.00249628400000000009
10473600000	0.000171833599999999994	-0.00249272920000000002
10474300000	0.00018909410000000001	-0.00249502279999999979
10475000000	0.00018606570000000001	-0.00244974620000000011
10475700000	0.000205495899999999992	-0.00242316900000000019
10476400000	0.000177843300000000005	-0.00238364429999999997
10477100000	0.000189457200000000013	-0.00239749030000000005
10477800000	0.000203838299999999989	-0.00237687900000000014
10478500000	0.000232130600000000003	-0.00236164259999999994
10479200000	0.000209624699999999992	-0.00235479070000000007
10479900000	0.000214331299999999999	-0.00233371390000000015
10480600000	0.000253879599999999974	-0.00230318270000000021
10481300000	0.000221663099999999989	-0.00229532579999999981
10482000000	0.00027616670000000002	-0.00225464400000000009
10482700000	0.000240383900000000001	-0.00225682260000000011
10483400000	0.000281446600000000017	-0.00223690910000000007
10484100000	0.000275628400000000012	-0.00221478849999999982
10484800000	0.00026272829999999999	-0.00223238759999999994
10485500000	0.000279975699999999983	-0.00219772340000000009
10486200000	0.000279205900000000016	-0.00215658749999999991
10486900000	0.000270171700000000007	-0.00217133379999999996
10487600000	0.000267280099999999982	-0.00214245149999999981
10488300000	0.000302780599999999986	-0.00211575650000000006
10489000000	0.000304471000000000006	-0.00211929939999999997
10489700000	0.00030830320000000002	-0.00211668490000000006
10490400000	0.000318253599999999992	-0.00209816410000000005
10491100000	0.00030873439999999999	-0.00206988280000000016
10491800000	0.000332856100000000006	-0.00207074179999999991
10492500000	0.000341357999999999993	-0.00203119700000000021
10493200000	0.000320867099999999996	-0.00202937280000000005
10493900000	0.000341973900000000009	-0.00201087469999999997
10494600000	0.00033447860000000002	-0.00200821889999999986
10495300000	0.000317257299999999982	-0.00198958249999999989
10496000000	0.000356800800000000001	-0.00199648069999999993
10496700000	0.000347676599999999984	-0.00195326989999999997
10497400000	0.000369523800000000021	-0.0019685143999999999
10498100000	0.000347775700000000005	-0.00193435890000000004
10498800000	0.000336243500000000021	-0.00192558630000000007
10499500000	0.00035734120000000002	-0.00190153819999999999
10500200000	0.000356750399999999999	-0.0018795258
10500900000	0.000367213999999999984	-0.00187805450000000005
10501600000	0.0003379306	-0.00186284819999999992
10502300000	0.000384655499999999977	-0.00184854289999999998
10503000000	0.000384292299999999993	-0.00186244079999999998
10503700000	0.000414236699999999977	-0.00184529019999999993
10504400000	0.000387589199999999992	-0.00181502310000000006
10505100000	0.000367613499999999986	-0.00181970989999999996
10505800000	0.000398897200000000013	-0.00178244230000000007
10506500000	0.000426248200000000016	-0.00179928959999999991
10507200000	0.000404676999999999988	-0.00178644570000000003
10507900000	0.000404308199999999993	-0.00177200920000000002
10508600000	0.000413163400000000002	-0.00176052320000000002
10509300000	0.000400138499999999977	-0.00174749590000000004
10510000000	0.000409218499999999992	-0.00172350920000000009
10510700000	0.000450326199999999985	-0.00170684880000000001
10511400000	0.000417066399999999982	-0.00172837940000000008
10512100000	0.000430271400000000002	-0.00169372540000000001
10512800000	0.000416539899999999986	-0.00166877639999999999
10513500000	0.000448902299999999986	-0.00167029000000000006
10514200000	0.0004644591	-0.00165966170000000001
10514900000	0.000430240300000000022	-0.0016364369000000001
10515600000	0.000454596799999999984	-0.00163946069999999994
10516300000	0.000462448199999999975	-0.00160210660000000005
10517000000	0.000471747200000000022	-0.00166227590000000004
10517700000	0.000460157700000000014	-0.00162625459999999993
10518400000	0.00047720569999999999	-0.00158601719999999996
10519100000	0.000489738100000000013	-0.0015732668999999999
10519800000	0.000482275800000000001	-0.00157339450000000005
10520500000	0.00048226740000000001	-0.00156922289999999998
10521200000	0.000495544299999999991	-0.00156631859999999991
10521900000	0.000500453100000000021	-0.00156334700000000009
10522600000	0.000484132000000000019	-0.00153981959999999998
10523300000	0.000476412200000000019	-0.00154120709999999998
10524000000	0.000491220899999999985	-0.00149344189999999996
10524700000	0.000516335399999999956	-0.00154737629999999993
10525400000	0.000503261500000000027	-0.00149908209999999992
10526100000	0.000521696599999999975	-0.0015391348
10526800000	0.000542814200000000038	-0.00147532210000000008
10527500000	0.000526476899999999987	-0.0015027908
10528200000	0.00051196569999999999	-0.0015034979
10528900000	0.000525909999999999984	-0.00146768890000000007
10529600000	0.000548010399999999953	-0.0014619352
10530300000	0.000521936899999999953	-0.00143358010000000009
10531000000	0.000561536800000000014	-0.00145283130000000002
10531700000	0.000558478200000000016	-0.0014547955
10532400000	0.00053095140000000002	-0.0014360206999999999
10533100000	0.000525714399999999962	-0.0014706128000000001
10533800000	0.000541446700000000028	-0.00139812659999999996
10534500000	0.00057475919999999995	-0.00140036650000000006
10535200000	0.000551626300000000042	-0.00139538519999999992
10535900000	0.000580732099999999962	-0.00139956059999999998
10536600000	0.000557918099999999946	-0.0014228989
10537300000	0.000574745700000000009	-0.00137930710000000001
10538000000	0.000579082200000000037	-0.00136064309999999996
10538700000	0.000575056700000000027	-0.0013680799
10539400000	0.0006083029	-0.00136240040000000008
10540100000	0.00056770639999999999	-0.00138443419999999999
10540800000	0.000576057900000000026	-0.00136339389999999994
10541500000	0.00061060089999999997	-0.00137686769999999996
10542200000	0.000601554700000000043	-0.00137050860000000009
10542900000	0.000588008599999999986	-0.0013416229999999999
10543600000	0.000610772400000000014	-0.00134189269999999993
10544300000	0.000589270499999999982	-0.00130548129999999993
10545000000	0.000590825300000000003	-0.00136476099999999993
10545700000	0.000602957700000000016	-0.0012948657000000001
10546400000	0.000632011000000000031	-0.0013168632
10547100000	0.00063227330000000003	-0.00132590329999999991
10547800000	0.000617851500000000053	-0.00128682660000000002
10548500000	0.000618837599999999999	-0.0012742087
10549200000	0.000628625600000000048	-0.00127511180000000005
10549900000	0.000632277500000000053	-0.00128557960000000001
10550600000	0.000625037200000000013	-0.00129662659999999993
10551300000	0.000634337499999999962	-0.00126684710000000002
10552000000	0.000599665899999999967	-0.00128160509999999993
10552700000	0.000649816799999999948	-0.00129396049999999999
10553400000	0.000632473799999999989	-0.0012528305999999999
10554100000	0.000635832700000000042	-0.00128681840000000004
10554800000	0.000616078900000000028	-0.0012707370999999999
10555500000	0.000657147500000000023	-0.00124599970000000004
10556200000	0.000673147799999999972	-0.00123057240000000001
10556900000	0.000685088300000000032	-0.00121143139999999993
10557600000	0.000663236599999999978	-0.00122809460000000009
10558300000	0.000680332099999999998	-0.0012249355999999999
10559000000	0.000682413800000000043	-0.00120682829999999995
10559700000	0.000623224799999999969	-0.00118616490000000006
10560400000	0.000650395799999999957	-0.0011996756999999999
10561100000	0.000670902799999999969	-0.00121204389999999998
10561800000	0.000668282100000000003	-0.00121478689999999991
10562500000	0.000662929300000000029	-0.00118469660000000004
10563200000	0.00070543250000000004	-0.00116883349999999994
10563900000	0.000682286200000000007	-0.00117213600000000005
10564600000	0.000693196400000000009	-0.00120457989999999998
10565300000	0.000732884000000000053	-0.00117806069999999989
10566000000	0.000704119700000000034	-0.0011652857999999999
10566700000	0.000712643100000000035	-0.00117826840000000003
10567400000	0.000710488299999999999	-0.00119367460000000002
10568100000	0.000704012900000000044	-0.00116464970000000004
10568800000	0.000730245600000000014	-0.00118643330000000008
10569500000	0.000718241800000000053	-0.00116441729999999994
10570200000	0.000687407400000000042	-0.00112722610000000009
10570900000	0.000718574399999999955	-0.00118883630000000007
10571600000	0.000749205200000000035	-0.0011413332999999999
10572300000	0.000727555099999999989	-0.00112047300000000009
10573000000	0.000719424599999999963	-0.00116623300000000003
10573700000	0.000738386699999999969	-0.00115512110000000009
10574400000	0.000740197699999999969	-0.00113955660000000011
10575100000	0.00076635280000000004	-0.00111385400000000006
10575800000	0.000740803999999999963	-0.00114427569999999996
10576500000	0.000731030799999999974	-0.00112815500000000004
10577200000	0.00072756619999999998	-0.00111821880000000009
10577900000	0.000744208000000000001	-0.00112471880000000008
10578600000	0.0007395689	-0.00111190360000000001
10579300000	0.000770222200000000054	-0.00109986489999999997
10580000000	0.000782315599999999995	-0.00114005190000000009
10580700000	0.000746671100000000001	-0.0011252069
10581400000	0.000775360599999999991	-0.00110736319999999995
10582100000	0.000786605300000000002	-0.00110587360000000004
10582800000	0.000764357000000000014	-0.00106659320000000008
10583500000	0.000809263600000000049	-0.00105634590000000007
10584200000	0.000777206000000000012	-0.00112232090000000009
10584900000	0.000784619399999999991	-0.00107547840000000007
10585600000	0.000768381300000000049	-0.00110756039999999997
10586300000	0.000792480600000000017	-0.0010670689000000001
10587000000	0.000784406100000000005	-0.00111773379999999993
10587700000	0.00075229180000000004	-0.0011293048999999999
10588400000	0.000818726800000000037	-0.00107791659999999993
10589100000	0.000776857000000000047	-0.00105745779999999998
10589800000	0.000826920699999999999	-0.00109920190000000004
10590500000	0.000831878800000000035	-0.0010645711999999999
10591200000	0.000786062799999999971	-0.00107467840000000005
10591900000	0.000803080399999999989	-0.00106173830000000011
10592600000	0.00082172959999999998	-0.00108794959999999994
10593300000	0.000826594099999999974	-0.00107366350000000004
10594000000	0.000804014799999999978	-0.00106442990000000007
10594700000	0.000815128699999999947	-0.0010503426000000001
10595400000	0.000833869400000000023	-0.00109620770000000011
10596100000	0.000824917500000000052	-0.00105838859999999994
10596800000	0.000835199100000000045	-0.00105680069999999991
10597500000	0.000832858600000000002	-0.00106439529999999998
10598200000	0.000887996500000000008	-0.00102205089999999992
10598900000	0.000858838700000000028	-0.0010604306
10599600000	0.000829288500000000027	-0.00104047610000000007
10600300000	0.000873690100000000026	-0.00105520909999999991
10601000000	0.000864121799999999977	-0.00103166549999999992
10601700000	0.000836803299999999998	-0.00106251580000000004
10602400000	0.000876589700000000014	-0.00105537079999999998
10603100000	0.00088234819999999999	-0.00107723189999999998
10603800000	0.000864390600000000025	-0.00105548009999999995
10604500000	0.000830053500000000038	-0.00108313960000000009
10605200000	0.000867885599999999977	-0.00104573269999999998
10605900000	0.000851462100000000021	-0.00103124839999999994
10606600000	0.000889403500000000044	-0.00108834800000000005
10607300000	0.000865171299999999968	-0.00106652830000000007
10608000000	0.000870389800000000006	-0.00109522619999999999
10608700000	0.000845503300000000047	-0.0010661786999999999
10609400000	0.000879570999999999999	-0.00109468739999999992
10610100000	0.000872857899999999977	-0.0010892428999999999
10610800000	0.000876522000000000022	-0.00108735400000000001
10611500000	0.000864504400000000017	-0.00110255909999999995
10612200000	0.000858055199999999997	-0.00110368870000000004
10612900000	0.000901739399999999954	-0.00103152769999999999
10613600000	0.000889184000000000003	-0.00112295990000000007
10614300000	0.000850336199999999999	-0.00106938359999999991
10615000000	0.000875915400000000033	-0.00109473459999999997
10615700000	0.000869225200000000014	-0.00109457549999999993
10616400000	0.00082247850000000003	-0.00109365539999999994
10617100000	0.000857516499999999961	-0.00105550590000000007
10617800000	0.00087032050000000001	-0.00109053189999999993
10618500000	0.000880931999999999961	-0.00108728449999999995
10619200000	0.00086745870000000001	-0.00104735630000000004
10619900000	0.000876287599999999996	-0.00109619129999999993
10620600000	0.000875178199999999962	-0.00107672119999999995
10621300000	0.000868340299999999991	-0.00106749199999999996
10622000000	0.000861858299999999954	-0.00107533390000000002
10622700000	0.000910823600000000046	-0.0010481059
10623400000	0.000838080000000000053	-0.00106186090000000006
10624100000	0.000852219500000000042	-0.00108897219999999997
10624800000	0.000910554600000000039	-0.00107409059999999997
10625500000	0.000891196900000000005	-0.00108839029999999995
10626200000	0.000853215600000000038	-0.00108381969999999999
10626900000	0.000880357000000000015	-0.00108636569999999997
10627600000	0.000875052599999999957	-0.00105716410000000001
10628300000	0.000893758099999999956	-0.0010471568000000001
10629000000	0.000892733900000000028	-0.00107395410000000005
10629700000	0.000870092399999999964	-0.00113120959999999998
10630400000	0.000860667299999999958	-0.00108690320000000003
10631100000	0.000889317799999999985	-0.00109460460000000009
10631800000	0.000898119099999999991	-0.0011180993000000001
10632500000	0.000840712599999999958	-0.0010430013000000001
10633200000	0.000871188399999999982	-0.00110073760000000006
10633900000	0.000879545900000000005	-0.00108252580000000004
10634600000	0.000864354899999999994	-0.00109928660000000009
10635300000	0.000884774999999999971	-0.00107859660000000001
10636000000	0.000871779399999999963	-0.00112857080000000002
10636700000	0.00089232999999999999	-0.00111216849999999992
10637400000	0.000852182099999999974	-0.00111326390000000006
10638100000	0.000865280900000000045	-0.00108014279999999992
10638800000	0.000897807700000000054	-0.00108679890000000002
10639500000	0.000862558300000000025	-0.00108712819999999999
10640200000	0.000882455400000000008	-0.00112559839999999993
10640900000	0.000881721900000000005	-0.00111418660000000007
10641600000	0.000882971200000000041	-0.00111547389999999995
10642300000	0.000865159499999999955	-0.0011224141
10643000000	0.000907973299999999955	-0.00109494509999999998
10643700000	0.000902285800000000014	-0.00113929529999999991
10644400000	0.000874498799999999976	-0.00110827870000000011
10645100000	0.000865166799999999951	-0.00113574209999999995
10645800000	0.000893656699999999964	-0.0011474511000000001
10646500000	0.000857707400000000007	-0.00112083610000000009
10647200000	0.00088735639999999998	-0.00112415499999999995
10647900000	0.000823674699999999956	-0.00110855599999999991
10648600000	0.000857185400000000028	-0.00113878419999999996
10649300000	0.000893883000000000047	-0.00111756490000000002
10650000000	0.000855343099999999979	-0.00116555960000000003
10650700000	0.000844551499999999979	-0.00114773210000000008
10651400000	0.000832550200000000003	-0.00113745519999999996
10652100000	0.0008581153	-0.0011440173000000001
10652800000	0.000836640399999999959	-0.00118086579999999997
10653500000	0.000816897000000000022	-0.00114699950000000006
10654200000	0.000833019300000000049	-0.00113921700000000009
10654900000	0.00083683640000000001	-0.00115727990000000008
10655600000	0.000825065600000000031	-0.00117256419999999992
10656300000	0.000792128799999999964	-0.00116717389999999996
10657000000	0.000814677999999999995	-0.00118070979999999989
10657700000	0.000811179100000000014	-0.0011990347000000001
10658400000	0.000753749699999999977	-0.0011680353000000001
10659100000	0.000749741500000000011	-0.00118404620000000008
10659800000	0.000767096500000000051	-0.00121723800000000004
10660500000	0.000778756600000000011	-0.00121389390000000005
10661200000	0.000772988800000000008	-0.00119241779999999993
10661900000	0.000771809199999999996	-0.00118114039999999993
10662600000	0.000741227899999999992	-0.00120722230000000008
10663300000	0.000761394299999999975	-0.00120612270000000003
10664000000	0.000735220299999999965	-0.00119896270000000005
10664700000	0.000730424799999999973	-0.00117943949999999996
10665400000	0.000698588599999999975	-0.00120073810000000006
10666100000	0.000727087200000000027	-0.00119017230000000008
10666800000	0.000683954200000000032	-0.0011930043
10667500000	0.00070150379999999997	-0.00118368279999999998
10668200000	0.000685317900000000048	-0.00117994619999999993
10668900000	0.00070319040000000005	-0.0012032105999999999
10669600000	0.000687514200000000032	-0.00117515479999999992
10670300000	0.000666951000000000046	-0.00120161089999999996
10671000000	0.000667134700000000021	-0.00117058659999999992
10671700000	0.000652196299999999955	-0.00120641189999999999
10672400000	0.000653461600000000025	-0.00115670919999999997
10673100000	0.000647707299999999964	-0.0011863259000000001
10673800000	0.000660495200000000052	-0.00116466310000000006
10674500000	0.000635828600000000054	-0.00118539379999999992
10675200000	0.000643504199999999998	-0.00117907709999999998
10675900000	0.000633309200000000045	-0.00118162759999999997
10676600000	0.000634386000000000021	-0.00115864229999999998
10677300000	0.000614781499999999962	-0.00114397429999999996
10678000000	0.000608989800000000049	-0.00115322309999999991
10678700000	0.000603936899999999994	-0.00115008610000000007
10679400000	0.000599812000000000023	-0.0011620828000000001
10680100000	0.000593812899999999967	-0.0011382403000000001
10680800000	0.00058764370000000002	-0.0011771647000000001
10681500000	0.000598496899999999992	-0.0011320639999999999
10682200000	0.00057534280000000001	-0.0011314675000000001
10682900000	0.000575652399999999984	-0.00112485389999999997
10683600000	0.000554226199999999962	-0.00112359599999999993
10684300000	0.000556060300000000033	-0.00110728330000000002
10685000000	0.000560177600000000015	-0.00111828779999999998
