9985000000	0.00154813249999999998	-0.000603994500000000012
9985700000	0.00145912449999999996	-0.000504767200000000001
9986400000	0.00140198090000000003	-0.000484459500000000026
9987100000	0.00136879639999999995	-0.000566147400000000054
9987800000	0.00155884379999999992	-0.000506379200000000012
9988500000	0.00140663229999999999	-0.000532517799999999986
9989200000	0.0012075040999999999	-0.000839456300000000029
9989900000	0.00136667090000000004	-0.000561328399999999963
9990600000	0.00132075430000000004	-0.000746757799999999967
9991300000	0.00141522679999999995	-0.000848530100000000043
9992000000	0.00120890259999999997	-0.000804682900000000013
9992700000	0.00137444249999999998	-0.00096385660000000001
9993400000	0.00114647930000000005	-0.000750152300000000018
9994100000	0.00121587049999999993	-0.000907336400000000043
9994800000	0.00137332139999999997	-0.000792602299999999992
9995500000	0.00119712469999999995	-0.000929223900000000053
9996200000	0.0013379943	-0.000774519800000000045
9996900000	0.0012457573	-0.000830270000000000031
9997600000	0.00111242409999999991	-0.000889582500000000043
9998300000	0.00133122160000000004	-0.00103852960000000005
9999000000	0.00122366579999999992	-0.000952054799999999977
9999700000	0.00115373379999999994	-0.000877074699999999953
10000400000	0.00125358499999999999	-0.00110594569999999991
10001100000	0.00131129889999999989	-0.00116549810000000009
10001800000	0.00126707290000000004	-0.00089964859999999995
10002500000	0.00122511460000000001	-0.00103132300000000001
10003200000	0.00125747979999999999	-0.000899943500000000007
10003900000	0.0010551982000000001	-0.00091552280000000005
10004600000	0.00129452540000000007	-0.000926131299999999953
10005300000	0.00116522499999999998	-0.00108695340000000001
10006000000	0.000998565000000000086	-0.000976922199999999928
10006700000	0.00115939689999999991	-0.0010044075999999999
10007400000	0.000934753200000000041	-0.00106544100000000009
10008100000	0.00113356310000000001	-0.00110806050000000007
10008800000	0.00108233539999999994	-0.000974189800000000035
10009500000	0.00115828780000000009	-0.00113522790000000003
10010200000	0.000976940099999999961	-0.000928776500000000034
10010900000	0.00104459860000000009	-0.00121524659999999989
10011600000	0.00110856400000000003	-0.00108306750000000001
10012300000	0.00104074520000000011	-0.00110051950000000006
10013000000	0.000993789900000000004	-0.00121803360000000008
10013700000	0.000997222700000000104	-0.0011016515000000001
10014400000	0.000970459400000000041	-0.00113433910000000008
10015100000	0.000931168799999999961	-0.00116864649999999992
10015800000	0.000978228200000000108	-0.00113762780000000005
10016500000	0.000849403100000000019	-0.00130923879999999995
10017200000	0.000856607199999999966	-0.00134703389999999996
10017900000	0.000867505299999999963	-0.0012817995999999999
10018600000	0.0010675146999999999	-0.00122986889999999994
10019300000	0.000927129299999999946	-0.00133627149999999994
10020000000	0.000867799399999999964	-0.00137917000000000009
10020700000	0.000685200099999999993	-0.00134498769999999998
10021400000	0.000677926199999999987	-0.00130363110000000001
10022100000	0.000972582799999999995	-0.00134429079999999999
10022800000	0.000806724299999999977	-0.00125641129999999991
10023500000	0.000695527099999999963	-0.00127216880000000001
10024200000	0.000991369200000000042	-0.00134361250000000006
10024900000	0.000781709599999999994	-0.00131327399999999991
10025600000	0.00069699460000000003	-0.00130395589999999996
10026300000	0.000804299699999999986	-0.0012718110999999999
10027000000	0.000725023700000000009	-0.0012501356999999999
10027700000	0.000805820800000000008	-0.00132662550000000007
10028400000	0.000818966200000000033	-0.00144227409999999993
10029100000	0.000659575600000000014	-0.00151417559999999997
10029800000	0.000797836899999999991	-0.00143513819999999993
10030500000	0.000668878199999999989	-0.00155341320000000008
10031200000	0.000663919799999999958	-0.00141954259999999997
10031900000	0.000733163700000000022	-0.00137787609999999992
10032600000	0.00063834860000000005	-0.00139473149999999992
10033300000	0.00054462110000000005	-0.00154259699999999994
10034000000	0.00053901670000000004	-0.00144540019999999996
10034700000	0.000504780700000000051	-0.0015212232
10035400000	0.000445798399999999991	-0.00146376639999999995
10036100000	0.000659250199999999965	-0.00149782090000000006
10036800000	0.000484326299999999978	-0.00146181400000000008
10037500000	0.000555845000000000015	-0.0016775351
10038200000	0.000379921199999999984	-0.00148841690000000009
10038900000	0.000448901499999999985	-0.00161522750000000007
10039600000	0.000373319599999999982	-0.00162992129999999999
10040300000	0.000375840800000000008	-0.00156283620000000002
10041000000	0.000301263000000000019	-0.00157345589999999995
10041700000	0.000321308399999999995	-0.00161278000000000007
10042400000	0.000403747700000000004	-0.00165416900000000004
10043100000	0.000172442800000000002	-0.00164498940000000005
10043800000	0.000391200000000000022	-0.00167135739999999997
10044500000	0.000377310299999999998	-0.00170720989999999999
10045200000	0.000353556900000000023	-0.00174328289999999995
10045900000	0.000318912799999999973	-0.00155778569999999992
10046600000	0.000132844200000000005	-0.00163241119999999991
10047300000	7.08495000000000067e-05	-0.0016645122
10048000000	0.000191426200000000007	-0.00168927740000000002
10048700000	0.000194796800000000012	-0.00166172949999999998
10049400000	0.000272359000000000013	-0.00174565529999999992
10050100000	0.000266454699999999975	-0.00168484009999999998
10050800000	-3.04080000000000009e-05	-0.001576032
10051500000	0.000196690799999999991	-0.00165178310000000002
10052200000	8.80896000000000044e-05	-0.00168076969999999995
10052900000	1.42530000000000006e-05	-0.00170315859999999996
10053600000	8.01600000000000084e-06	-0.00149657239999999997
10054300000	3.58647000000000024e-05	-0.00163189619999999994
10055000000	-3.02229999999999985e-06	-0.00168148530000000003
10055700000	-0.000151618899999999993	-0.00164361590000000005
10056400000	-0.0001051648	-0.00173293980000000002
10057100000	-9.50405000000000059e-05	-0.00166023910000000002
10057800000	-0.000118200800000000002	-0.00172496920000000009
10058500000	-3.77225999999999969e-05	-0.0015999396999999999
10059200000	-3.2060300000000002e-05	-0.0017316133
10059900000	6.02396999999999986e-05	-0.00182047190000000003
10060600000	-0.000139541399999999999	-0.0015822338
10061300000	-0.000202522899999999992	-0.00169174949999999994
10062000000	-0.000199055599999999999	-0.0017818135000000001
10062700000	-0.000245392799999999986	-0.0016975375
10063400000	-0.000258319000000000018	-0.00184645389999999994
10064100000	-0.000272622199999999993	-0.00188634309999999999
10064800000	-0.000313147200000000016	-0.00174854630000000001
10065500000	-0.000185557499999999993	-0.00193803760000000008
10066200000	-0.000239525599999999996	-0.00182672850000000007
10066900000	-0.000464365099999999983	-0.00181547929999999994
10067600000	-0.000410797399999999991	-0.00166891869999999994
10068300000	-0.000371793900000000018	-0.00176303750000000002
10069000000	-0.000261145699999999975	-0.00174470599999999995
10069700000	-0.000368128599999999998	-0.00185044219999999995
10070400000	-0.000473700499999999975	-0.00175715039999999999
10071100000	-0.000575118799999999953	-0.00167287040000000005
10071800000	-0.000465262499999999986	-0.00199178320000000008
10072500000	-0.000631847900000000033	-0.00177639190000000008
10073200000	-0.000646288999999999978	-0.00188396929999999998
10073900000	-0.000676776300000000021	-0.00192712549999999997
10074600000	-0.000572321500000000046	-0.00180281949999999995
10075300000	-0.000737538900000000021	-0.00179438009999999997
10076000000	-0.000846120599999999998	-0.00179153610000000007
10076700000	-0.000570795199999999986	-0.00183990320000000001
10077400000	-0.000626519500000000031	-0.00179093000000000004
10078100000	-0.000608529300000000008	-0.0017394890000000001
10078800000	-0.000805822899999999965	-0.00176759760000000008
10079500000	-0.000774039600000000008	-0.00160896780000000005
10080200000	-0.000942960800000000013	-0.00176888830000000003
10080900000	-0.000814842100000000009	-0.00176010319999999991
10081600000	-0.000987430299999999964	-0.00191870340000000004
10082300000	-0.000890592600000000042	-0.00171903250000000007
10083000000	-0.00103408980000000003	-0.00189118760000000011
10083700000	-0.000939327599999999988	-0.00160005970000000005
10084400000	-0.00085295420000000002	-0.00156191769999999993
10085100000	-0.00101169109999999993	-0.0016535241
10085800000	-0.00106541610000000005	-0.00157075599999999998
10086500000	-0.00107832590000000008	-0.00174686359999999996
10087200000	-0.0013253955	-0.00159962839999999999
10087900000	-0.0010257205000000001	-0.00153180060000000003
10088600000	-0.00111873760000000006	-0.00141480410000000001
10089300000	-0.00108691429999999991	-0.00158762120000000007
10090000000	-0.0011954508999999999	-0.00193452370000000008
10090700000	-0.0010468306000000001	-0.00175126249999999991
10091400000	-0.00128727599999999996	-0.00162793399999999993
10092100000	-0.00145219469999999999	-0.00170429010000000005
10092800000	-0.00128623689999999994	-0.0014236546000000001
10093500000	-0.00140745759999999997	-0.00156885919999999999
10094200000	-0.00150171690000000004	-0.00150697950000000004
10094900000	-0.00140936100000000003	-0.00158447639999999995
10095600000	-0.00148086799999999998	-0.00140074540000000003
10096300000	-0.00143954970000000006	-0.0016650775
10097000000	-0.00158810539999999995	-0.00150405190000000005
10097700000	-0.00162696249999999998	-0.0015357223000000001
10098400000	-0.00151861940000000005	-0.00145723050000000007
10099100000	-0.00156616510000000004	-0.001523789
10099800000	-0.00157105159999999995	-0.00148084179999999994
10100500000	-0.00167326920000000008	-0.00163616
10101200000	-0.00158384309999999996	-0.0013216387
10101900000	-0.00159671009999999992	-0.00133131880000000001
10102600000	-0.00185321750000000006	-0.00128607700000000005
10103300000	-0.00186372730000000002	-0.00134560480000000008
10104000000	-0.00179810009999999999	-0.00131334300000000002
10104700000	-0.00169501669999999995	-0.00130406399999999996
10105400000	-0.00198848089999999981	-0.00127779580000000003
10106100000	-0.00167913039999999995	-0.0013104859
10106800000	-0.00193066789999999993	-0.0012092966000000001
10107500000	-0.0019361440000000001	-0.00131281400000000004
10108200000	-0.00202558800000000004	-0.00117892160000000008
10108900000	-0.00188969820000000005	-0.000923013500000000042
10109600000	-0.00190740890000000007	-0.00100931970000000008
10110300000	-0.00213069750000000014	-0.000877594800000000043
10111000000	-0.00209281949999999984	-0.00129790190000000005
10111700000	-0.00221199020000000012	-0.00114708980000000006
10112400000	-0.0020457740999999998	-0.00107006399999999991
10113100000	-0.00190474380000000003	-0.00118398279999999993
10113800000	-0.00216741700000000004	-0.00100055499999999998
10114500000	-0.00210525359999999984	-0.00102087680000000004
10115200000	-0.00227230020000000017	-0.000901224800000000005
10115900000	-0.00206616510000000005	-0.000820424999999999952
10116600000	-0.00222025540000000011	-0.000958112899999999986
10117300000	-0.002290982	-0.000888541699999999984
10118000000	-0.00228710500000000021	-0.000583350699999999971
10118700000	-0.00221326600000000019	-0.000828312400000000022
10119400000	-0.00232952050000000003	-0.000739208700000000009
10120100000	-0.00225076280000000017	-0.000577603299999999986
10120800000	-0.00245667909999999984	-0.000646744899999999968
10121500000	-0.00238544859999999985	-0.000669915299999999979
10122200000	-0.00230720169999999985	-0.000412854100000000022
10122900000	-0.00226405870000000002	-0.000564439700000000043
10123600000	-0.0025056376	-0.000645001999999999989
10124300000	-0.00263941040000000016	-0.000451551500000000022
10125000000	-0.00259113859999999998	-0.000438890799999999996
10125700000	-0.00231487049999999986	-0.000480516500000000013
10126400000	-0.0023159398000000002	-0.00031629519999999998
10127100000	-0.00250347310000000002	-0.000219810100000000005
10127800000	-0.00247905640000000002	-0.000358019299999999996
10128500000	-0.00251264130000000002	-0.000387085000000000012
10129200000	-0.00225802649999999995	-0.00028873210000000002
10129900000	-0.0022194977000000002	-7.53977000000000049e-05
10130600000	-0.00262196759999999999	1.81214999999999992e-05
10131300000	-0.00226951399999999982	-0.000120140100000000005
10132000000	-0.00268174850000000003	4.77748000000000021e-05
10132700000	-0.00261922700000000001	-0.000191578500000000009
10133400000	-0.00233135990000000017	-5.19133999999999966e-05
10134100000	-0.00249836919999999992	-8.96690000000000049e-06
10134800000	-0.00249625110000000015	-6.1005399999999997e-05
10135500000	-0.00242489639999999987	1.16329999999999994e-06
10136200000	-0.0024104218000000001	8.81909999999999998e-06
10136900000	-0.00249707689999999986	0.000195706500000000007
10137600000	-0.00258610359999999996	9.01983e-05
10138300000	-0.00233736270000000019	0.000367387200000000012
10139000000	-0.00248612219999999997	0.000457646699999999997
10139700000	-0.00242712819999999982	0.000232878800000000004
10140400000	-0.00263139389999999997	0.000551583799999999969
10141100000	-0.00249042750000000009	0.000497134899999999969
10141800000	-0.00269048960000000011	0.000345571799999999977
10142500000	-0.00256018069999999981	0.000448842199999999983
10143200000	-0.00263376699999999997	0.00061193119999999998
10143900000	-0.00249219729999999992	0.000693138000000000044
10144600000	-0.00248818369999999995	0.000498141000000000013
10145300000	-0.00268610889999999986	0.000827284900000000052
10146000000	-0.00254056220000000018	0.000852399800000000051
10146700000	-0.00238920250000000016	0.000461294099999999985
10147400000	-0.00250737589999999993	0.000911268799999999965
10148100000	-0.00231186939999999995	0.00101451680000000008
10148800000	-0.00242543329999999994	0.000905477400000000046
10149500000	-0.00236611850000000012	0.0010165981000000001
10150200000	-0.0023526005	0.000975161400000000025
10150900000	-0.0024150574000000001	0.000988988799999999946
10151600000	-0.0025586201999999998	0.00110172549999999997
10152300000	-0.00230895529999999979	0.000849532500000000019
10153000000	-0.00239693029999999991	0.00110103200000000005
10153700000	-0.00228647920000000018	0.00124559090000000007
10154400000	-0.00237378590000000009	0.00114786149999999997
10155100000	-0.00206445689999999998	0.0013104732
10155800000	-0.00224807770000000004	0.00127153919999999998
10156500000	-0.00237074510000000009	0.00134576719999999995
10157200000	-0.00235375729999999983	0.00135971550000000001
10157900000	-0.00243597579999999979	0.00138551400000000002
10158600000	-0.00240287939999999983	0.0013190977
10159300000	-0.00231524780000000015	0.00144188359999999991
10160000000	-0.00226964999999999979	0.00150112659999999997
10160700000	-0.00222171640000000002	0.00133432639999999996
10161400000	-0.00214897400000000011	0.00163757979999999996
10162100000	-0.00220710329999999986	0.00135398029999999996
10162800000	-0.0021280785	0.0014801406
10163500000	-0.00208446789999999988	0.00161739590000000008
10164200000	-0.00202926220000000006	0.00164282920000000002
10164900000	-0.00182577049999999995	0.00187461940000000003
10165600000	-0.00215442949999999998	0.00164169449999999992
10166300000	-0.00188961569999999989	0.00167304429999999994
10167000000	-0.00200263079999999987	0.00170350170000000008
10167700000	-0.00199890510000000007	0.0016080221
10168400000	-0.00176387479999999997	0.0018875058000000001
10169100000	-0.00198611630000000011	0.00166970760000000008
10169800000	-0.00196786620000000004	0.00187214929999999992
10170500000	-0.00189558400000000007	0.00188081469999999999
10171200000	-0.00194605610000000008	0.00193328719999999996
10171900000	-0.00185009730000000009	0.0020479904000000001
10172600000	-0.00183135460000000009	0.00195364199999999979
10173300000	-0.0017966951000000001	0.00187650550000000005
10174000000	-0.00175339770000000009	0.00223836520000000004
10174700000	-0.00183050190000000009	0.00201998809999999994
10175400000	-0.00189568630000000004	0.00201060719999999983
10176100000	-0.00155310939999999992	0.00233070730000000011
10176800000	-0.00163633570000000007	0.00218055369999999981
10177500000	-0.00148258120000000003	0.00235952660000000002
10178200000	-0.00145337539999999994	0.00212695850000000014
10178900000	-0.00139363440000000007	0.00211581780000000014
10179600000	-0.00149151160000000004	0.00243767029999999996
10180300000	-0.0016194015999999999	0.00243804700000000004
10181000000	-0.00154614649999999993	0.00246393800000000015
10181700000	-0.00152611720000000008	0.00226275869999999994
10182400000	-0.00135679630000000006	0.0022667188999999999
10183100000	-0.00147623159999999993	0.00247845650000000015
10183800000	-0.00140583919999999994	0.00227052889999999983
10184500000	-0.00132774720000000007	0.00249415900000000013
10185200000	-0.00142936869999999989	0.00234863499999999996
10185900000	-0.0013283755999999999	0.00238130249999999981
10186600000	-0.00132100399999999997	0.0023200250999999999
10187300000	-0.00127967769999999992	0.00251150149999999992
10188000000	-0.00123450090000000001	0.00240823089999999979
10188700000	-0.00133370020000000001	0.00258721359999999987
10189400000	-0.000997133099999999908	0.00271167169999999994
10190100000	-0.0011727304	0.00270280319999999978
10190800000	-0.0011636792	0.00251528359999999987
10191500000	-0.00113922159999999993	0.00271877870000000006
10192200000	-0.000893398299999999994	0.00268570620000000001
10192900000	-0.000938657999999999984	0.00273756599999999987
10193600000	-0.000925854099999999969	0.00275735920000000009
10194300000	-0.00094459730000000003	0.00269660660000000003
10195000000	-0.000997098400000000001	0.00272260950000000014
10195700000	-0.000912680000000000023	0.0026499313
10196400000	-0.000755937300000000031	0.002932404
10197100000	-0.00075116419999999998	0.00280145920000000014
10197800000	-0.000856532100000000052	0.00276608500000000016
10198500000	-0.000639898500000000026	0.00279130569999999981
10199200000	-0.000655103299999999973	0.00261659230000000015
10199900000	-0.000718178500000000043	0.00287814869999999988
10200600000	-0.000724147399999999991	0.00268392610000000014
10201300000	-0.000697277200000000013	0.00274077180000000019
10202000000	-0.000475523400000000022	0.0027783663000000001
10202700000	-0.000673139700000000029	0.00297490570000000015
10203400000	-0.000623925599999999988	0.00275939400000000008
10204100000	-0.000562049199999999972	0.00297411180000000004
10204800000	-0.000373433599999999988	0.00273515150000000007
10205500000	-0.000601434800000000031	0.00282739139999999998
10206200000	-0.000483093100000000011	0.00293065200000000017
10206900000	-0.000363539199999999977	0.00312616750000000018
10207600000	-0.00020180790000000001	0.00310022919999999999
10208300000	-0.000335229100000000019	0.00302610940000000005
10209000000	-0.000485539599999999989	0.0030193587
10209700000	-0.00038443720000000002	0.00287479800000000002
10210400000	-0.000232261399999999992	0.00304160259999999979
10211100000	-0.000176460500000000009	0.00296819050000000006
10211800000	6.92884000000000056e-05	0.00304205839999999996
10212500000	-0.000250595200000000009	0.00313541320000000016
10213200000	-0.000288509500000000006	0.00310245309999999984
10213900000	4.02658999999999968e-05	0.0031502447999999998
10214600000	-7.20517999999999934e-05	0.00317949000000000009
10215300000	-0.000178702300000000005	0.00317855959999999984
10216000000	0.000157469499999999987	0.00314611740000000006
10216700000	-8.6685000000000001e-06	0.00298347539999999989
10217400000	0.000136182700000000013	0.00313554630000000001
10218100000	0.000257750599999999992	0.00322338800000000021
10218800000	0.000141275500000000013	0.0032616558999999999
10219500000	8.99856999999999946e-05	0.00326585690000000001
10220200000	0.000222322900000000012	0.00319188629999999978
10220900000	0.00036309729999999999	0.00329725919999999994
10221600000	6.15974999999999943e-05	0.00300190449999999985
10222300000	0.000445410299999999973	0.00325866859999999993
10223000000	0.000576332799999999985	0.00316725759999999992
10223700000	0.000586832199999999982	0.0032265045
10224400000	0.000537027799999999981	0.00332562069999999986
10225100000	0.00057794750000000005	0.00320459779999999984
10225800000	0.000586973800000000021	0.00334457029999999994
10226500000	0.000582220200000000006	0.0031510106999999999
10227200000	0.000748708900000000037	0.00324813339999999997
10227900000	0.000675187699999999966	0.00343792299999999985
10228600000	0.000655783300000000054	0.00342169289999999992
10229300000	0.000718295500000000042	0.00325692040000000009
10230000000	0.000752939700000000017	0.00346285769999999998
10230700000	0.000848480100000000015	0.00334063730000000014
10231400000	0.000805679899999999991	0.00346281230000000011
10232100000	0.0011286136999999999	0.00336783199999999986
10232800000	0.0010945334000000001	0.0033113184999999999
10233500000	0.000946428799999999974	0.00335118319999999983
10234200000	0.00118092210000000008	0.00331957280000000007
10234900000	0.00109398440000000002	0.00344332159999999983
10235600000	0.00115301339999999996	0.00343271919999999994
10236300000	0.00121209209999999993	0.00335030680000000022
10237000000	0.00140190010000000001	0.00328210930000000017
10237700000	0.00114264339999999996	0.0033879076000000001
10238400000	0.00136236429999999991	0.00332288879999999981
10239100000	0.00142074150000000006	0.00338317719999999987
10239800000	0.00136207319999999995	0.00338206589999999994
10240500000	0.00147903800000000001	0.0033759599999999999
10241200000	0.0014496324000000001	0.00338430679999999996
10241900000	0.00161243730000000009	0.00342345970000000003
10242600000	0.00170734290000000002	0.00344692439999999978
10243300000	0.00164022470000000004	0.00368784219999999984
10244000000	0.00191227840000000003	0.00351517370000000015
10244700000	0.00187803889999999993	0.00348666889999999993
10245400000	0.00186178030000000005	0.00350804209999999988
10246100000	0.00193072769999999994	0.0034618333999999998
10246800000	0.00187110599999999998	0.00364380469999999986
10247500000	0.00198026699999999996	0.00361686749999999991
10248200000	0.00204279800000000018	0.00338104890000000009
10248900000	0.00196930429999999995	0.0035959144000000001
10249600000	0.00218497699999999984	0.0034066970000000002
10250300000	0.00238377680000000005	0.00356501229999999988
10251000000	0.00212971950000000014	0.00365339999999999979
10251700000	0.00226490919999999991	0.00357107889999999997
10252400000	0.00242693730000000021	0.00358344610000000015
10253100000	0.00240813559999999982	0.00347917539999999985
10253800000	0.00246381619999999982	0.00360101680000000013
10254500000	0.00254892559999999983	0.00348108679999999983
10255200000	0.00253777009999999999	0.00342684469999999988
10255900000	0.00273964480000000012	0.00360720520000000011
10256600000	0.00265407929999999983	0.00353402679999999985
10257300000	0.00279703269999999988	0.00358930510000000013
10258000000	0.00295123640000000001	0.00348619360000000005
10258700000	0.00295268839999999989	0.00365595860000000016
10259400000	0.00310705150000000017	0.00360009610000000015
10260100000	0.00315808610000000009	0.00355465489999999985
10260800000	0.00321564569999999985	0.00368322309999999983
10261500000	0.00339806680000000021	0.00359613800000000003
10262200000	0.00325325500000000004	0.0035192219999999998
10262900000	0.00327709759999999985	0.00361628580000000017
10263600000	0.0035164018	0.00347526579999999979
10264300000	0.00372462530000000017	0.00349841820000000017
10265000000	0.00345619540000000015	0.0035048465
10265700000	0.00368889659999999987	0.0035128430999999999
10266400000	0.00381022140000000006	0.00349472679999999992
10267100000	0.00377004669999999979	0.00349845490000000011
10267800000	0.0039098042999999999	0.00349976829999999999
10268500000	0.00413720380000000016	0.00365714130000000014
10269200000	0.00418546839999999962	0.00348497770000000002
10269900000	0.0042526389999999999	0.00349483430000000015
10270600000	0.00422967259999999963	0.0034995311999999998
10271300000	0.00427794620000000042	0.00347299160000000013
10272000000	0.00437346769999999961	0.00351824449999999997
10272700000	0.00456018810000000021	0.00345440580000000007
10273400000	0.00468491870000000039	0.00329460820000000015
10274100000	0.00469994019999999974	0.00351276460000000002
10274800000	0.00475305910000000005	0.00340389910000000019
10275500000	0.00495333189999999993	0.00345378130000000005
10276200000	0.00518471200000000017	0.00356644640000000016
10276900000	0.0052933158999999997	0.00339064180000000007
10277600000	0.00534139839999999994	0.0034684373000000001
10278300000	0.00534110109999999961	0.00337993659999999982
10279000000	0.00557424229999999975	0.00337277880000000016
10279700000	0.00575412010000000019	0.00345955050000000021
10280400000	0.00566102950000000032	0.00340005009999999998
10281100000	0.00594637110000000024	0.00329947309999999985
10281800000	0.00608536999999999967	0.00319967320000000017
10282500000	0.00617584769999999974	0.00325974100000000003
10283200000	0.00627225990000000039	0.00325796639999999986
10283900000	0.0065153431999999999	0.00307567719999999982
10284600000	0.00645578290000000006	0.00325204749999999983
10285300000	0.00665580250000000033	0.00316972709999999982
10286000000	0.00685518779999999984	0.00324021180000000006
10286700000	0.00700144170000000041	0.00300429309999999993
10287400000	0.00706961510000000005	0.00289753510000000016
10288100000	0.00737121330000000026	0.00293589199999999984
10288800000	0.007430346	0.00301933730000000008
10289500000	0.00772779509999999958	0.00277757239999999999
10290200000	0.00781359010000000007	0.00270809519999999984
10290900000	0.00809117139999999957	0.00273447969999999997
10291600000	0.00810063089999999916	0.0026698424000000001
10292300000	0.00834782939999999946	0.00262180880000000005
10293000000	0.00850234379999999929	0.00264874000000000012
10293700000	0.00878569170000000066	0.00258262850000000018
10294400000	0.00902718100000000044	0.00252155160000000012
10295100000	0.00906404759999999976	0.00240692670000000001
10295800000	0.00929513889999999954	0.0023761660999999999
10296500000	0.00954430289999999917	0.0022435275000000001
10297200000	0.0097869328999999998	0.00233225169999999983
10297900000	0.00995014840000000081	0.0020849038000000002
10298600000	0.0102807513	0.00192205200000000005
10299300000	0.0104476406000000004	0.00186024970000000004
10300000000	0.0106688932999999993	0.00182619339999999996
10300700000	0.0109299368999999993	0.0016068186999999999
10301400000	0.0112071889999999993	0.00168405260000000011
10302100000	0.0114534232	0.00148018530000000007
10302800000	0.0118309477000000003	0.00148822059999999994
10303500000	0.0120881987000000003	0.00105430169999999991
10304200000	0.0125689479999999999	0.00084933739999999995
10304900000	0.0127019368000000007	0.000616622000000000047
10305600000	0.0132636492999999994	0.000641164300000000051
10306300000	0.0135840734000000005	0.000309174399999999979
10307000000	0.0137730202999999992	0.000152538100000000002
10307700000	0.0142747382999999992	-2.97210999999999991e-05
10308400000	0.0149135256999999993	-0.000397791900000000022
10309100000	0.0151360899999999996	-0.000468712799999999982
10309800000	0.0154751022999999998	-0.000863192000000000039
10310500000	0.0159551201000000011	-0.00117444459999999995
10311200000	0.0165360893000000009	-0.00156985729999999991
10311900000	0.0169489002999999999	-0.00200504569999999981
10312600000	0.017438931500000001	-0.00230241599999999984
10313300000	0.0179631157000000007	-0.00259537429999999979
10314000000	0.0185998360999999994	-0.00309868269999999998
10314700000	0.0191397321999999988	-0.00371122850000000018
10315400000	0.0197215508000000012	-0.00421103390000000018
10316100000	0.0204942619999999992	-0.00470067209999999996
10316800000	0.0210186706999999987	-0.00543245899999999973
10317500000	0.0218654603000000003	-0.00609398600000000002
10318200000	0.0223966090000000013	-0.00696096059999999975
10318900000	0.0233322120999999993	-0.00766795640000000021
10319600000	0.0242260426999999987	-0.00874818389999999953
10320300000	0.024805241799999999	-0.00970535479999999964
10321000000	0.0256566581000000002	-0.0108399854
10321700000	0.0266360266000000012	-0.0121761591000000002
10322400000	0.0274773398000000002	-0.0137697636000000002
10323100000	0.0283095883000000006	-0.0153800538999999993
10323800000	0.0292753787000000001	-0.0174059763999999985
10324500000	0.0303050649000000012	-0.0194629901000000008
10325200000	0.0313009273999999976	-0.0216985475999999997
10325900000	0.0321380835999999989	-0.0242450862999999996
10326600000	0.0325235259000000027	-0.0274403154000000017
10327300000	0.0333826553000000012	-0.0311362261000000008
10328000000	0.0339108742999999976	-0.0350344703000000021
10328700000	0.0338261258000000023	-0.0393249806999999979
10329400000	0.0331612543999999995	-0.0445095111999999973
10330100000	0.031861294200000001	-0.0499841893999999967
10330800000	0.0296806316000000001	-0.0560315683000000009
10331500000	0.0260457122000000013	-0.0627306472000000032
10332200000	0.0205985589000000011	-0.069483772799999996
10332900000	0.0138138726000000007	-0.0752613738000000032
10333600000	0.00452786040000000001	-0.0804010651000000021
10334300000	-0.00630258839999999973	-0.0834067992000000064
10335000000	-0.0179252552000000002	-0.0838708034999999935
10335700000	-0.030121409200000001	-0.0813033402000000044
10336400000	-0.0409133303000000018	-0.0757984981000000002
10337100000	-0.0497182077999999972	-0.0679982092000000066
10337800000	-0.0560634631999999966	-0.0592500463999999991
10338500000	-0.0598379755000000013	-0.0495660189000000015
10339200000	-0.0618298501	-0.0408182734000000005
10339900000	-0.0619764843999999968	-0.0325434299999999982
10340600000	-0.0609447439000000007	-0.0256763267000000017
10341300000	-0.0591713077000000018	-0.0194446926999999985
10342000000	-0.0568572446999999967	-0.0139828416000000004
10342700000	-0.0544876545999999976	-0.00987445980000000063
10343400000	-0.0519031625000000024	-0.00634703560000000021
10344100000	-0.0494143751999999992	-0.00345557090000000013
10344800000	-0.046875378199999998	-0.000633874800000000039
10345500000	-0.0446518454000000009	0.00114990050000000009
10346200000	-0.042427058099999998	0.0033394163000000001
10346900000	-0.040495229399999999	0.00474883170000000004
10347600000	-0.038371559999999999	0.00608066089999999976
10348300000	-0.0368250254999999971	0.00720927229999999974
10349000000	-0.0349643525999999982	0.00839795370000000034
10349700000	-0.0331817885999999979	0.00898251490000000034
10350400000	-0.0317628895000000022	0.00964984370000000063
10351100000	-0.0302145985999999998	0.0101993102000000006
10351800000	-0.0289061964000000005	0.0107588004000000008
10352500000	-0.0275077186000000015	0.0112009649000000006
10353200000	-0.0263962425000000001	0.0117397800999999996
10353900000	-0.0252091657000000011	0.0118356213999999994
10354600000	-0.0242576062000000002	0.0122530356
10355300000	-0.0229967165000000001	0.0125767026999999993
10356000000	-0.0222669742000000011	0.0129450803999999996
10356700000	-0.021235940200000001	0.0131328004999999998
10357400000	-0.0204298927000000005	0.0131542405000000008
10358100000	-0.0195511690000000002	0.0131265533999999993
10358800000	-0.0187798788000000001	0.0133813978
10359500000	-0.0180794945999999991	0.0136551219000000008
10360200000	-0.0172998741000000011	0.0137497143999999998
10360900000	-0.0166090953000000013	0.0139565615000000007
10361600000	-0.0158613486999999997	0.0138210759999999998
10362300000	-0.0152798424000000002	0.0139428785999999999
10363000000	-0.0145273494999999999	0.0139402717999999991
10363700000	-0.0140295300999999997	0.0140522596000000003
10364400000	-0.0131105397999999995	0.0138378865000000004
10365100000	-0.0127199915999999993	0.0140027890999999995
10365800000	-0.0120713049999999992	0.0140540961999999995
10366500000	-0.0117023668000000008	0.0140151105000000005
10367200000	-0.0109278278999999992	0.0140609284000000005
10367900000	-0.0105350696000000004	0.0141796000000000005
10368600000	-0.0100532465999999994	0.0140467379
10369300000	-0.00931805630000000044	0.0138362760999999994
10370000000	-0.00912798069999999975	0.0138630304000000003
10370700000	-0.00863209109999999932	0.0138925677000000004
10371400000	-0.00798617279999999999	0.0137880749000000007
10372100000	-0.00771386980000000021	0.0137523990000000002
10372800000	-0.00748823309999999999	0.0139285885999999998
10373500000	-0.00676796040000000008	0.0136352291999999996
10374200000	-0.00638945880000000004	0.0134447433000000009
10374900000	-0.00605462289999999983	0.0135586480999999991
10375600000	-0.00556655120000000038	0.0136195707999999995
10376300000	-0.00517208959999999971	0.0133439048000000005
10377000000	-0.00483450489999999976	0.0133722362000000001
10377700000	-0.0045948292999999996	0.0132335144000000002
10378400000	-0.00428985969999999984	0.0130592621999999995
10379100000	-0.00364703850000000019	0.0129934665000000001
10379800000	-0.00373200790000000017	0.0127814590000000002
10380500000	-0.00334253320000000003	0.0128851217000000001
10381200000	-0.00284604799999999989	0.0125839317000000003
10381900000	-0.00244601350000000009	0.0124120159000000001
10382600000	-0.0024189083000000001	0.0123254451000000004
10383300000	-0.00184750140000000001	0.0122923780999999992
10384000000	-0.00151130470000000001	0.0119976760000000005
10384700000	-0.00141600579999999997	0.0116842947000000003
10385400000	-0.00122856269999999991	0.0118894719000000003
10386100000	-0.00103704930000000006	0.0116732537000000004
10386800000	-0.000619020999999999981	0.0115458743999999995
10387500000	-0.000331718599999999985	0.0112616677999999998
10388200000	9.86317000000000064e-05	0.0111135839999999993
10388900000	0.000174696000000000009	0.0110505215000000004
10389600000	0.000402654200000000025	0.0108896296000000007
10390300000	0.000830371800000000051	0.0108063284000000006
10391000000	0.00100118899999999999	0.0104782910000000007
10391700000	0.00101611619999999992	0.0103915026999999993
10392400000	0.00117531790000000003	0.0103004104999999992
10393100000	0.0015447569999999999	0.0098864065999999997
10393800000	0.00179990100000000002	0.00974536189999999913
10394500000	0.00189110910000000001	0.00978349080000000086
10395200000	0.00218495760000000016	0.00938819360000000061
10395900000	0.00205094439999999999	0.00949691559999999921
10396600000	0.00250204729999999997	0.00904952759999999926
10397300000	0.00239955029999999996	0.00906538930000000062
10398000000	0.00261798009999999982	0.00881371880000000017
10398700000	0.00276446129999999984	0.00854570829999999962
10399400000	0.00284664089999999998	0.0082339191000000006
10400100000	0.0030256927999999998	0.00815712359999999984
10400800000	0.0030788908999999998	0.00802304960000000018
10401500000	0.00313839760000000001	0.00792963219999999989
10402200000	0.00331078350000000004	0.00771759719999999972
10402900000	0.00360409960000000014	0.00757821729999999961
10403600000	0.00360531109999999997	0.00725765609999999995
10404300000	0.00369119140000000005	0.00714922969999999981
10405000000	0.00373575940000000009	0.00688282740000000035
10405700000	0.00368205959999999988	0.00687206069999999995
10406400000	0.00374008460000000006	0.00664508040000000039
10407100000	0.00394968929999999982	0.00642717639999999986
10407800000	0.0039088717000000002	0.00625678620000000036
10408500000	0.00398212539999999969	0.00612799929999999996
10409200000	0.00398803150000000012	0.00607187939999999978
10409900000	0.0039584672000000003	0.00590843610000000002
10410600000	0.00414901609999999976	0.0056315734999999997
10411300000	0.00420935880000000012	0.00542289729999999998
10412000000	0.00421564700000000032	0.00530309439999999965
10412700000	0.00422756159999999968	0.00504675679999999974
10413400000	0.00421357779999999987	0.00512782600000000026
10414100000	0.00433345060000000018	0.0050060673
10414800000	0.00445927960000000023	0.00485243619999999997
10415500000	0.00446146339999999985	0.00455724999999999967
10416200000	0.00445155310000000005	0.00448286710000000022
10416900000	0.00441493749999999959	0.0044028378999999996
10417600000	0.00438359969999999998	0.00402351049999999984
10418300000	0.0044876304000000004	0.00414962629999999968
10419000000	0.00441211720000000019	0.00412148310000000004
10419700000	0.0045473880000000003	0.00383478220000000019
10420400000	0.00457495720000000022	0.00368008410000000017
10421100000	0.00428291390000000004	0.00346576969999999986
10421800000	0.00439802569999999966	0.00359638260000000017
10422500000	0.00450260860000000016	0.00344483700000000007
10423200000	0.00443710440000000001	0.00332308410000000005
10423900000	0.00438647900000000042	0.00313680739999999984
10424600000	0.00455891260000000024	0.00311912150000000004
10425300000	0.00442889270000000005	0.00288747439999999982
10426000000	0.00456609130000000009	0.00283029189999999984
10426700000	0.00450791370000000035	0.00253113670000000004
10427400000	0.00411041780000000016	0.0026522592999999998
10428100000	0.00448829320000000004	0.00252122309999999999
10428800000	0.0043537306999999999	0.00248149499999999979
10429500000	0.00417518050000000029	0.0023098483999999999
10430200000	0.00419892939999999982	0.00223464660000000006
10430900000	0.00441938480000000043	0.0021570500000000002
10431600000	0.00417023409999999969	0.00197415250000000002
10432300000	0.00432076490000000025	0.0018404382999999999
10433000000	0.00425746029999999991	0.00186384810000000001
10433700000	0.00424773640000000036	0.00180138340000000007
10434400000	0.00406283049999999965	0.00168412219999999999
10435100000	0.00410328629999999993	0.00155411919999999992
10435800000	0.00401545749999999979	0.00161514439999999992
10436500000	0.00402632270000000039	0.00149536029999999993
10437200000	0.00412299529999999963	0.00137806829999999997
10437900000	0.00419357759999999975	0.00125115230000000005
10438600000	0.0039400555999999998	0.00142205780000000006
10439300000	0.00381798639999999991	0.00120716450000000011
10440000000	0.0039225079999999999	0.00121076129999999997
10440700000	0.00377805539999999992	0.00109198379999999999
10441400000	0.00377376500000000011	0.00102138279999999999
10442100000	0.00376675969999999997	0.00107682809999999998
10442800000	0.00368024239999999994	0.000794019599999999963
10443500000	0.00382703960000000017	0.000939798399999999963
10444200000	0.00371485369999999997	0.00072838969999999999
10444900000	0.00368225380000000019	0.000720909799999999994
10445600000	0.00369441400000000003	0.000543070500000000051
10446300000	0.00369999029999999989	0.000531586000000000016
10447000000	0.00357034410000000007	0.000598160600000000021
10447700000	0.00346342390000000007	0.00041685810000000002
10448400000	0.00360276700000000021	0.000385505600000000004
10449100000	0.00352844619999999982	0.000416000400000000002
10449800000	0.00345189650000000004	0.000178802200000000001
10450500000	0.00333958509999999998	0.000286183000000000021
10451200000	0.00345092559999999986	0.00013410120000000001
10451900000	0.00345658359999999982	8.05166000000000009e-05
10452600000	0.00323014090000000014	0.000112611399999999997
10453300000	0.00318835580000000019	4.76203000000000021e-05
10454000000	0.0032703284	-6.01864999999999971e-05
10454700000	0.00319742850000000016	5.92737000000000014e-05
10455400000	0.00323437950000000007	-0.000114293300000000006
10456100000	0.00314139609999999989	-4.14827000000000018e-05
10456800000	0.00313176389999999995	-6.90879999999999999e-05
10457500000	0.00292333160000000014	-7.63617000000000045e-05
10458200000	0.00299602139999999989	-0.000144724099999999999
10458900000	0.00305872859999999991	-0.000165205400000000002
10459600000	0.00301697859999999979	-0.000168469000000000003
10460300000	0.00301502919999999987	-0.000183323399999999994
10461000000	0.00292297379999999999	-0.00035158539999999999
10461700000	0.00290171160000000017	-0.000348795400000000025
10462400000	0.00279831319999999982	-0.000481637299999999977
10463100000	0.00290799660000000014	-0.000449636299999999997
10463800000	0.00270723289999999983	-0.000393552499999999983
10464500000	0.00272768100000000003	-0.000418797500000000003
10465200000	0.00278549600000000015	-0.000404733399999999976
10465900000	0.00275930209999999997	-0.000561185699999999983
10466600000	0.00261997610000000002	-0.000644212199999999978
10467300000	0.00264233959999999983	-0.000602146400000000046
10468000000	0.0026444207	-0.000570829799999999967
10468700000	0.00253848459999999991	-0.000716877899999999969
10469400000	0.00264706140000000017	-0.000524471199999999946
10470100000	0.00245648890000000003	-0.000741821999999999946
10470800000	0.00262291180000000018	-0.000588665900000000025
10471500000	0.00246134549999999994	-0.000685626000000000052
10472200000	0.00252044920000000019	-0.000831626600000000011
10472900000	0.00241861119999999983	-0.000702241000000000041
10473600000	0.00238553159999999997	-0.000744842400000000036
10474300000	0.00228086280000000009	-0.000760552900000000041
10475000000	0.00229457849999999998	-0.000788846900000000038
10475700000	0.00222268080000000015	-0.000894628999999999975
10476400000	0.00236593000000000003	-0.000938090999999999947
10477100000	0.00233937989999999981	-0.000830069899999999992
10477800000	0.00220661690000000009	-0.000905900500000000018
10478500000	0.0021492833999999998	-0.000885717999999999965
10479200000	0.00210981539999999983	-0.000914489800000000048
10479900000	0.0022228135999999999	-0.000919210399999999977
10480600000	0.00200081699999999979	-0.000879644800000000011
10481300000	0.00203173299999999998	-0.000930356600000000009
10482000000	0.00205200920000000011	-0.000954995999999999948
10482700000	0.00214381259999999992	-0.000894648300000000052
10483400000	0.0020143963	-0.00105422840000000007
10484100000	0.0020367276000000001	-0.00108762300000000002
10484800000	0.00192551690000000004	-0.00102254790000000004
10485500000	0.00204974270000000004	-0.00111562459999999994
10486200000	0.0019070980999999999	-0.00104944549999999993
10486900000	0.00187287619999999995	-0.00116322819999999994
10487600000	0.00201084879999999981	-0.0011935718000000001
10488300000	0.00192748469999999995	-0.000924583999999999996
10489000000	0.00186497219999999997	-0.00111405219999999999
10489700000	0.00182811109999999992	-0.00115901919999999992
10490400000	0.0019190050000000001	-0.00105514879999999995
10491100000	0.00184943939999999995	-0.0010532358999999999
10491800000	0.00170327049999999995	-0.0011548865000000001
10492500000	0.00176123050000000008	-0.00112384890000000008
10493200000	0.00171692669999999993	-0.0011229733999999999
10493900000	0.00174356040000000004	-0.00125843479999999995
10494600000	0.00151995309999999992	-0.00113382989999999992
10495300000	0.00150972030000000009	-0.00117797270000000003
10496000000	0.00150408069999999989	-0.00121990649999999994
10496700000	0.00152723820000000006	-0.0011736940999999999
10497400000	0.00159299880000000004	-0.00108800749999999995
10498100000	0.00155597659999999992	-0.0013993686
10498800000	0.00150597360000000006	-0.00118610500000000002
10499500000	0.00142925879999999993	-0.00131884430000000011
10500200000	0.0013498055000000001	-0.00123351839999999999
10500900000	0.00140616399999999989	-0.0012123441
10501600000	0.0014158911000000001	-0.00139623130000000005
10502300000	0.00135329169999999998	-0.00120065870000000009
10503000000	0.00128185540000000007	-0.00129468459999999993
10503700000	0.00139323050000000003	-0.00134745749999999999
10504400000	0.00117828060000000007	-0.00117633980000000004
10505100000	0.00125714690000000009	-0.00137299589999999999
10505800000	0.00125749559999999995	-0.00131963179999999999
10506500000	0.00117936270000000001	-0.00144317430000000008
10507200000	0.00109578509999999998	-0.00124110559999999993
10507900000	0.00123568849999999993	-0.00155032590000000006
10508600000	0.00132467020000000008	-0.00137330770000000007
10509300000	0.00123207469999999991	-0.00131665490000000009
10510000000	0.0012086613999999999	-0.00143150029999999993
10510700000	0.00115270780000000005	-0.00136650019999999994
10511400000	0.00113714830000000004	-0.00140939340000000002
10512100000	0.00115806729999999992	-0.00138067019999999993
10512800000	0.00103669219999999993	-0.00141949450000000005
10513500000	0.000967746300000000008	-0.00144978059999999989
10514200000	0.000887110899999999964	-0.00153820520000000002
10514900000	0.000946155500000000018	-0.00141113179999999999
10515600000	0.000941260299999999964	-0.00143947980000000007
10516300000	0.000919366100000000054	-0.00131706969999999994
10517000000	0.000948931599999999959	-0.0013697417999999999
10517700000	0.000867764600000000023	-0.00138617040000000007
10518400000	0.000768534800000000027	-0.00133235930000000008
10519100000	0.000900836700000000041	-0.0013485579000000001
10519800000	0.000790144299999999996	-0.00154086910000000008
10520500000	0.000771296800000000038	-0.00153312130000000002
10521200000	0.000767492999999999951	-0.00148432940000000008
10521900000	0.000893901400000000033	-0.00134540329999999989
10522600000	0.000748967100000000048	-0.00141830519999999998
10523300000	0.000801132699999999994	-0.00141267080000000004
10524000000	0.00081727150000000001	-0.00144500940000000006
10524700000	0.00095431460000000004	-0.0012895211000000001
10525400000	0.000642487900000000053	-0.00133685680000000004
10526100000	0.000656728299999999971	-0.00136950640000000007
10526800000	0.000676544099999999986	-0.00163202029999999997
10527500000	0.00057803580000000002	-0.00153909730000000001
10528200000	0.000582293199999999963	-0.00131859339999999998
10528900000	0.000632734900000000012	-0.00139190389999999998
10529600000	0.000570893000000000051	-0.00136774120000000008
10530300000	0.000477116799999999979	-0.00123222799999999993
10531000000	0.000601676700000000012	-0.00142143790000000009
10531700000	0.000560347899999999975	-0.00144558379999999991
10532400000	0.000593438099999999986	-0.0014684632
10533100000	0.000483323399999999995	-0.00153498559999999998
10533800000	0.000468067899999999998	-0.00132923289999999994
10534500000	0.000370308399999999993	-0.00135578900000000004
10535200000	0.000529333199999999955	-0.00129795020000000004
10535900000	0.000524171199999999993	-0.00132264629999999991
10536600000	0.000331694800000000001	-0.00130954950000000008
10537300000	0.000471139499999999984	-0.00146488759999999999
10538000000	0.000508416600000000021	-0.00133082959999999994
10538700000	0.000444847299999999999	-0.0015365337000000001
10539400000	0.000229447900000000009	-0.00143699249999999995
10540100000	0.000492475499999999984	-0.0013748282000000001
10540800000	0.000400233000000000002	-0.00129504849999999999
10541500000	0.000353127500000000017	-0.00141560839999999998
10542200000	0.000288969999999999993	-0.0014564577
10542900000	0.000172499999999999992	-0.00139547910000000007
10543600000	0.000191299200000000013	-0.00127926129999999996
10544300000	0.000246038600000000006	-0.0014848388000000001
10545000000	0.000276595199999999991	-0.00155869649999999999
10545700000	0.00023754519999999999	-0.00129327359999999994
10546400000	0.000369680299999999992	-0.0013588694000000001
10547100000	0.000265632100000000001	-0.0014246978
10547800000	0.000155994800000000013	-0.00153498660000000011
10548500000	0.000137864399999999994	-0.00151431760000000004
10549200000	3.97089000000000019e-05	-0.00145723069999999992
10549900000	0.000115881700000000006	-0.00146783469999999991
10550600000	-0.000219801300000000013	-0.0013676293999999999
10551300000	0.000255518900000000024	-0.00155460369999999991
10552000000	0.000167772999999999994	-0.00130696000000000002
10552700000	0.000182150999999999998	-0.00141546750000000007
10553400000	0.000143169300000000005	-0.00135786739999999993
10554100000	4.86869000000000031e-05	-0.00149628989999999991
10554800000	-9.46135000000000048e-05	-0.00149412640000000005
10555500000	5.59253999999999982e-05	-0.00134732470000000003
10556200000	5.63960000000000001e-05	-0.00155693689999999996
10556900000	-9.2418100000000002e-05	-0.00142312769999999996
10557600000	0.000108517800000000006	-0.00134267289999999992
10558300000	-7.45811999999999967e-05	-0.00138746170000000001
10559000000	-0.000232799100000000012	-0.00142461509999999999
10559700000	7.81597000000000032e-05	-0.0013504967000000001
10560400000	3.26581999999999985e-05	-0.0014354674999999999
10561100000	-4.82574000000000032e-05	-0.0011683113000000001
10561800000	-0.000113187800000000001	-0.00135824769999999995
10562500000	-0.000113146099999999997	-0.00148123710000000008
10563200000	-0.000282515800000000003	-0.00142319650000000001
10563900000	-7.51989999999999961e-05	-0.00133608339999999998
10564600000	-0.000132301199999999993	-0.00143167759999999989
10565300000	-0.000196686499999999988	-0.0014089393
10566000000	-0.000357321999999999978	-0.0012834865999999999
10566700000	-9.76173999999999982e-05	-0.00149438739999999994
10567400000	-0.000116930599999999995	-0.00162946959999999991
10568100000	-0.000295359600000000017	-0.00145945139999999998
10568800000	-0.000291225799999999993	-0.00147168480000000007
10569500000	-0.000279593500000000026	-0.00121773350000000009
10570200000	-0.000285348799999999994	-0.00108607689999999993
10570900000	-0.000357382800000000003	-0.00132660320000000005
10571600000	-0.000420725899999999976	-0.00119789510000000007
10572300000	-0.000232688900000000001	-0.00138153889999999995
10573000000	-0.00027146659999999998	-0.00132415640000000008
10573700000	-0.000338110400000000001	-0.00147712270000000001
10574400000	-0.000473079200000000016	-0.00136687029999999995
10575100000	-0.000367535299999999991	-0.00127124570000000008
10575800000	-0.000474074000000000001	-0.00131970570000000003
10576500000	-0.000481395000000000022	-0.00145949009999999995
10577200000	-0.000366418499999999982	-0.00121169180000000004
10577900000	-0.00035908400000000002	-0.00125752190000000003
10578600000	-0.00039593199999999999	-0.00129251290000000009
10579300000	-0.00040331500000000001	-0.00123900099999999999
10580000000	-0.00063801099999999996	-0.0014396096000000001
10580700000	-0.000714648000000000019	-0.0011038421000000001
10581400000	-0.000494519000000000013	-0.00142084669999999994
10582100000	-0.000519355100000000024	-0.00137935560000000007
10582800000	-0.000641654899999999947	-0.0010807258000000001
10583500000	-0.000523323700000000039	-0.00130222770000000001
10584200000	-0.000533585699999999962	-0.00138423179999999993
10584900000	-0.000668485799999999969	-0.00121800120000000009
10585600000	-0.000557726499999999987	-0.00110255570000000009
10586300000	-0.000721108399999999955	-0.00102066979999999993
10587000000	-0.000615896599999999988	-0.0011740861
10587700000	-0.000824811399999999975	-0.00128081479999999997
10588400000	-0.000604755000000000006	-0.00113986800000000004
10589100000	-0.000553618500000000032	-0.00125077890000000001
10589800000	-0.000806700999999999946	-0.00102162600000000009
10590500000	-0.000704932100000000054	-0.0011782762999999999
10591200000	-0.000624563699999999985	-0.00094959329999999998
10591900000	-0.000654285199999999961	-0.00137539910000000006
10592600000	-0.00080533989999999995	-0.000968508400000000005
10593300000	-0.000758930499999999953	-0.000916971099999999966
10594000000	-0.000807782399999999972	-0.00112705199999999992
10594700000	-0.000746967899999999947	-0.00113111310000000003
10595400000	-0.000895463199999999948	-0.00113220700000000009
10596100000	-0.000777960600000000054	-0.000979231099999999929
10596800000	-0.000768754399999999993	-0.00118548390000000007
10597500000	-0.000690297599999999969	-0.00129957259999999991
10598200000	-0.000776157599999999963	-0.000925687600000000004
10598900000	-0.000886709200000000025	-0.000982675699999999933
10599600000	-0.000748283100000000012	-0.00107859569999999992
10600300000	-0.000950341999999999962	-0.00105360400000000009
10601000000	-0.000884462700000000052	-0.000929064299999999947
10601700000	-0.000859342099999999953	-0.00111369750000000003
10602400000	-0.00102321849999999995	-0.0010872957999999999
10603100000	-0.000951821000000000047	-0.0011286740999999999
10603800000	-0.000672965299999999972	-0.000974197199999999957
10604500000	-0.000994440600000000069	-0.000847785800000000044
10605200000	-0.000861751799999999958	-0.000915898200000000019
10605900000	-0.000926962600000000021	-0.000929724699999999959
10606600000	-0.000914310800000000048	-0.00103865050000000007
10607300000	-0.000861425800000000029	-0.00104371419999999991
10608000000	-0.000946942899999999969	-0.000900950599999999959
10608700000	-0.00112141960000000001	-0.000963302100000000007
10609400000	-0.000913206099999999991	-0.000824149600000000028
10610100000	-0.00109401909999999993	-0.000656192499999999949
10610800000	-0.00127149360000000005	-0.000697104600000000027
10611500000	-0.0010938934	-0.000947186699999999948
10612200000	-0.000955077499999999985	-0.000768318000000000039
10612900000	-0.00103037190000000007	-0.000767008400000000041
10613600000	-0.00107275040000000006	-0.000813072999999999986
10614300000	-0.0010211160999999999	-0.000738558000000000053
10615000000	-0.00114925969999999994	-0.000789019500000000024
10615700000	-0.00111697940000000007	-0.000736468599999999985
10616400000	-0.00109048640000000002	-0.000685727000000000016
10617100000	-0.00102069279999999997	-0.000899989700000000041
10617800000	-0.00124038290000000003	-0.000635300800000000048
10618500000	-0.00105616559999999996	-0.000786557799999999959
10619200000	-0.00119514889999999992	-0.000536497600000000025
10619900000	-0.00102700719999999999	-0.00054493429999999995
10620600000	-0.00130272919999999993	-0.000520840800000000009
10621300000	-0.00114668730000000007	-0.000786740500000000027
10622000000	-0.0014460578	-0.000661963799999999952
10622700000	-0.00123007499999999996	-0.000416775600000000022
10623400000	-0.00118288040000000001	-0.000540652100000000007
10624100000	-0.00119212950000000006	-0.000553049100000000044
10624800000	-0.00131567329999999994	-0.000555284500000000026
10625500000	-0.00120409810000000005	-0.000553066699999999974
10626200000	-0.00122499270000000007	-0.000358726499999999975
10626900000	-0.00128237509999999991	-0.000469187499999999987
10627600000	-0.00137243130000000001	-0.000631145600000000044
10628300000	-0.00115868010000000007	-0.00041783800000000002
10629000000	-0.00129798039999999993	-0.000642642799999999965
10629700000	-0.0013640957999999999	-0.000460317300000000012
10630400000	-0.00120163220000000007	-0.000368279000000000002
10631100000	-0.00124933620000000005	-0.000293620399999999998
10631800000	-0.00144791109999999989	-0.000372142099999999982
10632500000	-0.00147279669999999998	-0.000403857100000000013
10633200000	-0.0013673572000000001	-5.23711999999999976e-05
10633900000	-0.00137639849999999998	-0.00031654239999999998
10634600000	-0.00133267640000000001	-0.000393286399999999989
10635300000	-0.00149843169999999996	-0.00021713010000000001
10636000000	-0.00122663700000000004	-0.000303576200000000023
10636700000	-0.00138961209999999996	-0.000130609199999999996
10637400000	-0.0014292122999999999	-0.000189787600000000006
10638100000	-0.00149561919999999997	-0.000192552100000000003
10638800000	-0.0015186036999999999	-9.07836999999999961e-05
10639500000	-0.00145194430000000004	-0.00014849310000000001
10640200000	-0.00129891589999999997	-3.26880000000000028e-05
10640900000	-0.00123837759999999991	2.02558000000000001e-05
10641600000	-0.0015217563999999999	5.26683999999999987e-05
10642300000	-0.00142282749999999994	-6.41969999999999971e-06
10643000000	-0.00133914030000000005	6.44342999999999939e-05
10643700000	-0.00152020350000000009	2.86894000000000001e-05
10644400000	-0.00129896200000000008	1.46321000000000001e-05
10645100000	-0.00141839710000000009	8.33480000000000023e-06
10645800000	-0.00154473359999999994	0.000212329899999999988
10646500000	-0.00131671960000000004	4.03157999999999978e-05
10647200000	-0.00144273889999999992	0.000190712999999999988
10647900000	-0.0014002998999999999	0.000186228800000000008
10648600000	-0.00124822480000000009	0.000243712300000000008
10649300000	-0.00135284779999999996	0.000306845999999999996
10650000000	-0.00132086240000000004	0.000135662799999999991
10650700000	-0.00122202500000000006	0.000391975400000000001
10651400000	-0.00136511089999999998	0.00029833520000000001
10652100000	-0.00118441139999999993	0.000359120900000000026
10652800000	-0.00141301269999999997	0.000411673100000000021
10653500000	-0.00137541310000000006	0.000349552200000000004
10654200000	-0.00145328199999999997	0.000461108700000000026
10654900000	-0.00142818340000000011	0.000504562699999999979
10655600000	-0.00139599100000000007	0.000429299399999999985
10656300000	-0.00131665940000000011	0.000355191400000000009
10657000000	-0.00129425669999999994	0.000356556899999999988
10657700000	-0.00121579590000000007	0.000455995899999999982
10658400000	-0.00134096090000000007	0.000442290499999999976
10659100000	-0.0011823859999999999	0.000640300799999999953
10659800000	-0.00111422259999999999	0.000528561700000000005
10660500000	-0.00135740589999999999	0.000499070199999999964
10661200000	-0.00115575550000000002	0.000540162699999999977
10661900000	-0.00105094010000000002	0.00065007089999999997
10662600000	-0.00113127629999999996	0.00056772379999999996
10663300000	-0.0013004494000000001	0.000750820700000000047
10664000000	-0.00122278759999999991	0.000769666199999999973
10664700000	-0.0011782009	0.00069945309999999998
10665400000	-0.00114706500000000006	0.000709403000000000052
10666100000	-0.00107047320000000002	0.000728502100000000046
10666800000	-0.00124565719999999991	0.000543904299999999996
10667500000	-0.00105776890000000004	0.000698381200000000048
10668200000	-0.00114752730000000007	0.000933951099999999956
10668900000	-0.00109647580000000002	0.000836132800000000012
10669600000	-0.00104283289999999992	0.000704726199999999988
10670300000	-0.00109961159999999989	0.000808362299999999963
10671000000	-0.00104208040000000005	0.000900165800000000027
10671700000	-0.0010420888000000001	0.00098962859999999998
10672400000	-0.0010149619999999999	0.000848738799999999979
10673100000	-0.00105460689999999991	0.00082511189999999999
10673800000	-0.00107122880000000008	0.000910084099999999949
10674500000	-0.00083884230000000001	0.000983076199999999897
10675200000	-0.000898328499999999949	0.000859949000000000043
10675900000	-0.000736753600000000027	0.000941030699999999948
10676600000	-0.000851071000000000011	0.00104581430000000005
10677300000	-0.000756505800000000037	0.00113310879999999991
10678000000	-0.000833863400000000037	0.00106423720000000006
10678700000	-0.000768846400000000032	0.000963419999999999988
10679400000	-0.000701548699999999994	0.00104919449999999999
10680100000	-0.000719412299999999997	0.00100917059999999998
10680800000	-0.000659028899999999961	0.0010749023999999999
10681500000	-0.000731068299999999968	0.0010346922000000001
10682200000	-0.000795437399999999995	0.00108780750000000005
10682900000	-0.000660682799999999949	0.00100719489999999997
10683600000	-0.00081152160000000004	0.000918434100000000016
10684300000	-0.000712653399999999969	0.00104482870000000005
10685000000	-0.00056626020000000003	0.0011729666000000001
