7215000000	0.00254137299999999998	-0.00172483589999999996
7215150000	0.0024954065000000001	-0.00179118659999999994
7215300000	0.00247808829999999992	-0.0017754925
7215450000	0.00246396619999999979	-0.00177150120000000005
7215600000	0.00251348610000000014	-0.00180378770000000008
7215750000	0.00249469599999999981	-0.00176047149999999995
7215900000	0.0024755128999999999	-0.00179174340000000007
7216050000	0.00244825909999999997	-0.00174205860000000009
7216200000	0.00243246219999999989	-0.00181248090000000008
7216350000	0.00247929460000000015	-0.00181199209999999993
7216500000	0.00242289459999999986	-0.00183336890000000002
7216650000	0.00243843839999999994	-0.00185511110000000003
7216800000	0.00242469130000000019	-0.00187844870000000003
7216950000	0.00238430200000000004	-0.00182970589999999992
7217100000	0.00234578739999999992	-0.00189386890000000003
7217250000	0.00242025760000000008	-0.00190111019999999998
7217400000	0.00234818260000000008	-0.0018851950000000001
7217550000	0.0023188089999999998	-0.00189182780000000006
7217700000	0.00235934969999999997	-0.00193731869999999996
7217850000	0.00231006569999999984	-0.00194760019999999992
7218000000	0.00235294609999999989	-0.0019077269999999999
7218150000	0.00233616310000000008	-0.00191198780000000003
7218300000	0.00230454659999999997	-0.00196400270000000009
7218450000	0.0023039880999999999	-0.00191415250000000008
7218600000	0.0022828321999999999	-0.00195594179999999994
7218750000	0.0022996856999999999	-0.00197269640000000005
7218900000	0.00228632339999999996	-0.00198136010000000019
7219050000	0.00225633719999999982	-0.00203555870000000005
7219200000	0.00226546459999999979	-0.00197795260000000004
7219350000	0.00224130789999999998	-0.00200581679999999995
7219500000	0.00223558010000000007	-0.00202552590000000012
7219650000	0.00221116750000000016	-0.00201855550000000017
7219800000	0.00216528080000000017	-0.00204831519999999984
7219950000	0.00219816439999999998	-0.00204461410000000019
7220100000	0.00222507749999999995	-0.0020737987000000002
7220250000	0.00220900410000000012	-0.0020817765999999998
7220400000	0.0021342640999999999	-0.00206941669999999994
7220550000	0.00215275010000000018	-0.0020875923999999998
7220700000	0.00215809240000000005	-0.0021021077
7220850000	0.00212597459999999986	-0.00207096669999999984
7221000000	0.00215610510000000021	-0.00214651550000000005
7221150000	0.00209798720000000001	-0.00212837120000000006
7221300000	0.00213609070000000002	-0.00211435979999999996
7221450000	0.00216088770000000003	-0.00212085599999999996
7221600000	0.00214180150000000021	-0.00209232619999999989
7221750000	0.00206996420000000016	-0.00212509520000000009
7221900000	0.00205841459999999993	-0.00215029629999999999
7222050000	0.00209824909999999998	-0.00218099889999999984
7222200000	0.00209324329999999994	-0.00221850660000000007
7222350000	0.00206080909999999985	-0.00219042189999999999
7222500000	0.0020648289000000002	-0.002174844
7222650000	0.00204104439999999981	-0.00219800180000000005
7222800000	0.00203588859999999979	-0.00220111500000000002
7222950000	0.00200953659999999991	-0.00217933199999999997
7223100000	0.00204720119999999986	-0.00221990300000000007
7223250000	0.00203566259999999992	-0.00223112309999999982
7223400000	0.00204370690000000004	-0.0022239171000000002
7223550000	0.00203050500000000016	-0.0022462074999999998
7223700000	0.00201999380000000015	-0.00223248320000000002
7223850000	0.00202251519999999997	-0.00225098549999999979
7224000000	0.00198431199999999979	-0.00223561730000000018
7224150000	0.00196766680000000013	-0.00227423649999999996
7224300000	0.00194647960000000008	-0.00224417449999999999
7224450000	0.00193380050000000001	-0.00229967880000000015
7224600000	0.00190593620000000007	-0.00228084579999999993
7224750000	0.00189242319999999992	-0.00228355189999999986
7224900000	0.001901481	-0.00223537199999999979
7225050000	0.00190634430000000002	-0.0023063211000000001
7225200000	0.00186569680000000008	-0.00229184980000000016
7225350000	0.0019100854999999999	-0.00233021770000000012
7225500000	0.00187706029999999994	-0.00228586399999999986
7225650000	0.00187249599999999997	-0.0022971176999999998
7225800000	0.00184549419999999989	-0.00233307640000000004
7225950000	0.00186386400000000002	-0.00232698299999999992
7226100000	0.00181022670000000009	-0.00236560330000000008
7226250000	0.00184032779999999995	-0.00239764440000000013
7226400000	0.00183810099999999997	-0.00240088919999999987
7226550000	0.00186285859999999999	-0.00241085469999999984
7226700000	0.00185546949999999995	-0.00232567439999999993
7226850000	0.00179912299999999991	-0.00239665350000000006
7227000000	0.00176486229999999996	-0.00237888869999999981
7227150000	0.00175183460000000006	-0.00238568850000000013
7227300000	0.00174164760000000002	-0.00238701980000000005
7227450000	0.00174068190000000009	-0.00242957460000000009
7227600000	0.00175631089999999995	-0.00238426189999999981
7227750000	0.00181040260000000001	-0.00243134029999999982
7227900000	0.00171703770000000006	-0.00242502830000000018
7228050000	0.00171993150000000002	-0.00248252230000000013
7228200000	0.00172368429999999995	-0.00243672690000000004
7228350000	0.00172680469999999999	-0.00242755939999999984
7228500000	0.00171956090000000006	-0.00244117930000000002
7228650000	0.00166317690000000002	-0.00249074910000000004
7228800000	0.00167497720000000009	-0.00245916199999999998
7228950000	0.00162092430000000003	-0.00245770850000000003
7229100000	0.00168541840000000008	-0.00241541819999999997
7229250000	0.00167282819999999997	-0.00242957019999999989
7229400000	0.00164278920000000004	-0.00250044010000000008
7229550000	0.00165217209999999996	-0.00250154449999999981
7229700000	0.00154627030000000008	-0.0024502043999999998
7229850000	0.00160536959999999992	-0.00247180789999999978
7230000000	0.00163230020000000001	-0.00250007400000000013
7230150000	0.00155987209999999994	-0.00249678329999999992
7230300000	0.0015933334999999999	-0.00250291100000000002
7230450000	0.00156047169999999993	-0.00249632070000000003
7230600000	0.00152643570000000005	-0.0025115122000000001
7230750000	0.00157509180000000009	-0.00252305539999999988
7230900000	0.00157342469999999994	-0.00253901170000000011
7231050000	0.00157704049999999999	-0.00256752819999999998
7231200000	0.00152058440000000009	-0.0025359330000000002
7231350000	0.00152356080000000003	-0.00255096839999999995
7231500000	0.00152851409999999995	-0.00258412540000000019
7231650000	0.00152915009999999999	-0.00261585860000000019
7231800000	0.00150275350000000007	-0.00253724819999999983
7231950000	0.00144666369999999996	-0.00251897149999999979
7232100000	0.00146050549999999992	-0.00259623640000000017
7232250000	0.00147937419999999995	-0.00259908730000000003
7232400000	0.00145563870000000001	-0.0025778874999999998
7232550000	0.0014113865000000001	-0.00258431370000000021
7232700000	0.00143183970000000009	-0.00261573140000000018
7232850000	0.00142418490000000009	-0.00258957240000000019
7233000000	0.00138923129999999999	-0.00258497750000000019
7233150000	0.00140011650000000003	-0.00256215920000000012
7233300000	0.00131297259999999991	-0.00263985329999999983
7233450000	0.00133939650000000003	-0.00264719580000000003
7233600000	0.00131084569999999996	-0.00261747340000000007
7233750000	0.00133445630000000003	-0.00262109979999999984
7233900000	0.00131915299999999999	-0.00266633909999999981
7234050000	0.00131129339999999997	-0.00263802059999999981
7234200000	0.00127516400000000007	-0.0026771633999999999
7234350000	0.00131457589999999999	-0.00265892249999999993
7234500000	0.00124716689999999995	-0.00265850310000000003
7234650000	0.00128904229999999989	-0.00265595460000000007
7234800000	0.00124638950000000004	-0.00266924320000000003
7234950000	0.00126065659999999996	-0.00272114540000000004
7235100000	0.00118693360000000003	-0.00269290220000000012
7235250000	0.00124297589999999999	-0.00271772149999999994
7235400000	0.00120562529999999998	-0.00268879389999999996
7235550000	0.00119575759999999997	-0.0027169414999999998
7235700000	0.00116991389999999995	-0.0026730450999999998
7235850000	0.0011656488999999999	-0.00273133959999999993
7236000000	0.00121107880000000004	-0.0026956339000000001
7236150000	0.00113960519999999998	-0.00275370629999999996
7236300000	0.00114295999999999994	-0.00267450689999999998
7236450000	0.00114072530000000009	-0.00274535780000000019
7236600000	0.00108371120000000007	-0.00272479660000000002
7236750000	0.00117866830000000001	-0.00273767610000000012
7236900000	0.00107568099999999999	-0.00270607880000000005
7237050000	0.00107657780000000006	-0.00268214320000000018
7237200000	0.00107522619999999994	-0.00271140059999999987
7237350000	0.00109432990000000009	-0.00276306629999999989
7237500000	0.00103865230000000004	-0.00278587449999999999
7237650000	0.00103806240000000011	-0.00274903910000000003
7237800000	0.00106275370000000007	-0.00276944439999999995
7237950000	0.00100134050000000004	-0.00276550120000000014
7238100000	0.000991299900000000046	-0.00275637100000000008
7238250000	0.00104292920000000002	-0.0027733800999999998
7238400000	0.00100339240000000001	-0.00274614470000000008
7238550000	0.00103841749999999998	-0.00277064670000000011
7238700000	0.000958477700000000027	-0.0027918680999999999
7238850000	0.000964267299999999983	-0.0027885573000000002
7239000000	0.000950535399999999993	-0.00278971009999999997
7239150000	0.000937329500000000045	-0.00274130570000000011
7239300000	0.000925807099999999988	-0.0028133660999999999
7239450000	0.000921518100000000002	-0.00281315150000000002
7239600000	0.000901049700000000034	-0.00281733620000000021
7239750000	0.000909354600000000009	-0.00277233999999999987
7239900000	0.000920510799999999982	-0.00283086929999999985
7240050000	0.000871739999999999972	-0.00280348000000000012
7240200000	0.000869921900000000044	-0.00280379079999999985
7240350000	0.000879993199999999989	-0.00276194800000000018
7240500000	0.000867454199999999993	-0.00282267299999999994
7240650000	0.000870758799999999961	-0.00281920030000000011
7240800000	0.000858752699999999975	-0.00279240560000000018
7240950000	0.000851380700000000019	-0.0028158205999999999
7241100000	0.000826046800000000041	-0.00279044300000000009
7241250000	0.00079342029999999997	-0.00277571710000000006
7241400000	0.000817595099999999988	-0.00279981870000000016
7241550000	0.000768829699999999975	-0.00275985399999999995
7241700000	0.000794556100000000007	-0.00283232220000000003
7241850000	0.000806100499999999978	-0.00284254720000000002
7242000000	0.000824928900000000036	-0.00278569229999999987
7242150000	0.000820569500000000005	-0.0028210866999999998
7242300000	0.000733494100000000042	-0.00280630940000000002
7242450000	0.000776454899999999971	-0.00284594830000000016
7242600000	0.000717295600000000051	-0.00282411960000000014
7242750000	0.000745278499999999997	-0.00287902739999999985
7242900000	0.000772015399999999947	-0.00286651329999999989
7243050000	0.000734066199999999975	-0.00290569580000000008
7243200000	0.000672693399999999952	-0.0028984824000000001
7243350000	0.000697301499999999951	-0.0028693350999999998
7243500000	0.000680137600000000025	-0.00285214639999999998
7243650000	0.000657982400000000018	-0.00284941520000000018
7243800000	0.000681772200000000045	-0.00288928159999999982
7243950000	0.000671614600000000053	-0.00288413649999999999
7244100000	0.000657756000000000009	-0.0028799527000000001
7244250000	0.000639738600000000035	-0.00287703239999999999
7244400000	0.000586843800000000034	-0.00287513949999999982
7244550000	0.000614428200000000048	-0.00288776120000000004
7244700000	0.000551730399999999978	-0.00291337370000000016
7244850000	0.000619598099999999993	-0.00292317679999999983
7245000000	0.000574271199999999964	-0.00291037039999999993
7245150000	0.000578404300000000021	-0.00291992899999999993
7245300000	0.000568132300000000049	-0.0029064742000000001
7245450000	0.000569472000000000012	-0.00291738630000000021
7245600000	0.000519564099999999954	-0.00294068070000000001
7245750000	0.00055989579999999998	-0.0029308594000000002
7245900000	0.000541546699999999976	-0.00295065119999999995
7246050000	0.000548796399999999969	-0.00295714780000000009
7246200000	0.000492254799999999968	-0.00296582329999999991
7246350000	0.000499244699999999947	-0.00297866380000000016
7246500000	0.000526679200000000017	-0.00296669969999999996
7246650000	0.00046502179999999998	-0.00296305599999999994
7246800000	0.000445417199999999995	-0.00295579049999999998
7246950000	0.000422423099999999984	-0.0029930181000000001
7247100000	0.000446225999999999979	-0.0030065103000000001
7247250000	0.000460428600000000019	-0.00299872350000000018
7247400000	0.000493805000000000047	-0.00299048559999999996
7247550000	0.00037362570000000001	-0.0030339544999999999
7247700000	0.000348169200000000021	-0.00303018590000000022
7247850000	0.00039106630000000002	-0.00303489669999999984
7248000000	0.000371366700000000003	-0.00299420990000000015
7248150000	0.00041950249999999999	-0.00297374999999999983
7248300000	0.000342737000000000022	-0.00298139900000000003
7248450000	0.000302802199999999979	-0.00301468199999999987
7248600000	0.000310289299999999991	-0.00301096930000000016
7248750000	0.000288381599999999977	-0.00302507999999999987
7248900000	0.000353525200000000001	-0.00304041239999999985
7249050000	0.000278557300000000017	-0.00304277799999999989
7249200000	0.00029906170000000001	-0.00305939479999999984
7249350000	0.000253950800000000022	-0.00304607610000000003
7249500000	0.000288589500000000019	-0.00305640779999999997
7249650000	0.000243323600000000003	-0.00304262019999999985
7249800000	0.000198992299999999989	-0.00303661739999999984
7249950000	0.000218482300000000007	-0.00302617670000000002
7250100000	0.0002164519	-0.00304884140000000019
7250250000	0.000183694300000000001	-0.00307351460000000005
7250400000	0.00018348520000000001	-0.00305440010000000012
7250550000	0.000178817499999999987	-0.00303515930000000005
7250700000	0.000211934200000000008	-0.00310272429999999995
7250850000	0.000182886799999999999	-0.00303988260000000003
7251000000	0.000111512199999999999	-0.00309175789999999997
7251150000	9.9210700000000002e-05	-0.00302550030000000008
7251300000	0.000114709499999999997	-0.00306525169999999998
7251450000	0.0001070655	-0.00305760949999999993
7251600000	5.38391999999999978e-05	-0.00308376390000000009
7251750000	9.89635000000000021e-05	-0.00305699269999999993
7251900000	9.50536999999999942e-05	-0.00308540899999999989
7252050000	4.29891999999999983e-05	-0.0030785125
7252200000	8.55139999999999947e-05	-0.00307266670000000018
7252350000	3.64523999999999968e-05	-0.00307875879999999985
7252500000	3.99852999999999981e-05	-0.0030852344000000002
7252650000	3.6096300000000002e-05	-0.00312471909999999979
7252800000	5.83109999999999996e-06	-0.00309444479999999985
7252950000	3.47279999999999968e-05	-0.00312195280000000016
7253100000	-4.28216999999999969e-05	-0.00312589520000000013
7253250000	-6.43100000000000035e-07	-0.00312050010000000004
7253400000	-4.35636999999999976e-05	-0.00310335769999999997
7253550000	-6.20916000000000003e-05	-0.00312049250000000005
7253700000	-4.68262000000000024e-05	-0.00311594169999999991
7253850000	-4.35066000000000012e-05	-0.00311546709999999984
7254000000	-0.000130041599999999999	-0.00311546439999999978
7254150000	-7.51968000000000048e-05	-0.00310231890000000005
7254300000	-0.000121950199999999997	-0.00312000690000000013
7254450000	-0.000128651999999999987	-0.0031056193000000001
7254600000	-0.000118280100000000006	-0.00316799739999999979
7254750000	-0.000135288800000000012	-0.00318695170000000017
7254900000	-0.00017462820000000001	-0.00310788119999999991
7255050000	-0.000158995200000000005	-0.00313484259999999987
7255200000	-0.000236807700000000006	-0.00320985029999999987
7255350000	-0.000162134999999999992	-0.00318656100000000008
7255500000	-0.000224158700000000013	-0.00318879420000000007
7255650000	-0.000221083300000000005	-0.00320287790000000011
7255800000	-0.000224337300000000011	-0.00317590809999999989
7255950000	-0.000249903400000000024	-0.00318145069999999997
7256100000	-0.000229333200000000009	-0.00317959410000000003
7256250000	-0.000269520199999999995	-0.00314288980000000011
7256400000	-0.000277811799999999989	-0.00317493909999999992
7256550000	-0.000272232300000000013	-0.00321677899999999991
7256700000	-0.00032997590000000002	-0.00318754089999999986
7256850000	-0.00031018389999999999	-0.00321691160000000002
7257000000	-0.000327794699999999981	-0.00319262659999999983
7257150000	-0.000365519199999999982	-0.00322157329999999981
7257300000	-0.000359610699999999975	-0.00323183659999999985
7257450000	-0.000400591299999999994	-0.00321121489999999987
7257600000	-0.000389960199999999973	-0.0032166517999999999
7257750000	-0.000390018000000000005	-0.00320220339999999996
7257900000	-0.000459659200000000026	-0.0032265175000000001
7258050000	-0.000436794599999999994	-0.00325464949999999982
7258200000	-0.000425750499999999975	-0.00326555450000000011
7258350000	-0.000443914599999999993	-0.00328339500000000015
7258500000	-0.000449061200000000016	-0.00320153990000000008
7258650000	-0.000551057599999999967	-0.00327468239999999982
7258800000	-0.000559450599999999952	-0.00328600840000000012
7258950000	-0.000580372799999999953	-0.00330601029999999995
7259100000	-0.000558330499999999956	-0.00326738480000000019
7259250000	-0.000614474200000000013	-0.00325321560000000004
7259400000	-0.000565599099999999997	-0.00324529670000000018
7259550000	-0.000565051100000000042	-0.00327588510000000012
7259700000	-0.000617148500000000043	-0.00327438970000000018
7259850000	-0.000629360499999999986	-0.00328782940000000006
7260000000	-0.000650406800000000022	-0.00328730469999999981
7260150000	-0.000686598800000000017	-0.00322667349999999995
7260300000	-0.000688827900000000019	-0.00331998400000000022
7260450000	-0.000701573699999999954	-0.00328553619999999999
7260600000	-0.000711524600000000042	-0.00327286360000000019
7260750000	-0.000736259599999999946	-0.00329937820000000001
7260900000	-0.000740888800000000041	-0.0033391864000000002
7261050000	-0.000737417800000000033	-0.00335333919999999995
7261200000	-0.000776696299999999999	-0.00325538599999999987
7261350000	-0.000792364200000000005	-0.00331848899999999999
7261500000	-0.000825775500000000009	-0.0033358035999999998
7261650000	-0.000864807800000000045	-0.00331247780000000014
7261800000	-0.000810172500000000016	-0.00341004839999999986
7261950000	-0.000854116499999999987	-0.00334094409999999981
7262100000	-0.000886153700000000006	-0.0033635812000000001
7262250000	-0.00092776909999999998	-0.00334760630000000003
7262400000	-0.000938781100000000003	-0.00330266840000000006
7262550000	-0.000923807400000000042	-0.00336111579999999986
7262700000	-0.000944239799999999985	-0.00337321970000000002
7262850000	-0.0010162716	-0.00334873109999999979
7263000000	-0.000995290899999999893	-0.00339231170000000009
7263150000	-0.000987923199999999994	-0.00335750360000000017
7263300000	-0.00107184399999999997	-0.00337066579999999996
7263450000	-0.00100578379999999995	-0.00337088059999999991
7263600000	-0.00109353259999999991	-0.0033079848000000002
7263750000	-0.00108903410000000004	-0.00336932359999999979
7263900000	-0.0010559892999999999	-0.00339819029999999982
7264050000	-0.00111294239999999993	-0.00336632139999999995
7264200000	-0.00117223530000000009	-0.00342133559999999995
7264350000	-0.00116516300000000009	-0.00340192500000000009
7264500000	-0.00122543039999999993	-0.00337903879999999985
7264650000	-0.00118939770000000005	-0.00341811159999999992
7264800000	-0.00121515139999999995	-0.00339129119999999991
7264950000	-0.00118978279999999996	-0.00339503340000000013
7265100000	-0.00129731680000000002	-0.00343727219999999997
7265250000	-0.00131712610000000009	-0.00346369909999999981
7265400000	-0.00132413939999999992	-0.00339843109999999997
7265550000	-0.00129538929999999997	-0.00340532369999999984
7265700000	-0.00137236989999999989	-0.00341046520000000018
7265850000	-0.00144760700000000006	-0.00343439379999999983
7266000000	-0.00143002949999999993	-0.00343628700000000011
7266150000	-0.0014269711	-0.00343698689999999982
7266300000	-0.00148885639999999991	-0.00342391459999999989
7266450000	-0.0014582051	-0.00349656650000000017
7266600000	-0.00152417690000000001	-0.00347924240000000015
7266750000	-0.00152134829999999994	-0.00343807939999999984
7266900000	-0.00156474929999999993	-0.00345631610000000011
7267050000	-0.00155400429999999999	-0.00343983880000000002
7267200000	-0.0016129079000000001	-0.00346148799999999998
7267350000	-0.00162133070000000006	-0.00345782160000000002
7267500000	-0.00164269939999999999	-0.00341906389999999984
7267650000	-0.00166944490000000005	-0.00350371949999999993
7267800000	-0.00168432989999999991	-0.0034552961000000001
7267950000	-0.00173117540000000008	-0.00346880829999999998
7268100000	-0.00177705029999999996	-0.00344198999999999981
7268250000	-0.00179198170000000002	-0.00351413509999999986
7268400000	-0.00177596000000000004	-0.00348220359999999989
7268550000	-0.00181022299999999991	-0.00344396669999999993
7268700000	-0.0019062854000000001	-0.00347032610000000017
7268850000	-0.00183947139999999999	-0.00349267019999999987
7269000000	-0.00198594230000000019	-0.00347848259999999996
7269150000	-0.0019390376	-0.00345746139999999992
7269300000	-0.00193323910000000004	-0.00351423240000000008
7269450000	-0.00198981190000000006	-0.00346442610000000008
7269600000	-0.00201827839999999979	-0.00350176290000000015
7269750000	-0.00205179300000000011	-0.00348605290000000021
7269900000	-0.00206507290000000013	-0.00351253679999999997
7270050000	-0.00208155419999999985	-0.00347081459999999979
7270200000	-0.00215434830000000004	-0.00352220699999999986
7270350000	-0.00212817010000000001	-0.00351226819999999988
7270500000	-0.00214800679999999989	-0.00352848030000000017
7270650000	-0.00222550589999999989	-0.00355174249999999983
7270800000	-0.00223727719999999982	-0.00348016960000000018
7270950000	-0.00233131280000000015	-0.00352309889999999999
7271100000	-0.00228417789999999996	-0.00355060660000000019
7271250000	-0.00232501189999999996	-0.00349353989999999981
7271400000	-0.0023823376999999998	-0.00351401150000000021
7271550000	-0.00241945439999999984	-0.00350876699999999988
7271700000	-0.00241511820000000002	-0.00350434580000000013
7271850000	-0.00245601590000000007	-0.00350725479999999985
7272000000	-0.00252756710000000013	-0.00349822689999999999
7272150000	-0.00255091509999999999	-0.00355490679999999988
7272300000	-0.00251146569999999986	-0.00353086470000000012
7272450000	-0.00257677729999999982	-0.00357306610000000021
7272600000	-0.00258730259999999986	-0.00350563520000000007
7272750000	-0.00265489160000000014	-0.00350679270000000013
7272900000	-0.00269734670000000001	-0.00350919069999999994
7273050000	-0.00271028580000000005	-0.00353390520000000001
7273200000	-0.00282415380000000009	-0.00349015879999999999
7273350000	-0.00283349589999999998	-0.00356994510000000018
7273500000	-0.00283970520000000016	-0.00353965290000000021
7273650000	-0.00287922069999999985	-0.00348350589999999989
7273800000	-0.00289964539999999988	-0.0035360932999999998
7273950000	-0.00300565229999999982	-0.00349668899999999987
7274100000	-0.00298062129999999981	-0.00354880050000000013
7274250000	-0.00301314510000000009	-0.00355786989999999984
7274400000	-0.00308453200000000007	-0.00351683629999999985
7274550000	-0.00311362360000000003	-0.00349260100000000013
7274700000	-0.00314856570000000011	-0.00353782569999999989
7274850000	-0.00319203610000000013	-0.00349852389999999978
7275000000	-0.00325090459999999998	-0.00350224129999999979
7275150000	-0.00329541099999999983	-0.00349466429999999986
7275300000	-0.00337159690000000001	-0.00356087610000000018
7275450000	-0.00335336959999999991	-0.00355817350000000015
7275600000	-0.00340378810000000007	-0.00357535610000000005
7275750000	-0.00344468970000000015	-0.0035026301000000001
7275900000	-0.00347657890000000001	-0.00351692970000000004
7276050000	-0.00353483410000000019	-0.00346782060000000013
7276200000	-0.00362195630000000006	-0.00352843749999999989
7276350000	-0.0036210779000000002	-0.00353763719999999979
7276500000	-0.00364913729999999988	-0.00352885900000000008
7276650000	-0.00370770950000000018	-0.00353835229999999992
7276800000	-0.00379088460000000021	-0.00356559260000000001
7276950000	-0.00384953519999999992	-0.00354026170000000008
7277100000	-0.00388365639999999979	-0.00354562699999999998
7277250000	-0.00394546559999999977	-0.00350977650000000021
7277400000	-0.00404056189999999968	-0.00355833649999999979
7277550000	-0.00407524519999999998	-0.00347769369999999982
7277700000	-0.00408745249999999984	-0.00350452510000000012
7277850000	-0.00421253900000000039	-0.00352980589999999988
7278000000	-0.00427151630000000004	-0.00348900320000000014
7278150000	-0.0042872819999999999	-0.00351848000000000005
7278300000	-0.0043684205000000002	-0.0035250876999999999
7278450000	-0.00442625949999999983	-0.00353236229999999993
7278600000	-0.00454083450000000027	-0.00348709050000000015
7278750000	-0.00456802219999999978	-0.00353926340000000009
7278900000	-0.00463050230000000042	-0.00347062580000000002
7279050000	-0.00472395809999999992	-0.0034945613999999999
7279200000	-0.00479768099999999982	-0.00353564999999999999
7279350000	-0.00485056269999999991	-0.00347812320000000013
7279500000	-0.00494579029999999992	-0.00348790379999999994
7279650000	-0.00500382259999999999	-0.00350833660000000012
7279800000	-0.00508290810000000016	-0.0034278430999999999
7279950000	-0.00517985449999999997	-0.00350638670000000003
7280100000	-0.00524796989999999977	-0.00351769259999999999
7280250000	-0.0053283057	-0.00354690129999999998
7280400000	-0.00541520009999999982	-0.0034540259000000002
7280550000	-0.00555024460000000039	-0.0035130278
7280700000	-0.00558584999999999984	-0.00343539430000000014
7280850000	-0.00569374890000000008	-0.00353803130000000018
7281000000	-0.00585123230000000015	-0.00343967579999999995
7281150000	-0.00592629309999999961	-0.00345791639999999982
7281300000	-0.00603215470000000031	-0.00342020550000000012
7281450000	-0.00607024950000000039	-0.00349555489999999998
7281600000	-0.0062864797	-0.00345985729999999988
7281750000	-0.00634873209999999976	-0.00347577959999999979
7281900000	-0.00652819389999999972	-0.00340687600000000009
7282050000	-0.00661705500000000016	-0.00339306009999999986
7282200000	-0.00675450379999999965	-0.0034453677000000002
7282350000	-0.00689937850000000002	-0.00340381199999999998
7282500000	-0.00697880650000000033	-0.003411243
7282650000	-0.00717349159999999993	-0.00336516440000000005
7282800000	-0.00729685929999999983	-0.00337863829999999988
7282950000	-0.00749584919999999981	-0.00343045950000000002
7283100000	-0.00759964530000000003	-0.00334320309999999992
7283250000	-0.00778997390000000026	-0.00336184049999999979
7283400000	-0.00798594600000000071	-0.00335027269999999986
7283550000	-0.00813135270000000035	-0.00331655279999999979
7283700000	-0.00835852249999999991	-0.00327739490000000019
7283850000	-0.00859032830000000004	-0.00329162930000000001
7284000000	-0.00870620620000000026	-0.0032678236999999998
7284150000	-0.00901103200000000042	-0.00324015120000000021
7284300000	-0.0091899294999999992	-0.00322297300000000007
7284450000	-0.00946955659999999984	-0.00318454479999999993
7284600000	-0.00972271719999999971	-0.00317737360000000003
7284750000	-0.00993620809999999979	-0.00312653970000000003
7284900000	-0.0102539571000000006	-0.00302671220000000005
7285050000	-0.0105350766999999998	-0.00310774519999999993
7285200000	-0.0108673869999999992	-0.0029984152
7285350000	-0.0111801864999999997	-0.00292684079999999984
7285500000	-0.0115804263999999997	-0.00280882059999999984
7285650000	-0.0119255504000000002	-0.00277201740000000002
7285800000	-0.0123967018999999994	-0.00272588930000000011
7285950000	-0.0127762970000000007	-0.00264892060000000013
7286100000	-0.0132171450999999992	-0.00248008920000000006
7286250000	-0.0136679633000000005	-0.00237947430000000001
7286400000	-0.0142615077999999999	-0.00228188499999999999
7286550000	-0.0148201015999999998	-0.00211692209999999985
7286700000	-0.0154483694000000001	-0.00192214040000000005
7286850000	-0.0161333999000000013	-0.00172802739999999995
7287000000	-0.0168401234000000004	-0.00142567369999999994
7287150000	-0.0176391603999999994	-0.0011771905
7287300000	-0.0184338029000000007	-0.000832929900000000029
7287450000	-0.0194514182000000008	-0.000447351999999999982
7287600000	-0.0204580099000000008	3.11099999999999986e-05
7287750000	-0.0215891814999999987	0.000672246200000000001
7287900000	-0.0228559810999999988	0.00134471349999999994
7288050000	-0.0242719536	0.00216856200000000018
7288200000	-0.0258100666000000006	0.00316931620000000022
7288350000	-0.0274771294999999992	0.00447134759999999985
7288500000	-0.0293800933	0.00611133239999999984
7288650000	-0.0313591369000000009	0.00817685829999999919
7288800000	-0.0335773892000000018	0.0108275959000000005
7288950000	-0.0357859344999999981	0.0143051944000000004
7289100000	-0.0378757508000000034	0.0188279252999999994
7289250000	-0.039568078399999998	0.0246075133000000015
7289400000	-0.0402866065999999967	0.0319418945999999995
7289550000	-0.0389483641000000005	0.0408995176999999988
7289700000	-0.0343967368000000009	0.0506618501999999971
7289850000	-0.025667187000000001	0.0596742327999999975
7290000000	-0.0131734645000000008	0.0652394069999999993
7290150000	0.000689440799999999987	0.0655658729999999967
7290300000	0.0128474959000000003	0.0608112989999999992
7290450000	0.0214460173999999996	0.0531533755000000024
7290600000	0.0264089209999999984	0.0448956863000000012
7290750000	0.0285900595999999986	0.0372433849000000025
7290900000	0.0290413113000000007	0.0306978588999999996
7291050000	0.0285575081000000001	0.0253774034000000016
7291200000	0.0274686376999999995	0.021148139199999999
7291350000	0.0262707281999999993	0.0176983175999999992
7291500000	0.0248759178000000011	0.0149567503999999997
7291650000	0.0235156379000000006	0.0126724174000000002
7291800000	0.0222348010999999998	0.0108478865000000008
7291950000	0.0210219004999999994	0.00931205300000000069
7292100000	0.0198874810999999999	0.00799532210000000049
7292250000	0.0189009356999999996	0.00692691499999999964
7292400000	0.0179573147000000009	0.00604368060000000026
7292550000	0.0170305761	0.00527503820000000019
7292700000	0.0162088958999999991	0.00459428959999999987
7292850000	0.0154638728000000003	0.00397404699999999965
7293000000	0.0147883492999999998	0.00349891599999999992
7293150000	0.0141350120000000006	0.00303426079999999983
7293300000	0.0135922844999999994	0.00259333319999999982
7293450000	0.0129933519000000001	0.00223265319999999988
7293600000	0.0124606748999999996	0.00197199740000000021
7293750000	0.0119744837999999996	0.00164123979999999991
7293900000	0.0115077771999999995	0.00138869139999999998
7294050000	0.0111198253000000004	0.00116213439999999992
7294200000	0.0107518948999999996	0.000968211599999999951
7294350000	0.0103343979999999998	0.000769632499999999974
7294500000	0.0099913849000000006	0.000576158300000000003
7294650000	0.00970075909999999937	0.000425263899999999979
7294800000	0.00936462549999999942	0.000292350999999999993
7294950000	0.00906371949999999933	0.000151660100000000002
7295100000	0.0088237144	3.29304999999999992e-05
7295250000	0.00855026870000000043	-4.6866200000000002e-05
7295400000	0.0082451997000000006	-0.000218329099999999996
7295550000	0.00807743000000000003	-0.000295193699999999986
7295700000	0.00782661819999999966	-0.000378597799999999996
7295850000	0.00760021160000000015	-0.000469840099999999994
7296000000	0.00739978120000000031	-0.000544960799999999988
7296150000	0.0071842586999999996	-0.000658423400000000022
7296300000	0.00702011729999999987	-0.000727071300000000026
7296450000	0.00685320500000000023	-0.000846500099999999956
7296600000	0.00665616830000000017	-0.000838822600000000015
7296750000	0.0064755647000000003	-0.000929471599999999953
7296900000	0.00632414840000000006	-0.000920254000000000016
7297050000	0.00623314389999999989	-0.000990919600000000032
7297200000	0.00605792740000000041	-0.00104815219999999996
7297350000	0.00591193060000000034	-0.00110675899999999991
7297500000	0.00578786499999999968	-0.00111787600000000007
7297650000	0.00558238330000000033	-0.00120482649999999994
7297800000	0.00549717309999999976	-0.00128213970000000009
7297950000	0.00541587429999999988	-0.00129765419999999993
7298100000	0.00527868800000000013	-0.00129158789999999995
7298250000	0.00515632349999999972	-0.00128385330000000005
7298400000	0.00500764210000000012	-0.00135289580000000006
7298550000	0.00493379700000000018	-0.00142044650000000008
7298700000	0.00483144480000000012	-0.00145699570000000001
7298850000	0.00470947700000000011	-0.00145435409999999997
7299000000	0.00468220500000000005	-0.0015363772999999999
7299150000	0.00448793989999999969	-0.00160698510000000004
7299300000	0.00445556540000000001	-0.00155292749999999991
7299450000	0.00438914140000000019	-0.00151490720000000008
7299600000	0.00426695480000000016	-0.00156784049999999999
7299750000	0.00419583560000000039	-0.00164814850000000006
7299900000	0.00411166449999999985	-0.0016819745000000001
7300050000	0.00400858189999999965	-0.00164326759999999989
7300200000	0.0040033133000000002	-0.00165158680000000008
7300350000	0.00386663100000000015	-0.00168418189999999996
7300500000	0.00380794630000000009	-0.00169340739999999999
7300650000	0.00375434520000000015	-0.00173573879999999996
7300800000	0.0036699981999999999	-0.0017166060999999999
7300950000	0.00359930419999999985	-0.00172653049999999995
7301100000	0.00353075729999999992	-0.00178151799999999995
7301250000	0.00341774929999999998	-0.0017904358
7301400000	0.00338645959999999985	-0.00183677139999999998
7301550000	0.00332411450000000015	-0.00185573599999999997
7301700000	0.00325795430000000007	-0.00182892740000000008
7301850000	0.00317151789999999987	-0.00181898340000000006
7302000000	0.00312918229999999999	-0.00182005350000000003
7302150000	0.00306114089999999983	-0.00186121630000000006
7302300000	0.0030298597	-0.00190878639999999991
7302450000	0.00298240140000000011	-0.00192806709999999992
7302600000	0.00292679779999999992	-0.00189571750000000006
7302750000	0.00289809580000000011	-0.00189141820000000003
7302900000	0.00280707109999999999	-0.0019514980999999999
7303050000	0.00281119759999999986	-0.0018868737999999999
7303200000	0.00275686080000000014	-0.00193918470000000007
7303350000	0.00271107019999999995	-0.00190474900000000007
7303500000	0.00261553130000000003	-0.00188617949999999993
7303650000	0.0026057147000000001	-0.0019312807999999999
7303800000	0.00253635569999999992	-0.00193888749999999999
7303950000	0.0024917123000000002	-0.00197498930000000001
7304100000	0.00245227369999999984	-0.0019388535000000001
7304250000	0.00246025850000000006	-0.00199385809999999986
7304400000	0.00237720060000000009	-0.00195487130000000005
7304550000	0.00234656910000000021	-0.00195325280000000021
7304700000	0.00229345580000000007	-0.00198593570000000011
7304850000	0.0022425396000000002	-0.00194649949999999993
7305000000	0.00223112770000000009	-0.00205221819999999982
7305150000	0.00213905660000000006	-0.00195955999999999995
7305300000	0.00213051530000000003	-0.00198425800000000003
7305450000	0.00209123570000000012	-0.00203478820000000012
7305600000	0.00200957770000000004	-0.00200983189999999999
7305750000	0.00201582100000000011	-0.00200193409999999995
7305900000	0.0019831047000000001	-0.00197453249999999993
7306050000	0.00199497119999999997	-0.00202876469999999998
7306200000	0.00191331760000000009	-0.00203940970000000008
7306350000	0.00190220509999999995	-0.00205020629999999983
7306500000	0.00183689810000000004	-0.0020205459000000002
7306650000	0.00179658709999999991	-0.00204962769999999985
7306800000	0.00181933110000000002	-0.00203444120000000018
7306950000	0.00174139169999999992	-0.00204929020000000012
7307100000	0.00169573290000000002	-0.00205359429999999983
7307250000	0.0016766661999999999	-0.00202486889999999985
7307400000	0.00159925879999999994	-0.00206699950000000009
7307550000	0.0016102333999999999	-0.0020838762999999998
7307700000	0.00162008870000000002	-0.00208279419999999986
7307850000	0.0015474321000000001	-0.00209845739999999989
7308000000	0.00154052599999999996	-0.00207985629999999982
7308150000	0.00151755250000000009	-0.00204629969999999993
7308300000	0.00150706550000000009	-0.00207869340000000008
7308450000	0.00146802330000000004	-0.00203470530000000004
7308600000	0.00145818699999999989	-0.00206485800000000014
7308750000	0.00136490560000000001	-0.00207065330000000009
7308900000	0.00136982919999999999	-0.00206581989999999986
7309050000	0.00135202910000000007	-0.00208131129999999985
7309200000	0.00135703090000000005	-0.00210783250000000019
7309350000	0.00131819979999999999	-0.0021011163000000002
7309500000	0.0012593665	-0.00211607029999999995
7309650000	0.00126611650000000003	-0.00207601500000000007
7309800000	0.00125561570000000009	-0.00211094320000000018
7309950000	0.00124215380000000002	-0.00205607089999999999
7310100000	0.00114364869999999995	-0.00212105860000000009
7310250000	0.00113854699999999995	-0.00209462149999999981
7310400000	0.00113332550000000008	-0.0020911332999999999
7310550000	0.00115356310000000006	-0.00205117860000000006
7310700000	0.00110375829999999992	-0.00210439490000000019
7310850000	0.00102880659999999994	-0.00209498880000000016
7311000000	0.00104873769999999991	-0.0021123158999999999
7311150000	0.000954016900000000004	-0.00211251779999999979
7311300000	0.00103999520000000001	-0.0021703130000000001
7311450000	0.000972740099999999967	-0.00206568840000000012
7311600000	0.000953336699999999962	-0.00212449579999999996
7311750000	0.000982977299999999998	-0.00215302519999999989
7311900000	0.000881114100000000042	-0.00202316910000000004
7312050000	0.000857082199999999964	-0.00208067919999999984
7312200000	0.000837917999999999996	-0.00213187819999999988
7312350000	0.000852473200000000036	-0.00211261510000000001
7312500000	0.000849359000000000051	-0.00209009439999999994
7312650000	0.000814421500000000022	-0.0021253842999999998
7312800000	0.000779028999999999985	-0.0021393416000000001
7312950000	0.0007958908	-0.0020418182
7313100000	0.000784396600000000018	-0.00209477730000000003
7313250000	0.000756424300000000001	-0.00207900569999999989
7313400000	0.000709412200000000045	-0.0020518772999999998
7313550000	0.000693334800000000042	-0.00208065889999999986
7313700000	0.000691530599999999975	-0.00208218950000000009
7313850000	0.000641421899999999965	-0.00207160009999999986
7314000000	0.000621169100000000009	-0.00205255070000000001
7314150000	0.00061505399999999997	-0.00207698140000000002
7314300000	0.000609168100000000027	-0.00210227659999999992
7314450000	0.000574532700000000016	-0.00212040969999999999
7314600000	0.000525079700000000041	-0.00209740559999999987
7314750000	0.000521698600000000006	-0.00207559079999999983
7314900000	0.000538211300000000022	-0.00206481330000000008
7315050000	0.000534296299999999962	-0.00211136429999999979
7315200000	0.000457642800000000022	-0.00206443290000000003
7315350000	0.000429873700000000017	-0.00207385019999999998
7315500000	0.000468669200000000022	-0.00203370440000000003
7315650000	0.000457528699999999982	-0.0021069461999999998
7315800000	0.000440178399999999973	-0.0021051761999999999
7315950000	0.000410563399999999993	-0.00203088969999999994
7316100000	0.000430283599999999988	-0.00205440689999999981
7316250000	0.000403322000000000012	-0.00206773279999999992
7316400000	0.000385415899999999991	-0.00203492639999999997
7316550000	0.000393250700000000012	-0.00209009029999999985
7316700000	0.000359699500000000008	-0.00202298350000000007
7316850000	0.000286666900000000018	-0.00208045919999999985
7317000000	0.000309101599999999982	-0.0020290782000000002
7317150000	0.000270868599999999997	-0.00208925920000000006
7317300000	0.000201390900000000003	-0.00209002939999999989
7317450000	0.000233563199999999987	-0.00209376790000000016
7317600000	0.000228056800000000002	-0.0020466649
7317750000	0.000259567499999999998	-0.00207721239999999986
7317900000	0.000204129399999999998	-0.00205220039999999982
7318050000	0.000209021799999999992	-0.00199570320000000022
7318200000	0.000187013099999999987	-0.00199188589999999997
7318350000	0.000197536500000000009	-0.00199825859999999992
7318500000	0.000215917300000000007	-0.00202861900000000017
7318650000	0.000109133	-0.00204294999999999997
7318800000	0.000148698999999999994	-0.00204167120000000018
7318950000	8.8716199999999996e-05	-0.0020819301000000001
7319100000	6.8449599999999996e-05	-0.0019918275
7319250000	4.31932999999999986e-05	-0.00203072610000000009
7319400000	4.99009000000000019e-05	-0.00200205900000000004
7319550000	3.45886000000000029e-05	-0.0020301503999999998
7319700000	4.5430899999999999e-05	-0.00199496099999999996
7319850000	-2.25341000000000016e-05	-0.0020119233999999998
7320000000	8.55910000000000077e-06	-0.00203311550000000001
7320150000	-2.86203000000000011e-05	-0.00198019500000000013
7320300000	-5.72578999999999994e-05	-0.00199291069999999989
7320450000	-2.91752000000000015e-05	-0.00205472859999999979
7320600000	-8.15915000000000065e-05	-0.00197923049999999996
7320750000	-5.16525000000000006e-05	-0.00196899170000000004
7320900000	-9.49934999999999978e-05	-0.0020366955
7321050000	-8.96077000000000061e-05	-0.0019674511999999999
7321200000	-0.000127464000000000012	-0.00200557200000000017
7321350000	-0.000118466	-0.0019615361999999999
7321500000	-0.000139666799999999989	-0.00194986529999999995
7321650000	-0.000122236300000000007	-0.00195625260000000011
7321800000	-0.000167140900000000011	-0.00195890670000000008
7321950000	-0.000184092400000000013	-0.00195667299999999992
7322100000	-0.000201301800000000004	-0.00198889679999999982
7322250000	-0.000211647800000000003	-0.00198658950000000015
7322400000	-0.000192065600000000013	-0.00193473429999999991
7322550000	-0.000245816100000000027	-0.0019619011999999999
7322700000	-0.000200853500000000004	-0.00192584679999999999
7322850000	-0.000229110400000000008	-0.00193336500000000004
7323000000	-0.000246356400000000012	-0.0019087466
7323150000	-0.000273087900000000018	-0.00196201319999999993
7323300000	-0.000260828899999999985	-0.00193280439999999991
7323450000	-0.000243557799999999988	-0.00195478929999999985
7323600000	-0.000227119700000000014	-0.00188730980000000005
7323750000	-0.000280375000000000025	-0.0019098501999999999
7323900000	-0.000301454100000000025	-0.00192861510000000009
7324050000	-0.000347902100000000011	-0.00193483039999999993
7324200000	-0.000304246700000000009	-0.00194436739999999993
7324350000	-0.00037381570000000002	-0.00191160859999999996
7324500000	-0.000401511099999999992	-0.00191059879999999995
7324650000	-0.000413679699999999989	-0.0019101814999999999
7324800000	-0.000410443999999999989	-0.00189573780000000004
7324950000	-0.000446474299999999975	-0.00190401580000000006
7325100000	-0.000410367300000000017	-0.0018523681000000001
7325250000	-0.000428174900000000006	-0.00189920350000000009
7325400000	-0.000484681299999999984	-0.00193191919999999989
7325550000	-0.000496620099999999952	-0.00188136519999999993
7325700000	-0.000518633599999999994	-0.00187606110000000008
7325850000	-0.000531305000000000037	-0.0018524355000000001
7326000000	-0.000495700200000000028	-0.00184920339999999992
7326150000	-0.000459138500000000002	-0.00180036819999999996
7326300000	-0.000482088100000000017	-0.00182523420000000008
7326450000	-0.000472241400000000008	-0.00178391779999999994
7326600000	-0.000518776400000000009	-0.0017928321000000001
7326750000	-0.000500305000000000042	-0.00184073229999999997
7326900000	-0.000587438000000000023	-0.00178434449999999994
7327050000	-0.000577937500000000001	-0.00182544580000000003
7327200000	-0.000541481700000000037	-0.00172157680000000011
7327350000	-0.000602540999999999949	-0.00173535089999999996
7327500000	-0.000567065900000000042	-0.00181125269999999998
7327650000	-0.000577293599999999978	-0.00178519060000000007
7327800000	-0.000577972099999999982	-0.00178325930000000003
7327950000	-0.000644576899999999985	-0.00176734089999999993
7328100000	-0.000630007499999999982	-0.00175409260000000005
7328250000	-0.000598567499999999998	-0.00179225679999999994
7328400000	-0.000648024100000000008	-0.00180028729999999991
7328550000	-0.00059166329999999997	-0.00169257910000000008
7328700000	-0.000614013600000000047	-0.00175348429999999992
7328850000	-0.000660849199999999988	-0.0017246277999999999
7329000000	-0.000688724099999999968	-0.00173379830000000004
7329150000	-0.000679583199999999948	-0.00172201569999999994
7329300000	-0.000670240100000000041	-0.0017149896999999999
7329450000	-0.000721813399999999997	-0.00169373880000000003
7329600000	-0.000751676699999999972	-0.00171546250000000002
7329750000	-0.000732913800000000023	-0.00170734259999999992
7329900000	-0.000773427600000000021	-0.00176114510000000002
7330050000	-0.000733699299999999977	-0.0016929333999999999
7330200000	-0.000753462299999999984	-0.00169491669999999989
7330350000	-0.000815988199999999981	-0.00169634509999999996
7330500000	-0.000772836900000000034	-0.00173830560000000009
7330650000	-0.00081936810000000004	-0.00167352379999999995
7330800000	-0.000750078399999999971	-0.00167205590000000007
7330950000	-0.000765529600000000024	-0.00166870290000000008
7331100000	-0.000784588799999999965	-0.00170662440000000004
7331250000	-0.000809655500000000007	-0.00164164059999999997
7331400000	-0.000784156900000000027	-0.00168442929999999998
7331550000	-0.000839001099999999952	-0.00164492159999999991
7331700000	-0.000863723000000000051	-0.00165838459999999993
7331850000	-0.00086164900000000003	-0.00167405289999999997
7332000000	-0.000849562700000000017	-0.00163574599999999999
7332150000	-0.000868876700000000002	-0.00165421410000000002
7332300000	-0.00088750910000000001	-0.00164561169999999997
7332450000	-0.000833203499999999979	-0.00163454669999999998
7332600000	-0.000901459800000000019	-0.00167903330000000002
7332750000	-0.000890573699999999994	-0.00167137980000000002
7332900000	-0.000865243600000000011	-0.00160057030000000005
7333050000	-0.000911293200000000045	-0.00159736680000000008
7333200000	-0.000900945199999999961	-0.00163351930000000005
7333350000	-0.00098051470000000006	-0.00165823500000000009
7333500000	-0.000912737099999999979	-0.0016568803
7333650000	-0.000919797899999999957	-0.00161788439999999991
7333800000	-0.000965349000000000003	-0.00163594179999999997
7333950000	-0.000965734100000000028	-0.00157611410000000002
7334100000	-0.000970493400000000035	-0.00157654470000000006
7334250000	-0.000949630399999999947	-0.0015915495
7334400000	-0.0010357532	-0.0015941378999999999
7334550000	-0.000995728100000000012	-0.00157919130000000007
7334700000	-0.000966472100000000047	-0.00153231580000000008
7334850000	-0.000944529099999999976	-0.00154873969999999995
7335000000	-0.000994934700000000075	-0.00148799260000000004
7335150000	-0.0010166947999999999	-0.0015214365000000001
7335300000	-0.000995855699999999939	-0.00156532380000000003
7335450000	-0.00104644390000000007	-0.00148969899999999993
7335600000	-0.00109150710000000006	-0.00148802320000000006
7335750000	-0.00107655100000000003	-0.00146434249999999994
7335900000	-0.0011350647000000001	-0.00149957439999999997
7336050000	-0.0010688052	-0.0015059711999999999
7336200000	-0.00107937050000000002	-0.00152837149999999989
7336350000	-0.00104782529999999994	-0.00150603869999999993
7336500000	-0.00111530570000000005	-0.00147946959999999995
7336650000	-0.00108775179999999992	-0.00149918339999999999
7336800000	-0.00101243470000000001	-0.0014724880000000001
7336950000	-0.00107986809999999992	-0.00147859870000000004
7337100000	-0.00113824280000000009	-0.00146574599999999998
7337250000	-0.00108458069999999994	-0.00142899479999999989
7337400000	-0.00112953120000000009	-0.00144148660000000006
7337550000	-0.00111645809999999989	-0.00142271489999999993
7337700000	-0.00117208130000000005	-0.00144765400000000004
7337850000	-0.00117694710000000005	-0.00138118170000000001
7338000000	-0.00116983959999999998	-0.00143483660000000009
7338150000	-0.00119395159999999994	-0.00140633329999999995
7338300000	-0.00114010609999999992	-0.00146122200000000009
7338450000	-0.00112204030000000003	-0.00140412349999999991
7338600000	-0.00115101989999999996	-0.00142810260000000009
7338750000	-0.00114093820000000005	-0.00142432400000000003
7338900000	-0.00118358000000000005	-0.00141615350000000003
7339050000	-0.00120369800000000001	-0.00130743780000000011
7339200000	-0.00118018229999999999	-0.0014258516000000001
7339350000	-0.0012003796000000001	-0.00137289149999999995
7339500000	-0.00120590770000000001	-0.00137020400000000008
7339650000	-0.00119806430000000009	-0.00130701119999999992
7339800000	-0.00118613719999999994	-0.00127086489999999989
7339950000	-0.00118683770000000007	-0.00134814359999999999
7340100000	-0.00122761120000000005	-0.00131009839999999991
7340250000	-0.00124497189999999997	-0.00131281970000000003
7340400000	-0.00124568089999999997	-0.0013330722000000001
7340550000	-0.00124571119999999989	-0.0013400631000000001
7340700000	-0.00122797990000000001	-0.00129334650000000008
7340850000	-0.00123974989999999993	-0.00130199950000000004
7341000000	-0.00122187740000000004	-0.00129361239999999989
7341150000	-0.00129790149999999991	-0.00129338309999999998
7341300000	-0.00126142219999999996	-0.00130604419999999998
7341450000	-0.00133024259999999991	-0.00132602489999999996
7341600000	-0.00126434459999999992	-0.00126733019999999996
7341750000	-0.0012844531000000001	-0.00127851839999999989
7341900000	-0.0012621780999999999	-0.00126441199999999991
7342050000	-0.00129547769999999998	-0.00124871300000000004
7342200000	-0.00129515240000000007	-0.00127213330000000005
7342350000	-0.00130928269999999996	-0.00121965060000000006
7342500000	-0.00129335790000000006	-0.00124921790000000004
7342650000	-0.00131530750000000011	-0.0011989018000000001
7342800000	-0.00131427819999999996	-0.00122254710000000008
7342950000	-0.00132727299999999991	-0.00117875430000000006
7343100000	-0.0013152420000000001	-0.00124844860000000008
7343250000	-0.00133392629999999992	-0.00123359310000000009
7343400000	-0.00134564040000000008	-0.00122554010000000004
7343550000	-0.00130050809999999995	-0.00123205689999999991
7343700000	-0.00132057310000000005	-0.00119289869999999998
7343850000	-0.00140112659999999992	-0.00121359329999999989
7344000000	-0.00131395670000000004	-0.00116206699999999992
7344150000	-0.00131825720000000005	-0.00111480410000000009
7344300000	-0.00135971190000000008	-0.00114043960000000002
7344450000	-0.00132142869999999995	-0.00116202199999999997
7344600000	-0.00131673459999999995	-0.00118094050000000007
7344750000	-0.00131298960000000007	-0.00116381470000000002
7344900000	-0.00136580030000000002	-0.00108677899999999996
7345050000	-0.00137751699999999998	-0.0010953057
7345200000	-0.00138717880000000003	-0.00111341039999999993
7345350000	-0.00139059779999999998	-0.00113179499999999989
7345500000	-0.00135879639999999993	-0.00117296929999999994
7345650000	-0.00136933749999999994	-0.00116796419999999992
7345800000	-0.00144789289999999998	-0.00110622260000000001
7345950000	-0.00140887429999999995	-0.00117875990000000002
7346100000	-0.00134605849999999997	-0.00112931750000000008
7346250000	-0.0014321805999999999	-0.00112460240000000007
7346400000	-0.00141182960000000007	-0.00108463370000000002
7346550000	-0.00133723640000000003	-0.00114191990000000001
7346700000	-0.00144811349999999996	-0.00107048519999999999
7346850000	-0.00146171480000000008	-0.00107464499999999994
7347000000	-0.00144034729999999991	-0.00107525729999999992
7347150000	-0.00143437969999999997	-0.00107906990000000008
7347300000	-0.00143349300000000009	-0.00110541380000000002
7347450000	-0.00142865029999999994	-0.00109631469999999995
7347600000	-0.0014412804	-0.00105118159999999998
7347750000	-0.00141802820000000007	-0.00107375570000000004
7347900000	-0.00142749960000000003	-0.00104258949999999997
7348050000	-0.00148349469999999994	-0.00102550360000000008
7348200000	-0.00145071210000000009	-0.00104287949999999998
7348350000	-0.00143612889999999993	-0.00102385449999999999
7348500000	-0.00143559909999999989	-0.00102900790000000006
7348650000	-0.00145623299999999992	-0.00104720339999999994
7348800000	-0.00149815679999999989	-0.00100851390000000003
7348950000	-0.00149191459999999999	-0.00100667170000000002
7349100000	-0.00147275490000000004	-0.00101088219999999991
7349250000	-0.00149023939999999989	-0.000992785699999999957
7349400000	-0.00141279079999999998	-0.00097666929999999999
7349550000	-0.00149147709999999998	-0.000964991400000000032
7349700000	-0.00146597840000000008	-0.000996604699999999915
7349850000	-0.00149566280000000009	-0.000975498299999999984
7350000000	-0.00149203599999999997	-0.000931395799999999957
7350150000	-0.00151543329999999994	-0.000908116900000000026
7350300000	-0.00152727130000000007	-0.000982986300000000032
7350450000	-0.00152697219999999999	-0.000975588599999999985
7350600000	-0.00151840570000000004	-0.000904297100000000013
7350750000	-0.00150965540000000007	-0.000910335699999999986
7350900000	-0.00149898489999999995	-0.000944128300000000018
7351050000	-0.00150129540000000007	-0.000982466100000000016
7351200000	-0.00150518729999999995	-0.000895075200000000019
7351350000	-0.00154102600000000003	-0.000873890800000000053
7351500000	-0.0015073256000000001	-0.000935600999999999989
7351650000	-0.00153843740000000006	-0.000895575000000000017
7351800000	-0.00151193479999999999	-0.000851260900000000041
7351950000	-0.00154868179999999994	-0.000874206800000000041
7352100000	-0.0015505327000000001	-0.00089452729999999999
7352250000	-0.00151381439999999996	-0.000880984400000000049
7352400000	-0.00155283330000000009	-0.000899206900000000032
7352550000	-0.00150594839999999993	-0.000811858399999999965
7352700000	-0.00156003770000000003	-0.00079953260000000003
7352850000	-0.0016110447999999999	-0.00084696960000000003
7353000000	-0.00153029329999999995	-0.000840502600000000012
7353150000	-0.00151784589999999996	-0.000787397799999999958
7353300000	-0.00156971590000000005	-0.000812153499999999982
7353450000	-0.00154462989999999993	-0.000850138999999999973
7353600000	-0.00161006650000000001	-0.000808009200000000009
7353750000	-0.00157894409999999991	-0.000783347599999999981
7353900000	-0.00157970149999999993	-0.000796066700000000026
7354050000	-0.00163029809999999989	-0.000753140799999999964
7354200000	-0.00161461219999999993	-0.000844448900000000012
7354350000	-0.00154796319999999992	-0.000767599700000000016
7354500000	-0.00157130310000000006	-0.000768904099999999976
7354650000	-0.00156598859999999992	-0.000757429100000000036
7354800000	-0.00158997460000000006	-0.000712568300000000006
7354950000	-0.00162590289999999991	-0.000789482599999999975
7355100000	-0.00155092800000000003	-0.000721336500000000001
7355250000	-0.00159041229999999992	-0.000800157000000000017
7355400000	-0.00161697680000000006	-0.000739296699999999985
7355550000	-0.00161762109999999989	-0.000691109800000000028
7355700000	-0.00162698409999999997	-0.00074507130000000003
7355850000	-0.00163015959999999994	-0.000769220300000000032
7356000000	-0.00159604020000000003	-0.000752750099999999981
7356150000	-0.00158670889999999992	-0.000733553099999999995
7356300000	-0.00155253149999999996	-0.000721624399999999948
7356450000	-0.00159567470000000007	-0.000724702799999999976
7356600000	-0.00165050149999999992	-0.000672382499999999968
7356750000	-0.00163691560000000006	-0.00069494779999999996
7356900000	-0.00165171479999999993	-0.000703635800000000037
7357050000	-0.00161174759999999995	-0.000658960499999999946
7357200000	-0.00166377179999999993	-0.000648839600000000001
7357350000	-0.00161610029999999997	-0.000701127500000000019
7357500000	-0.00163808969999999993	-0.000637992400000000014
7357650000	-0.00166401260000000007	-0.000643267100000000027
7357800000	-0.00165579360000000001	-0.000674717700000000047
7357950000	-0.00165014010000000006	-0.000649895999999999959
7358100000	-0.00164402220000000004	-0.000687106600000000033
7358250000	-0.00164056440000000009	-0.000619509599999999955
7358400000	-0.00167329380000000002	-0.000665543299999999988
7358550000	-0.00160629450000000003	-0.000581078299999999949
7358700000	-0.00162178340000000004	-0.000645116399999999968
7358850000	-0.00164310590000000005	-0.000615732799999999967
7359000000	-0.00164384150000000001	-0.000632432799999999994
7359150000	-0.00161509999999999996	-0.000592850499999999971
7359300000	-0.00163029990000000007	-0.000557437099999999962
7359450000	-0.00163718080000000007	-0.000568131699999999953
7359600000	-0.00168730099999999999	-0.000546507400000000032
7359750000	-0.00168323980000000006	-0.00054562730000000002
7359900000	-0.00162143930000000001	-0.000548309899999999953
7360050000	-0.00165331960000000009	-0.000558698699999999964
7360200000	-0.0017016418000000001	-0.000553823300000000048
7360350000	-0.00169189569999999992	-0.000496563499999999949
7360500000	-0.00171982579999999997	-0.000597947600000000028
7360650000	-0.00166931559999999998	-0.000512316099999999999
7360800000	-0.00166547120000000003	-0.000540871800000000008
7360950000	-0.00165937300000000001	-0.000522983100000000011
7361100000	-0.00168539870000000008	-0.000526720000000000053
7361250000	-0.00166472949999999995	-0.000538736999999999962
7361400000	-0.00166742290000000009	-0.000497601200000000036
7361550000	-0.0017076509000000001	-0.000492228000000000045
7361700000	-0.0016670395000000001	-0.000489951599999999959
7361850000	-0.00165413650000000001	-0.000485410600000000018
7362000000	-0.00165821619999999997	-0.000498568600000000002
7362150000	-0.00169866390000000009	-0.000403193599999999974
7362300000	-0.00167896670000000007	-0.000518270300000000031
7362450000	-0.00166677269999999998	-0.000435358399999999975
7362600000	-0.00173280120000000003	-0.000431503900000000001
7362750000	-0.00171793899999999992	-0.000450828300000000008
7362900000	-0.00170928909999999994	-0.000491333099999999973
7363050000	-0.00169268429999999996	-0.000490523999999999995
7363200000	-0.0017320228	-0.000468552000000000009
7363350000	-0.00165947810000000007	-0.000442706699999999981
7363500000	-0.00165643590000000003	-0.000446514999999999976
7363650000	-0.00170600539999999994	-0.000407897800000000003
7363800000	-0.00168333939999999998	-0.000453487900000000012
7363950000	-0.00174941070000000009	-0.000442181700000000009
7364100000	-0.00174424970000000004	-0.000422167600000000027
7364250000	-0.00174715890000000005	-0.000340375900000000002
7364400000	-0.00165826889999999994	-0.000377660599999999973
7364550000	-0.00171942129999999994	-0.000340340300000000005
7364700000	-0.00175534619999999993	-0.000313236599999999982
7364850000	-0.00169907520000000005	-0.000354596599999999979
7365000000	-0.00174310919999999992	-0.000384463499999999989
