1	-0.183799269799999998	-0.908088496600000017
1.00800000000000001	-0.330677533099999976	-0.865204306600000028
1.01600000000000001	-0.469087040999999982	-0.79853389990000001
1.02400000000000002	-0.591539839600000006	-0.712206550799999949
1.03200000000000003	-0.700143597700000009	-0.605652674500000043
1.04000000000000004	-0.791543314300000023	-0.479519209300000027
1.04800000000000004	-0.859949917699999955	-0.340628593599999974
1.05600000000000005	-0.902884211699999994	-0.196481389000000006
1.06400000000000006	-0.922431939400000012	-0.0454387912000000019
1.07200000000000006	-0.916408832200000023	0.107279630000000001
1.08000000000000007	-0.884925284200000051	0.256817987199999986
1.08800000000000008	-0.829670860799999965	0.397575957300000005
1.09600000000000009	-0.753514191000000055	0.524367163600000019
1.10400000000000009	-0.656771687300000018	0.638710392899999979
1.1120000000000001	-0.543314002699999965	0.735594184500000026
1.12000000000000011	-0.413233930400000005	0.815004833399999962
1.12799999999999989	-0.275760294999999989	0.87030001680000002
1.1359999999999999	-0.130228815800000008	0.903121060200000048
1.14399999999999991	0.0133960901000000007	0.912643044399999992
1.15199999999999991	0.160542832299999993	0.900221608700000009
1.15999999999999992	0.305055049999999994	0.863867497899999948
1.16799999999999993	0.443941727299999978	0.803178427400000006
1.17599999999999993	0.570201429000000037	0.721886575700000033
1.18399999999999994	0.683766737500000055	0.618992722899999959
1.19199999999999995	0.777223457199999967	0.500848964899999971
1.19999999999999996	0.851949358399999968	0.365126537799999984
1.20799999999999996	0.902267408499999979	0.218771685500000007
1.21599999999999997	0.926868177599999954	0.0625980882999999932
1.22399999999999998	0.923494725700000019	-0.0915778342999999939
1.23199999999999998	0.893651389500000004	-0.243970888599999991
1.23999999999999999	0.838631555600000023	-0.387268710800000027
1.248	0.761363827499999979	-0.518409793100000016
1.25600000000000001	0.663000984299999985	-0.634323176600000038
1.26400000000000001	0.546949444999999979	-0.732504503499999959
1.27200000000000002	0.416952635500000002	-0.810309333099999973
1.28000000000000003	0.281851027699999979	-0.864340824899999971
1.28800000000000003	0.139046053400000008	-0.896989716200000009
1.29600000000000004	-0.00516454010000000005	-0.907164086400000014
1.30400000000000005	-0.152981452900000009	-0.894304414699999994
1.31200000000000006	-0.295763234300000011	-0.858693848599999976
1.32000000000000006	-0.430257954800000009	-0.801354961299999946
1.32800000000000007	-0.558921812400000051	-0.720030821299999957
1.33600000000000008	-0.668823135500000054	-0.621203346499999975
1.34400000000000008	-0.762331651600000049	-0.504637539900000043
1.35200000000000009	-0.836391408100000011	-0.37211659359999999
1.3600000000000001	-0.886834395599999992	-0.229715702999999993
1.3680000000000001	-0.912827085400000016	-0.0787376615000000002
1.37599999999999989	-0.913421955200000024	0.0712557421000000052
1.3839999999999999	-0.889540781200000019	0.218949875999999988
1.3919999999999999	-0.839147375200000045	0.366236727500000026
1.39999999999999991	-0.767514792299999971	0.498382745700000018
1.40799999999999992	-0.676524527500000028	0.616159213899999947
1.41599999999999993	-0.566471398400000048	0.718817723400000053
1.42399999999999993	-0.441839956699999981	0.801605289700000001
1.43199999999999994	-0.302680651700000025	0.864424439300000014
1.43999999999999995	-0.154514998999999986	0.902971641199999953
1.44799999999999995	-0.00356955259999999991	0.91586207180000001
1.45599999999999996	0.146590292300000008	0.903361749500000033
1.46399999999999997	0.296403073800000028	0.864397471999999945
1.47199999999999998	0.434913504000000006	0.801377094599999951
1.47999999999999998	0.558333850699999967	0.717640310599999998
1.48799999999999999	0.667077211499999989	0.613343691700000027
1.496	0.755553757299999962	0.494068532100000013
1.504	0.822550684999999948	0.363682124499999981
1.51200000000000001	0.8677315471	0.223521177300000012
1.52000000000000002	0.890022258599999949	0.0807662727999999969
1.52800000000000002	0.889628659400000021	-0.062288868499999997
1.53600000000000003	0.867748919900000026	-0.202415786699999989
1.54400000000000004	0.823748733700000013	-0.339026297500000018
1.55200000000000005	0.758491872300000036	-0.469438001699999996
1.56000000000000005	0.676102397900000041	-0.584851578600000033
1.56800000000000006	0.574360870399999945	-0.688341027600000044
1.57600000000000007	0.456776469100000027	-0.774974181399999962
1.58400000000000007	0.326631287900000011	-0.841807938400000011
1.59200000000000008	0.181851813899999992	-0.887324920299999986
1.60000000000000009	0.0316446973000000034	-0.90762714489999996
1.6080000000000001	-0.119477356199999996	-0.902137520100000034
1.6160000000000001	-0.26793899069999999	-0.870615430700000026
1.62400000000000011	-0.409017734700000024	-0.814011420199999947
1.6319999999999999	-0.539034585100000019	-0.733389230100000011
1.6399999999999999	-0.653978392900000038	-0.629988963099999966
1.64799999999999991	-0.745529296600000002	-0.515077058499999962
1.65599999999999992	-0.817582903200000044	-0.384747429699999977
1.66399999999999992	-0.867155034699999994	-0.244968114999999986
1.67199999999999993	-0.893186666600000012	-0.100143693500000006
1.67999999999999994	-0.896059163899999955	0.0448489920999999986
1.68799999999999994	-0.874810642599999966	0.192590241100000004
1.69599999999999995	-0.831513658800000055	0.331490669899999979
1.70399999999999996	-0.767477578699999996	0.460940906099999992
1.71199999999999997	-0.683740975299999998	0.578764753600000015
1.71999999999999997	-0.581837774899999993	0.68249447750000003
1.72799999999999998	-0.463594219199999991	0.769007543199999977
1.73599999999999999	-0.328569963399999998	0.836179636100000012
1.74399999999999999	-0.188630841699999996	0.879336787800000019
1.752	-0.0428072223999999973	0.898971415300000021
1.76000000000000001	0.106290933599999998	0.893802662200000042
1.76800000000000002	0.251806275199999985	0.863777810600000029
1.77600000000000002	0.389486614000000009	0.810526440099999967
1.78400000000000003	0.515802144100000026	0.735935488299999996
1.79200000000000004	0.628948963200000044	0.64117051589999996
1.80000000000000004	0.726670449400000029	0.526652958200000021
1.80800000000000005	0.802529836299999966	0.40169856570000001
1.81600000000000006	0.857505827799999953	0.266165888899999981
1.82400000000000007	0.890078358999999986	0.123391582400000005
1.83200000000000007	0.899383166999999983	-0.0229636314000000001
1.84000000000000008	0.884668608000000023	-0.1703264471
1.84800000000000009	0.845069517200000009	-0.315689471700000002
1.85600000000000009	0.780737284600000025	-0.452654671100000017
1.8640000000000001	0.698124558399999984	-0.573127506600000003
1.87200000000000011	0.592821023599999997	-0.681432600000000055
1.87999999999999989	0.47027289659999999	-0.770135237800000039
1.8879999999999999	0.335022886299999989	-0.83629679229999998
1.89599999999999991	0.192626128499999993	-0.878219854799999977
1.90399999999999991	0.0470861043000000007	-0.895925304499999964
1.91199999999999992	-0.0967340411999999955	-0.889866283200000052
1.91999999999999993	-0.24454599669999999	-0.85884424370000001
1.92799999999999994	-0.381122642399999989	-0.805632705700000007
1.93599999999999994	-0.505484965099999961	-0.733027054400000044
1.94399999999999995	-0.616698375300000046	-0.642049488800000012
1.95199999999999996	-0.712299177699999952	-0.534819206999999963
1.95999999999999996	-0.790256197800000004	-0.41314064709999998
1.96799999999999997	-0.848294458300000054	-0.279864818000000015
1.97599999999999998	-0.884328424899999965	-0.136109082200000009
1.98399999999999999	-0.895946333699999986	0.0144757583000000006
1.99199999999999999	-0.882945165500000018	0.159247599999999989
2	-0.845499019200000035	0.30310229259999999
2.00800000000000001	-0.782862776500000024	0.440271632000000024
2.01600000000000001	-0.698457076700000012	0.563782580899999997
2.02400000000000002	-0.595111005000000026	0.670452937400000004
2.03200000000000003	-0.476009118000000009	0.757802151299999949
2.04000000000000004	-0.344625239699999975	0.823866800100000019
2.04800000000000004	-0.205649165699999997	0.867218150300000046
2.05600000000000005	-0.0618931422000000009	0.887242769600000036
2.06400000000000006	0.0887312516000000051	0.883015571099999952
2.07200000000000006	0.230956302000000002	0.855751346000000024
2.08000000000000007	0.365081617500000011	0.806931713899999958
2.08800000000000008	0.490201147299999973	0.737304394100000038
2.09600000000000009	0.603611146999999959	0.648107148499999952
2.10400000000000009	0.701645208600000014	0.54150833679999999
2.1120000000000001	0.781109901400000028	0.420256251199999986
2.12000000000000011	0.839963170099999989	0.287356941500000018
2.12800000000000011	0.876415479800000008	0.145570968899999986
2.13600000000000012	0.888719842199999999	-0.0031488394000000002
2.14400000000000013	0.877086755400000029	-0.145030572400000002
2.15200000000000014	0.841654237299999997	-0.286189191499999995
2.16000000000000014	0.781888810300000014	-0.421064221199999977
2.16800000000000015	0.701049470099999961	-0.54394867459999996
2.17600000000000016	0.600646121499999963	-0.651326924000000029
2.18400000000000016	0.484174778699999975	-0.740475553699999955
2.19200000000000017	0.35606187319999999	-0.808682275200000023
2.20000000000000018	0.219519944699999997	-0.854788895999999965
2.20800000000000018	0.0786983104999999933	-0.878304444399999995
2.21600000000000019	-0.0620841123000000009	-0.879544800699999962
2.2240000000000002	-0.209393610099999988	-0.856389407700000049
2.23200000000000021	-0.347979656299999995	-0.809963126900000052
2.24000000000000021	-0.4751213829	-0.74303721410000001
2.24800000000000022	-0.589722558900000027	-0.656741670399999977
2.25599999999999978	-0.689293056999999987	-0.552310353099999984
2.26399999999999979	-0.770502228899999975	-0.432675777099999992
2.2719999999999998	-0.831095596499999978	-0.301089551100000019
2.2799999999999998	-0.869319020599999992	-0.161374191599999994
2.28799999999999981	-0.883727137499999982	-0.0169488934999999993
2.29599999999999982	-0.873527884499999963	0.130231206300000013
2.30399999999999983	-0.838678559899999954	0.273632088800000006
2.31199999999999983	-0.780589489699999972	0.408572174700000013
2.31999999999999984	-0.705880747100000039	0.526262511600000038
2.32799999999999985	-0.612091546000000042	0.63252894770000001
2.33599999999999985	-0.500741875600000053	0.723692946899999967
2.34399999999999986	-0.375988372800000026	0.79584625929999997
2.35199999999999987	-0.241170763700000013	0.847167499200000007
2.35999999999999988	-0.0993112619999999974	0.876213896799999947
2.36799999999999988	0.0461819995000000011	0.88190423480000002
2.37599999999999989	0.191219438800000002	0.86350832700000002
2.3839999999999999	0.33162581499999999	0.821227904899999972
2.3919999999999999	0.463165178399999988	0.75595607389999997
2.39999999999999991	0.580687094099999968	0.670881271700000004
2.40799999999999992	0.681122938799999966	0.569041835299999965
2.41599999999999993	0.768057202099999947	0.442705816299999999
2.42399999999999993	0.830285002400000027	0.305703796699999975
2.43199999999999994	0.867461975100000005	0.163878757099999994
2.43999999999999995	0.880513555099999956	0.0201661108000000013
2.44799999999999995	0.869931633300000007	-0.122824916399999998
2.45599999999999996	0.836841832499999994	-0.261088185199999989
2.46399999999999997	0.782482687200000027	-0.391829510900000011
2.47199999999999998	0.708268069299999969	-0.512382681299999976
2.47999999999999998	0.616497299000000054	-0.619614914499999947
2.48799999999999999	0.5089409976	-0.711042528300000032
2.496	0.38804754549999998	-0.785048598000000042
2.504	0.255344823399999976	-0.838927581600000027
2.51200000000000001	0.112570203300000005	-0.871002170200000037
2.52000000000000002	-0.0346389137000000027	-0.878912229099999998
2.52800000000000002	-0.177253466800000009	-0.863011168200000012
2.53600000000000003	-0.314624386500000019	-0.824251336000000001
2.54400000000000004	-0.446396009699999985	-0.761586914000000004
2.55200000000000005	-0.566530461900000004	-0.676747318500000028
2.56000000000000005	-0.670399603799999966	-0.572764286700000014
2.56800000000000006	-0.754921221799999986	-0.453140916200000021
2.57600000000000007	-0.818082423100000011	-0.321837645800000016
2.58400000000000007	-0.858578184099999975	-0.182401811500000011
2.59200000000000008	-0.875483103099999993	-0.0387096318999999994
2.60000000000000009	-0.869026860800000023	0.104620275200000001
2.6080000000000001	-0.839817331200000017	0.2438871544
2.6160000000000001	-0.789274356099999963	0.375456284600000023
2.62400000000000011	-0.718684278200000026	0.497207196500000004
2.63200000000000012	-0.630310978499999952	0.605765051300000024
2.64000000000000012	-0.525107233199999968	0.699221912399999979
2.64800000000000013	-0.396668130999999979	0.780229894400000012
2.65600000000000014	-0.261596034300000002	0.835943373999999961
2.66400000000000015	-0.120556407199999993	0.868259222599999991
2.67200000000000015	0.0237490776999999993	0.8766262212
2.68000000000000016	0.16732483749999999	0.860674816399999987
2.68800000000000017	0.305668661900000027	0.821102894000000028
2.69600000000000017	0.435279719499999995	0.759765957499999978
2.70400000000000018	0.552865547899999976	0.677792621299999953
2.71200000000000019	0.655302735000000025	0.578391656999999948
2.7200000000000002	0.740061173800000027	0.46369875599999999
2.7280000000000002	0.805148815200000034	0.337445438300000011
2.73600000000000021	0.849131794800000006	0.202542911399999997
2.74400000000000022	0.870993897399999994	0.0613567381999999967
2.75199999999999978	0.869721143799999985	-0.0827181840000000002
2.75999999999999979	0.844936533299999959	-0.225063176700000006
2.76799999999999979	0.796375979400000045	-0.362956601900000009
2.7759999999999998	0.726670933399999996	-0.488720229499999992
2.78399999999999981	0.639705038100000012	-0.599437444099999994
2.79199999999999982	0.533373356599999959	-0.696453054300000041
2.79999999999999982	0.411240005799999975	-0.774804580800000031
2.80799999999999983	0.277171624000000005	-0.831881648900000048
2.81599999999999984	0.13549928759999999	-0.86577914069999995
2.82399999999999984	-0.00993418419999999962	-0.875607506000000035
2.83199999999999985	-0.154708788200000003	-0.86062269849999995
2.83999999999999986	-0.293731953499999976	-0.822029376699999981
2.84799999999999986	-0.423672291199999995	-0.761289747500000002
2.85599999999999987	-0.541347432000000017	-0.680307724299999972
2.86399999999999988	-0.643915520099999972	-0.582046696300000055
2.87199999999999989	-0.729196186699999971	-0.468970428699999997
2.87999999999999989	-0.795080008200000021	-0.34431047079999999
2.8879999999999999	-0.840274693999999989	-0.21102364970000001
2.89599999999999991	-0.86398053220000004	-0.0722580470000000058
2.90399999999999991	-0.865769767600000018	0.0670009547000000039
2.91199999999999992	-0.845803981999999954	0.203254245800000011
2.91999999999999993	-0.802969040399999945	0.339172250100000017
2.92799999999999994	-0.732724440100000041	0.47288402060000001
2.93599999999999994	-0.643193859000000034	0.590065876399999967
2.94399999999999995	-0.537200963500000017	0.688305712500000055
2.95199999999999996	-0.417246574500000023	0.766775135399999974
2.95999999999999996	-0.286087299899999981	0.823958996400000032
2.96799999999999997	-0.147527303999999998	0.858563164400000023
2.97599999999999998	-0.00548618189999999957	0.870015135900000014
2.98399999999999999	0.135789906300000013	0.858248423200000055
2.99199999999999999	0.272907650399999979	0.824204276400000047
3	0.402824178799999988	0.76873480169999997
3.00800000000000001	0.52230762180000001	0.693150974799999986
3.01600000000000001	0.628123703099999986	0.59946036359999999
3.02400000000000002	0.718620217000000006	0.489512814700000021
3.03200000000000003	0.790428465099999977	0.365869839099999983
3.04000000000000004	0.84106102039999997	0.230920069700000008
3.04800000000000004	0.86871847170000005	0.0887935407000000065
3.05600000000000005	0.872189976599999972	-0.0560304137999999979
3.06400000000000006	0.850728539300000031	-0.200734758699999988
3.07200000000000006	0.804063597800000029	-0.340787933200000004
3.08000000000000007	0.734888695500000022	-0.469159529999999991
3.08800000000000008	0.647944008199999977	-0.581300425699999956
3.09600000000000009	0.544088462399999973	-0.677381265199999971
3.10400000000000009	0.425830083899999989	-0.755139460500000026
3.1120000000000001	0.296997615400000026	-0.812669240500000001
3.12000000000000011	0.160809000099999988	-0.849023160799999954
3.12800000000000011	0.0207494281999999995	-0.86327703609999995
3.13600000000000012	-0.119817519600000005	-0.854914780800000051
3.14400000000000013	-0.257433034000000005	-0.824584156500000054
3.15200000000000014	-0.388840836400000001	-0.772153713699999966
3.16000000000000014	-0.510659277799999978	-0.699447047399999966
3.16800000000000015	-0.619397552000000018	-0.607206113900000011
3.17600000000000016	-0.712183327700000035	-0.497342550300000019
3.18400000000000016	-0.785407910300000012	-0.373146604200000009
3.19200000000000017	-0.83656113809999999	-0.23881287679999999
3.20000000000000018	-0.864400080100000023	-0.0964787792999999977
3.20800000000000018	-0.867630387800000014	0.0479574406999999994
3.21600000000000019	-0.846530800300000053	0.190034656899999987
3.2240000000000002	-0.802183560499999948	0.325860198099999998
3.23200000000000021	-0.736318829200000025	0.452114280199999996
3.24000000000000021	-0.651005238700000044	0.564957315799999971
3.24800000000000022	-0.550880604199999957	0.661302525299999999
3.25599999999999978	-0.439774140699999982	0.739055726899999987
3.26399999999999979	-0.310016396699999974	0.801662162199999973
3.2719999999999998	-0.168994790799999989	0.841849685200000031
3.2799999999999998	-0.0268712790000000014	0.857885781599999953
3.28799999999999981	0.113681654399999998	0.850712999500000011
3.29599999999999982	0.250775415200000018	0.82103161069999997
3.30399999999999983	0.380773437300000017	0.769608405900000014
3.31199999999999983	0.501244943899999962	0.697298319700000002
3.31999999999999984	0.608581587500000021	0.605506732199999953
3.32799999999999985	0.699076475899999994	0.497077575400000027
3.33599999999999985	0.770089353499999962	0.375313976300000018
3.34399999999999986	0.819720268099999982	0.244106358899999987
3.35199999999999987	0.846787611600000045	0.107414360299999997
3.35999999999999988	0.851347854999999987	-0.0314482464999999989
3.36799999999999988	0.833250799999999958	-0.168619921300000003
3.37599999999999989	0.793940100699999984	-0.300404535400000006
3.3839999999999999	0.734198346500000043	-0.423581790800000024
3.3919999999999999	0.65619517159999996	-0.535785975699999972
3.39999999999999991	0.561599369500000001	-0.634331757100000004
3.40799999999999992	0.452583704099999984	-0.717204238400000027
3.41599999999999993	0.331384413200000005	-0.782416245800000021
3.42399999999999993	0.200759471299999992	-0.827571892399999953
3.43199999999999994	0.0636207441000000012	-0.851824374899999959
3.43999999999999995	-0.0777612730000000058	-0.853051145799999966
3.44799999999999995	-0.218692567700000007	-0.830918628199999953
3.45599999999999996	-0.354333394199999985	-0.785161030100000046
3.46399999999999997	-0.480038960800000025	-0.716409112300000039
3.47199999999999998	-0.59178801560000005	-0.629090692799999962
3.47999999999999998	-0.687830651299999984	-0.522790894899999969
3.48799999999999999	-0.76435036479999996	-0.401469155299999991
3.496	-0.819022386799999946	-0.269164923399999978
3.504	-0.850502735199999971	-0.129979123499999988
3.51200000000000001	-0.858276310399999964	0.0117979021000000003
3.52000000000000002	-0.842973086099999991	0.151553434600000009
3.52800000000000002	-0.805622606999999991	0.286339210700000013
3.53600000000000003	-0.747513117600000054	0.412825083500000023
3.54400000000000004	-0.670220836000000042	0.528428803499999988
3.55200000000000005	-0.575819439200000005	0.630223368500000047
3.56000000000000005	-0.46648587800000002	0.716016671899999957
3.56800000000000006	-0.344260252699999991	0.78368343159999998
3.57600000000000007	-0.21206964419999999	0.831100857799999981
3.58400000000000007	-0.0728958237999999953	0.85596049959999998
3.59200000000000008	0.0692103178999999985	0.857502286500000044
3.60000000000000009	0.209998139100000009	0.834875676000000011
3.6080000000000001	0.34506567669999999	0.78844564660000005
3.6160000000000001	0.47014450499999999	0.720113620599999948
3.62400000000000011	0.581696272099999967	0.632108954799999956
3.63200000000000012	0.67646278059999998	0.527272249300000051
3.64000000000000012	0.752409766400000013	0.409164952699999973
3.64800000000000013	0.807730443099999973	0.280801084699999981
3.65600000000000014	0.841976142499999969	0.145783370100000004
3.66400000000000015	0.854495946999999978	0.00776268269999999972
3.67200000000000015	0.845449984599999982	-0.129487559800000013
3.68000000000000016	0.816753867600000016	-0.260625445200000028
3.68800000000000017	0.767862956800000052	-0.386362861700000004
3.69600000000000017	0.697321554499999996	-0.507705423600000039
3.70400000000000018	0.595234053600000035	-0.625645195100000051
3.71200000000000019	0.479950929199999987	-0.719336163300000053
3.7200000000000002	0.352998580399999984	-0.790186959300000047
3.7280000000000002	0.217055723899999997	-0.837662178900000054
3.73600000000000021	0.0756010710000000058	-0.860986841999999974
3.74400000000000022	-0.0680274735999999991	-0.859864676299999964
3.75199999999999978	-0.208668612100000012	-0.834777115199999975
3.75999999999999979	-0.341388667300000004	-0.787285004200000027
3.76799999999999979	-0.463696562799999989	-0.71924407459999995
3.7759999999999998	-0.572932400699999955	-0.632940728599999947
3.78399999999999981	-0.666564508699999947	-0.531122618699999993
3.79199999999999982	-0.74270243970000005	-0.416852030900000003
3.79999999999999982	-0.799811137299999975	-0.293015380800000003
3.80799999999999983	-0.83717685740000003	-0.161034047900000005
3.81599999999999984	-0.853453227000000036	-0.023567345
3.82399999999999984	-0.847644655400000002	0.115632352399999999
3.83199999999999985	-0.819207212400000051	0.253008179200000016
3.83999999999999986	-0.768131287999999968	0.385129576500000015
3.84799999999999986	-0.695141686499999967	0.507371953000000042
3.85599999999999987	-0.601699146399999996	0.616582346099999956
3.86399999999999988	-0.491221933100000008	0.707980178999999987
3.87199999999999989	-0.366519544500000016	0.779230049200000052
3.87999999999999989	-0.231607673699999989	0.82821060989999995
3.8879999999999999	-0.0909594623000000019	0.85358609519999995
3.89599999999999991	0.0508987842999999995	0.855283079799999957
3.90399999999999991	0.190320962600000004	0.833429788200000021
3.91199999999999992	0.323643667000000024	0.78950532029999998
3.91999999999999993	0.447553830400000019	0.724608185200000032
3.92799999999999994	0.558799527599999957	0.641201408699999975
3.93599999999999994	0.655056473100000036	0.541396396500000043
3.94399999999999995	0.734730425800000031	0.426471909099999991
3.95199999999999996	0.794336108700000043	0.301345468999999977
3.95999999999999996	0.833183850399999981	0.168746473300000005
3.96799999999999997	0.850619989400000054	0.0323902588000000019
3.97599999999999998	0.845611239200000031	-0.105671708200000006
3.98399999999999999	0.818321740799999975	-0.242312234300000012
3.99199999999999999	0.768216232600000049	-0.373288596899999991
4	0.696723551800000007	-0.494559620500000019
4.00800000000000001	0.605643646700000038	-0.602768030799999965
4.01600000000000001	0.497695255000000003	-0.694277529399999982
4.02400000000000002	0.376037077100000006	-0.765995588200000022
4.03200000000000003	0.244276911099999994	-0.816229600300000024
4.04000000000000004	0.106577309499999995	-0.843678133399999974
4.04800000000000004	-0.0327326812000000023	-0.847880148699999947
4.05600000000000005	-0.169997425300000005	-0.829518910899999962
4.06400000000000006	-0.301822469799999993	-0.789746509800000052
4.07200000000000006	-0.42536038100000001	-0.729540030699999953
4.08000000000000007	-0.537856015799999976	-0.650972698000000016
4.08800000000000008	-0.63630177330000004	-0.555891917299999982
4.09600000000000009	-0.718565027300000048	-0.4468352518
4.10400000000000009	-0.782968036700000036	-0.324812310900000012
4.1120000000000001	-0.827660276499999958	-0.1933547672
4.12000000000000011	-0.850264024999999979	-0.0552121513999999994
4.12800000000000011	-0.849571124500000052	0.0861351483000000057
4.13600000000000012	-0.824975691999999983	0.225778892099999989
4.14400000000000013	-0.776514136299999991	0.360194778300000018
4.15200000000000014	-0.705501872699999977	0.48442273600000002
4.16000000000000014	-0.61441503239999995	0.594402322899999946
4.16800000000000015	-0.50643262109999998	0.686838843199999993
4.17600000000000016	-0.385107501299999988	0.759208068600000008
4.18400000000000016	-0.254920610499999978	0.809943748899999982
4.19200000000000017	-0.119347596400000006	0.83844394659999999
4.20000000000000018	0.0179068608000000004	0.845284098799999994
4.20800000000000018	0.15394062	0.830401995899999967
4.21600000000000019	0.285920353100000024	0.795003275500000051
4.2240000000000002	0.411038830199999983	0.739287022299999985
4.23200000000000021	0.525537601499999951	0.665291695900000035
4.24000000000000021	0.626641884600000032	0.574927990299999969
4.24800000000000022	0.712693060500000031	0.468904400399999977
4.25600000000000023	0.780826196899999991	0.349941151100000014
4.26400000000000023	0.82879383080000002	0.21892958500000001
4.27200000000000024	0.855567439999999957	0.0656317703999999974
4.28000000000000025	0.853059175700000005	-0.0833738923999999965
4.28800000000000026	0.824458067300000041	-0.2268212909
4.29600000000000026	0.772648261800000014	-0.360355960899999994
4.30400000000000027	0.700447482700000013	-0.480897746399999992
4.31200000000000028	0.611165276200000052	-0.586270764
4.32000000000000028	0.506853246100000043	-0.675328801299999948
4.32800000000000029	0.390871745100000001	-0.746210882600000014
4.3360000000000003	0.265633088799999972	-0.798199418699999996
4.34400000000000031	0.134618317200000004	-0.830067500099999966
4.35200000000000031	-0.00034862169999999999	-0.84156755179999998
4.36000000000000032	-0.13646684819999999	-0.831762078599999954
4.36800000000000033	-0.26975236159999999	-0.800641377799999998
4.37600000000000033	-0.397529479799999974	-0.748083602499999945
4.38400000000000034	-0.516367055999999991	-0.674192177999999975
4.39200000000000035	-0.622020800299999954	-0.580809964399999989
4.40000000000000036	-0.710152786199999997	-0.470912554799999994
4.40800000000000036	-0.77882805909999997	-0.347257994700000017
4.41600000000000037	-0.82554219299999998	-0.213684968899999994
4.42400000000000038	-0.849139981200000005	-0.0739461775000000016
4.43200000000000038	-0.848709038299999996	0.066959626199999997
4.44000000000000039	-0.825382898600000026	0.205253839100000002
4.4480000000000004	-0.779476511699999985	0.337629219699999983
4.45600000000000041	-0.713013298000000018	0.460463870800000008
4.46400000000000041	-0.627813326800000016	0.570553418899999998
4.47200000000000042	-0.525762570799999995	0.665325545900000037
4.48000000000000043	-0.409595657599999996	0.742180806999999998
4.48800000000000043	-0.282421492200000013	0.799203952699999998
4.49600000000000044	-0.147161726399999998	0.834682540900000047
4.50399999999999956	-0.00779727209999999966	0.847529661599999984
4.51199999999999957	0.131855088499999995	0.836810562299999949
4.51999999999999957	0.2676569949	0.80267013229999995
4.52799999999999958	0.3955168134	0.746464727500000036
4.53599999999999959	0.511857408300000039	0.670207950200000013
4.54399999999999959	0.61331316349999998	0.575987158600000049
4.5519999999999996	0.697488712700000013	0.467149913999999999
4.55999999999999961	0.762439165500000016	0.3466759331
4.56799999999999962	0.807034496200000007	0.217885810699999988
4.57599999999999962	0.830337850599999983	0.083907807299999998
4.58399999999999963	0.832000450799999958	-0.0523361279000000013
4.59199999999999964	0.811963188500000044	-0.187232211000000009
4.59999999999999964	0.770588747300000043	-0.317234258699999994
4.60799999999999965	0.709291557100000025	-0.437783873200000007
4.61599999999999966	0.629255031699999967	-0.547614858600000032
4.62399999999999967	0.534810479999999977	-0.642259049900000045
4.63199999999999967	0.425821366599999973	-0.721657455300000028
4.63999999999999968	0.304566918700000022	-0.782974850500000041
4.64799999999999969	0.173744888900000005	-0.824203916900000055
4.65599999999999969	0.0365546855000000032	-0.843398053499999967
4.6639999999999997	-0.102937764099999995	-0.839388480400000025
4.67199999999999971	-0.240668984599999997	-0.811596046200000032
4.67999999999999972	-0.372123063500000018	-0.76068957479999999
4.68799999999999972	-0.493035149499999992	-0.68797307470000002
4.69599999999999973	-0.599487335199999971	-0.595957988300000019
4.70399999999999974	-0.688301663099999961	-0.487746180600000023
4.71199999999999974	-0.757233194899999962	-0.366828579099999996
4.71999999999999975	-0.804871518000000008	-0.237277381399999987
4.72799999999999976	-0.830653238200000033	-0.103012303099999994
4.73599999999999977	-0.834571474099999988	0.0327262146999999989
4.74399999999999977	-0.817034575800000051	0.167031096299999987
4.75199999999999978	-0.778798749899999976	0.296358033799999976
4.75999999999999979	-0.721010374500000051	0.418303091199999977
4.76799999999999979	-0.644619062900000039	0.53013645949999999
4.7759999999999998	-0.550888236699999978	0.629156454199999993
4.78399999999999981	-0.441359510700000013	0.712502628299999996
4.79199999999999982	-0.318941399999999986	0.777095255500000026
4.79999999999999982	-0.186692725400000009	0.820659469199999991
4.80799999999999983	-0.0480178422000000008	0.841463575699999966
4.81599999999999984	0.0926575991999999959	0.838330739999999963
4.82399999999999984	0.230345180799999993	0.811408843800000001
4.83199999999999985	0.361312797999999991	0.76128956839999995
4.83999999999999986	0.481699833399999999	0.689895417599999949
4.84799999999999986	0.587364952699999998	0.600537223599999948
4.85599999999999987	0.67635656249999998	0.495704856199999988
4.86399999999999988	0.746982375500000018	0.37858127720000001
4.87199999999999989	0.797796799100000009	0.252020819299999976
4.87999999999999989	0.827971250599999986	0.119486959500000003
4.8879999999999999	0.837207017500000039	-0.0154147542000000002
4.89599999999999991	0.825021172499999955	-0.15052215490000001
4.90399999999999991	0.790881002600000049	-0.283517606099999986
4.91199999999999992	0.735448049599999987	-0.40983371070000002
4.91999999999999993	0.659457967899999997	-0.525966310199999953
4.92799999999999994	0.564217732699999974	-0.628523740600000047
4.93599999999999994	0.452718277200000019	-0.713664111199999951
4.94399999999999995	0.327767460100000019	-0.778708299199999954
4.95199999999999996	0.193909016399999995	-0.821536636900000006
4.95999999999999996	0.0553677445000000032	-0.840821576800000026
4.96799999999999997	-0.0832530699999999985	-0.836694237899999971
4.97599999999999998	-0.21837512349999999	-0.810022929800000013
4.98399999999999999	-0.346981279500000017	-0.762343401700000034
4.99199999999999999	-0.465706607100000003	-0.695035755799999988
5	-0.572056501399999973	-0.610116716599999998
5.00800000000000001	-0.662923614999999966	-0.510179846600000042
5.01600000000000001	-0.737600862600000018	-0.396796281500000014
5.02400000000000002	-0.793182598200000033	-0.272673379900000012
5.03200000000000003	-0.828392569100000031	-0.142883521000000013
5.04000000000000004	-0.842533689799999985	-0.0104592990999999996
5.04800000000000004	-0.836224103000000052	0.122730585599999997
5.05600000000000005	-0.802138772599999994	0.270631888200000004
5.06400000000000006	-0.741190297099999951	0.408525132600000007
5.07200000000000006	-0.659515925300000028	0.528644658499999975
5.08000000000000007	-0.561015526799999997	0.630426432599999975
5.08800000000000008	-0.448920584399999989	0.712438456600000047
5.09600000000000009	-0.32587712860000001	0.774687832799999976
5.10400000000000009	-0.194580540999999996	0.815730333299999999
5.1120000000000001	-0.0591989750000000009	0.834982992000000035
5.12000000000000011	0.0768199912000000068	0.832165081099999981
5.12800000000000011	0.210718560299999996	0.80823050569999999
5.13600000000000012	0.338759712499999976	0.762890496699999976
5.14400000000000013	0.45803293610000001	0.698145620999999994
5.15200000000000014	0.565709280800000047	0.614759379500000036
5.16000000000000014	0.658792113800000023	0.51470681110000005
5.16800000000000015	0.734676471699999944	0.400458468199999973
5.17600000000000016	0.790963677499999962	0.275316644300000024
5.18400000000000016	0.825905387699999993	0.141901469899999993
5.19200000000000017	0.838265864999999999	0.0045913795000000002
5.20000000000000018	0.82774942880000002	-0.133242584500000011
5.20800000000000018	0.794097690500000009	-0.267662754599999997
5.21600000000000019	0.738440250400000053	-0.394544041700000014
5.2240000000000002	0.662676896699999962	-0.509981871100000039
5.23200000000000021	0.569167934600000036	-0.611349152199999968
5.24000000000000021	0.460277775	-0.695371210699999964
5.24800000000000022	0.339541530599999974	-0.76053042439999996
5.25600000000000023	0.21051148489999999	-0.804667017099999993
5.26400000000000023	0.076853514100000006	-0.827357469099999965
5.27200000000000024	-0.0588435136000000011	-0.827827734300000007
5.28000000000000025	-0.19227670320000001	-0.806011871199999952
5.28800000000000026	-0.320321122100000022	-0.763753791500000001
5.29600000000000026	-0.439858185600000007	-0.701444657100000035
5.30400000000000027	-0.548439870399999974	-0.620444723600000025
5.31200000000000028	-0.641486078699999962	-0.523819015499999985
5.32000000000000028	-0.71837389890000003	-0.413200006000000009
5.32800000000000029	-0.77653997379999995	-0.290926024999999977
5.3360000000000003	-0.814029606500000003	-0.160647175499999989
5.34400000000000031	-0.830077517200000004	-0.0260131939999999999
5.35200000000000031	-0.823974591899999997	0.110312974699999997
5.36000000000000032	-0.795007537399999964	0.244111467199999987
5.36800000000000033	-0.743925876399999964	0.371319054599999976
5.37600000000000033	-0.673161283400000032	0.488653297599999981
5.38400000000000034	-0.584052650099999959	0.592168967700000048
5.39200000000000035	-0.478581250600000008	0.679886335099999961
5.40000000000000036	-0.359836391099999986	0.749161350399999981
5.40800000000000036	-0.23250177520000001	0.797759776499999962
5.41600000000000037	-0.0982980813000000064	0.824708375499999979
5.42400000000000038	0.0389775785999999999	0.829602372500000018
5.43200000000000038	0.174592600999999986	0.812030576199999965
5.44000000000000039	0.305637221100000023	0.772547712299999967
5.4480000000000004	0.428788279300000019	0.712090687999999972
5.45600000000000041	0.540420613899999958	0.632201115900000055
5.46400000000000041	0.637232463599999965	0.534655545500000051
5.47200000000000042	0.716965806100000047	0.422523694299999975
5.48000000000000043	0.776648853800000039	0.298121656000000013
5.48800000000000043	0.814396026000000051	0.166017104199999987
5.49600000000000044	0.830075894799999991	0.0301999834000000016
5.50399999999999956	0.822533741899999948	-0.105822655400000007
5.51199999999999957	0.793019015900000013	-0.237741310799999994
5.51999999999999957	0.742423862999999962	-0.362402053800000012
5.52799999999999958	0.672039443900000033	-0.477597575200000013
5.53599999999999959	0.584579157199999977	-0.579855518400000047
5.54399999999999959	0.481817329500000002	-0.66653885420000003
5.5519999999999996	0.367086486300000014	-0.73535312009999998
5.55999999999999961	0.242833981300000001	-0.784536958599999945
5.56799999999999962	0.112317590100000003	-0.81396563200000005
5.57599999999999962	-0.0213421264000000013	-0.821290400600000026
5.58399999999999963	-0.1545397258	-0.807707251199999976
5.59199999999999964	-0.283579291100000019	-0.772457084100000024
5.59999999999999964	-0.406016450899999992	-0.71688803769999998
5.60799999999999965	-0.518033527699999996	-0.641853830199999975
5.61599999999999966	-0.616247565600000047	-0.549057026700000006
5.62399999999999967	-0.698648146100000034	-0.441202976000000024
5.63199999999999967	-0.762002296399999945	-0.320714698999999992
5.63999999999999968	-0.804914520099999975	-0.191480345699999999
5.64799999999999969	-0.825622244399999983	-0.0572329047999999979
5.65599999999999969	-0.824181280000000016	0.0789876914000000041
5.6639999999999997	-0.800481944099999954	0.2130175443
5.67199999999999971	-0.754351604699999956	0.341422010900000017
5.67999999999999972	-0.688347362200000035	0.460834634000000021
5.68799999999999972	-0.603567695600000009	0.567128687800000031
5.69599999999999973	-0.502684716099999984	0.658532038499999972
5.70399999999999974	-0.388020687799999986	0.73169497920000004
5.71199999999999974	-0.263176483999999988	0.784774479600000019
5.71999999999999975	-0.131836504900000012	0.816783404199999952
5.72799999999999976	0.00354465029999999999	0.826909071700000053
5.73599999999999977	0.138141335199999993	0.815099022900000025
5.74399999999999977	0.268821508300000012	0.781593814199999959
5.75199999999999978	0.392600067800000008	0.727334614999999962
5.75999999999999979	0.506179257899999957	0.653910695700000044
5.76799999999999979	0.606121205799999951	0.562633448699999983
5.7759999999999998	0.690310307499999998	0.456422448599999975
5.78399999999999981	0.756115124200000044	0.336986387100000007
5.79199999999999982	0.802109027400000008	0.208286435399999997
5.79999999999999982	0.825215314399999955	0.0731863895999999986
5.80799999999999983	0.82652395320000005	-0.0638052681000000066
5.81599999999999984	0.804545065300000029	-0.199654095300000001
5.82399999999999984	0.760076615699999958	-0.330355259600000006
5.83199999999999985	0.69491553490000002	-0.450704174800000024
5.83999999999999986	0.610423852599999983	-0.558412927300000028
5.84799999999999986	0.509502904700000037	-0.650320168899999995
5.85599999999999987	0.394900385600000015	-0.724168852899999993
5.86399999999999988	0.269881601799999982	-0.777898061699999976
5.87199999999999989	0.138360858799999986	-0.810442002199999956
5.87999999999999989	0.00381594749999999983	-0.820502797900000025
5.8879999999999999	-0.129298734400000004	-0.808962384700000037
5.89599999999999991	-0.258831533300000027	-0.77613711910000005
5.90399999999999991	-0.380927097499999978	-0.723203103100000022
5.91199999999999992	-0.493021210900000006	-0.651733584299999946
5.91999999999999993	-0.592086064700000025	-0.56315731449999995
5.92799999999999994	-0.675389834299999992	-0.460046275200000021
5.93599999999999994	-0.741374091600000007	-0.345052131699999987
5.94399999999999995	-0.788096926799999986	-0.220800578299999994
5.95199999999999996	-0.814502892000000034	-0.0905731062999999975
5.95999999999999996	-0.819966352400000043	0.0428784187999999983
5.96799999999999997	-0.803648995199999994	0.176283517100000009
5.97599999999999998	-0.765862886500000006	0.305720781800000008
5.98399999999999999	-0.706956500899999951	0.427784067900000009
5.99199999999999999	-0.62798472510000003	0.539212217999999965
6	-0.531614333699999997	0.636261255700000028
6.00800000000000001	-0.420343995000000026	0.715593797299999945
6.01600000000000001	-0.296796330800000008	0.775337148600000026
6.02400000000000002	-0.164835040900000007	0.814048682899999987
6.03200000000000003	-0.0290160421000000002	0.829953950199999957
6.04000000000000004	0.1076379898	0.822985969899999947
6.04800000000000004	0.241346843899999997	0.793812386200000053
6.05600000000000005	0.367867777900000026	0.743013797799999987
6.06400000000000006	0.484144037999999999	0.672386904599999946
6.07200000000000006	0.587246590400000046	0.583604937000000046
6.08000000000000007	0.674580494600000025	0.47944482519999998
6.08800000000000008	0.743647102599999998	0.362795696300000026
6.09600000000000009	0.793429885200000018	0.236347788100000011
6.10400000000000009	0.821522249900000001	0.103255313599999995
6.1120000000000001	0.827786438499999999	-0.0333658796999999965
6.12000000000000011	0.810838429899999991	-0.168904795100000005
6.12800000000000011	0.771935731899999977	-0.299497882100000001
6.13600000000000012	0.712029041099999982	-0.422234256400000008
6.14400000000000013	0.632365803500000045	-0.533163058800000034
6.15200000000000014	0.536417211099999958	-0.629053716699999987
6.16000000000000014	0.426516275700000003	-0.707840595500000003
6.16800000000000015	0.305878845600000004	-0.76755727770000004
6.17600000000000016	0.178186797799999991	-0.807097083299999962
6.18400000000000016	0.0474438817999999971	-0.825947486000000008
6.19200000000000017	-0.0882722739999999978	-0.823966915600000016
6.20000000000000018	-0.226975356200000006	-0.798565375999999993
6.20800000000000018	-0.359485904099999976	-0.750280483800000009
6.21600000000000019	-0.480043314100000007	-0.680742043700000021
6.2240000000000002	-0.586888830200000045	-0.591985209600000006
6.23200000000000021	-0.677547468400000019	-0.486692214299999981
6.24000000000000021	-0.748859200199999964	-0.367788549199999981
6.24800000000000022	-0.799367216399999969	-0.238056488399999988
6.25600000000000023	-0.826601515300000034	-0.102084236600000003
6.26400000000000023	-0.830614629900000012	0.0361695449999999974
6.27200000000000024	-0.811534629600000001	0.172199873199999992
6.28000000000000025	-0.7704999347	0.302331632700000019
6.28800000000000026	-0.70922947489999999	0.423320603899999981
6.29600000000000026	-0.629574793700000024	0.532243799800000028
6.30400000000000027	-0.533817032800000035	0.626519254299999995
6.31200000000000028	-0.424907118899999992	0.704341434599999983
6.32000000000000028	-0.305009623299999977	0.763919465700000022
6.32800000000000029	-0.176939248800000004	0.803567049099999986
6.3360000000000003	-0.0438205610000000009	0.821621299999999999
6.34400000000000031	0.0908320331999999953	0.818547949599999991
6.35200000000000031	0.2236859343	0.793324453400000018
6.36000000000000032	0.350945618299999984	0.746090903599999966
6.36800000000000033	0.468997964699999992	0.678561293899999973
6.37600000000000033	0.574037121799999994	0.591967363600000018
6.38400000000000034	0.663068341200000022	0.489221679700000023
6.39200000000000035	0.733702630000000022	0.373075274199999973
6.40000000000000036	0.783752011699999973	0.247397537199999989
6.40800000000000036	0.812491715800000014	0.115876328700000003
6.41600000000000037	0.819100218600000041	-0.0183617459000000004
6.42400000000000038	0.804010688700000031	-0.150981467000000008
6.43200000000000038	0.767970582799999968	-0.279081990700000004
6.44000000000000039	0.712133410299999992	-0.399532649999999989
6.4480000000000004	0.638008761899999999	-0.509643675500000004
6.45600000000000041	0.546803500799999953	-0.606832258600000007
6.46400000000000041	0.441350925399999983	-0.688019205300000047
6.47200000000000042	0.323826329000000024	-0.7512807507
6.48000000000000043	0.196876882499999989	-0.794984300700000035
6.48800000000000043	0.0641247226000000031	-0.817271856900000038
6.49600000000000044	-0.0706870240000000011	-0.81735168189999996
6.50399999999999956	-0.204239839000000006	-0.795114523399999995
6.51199999999999957	-0.332564557699999985	-0.750900185799999953
6.51999999999999957	-0.451779581699999988	-0.685874924199999958
6.52799999999999958	-0.558789386700000001	-0.602478740799999968
6.53599999999999959	-0.650451759700000021	-0.502070499400000037
6.54399999999999959	-0.724256252300000014	-0.387921545400000012
6.5519999999999996	-0.778136075299999952	-0.264173201199999985
6.55999999999999961	-0.81007137819999997	-0.132909532200000013
6.56799999999999962	-0.820512652799999964	0.00214465949999999989
6.57599999999999962	-0.809203227599999964	0.136605489699999999
6.58399999999999963	-0.775880622099999973	0.267225782799999978
6.59199999999999964	-0.721950208899999946	0.390489576599999999
6.59999999999999964	-0.648426478700000031	0.503388519100000043
6.60799999999999965	-0.557171414000000031	0.60296012099999996
6.61599999999999966	-0.451241802700000028	0.686271495600000003
6.62399999999999967	-0.332509896400000005	0.751392750000000054
6.63199999999999967	-0.20445379729999999	0.795377371499999986
6.63999999999999968	-0.0709968534999999984	0.818504403699999994
6.64799999999999969	0.0652563085999999931	0.818635596000000021
6.65599999999999969	0.199342024600000001	0.795857976500000008
6.6639999999999997	0.327259500400000014	0.751245882400000009
6.67199999999999971	0.445707979500000018	0.685625068500000046
6.67999999999999972	0.550832390099999958	0.601728063599999974
6.68799999999999972	0.640378014499999981	0.502079347999999981
6.69599999999999973	0.712052859100000046	0.390038070000000014
6.70399999999999974	0.764181301599999974	0.268503074100000017
6.71199999999999974	0.796106944699999985	0.141039977600000005
6.71999999999999975	0.807429668499999975	0.0106971732999999996
6.72799999999999976	0.798142406299999996	-0.119685445099999996
6.73599999999999977	0.768854282299999969	-0.24639965250000001
6.74399999999999977	0.719823942899999958	-0.367376582999999979
6.75199999999999978	0.652382090899999989	-0.480059851699999984
6.75999999999999979	0.567299332000000045	-0.580570500300000014
6.76799999999999979	0.466338994499999993	-0.667091082600000052
6.7759999999999998	0.351557544	-0.736426203599999996
6.78399999999999981	0.225939112599999992	-0.786521956199999983
6.79199999999999982	0.0930604716999999942	-0.814711253000000024
6.79999999999999982	-0.043055614300000003	-0.820082000600000027
6.80799999999999983	-0.178285632400000005	-0.802499929999999972
6.81599999999999984	-0.308931422499999997	-0.762114191400000029
6.82399999999999984	-0.43024542189999998	-0.700671727200000038
6.83199999999999985	-0.538655363800000009	-0.620799587399999964
6.83999999999999986	-0.632490429800000031	-0.524241369800000023
6.84799999999999986	-0.709245322300000036	-0.413948002900000001
6.85599999999999987	-0.766698402499999987	-0.293086163200000027
6.86399999999999988	-0.804323604899999989	-0.164699430799999991
6.87199999999999989	-0.820303536900000019	-0.0329135808000000016
6.87999999999999989	-0.815105564100000013	0.100236937999999998
6.8879999999999999	-0.788903677700000028	0.231559197999999994
6.89599999999999991	-0.741617933200000023	0.356606239800000002
6.90399999999999991	-0.673697138299999998	0.473393083200000009
6.91199999999999992	-0.586632300899999959	0.578998569899999982
6.91999999999999993	-0.482289897700000025	0.669112655099999953
6.92799999999999994	-0.364158383899999993	0.740281886200000017
6.93599999999999994	-0.235953094700000005	0.790719386699999971
6.94399999999999995	-0.101539127399999998	0.818528653899999958
6.95199999999999996	0.0355908367999999975	0.82377599069999996
6.95999999999999996	0.171239854899999988	0.80636737650000001
6.96799999999999997	0.300612060299999984	0.766805062800000048
6.97599999999999998	0.423189608599999989	0.70664406209999997
6.98399999999999999	0.533366216999999976	0.627544823399999951
6.99199999999999999	0.629420214299999947	0.53117249759999996
7	0.708169831299999997	0.420330333300000025
7.00800000000000001	0.767397027300000034	0.298187011999999974
7.01600000000000001	0.805407121600000053	0.167778659299999994
7.02400000000000002	0.821231376099999966	0.0330610496000000031
7.03200000000000003	0.814276807399999969	-0.102354894599999996
7.04000000000000004	0.784904433400000046	-0.233994046700000013
7.04800000000000004	0.734505673899999989	-0.358405084500000026
7.05600000000000005	0.664558828200000007	-0.472736434400000016
7.06400000000000006	0.577347059199999957	-0.573184164800000007
7.07200000000000006	0.475547069499999975	-0.657579169699999966
7.08000000000000007	0.362446735799999975	-0.724168679499999968
7.08800000000000008	0.240439253600000014	-0.77188822239999999
7.09600000000000009	0.113265054399999995	-0.799619028499999995
7.10400000000000009	-0.0162898068999999986	-0.807201284599999958
7.1120000000000001	-0.145580334799999989	-0.794350164999999997
7.12000000000000011	-0.271405803700000003	-0.761517597899999954
7.12800000000000011	-0.390991134799999973	-0.709047508699999995
7.13600000000000012	-0.501180662699999946	-0.637995509799999971
7.14400000000000013	-0.599150556000000001	-0.549665620800000032
7.15200000000000014	-0.682283914600000041	-0.445957039
7.16000000000000014	-0.747684794800000052	-0.329361255299999989
7.16800000000000015	-0.793640124099999955	-0.202615767000000002
7.17600000000000016	-0.817709060400000021	-0.0691793242999999974
7.18400000000000016	-0.818962520100000035	0.0669236821000000065
7.19200000000000017	-0.797594585200000039	0.201544426700000001
7.20000000000000018	-0.753741531399999998	0.331196503199999992
7.20800000000000018	-0.688878156899999983	0.451524715000000021
7.21600000000000019	-0.604791160200000011	0.559478072400000026
7.2240000000000002	-0.503661926100000046	0.651740173400000011
7.23200000000000021	-0.388922560899999992	0.72579898460000003
7.24000000000000021	-0.263794169500000009	0.779510069800000038
7.24800000000000022	-0.131916065100000007	0.811665981400000014
7.25600000000000023	0.00350173510000000021	0.821873980000000004
7.26400000000000023	0.138564813600000003	0.809873289100000004
7.27200000000000024	0.269814087300000005	0.775957940900000032
7.28000000000000025	0.39375611399999999	0.720878141699999975
7.28800000000000026	0.507195745800000042	0.646558601399999988
7.29600000000000026	0.607188300300000039	0.554219691699999961
7.30400000000000027	0.690393454199999979	0.44694671079999998
7.31200000000000028	0.75518226799999999	0.327236976899999976
7.32000000000000028	0.79850156910000003	0.198532245699999998
7.32800000000000029	0.820103240799999966	0.0641385636000000037
7.3360000000000003	0.819241746100000001	-0.0717412763000000037
7.34400000000000031	0.795848011699999969	-0.205509952500000009
7.35200000000000031	0.750545111300000012	-0.333549839899999978
7.36000000000000032	0.685155995499999948	-0.451763732799999984
7.36800000000000033	0.601169141199999979	-0.557190503099999956
7.37600000000000033	0.501465541700000017	-0.647750021799999964
7.38400000000000034	0.38843208600000001	-0.719903144500000036
7.39200000000000035	0.266104758800000007	-0.772925314800000041
7.40000000000000036	0.13658878490000001	-0.805094838200000051
7.40800000000000036	0.00408277489999999983	-0.816522195200000023
7.41600000000000037	-0.127514292499999987	-0.806569721100000026
7.42400000000000038	-0.256636973400000024	-0.775188533300000038
7.43200000000000038	-0.379866609000000022	-0.723779918800000033
7.44000000000000039	-0.492946798500000005	-0.652607257500000038
7.4480000000000004	-0.59331811329999995	-0.56402168720000001
7.45600000000000041	-0.678125149500000024	-0.459810332099999997
7.46400000000000041	-0.744941014100000021	-0.343031810300000017
7.47200000000000042	-0.792121408500000013	-0.216432978599999992
7.48000000000000043	-0.81780279290000002	-0.083331499200000006
7.48800000000000043	-0.821035997600000012	0.0524216268999999971
7.49600000000000044	-0.801726258800000036	0.186990778599999991
7.50399999999999956	-0.760231422800000001	0.316948653400000002
7.51199999999999957	-0.697396707999999976	0.43813462110000001
7.51999999999999957	-0.615511045600000029	0.546998640300000005
7.52799999999999958	-0.516492580700000037	0.640334209199999949
7.53599999999999959	-0.403766293300000023	0.715675551499999951
7.54399999999999959	-0.280408803799999995	0.771310740500000036
7.5519999999999996	-0.150269182400000006	0.805843865599999987
7.55999999999999961	-0.0165288984999999999	0.81868103010000004
7.56799999999999962	0.117313788000000002	0.80977423989999997
7.57599999999999962	0.247760763200000012	0.779358650199999947
7.58399999999999963	0.371199569800000018	0.728548165500000011
7.59199999999999964	0.485407989400000017	0.658458467300000017
7.59999999999999964	0.586894876100000018	0.570810770599999961
7.60799999999999965	0.672830284500000042	0.467506556600000012
7.61599999999999966	0.741535767100000021	0.351249788000000007
7.62399999999999967	0.790407454799999964	0.225194536700000003
7.63199999999999967	0.817789066100000017	0.0919250660999999941
7.63999999999999968	0.82235587050000003	-0.0442895406999999977
7.64799999999999969	0.804275327699999987	-0.179906419000000012
7.65599999999999969	0.76375236270000002	-0.310384572299999995
7.6639999999999997	0.701858285399999948	-0.432258884899999973
7.67199999999999971	0.620771025499999962	-0.541966699399999974
7.67999999999999972	0.52259116409999995	-0.636418849000000009
7.68799999999999972	0.410751109100000011	-0.713273889200000011
7.69599999999999973	0.287537601600000026	-0.770374182600000013
7.70399999999999974	0.157718835299999999	-0.806357611399999952
7.71199999999999974	0.0232738458000000016	-0.821420030400000001
7.71999999999999975	-0.110888079599999995	-0.814104947599999962
7.72799999999999976	-0.242743244100000005	-0.785174664300000047
7.73599999999999977	-0.368262645599999994	-0.735259065599999984
7.74399999999999977	-0.483713433999999998	-0.665178309600000017
7.75199999999999978	-0.586618346499999999	-0.577426389099999993
7.75999999999999979	-0.673731781199999991	-0.473520463200000019
7.76799999999999979	-0.742665481199999977	-0.356529206300000012
7.7759999999999998	-0.791600464700000006	-0.229331213700000008
7.78399999999999981	-0.818512777699999972	-0.096034427399999997
7.79199999999999982	-0.822955671999999971	0.0395264098000000022
7.79999999999999982	-0.804787809400000054	0.174268488199999988
7.80799999999999983	-0.764816602899999975	0.303962525799999994
7.81599999999999984	-0.704538256999999946	0.424736641899999989
7.82399999999999984	-0.625213868400000039	0.534060236199999983
7.83199999999999985	-0.528949994199999995	0.628680258199999953
7.83999999999999986	-0.41926540280000002	0.7061940887
7.84799999999999986	-0.298040457699999983	0.765247297000000049
7.85599999999999987	-0.169249540799999987	0.80356660000000002
7.86399999999999988	-0.0356829946999999981	0.820498626300000033
7.87199999999999989	0.0991528088000000057	0.815580604099999995
7.87999999999999989	0.23210466099999999	0.78874741979999996
7.8879999999999999	0.358937271999999974	0.740157836600000008
7.89599999999999991	0.476368631599999981	0.671320389200000034
7.90399999999999991	0.581395848600000043	0.582792500000000047
7.91199999999999992	0.670525044999999986	0.477531504200000012
7.91999999999999993	0.740976858599999955	0.358489096700000009
7.92799999999999994	0.789745057900000047	0.229741349900000003
7.93599999999999994	0.81595598530000002	0.0957320331999999968
7.94399999999999995	0.820271573999999948	-0.0399224973999999996
7.95199999999999996	0.802466181000000001	-0.172815541699999992
7.95999999999999996	0.76383063750000002	-0.298016425699999976
7.96799999999999997	0.705761545500000032	-0.416477507400000002
7.97599999999999998	0.628571955500000001	-0.525701096699999981
7.98399999999999999	0.534138388200000036	-0.621657082899999991
7.99199999999999999	0.424840459499999989	-0.701362068999999977
8	0.303338718100000015	-0.762331964899999992
8.00799999999999912	0.173092921900000002	-0.803118468099999983
8.01600000000000001	0.0374927443999999999	-0.821648158799999973
8.02399999999999913	-0.0993234728000000067	-0.817131113800000031
8.03200000000000003	-0.234083221799999991	-0.789723362699999987
8.03999999999999915	-0.362488051400000011	-0.739787079199999975
8.04800000000000004	-0.480447005300000007	-0.668885877999999989
8.05599999999999916	-0.58404819149999998	-0.579363309600000043
8.06400000000000006	-0.671366085199999962	-0.473555836000000008
8.07199999999999918	-0.739229442099999967	-0.35505194750000002
8.08000000000000007	-0.786259872200000043	-0.227492629599999996
8.08799999999999919	-0.81135275370000004	-0.0946927538999999957
8.09600000000000009	-0.814587850500000044	0.0397720411999999968
8.1039999999999992	-0.795919200800000004	0.172372052500000011
8.1120000000000001	-0.756574912499999974	0.299873990099999987
8.11999999999999922	-0.696668160400000014	0.419666057199999998
8.12800000000000011	-0.618623552800000032	0.527825111800000024
8.13599999999999923	-0.523809605299999981	0.622577597100000046
8.14400000000000013	-0.414003749099999985	0.700186650499999952
8.15199999999999925	-0.292614607400000004	0.758450571000000018
8.16000000000000014	-0.16344201550000001	0.796092412699999974
8.16799999999999926	-0.0293975762999999987	0.811039676599999981
8.17600000000000016	0.104991161700000002	0.802748475599999955
8.18399999999999928	0.235348400000000013	0.772069219699999976
8.19200000000000017	0.357802263000000009	0.720298406299999971
8.19999999999999929	0.4689182556	0.649370936199999971
8.20800000000000018	0.566152238799999985	0.562319017500000018
8.2159999999999993	0.647656049099999964	0.461751192799999988
8.2240000000000002	0.711475886400000035	0.350986897500000006
8.23199999999999932	0.757490396500000052	0.231961968099999999
8.24000000000000021	0.784938749499999977	0.107513295499999995
8.24799999999999933	0.792477474499999945	-0.0202146965000000005
8.25600000000000023	0.780263829200000036	-0.148111428099999998
8.26399999999999935	0.747649779399999992	-0.273304026099999986
8.27200000000000024	0.694804761300000018	-0.39329264450000001
8.27999999999999936	0.621821140400000028	-0.503060379200000019
8.28800000000000026	0.530996699200000033	-0.600065234200000019
8.29599999999999937	0.423936295600000013	-0.680375761600000017
8.30400000000000027	0.304593026900000008	-0.741003136699999954
8.31199999999999939	0.176927728799999989	-0.779842494800000008
8.32000000000000028	0.0453115674999999968	-0.796238302799999964
8.3279999999999994	-0.0858638129000000028	-0.790165165799999958
8.3360000000000003	-0.212830024300000004	-0.763023138700000048
8.34399999999999942	-0.332576864299999997	-0.716615251699999956
8.35200000000000031	-0.442416595400000001	-0.652934916900000051
8.35999999999999943	-0.540939098499999993	-0.573225005299999979
8.36800000000000033	-0.626638065500000008	-0.479439031399999993
8.37599999999999945	-0.697250040999999987	-0.373555011900000011
8.38400000000000034	-0.751259130799999952	-0.256653512600000022
8.39199999999999946	-0.786355243399999959	-0.131121212699999989
8.40000000000000036	-0.80054491959999996	0.000337924600000000014
8.40799999999999947	-0.7922978839	0.134054816800000004
8.41600000000000037	-0.760845998800000034	0.265744944500000024
8.42399999999999949	-0.705990933599999981	0.390438510500000002
8.43200000000000038	-0.629823206099999977	0.503678444800000014
8.4399999999999995	-0.534635086500000023	0.600677298799999981
8.4480000000000004	-0.425296714899999984	0.678954065100000004
8.45599999999999952	-0.305203601699999993	0.736866346200000022
8.46400000000000041	-0.179231264899999992	0.773309414800000039
8.47199999999999953	-0.0509783957999999995	0.788539609999999946
8.48000000000000043	0.0766123873000000011	0.784166928500000027
8.48799999999999955	0.201008090800000011	0.759600465400000036
8.49600000000000044	0.319816121499999995	0.717037869700000052
8.50399999999999956	0.430647382700000025	0.657270360099999951
8.51200000000000045	0.531593729000000015	0.580879812199999956
8.51999999999999957	0.620379423699999988	0.488828628900000006
8.52800000000000047	0.694261165300000038	0.382620909399999987
8.53599999999999959	0.750295335699999955	0.264265794800000009
8.54400000000000048	0.785845241199999989	0.137204211200000009
8.5519999999999996	0.799574070899999989	0.00483184660000000009
8.5600000000000005	0.790209988700000032	-0.128550415800000012
8.56799999999999962	0.757849671699999949	-0.259171224600000027
8.57600000000000051	0.704387315700000016	-0.381919409499999973
8.58399999999999963	0.630019011000000018	-0.49364218230000001
8.59200000000000053	0.538394920600000049	-0.590819688700000012
8.59999999999999964	0.432279568900000022	-0.670898191899999996
8.60800000000000054	0.314931126499999992	-0.732269004499999987
8.61599999999999966	0.1893966651	-0.773858814300000031
8.62400000000000055	0.0587091246000000025	-0.794538693599999957
8.63199999999999967	-0.0738883624000000044	-0.79365351559999997
8.64000000000000057	-0.204830715999999996	-0.770959095799999994
8.64799999999999969	-0.331437874000000021	-0.726010222700000041
8.65600000000000058	-0.44906386650000002	-0.659008440399999951
8.6639999999999997	-0.553412419399999966	-0.572655100099999981
8.6720000000000006	-0.640175443499999997	-0.468698903900000019
8.67999999999999972	-0.706411237299999994	-0.351140850200000021
8.68800000000000061	-0.749871681200000029	-0.224854247899999998
8.69599999999999973	-0.770439552699999974	-0.0948432216999999939
8.70400000000000063	-0.767653392900000009	0.0333238104000000007
8.71199999999999974	-0.744359442299999952	0.156224311899999996
8.72000000000000064	-0.702756202100000005	0.270902377500000013
8.72799999999999976	-0.645584230300000006	0.375445101499999989
8.73600000000000065	-0.575306512800000003	0.468569319400000017
8.74399999999999977	-0.493628703900000021	0.54990502760000004
8.75200000000000067	-0.402251028499999996	0.618734962699999946
8.75999999999999979	-0.301990969900000017	0.674486448999999988
8.76800000000000068	-0.193847815099999987	0.716640739599999965
8.7759999999999998	-0.0789759919000000005	0.742825593800000017
8.7840000000000007	0.0420413200000000001	0.751675384799999957
8.79199999999999982	0.165578795700000003	0.740983495599999986
8.80000000000000071	0.288553769700000018	0.70893881280000004
8.80799999999999983	0.406875764099999981	0.654286777499999972
8.81600000000000072	0.515082846899999947	0.577294290200000004
8.82399999999999984	0.607520293800000055	0.480751088800000004
8.83200000000000074	0.680157491400000036	0.368355206699999993
8.83999999999999986	0.729949379200000026	0.245096881500000002
8.84800000000000075	0.756037616099999976	0.1167556555
8.85599999999999987	0.758946452500000035	-0.0112654194000000006
8.86400000000000077	0.740483234699999993	-0.135817595900000004
8.87199999999999989	0.702850842000000031	-0.253226503300000017
8.88000000000000078	0.648266321799999989	-0.360976173600000005
8.8879999999999999	0.578470623399999995	-0.458069149000000009
8.8960000000000008	0.495054619400000007	-0.54371944959999996
8.90399999999999991	0.400161709099999985	-0.614629147499999973
8.91200000000000081	0.294272164300000028	-0.670589567199999959
8.91999999999999993	0.180031939899999993	-0.708235121700000025
8.92800000000000082	0.060544177099999999	-0.726081532799999985
8.93599999999999994	-0.0603619083000000028	-0.723040289800000013
8.94400000000000084	-0.178253150500000013	-0.698549710500000032
8.95199999999999996	-0.288509340999999975	-0.654219087099999985
8.96000000000000085	-0.387404284300000012	-0.592517956000000012
8.96799999999999997	-0.472626688600000011	-0.516905196700000014
8.97600000000000087	-0.542243290599999983	-0.431526964800000024
8.98399999999999999	-0.597145593100000038	-0.3396319317
8.99200000000000088	-0.637951284300000032	-0.242752966399999992
9	-0.665083921499999953	-0.14407653379999999
