1.00000000000000006e-09	-0.992020641199999997	-0.0553127517999999971
1.00800000000000003e-09	-0.991876129500000037	0.0194996605000000017
1.01600000000000001e-09	-0.986316385299999987	0.095438969999999998
1.02399999999999998e-09	-0.976377975999999981	0.165672285199999991
1.03199999999999995e-09	-0.960772730500000005	0.23703279020000001
1.04000000000000013e-09	-0.938894250299999955	0.310485885199999978
1.0480000000000001e-09	-0.912259343500000042	0.380352422600000017
1.05600000000000008e-09	-0.881575344699999985	0.445312005999999982
1.06400000000000005e-09	-0.845861263199999991	0.509409341699999962
1.07200000000000002e-09	-0.805431423200000052	0.570767512500000018
1.07999999999999999e-09	-0.760056968400000033	0.63019515699999995
1.08800000000000017e-09	-0.712130881700000051	0.683898165100000011
1.09600000000000014e-09	-0.660874657399999954	0.73297424550000001
1.10400000000000012e-09	-0.605341802500000026	0.779261882699999964
1.11200000000000009e-09	-0.545983340299999953	0.821803324799999957
1.12000000000000006e-09	-0.479983986600000023	0.862985476099999982
1.12799999999999983e-09	-0.414871129399999983	0.896547145600000039
1.1359999999999998e-09	-0.3458684078	0.925610457799999953
1.14399999999999998e-09	-0.280333725500000019	0.947467919599999986
1.15199999999999995e-09	-0.209636014300000006	0.966518481900000004
1.15999999999999992e-09	-0.137371165399999995	0.979650790700000051
1.1679999999999999e-09	-0.0609057569999999979	0.987104505699999968
1.17599999999999987e-09	0.0123210290000000007	0.988893658399999986
1.18399999999999984e-09	0.0877464193999999975	0.985200978499999991
1.19200000000000002e-09	0.157302590399999997	0.976717249699999956
1.19999999999999999e-09	0.230628759600000011	0.963170239700000042
1.20799999999999996e-09	0.301453328999999992	0.944321254400000032
1.21599999999999994e-09	0.374017005999999985	0.918519470400000038
1.22399999999999991e-09	0.440045548900000028	0.888787349300000029
1.23199999999999988e-09	0.504780328499999986	0.854307676499999946
1.24000000000000006e-09	0.567363054300000003	0.814534463300000011
1.24800000000000003e-09	0.62620292700000002	0.771286711999999985
1.25600000000000001e-09	0.683154479200000053	0.721476046599999976
1.26399999999999998e-09	0.736132878599999985	0.66803410470000002
1.27199999999999995e-09	0.787576797900000014	0.60779307419999995
1.28000000000000013e-09	0.829889216200000002	0.549218070899999966
1.2880000000000001e-09	0.868931942000000013	0.485462365399999984
1.29600000000000007e-09	0.902167250900000051	0.42131463130000002
1.30400000000000005e-09	0.932366423399999977	0.350276601399999998
1.31200000000000002e-09	0.95623251389999997	0.279173224900000017
1.31999999999999999e-09	0.974278687700000035	0.208371142600000003
1.32800000000000017e-09	0.987825150699999988	0.130407882899999994
1.33600000000000014e-09	0.994247931400000007	0.0575683160000000013
1.34400000000000012e-09	0.995450410699999955	-0.0158569266999999993
1.35200000000000009e-09	0.990996280199999968	-0.0920020978999999961
1.36000000000000006e-09	0.981213367800000014	-0.165077604999999988
1.36800000000000003e-09	0.964927167699999977	-0.240064681299999999
1.3759999999999998e-09	0.944573915999999958	-0.3100354159
1.38399999999999998e-09	0.919310554299999971	-0.378029693700000002
1.39199999999999995e-09	0.886443789199999999	-0.448435849499999983
1.39999999999999992e-09	0.849240944199999959	-0.514766696100000032
1.40799999999999989e-09	0.809651940700000017	-0.574786564800000011
1.41599999999999987e-09	0.764477347399999951	-0.633447767499999981
1.42399999999999984e-09	0.71538821269999997	-0.688165213699999945
1.43200000000000002e-09	0.661202598300000055	-0.740407317299999979
1.43999999999999999e-09	0.602478283599999997	-0.7887542944
1.44799999999999996e-09	0.54210083990000002	-0.831304897800000053
1.45599999999999994e-09	0.480034670900000016	-0.868669849300000019
1.46399999999999991e-09	0.413348417899999987	-0.901773442999999952
1.47199999999999988e-09	0.340959262699999988	-0.931770308599999986
1.48000000000000006e-09	0.27244821629999999	-0.953943238799999982
1.48800000000000003e-09	0.198976652100000012	-0.971562443800000008
1.496e-09	0.125100710700000006	-0.983173323799999999
1.50399999999999998e-09	0.0519732011999999993	-0.98906407900000004
1.51199999999999995e-09	-0.024861903099999999	-0.9892989056
1.51999999999999992e-09	-0.0990599375000000004	-0.98410435340000002
1.5280000000000001e-09	-0.171671517299999993	-0.973392605999999994
1.53600000000000007e-09	-0.242571666200000008	-0.957523270100000046
1.54400000000000004e-09	-0.31289462899999998	-0.936107941499999985
1.55200000000000002e-09	-0.385695838899999977	-0.906504291900000037
1.55999999999999999e-09	-0.449062363899999983	-0.87603049079999995
1.56799999999999996e-09	-0.51256258720000003	-0.839312965299999991
1.57600000000000014e-09	-0.572904520499999959	-0.798335050199999952
1.58400000000000011e-09	-0.629295102399999973	-0.753682087499999986
1.59200000000000009e-09	-0.684115008300000049	-0.703079420699999957
1.60000000000000006e-09	-0.734601374200000046	-0.64896180020000005
1.60800000000000003e-09	-0.779734894800000022	-0.592883564500000015
1.616e-09	-0.820576685499999958	-0.53393289349999995
1.62400000000000018e-09	-0.85717238419999997	-0.472214471600000019
1.63199999999999995e-09	-0.88974226479999996	-0.407294319700000018
1.63999999999999992e-09	-0.91863499829999995	-0.335920403199999995
1.64799999999999989e-09	-0.939587575799999963	-0.271978912000000017
1.65599999999999986e-09	-0.956867215800000004	-0.202399486399999995
1.66399999999999984e-09	-0.969127005699999988	-0.130819634699999993
1.67200000000000002e-09	-0.976225598299999997	-0.0586147859000000007
1.67999999999999999e-09	-0.97822240930000004	0.0130219241000000003
1.68799999999999996e-09	-0.97440997549999997	0.0888016571999999949
1.69599999999999993e-09	-0.965246860699999987	0.161437638100000003
1.70399999999999991e-09	-0.951238754300000044	0.231523607800000003
1.71199999999999988e-09	-0.93226382200000002	0.3001441943
1.72000000000000006e-09	-0.908277381899999958	0.367760859900000014
1.72800000000000003e-09	-0.879322189699999979	0.433879569700000023
1.736e-09	-0.843945631500000015	0.500202757599999992
1.74399999999999997e-09	-0.803986155599999974	0.562098877599999991
1.75199999999999995e-09	-0.761853934200000027	0.619110902900000037
1.75999999999999992e-09	-0.713208995200000029	0.674950999300000021
1.7680000000000001e-09	-0.660929116100000047	0.726689754300000046
1.77600000000000007e-09	-0.605391530899999974	0.773995195399999947
1.78400000000000004e-09	-0.546857554100000032	0.816861192099999966
1.79200000000000002e-09	-0.485376886200000024	0.855159624699999954
1.79999999999999999e-09	-0.415624545199999973	0.891517320800000013
1.80799999999999996e-09	-0.348043193099999981	0.920216584299999973
1.81600000000000014e-09	-0.279039425999999979	0.943763772099999954
1.82400000000000011e-09	-0.208519143500000004	0.962085575799999981
1.83200000000000008e-09	-0.137029162199999999	0.975074981699999954
1.84000000000000006e-09	-0.0639966671999999959	0.982900295999999951
1.84800000000000003e-09	0.0111112046000000006	0.985301857900000022
1.856e-09	0.088481470399999998	0.981009222800000025
1.86400000000000018e-09	0.155885424599999989	0.973156025999999952
1.87200000000000015e-09	0.228848982899999998	0.958867409100000012
1.87999999999999971e-09	0.301359615899999989	0.938812733300000035
1.8880000000000001e-09	0.371628663199999987	0.913347585300000042
1.89600000000000007e-09	0.438547612500000017	0.883598617600000025
1.90400000000000004e-09	0.50244870559999999	0.849459960300000039
1.91200000000000001e-09	0.562366606099999999	0.812146770799999973
1.91999999999999999e-09	0.625273634599999961	0.764758096200000015
1.92799999999999996e-09	0.682357567399999976	0.714342602899999957
1.93599999999999993e-09	0.734107132200000012	0.662138832000000011
1.9439999999999999e-09	0.781392497599999958	0.606352839299999946
1.95199999999999988e-09	0.824758378800000025	0.547149898899999987
1.95999999999999985e-09	0.863593465200000021	0.484511869099999992
1.96799999999999982e-09	0.897902002299999946	0.418725020299999973
1.97599999999999979e-09	0.927563493700000019	0.348452297700000024
1.98400000000000018e-09	0.952262657300000037	0.273416871000000006
1.99200000000000015e-09	0.969707071300000001	0.203682795899999991
2.00000000000000012e-09	0.982322535100000005	0.131160962500000006
2.0080000000000001e-09	0.98939551849999996	0.0548345147999999977
2.01600000000000007e-09	0.990298263599999951	-0.0205841098
2.02400000000000004e-09	0.985360025299999998	-0.0948272787000000034
2.03200000000000001e-09	0.974926176199999994	-0.168206207200000013
2.03999999999999999e-09	0.959036538600000044	-0.2404200534
2.04799999999999996e-09	0.937995745299999961	-0.310654384800000016
2.05599999999999993e-09	0.911727921999999968	-0.377881585399999997
2.0639999999999999e-09	0.876713622999999997	-0.451552566499999974
2.07199999999999988e-09	0.838978676300000004	-0.516271663900000011
2.08000000000000026e-09	0.798414955799999992	-0.575664271499999991
2.08800000000000023e-09	0.753469710399999992	-0.632258506300000023
2.09600000000000021e-09	0.703863358600000044	-0.686138708400000019
2.10400000000000018e-09	0.650252592700000021	-0.736214056000000006
2.11200000000000015e-09	0.593519055599999956	-0.782001928799999968
2.12000000000000012e-09	0.53391927260000005	-0.823336065200000022
2.1280000000000001e-09	0.470899431099999988	-0.860326373299999947
2.13600000000000007e-09	0.402592749500000013	-0.893777116099999991
2.14400000000000004e-09	0.33886944699999999	-0.919449592400000015
2.15200000000000001e-09	0.271772360699999993	-0.941418739299999974
2.15999999999999999e-09	0.200087352999999996	-0.959026005100000023
2.16799999999999996e-09	0.127292228099999988	-0.970907019800000048
2.17600000000000034e-09	0.0532541512999999966	-0.97752538769999997
2.18400000000000032e-09	-0.0211329281000000001	-0.978527973099999948
2.19200000000000029e-09	-0.0944100330999999987	-0.973813525499999999
2.20000000000000026e-09	-0.166481951099999997	-0.963883696000000012
2.20800000000000023e-09	-0.23668602359999999	-0.948904846999999996
2.21600000000000021e-09	-0.304128815599999991	-0.929615636700000025
2.22400000000000018e-09	-0.376041769899999989	-0.902816852800000014
2.23200000000000015e-09	-0.44546671630000001	-0.869828200499999982
2.24000000000000012e-09	-0.508726615000000049	-0.834010397499999945
2.2480000000000001e-09	-0.568275729699999954	-0.794404662299999953
2.25599999999999965e-09	-0.624908524199999982	-0.750437920099999989
2.26399999999999963e-09	-0.678216451000000053	-0.702230376599999984
2.2719999999999996e-09	-0.727821819900000055	-0.650316822399999994
2.27999999999999998e-09	-0.773543507600000013	-0.595278160100000009
2.28799999999999996e-09	-0.81506849800000003	-0.536729951199999999
2.29599999999999993e-09	-0.853399279000000011	-0.472482499100000009
2.3039999999999999e-09	-0.886820081800000048	-0.405324295700000004
2.31199999999999987e-09	-0.915064813800000043	-0.335682198599999981
2.31999999999999985e-09	-0.936336314199999964	-0.271016601299999993
2.32799999999999982e-09	-0.953473988599999989	-0.203508413299999996
2.33599999999999979e-09	-0.965857050700000053	-0.131886404699999987
2.34399999999999976e-09	-0.973032642599999997	-0.0590382996999999979
2.35199999999999974e-09	-0.974572076600000003	0.0140681535999999992
2.35999999999999971e-09	-0.970786114799999988	0.0872817659999999967
2.36799999999999968e-09	-0.961455375300000026	0.160097825400000005
2.37600000000000007e-09	-0.946585177	0.231878864600000012
2.38400000000000004e-09	-0.926711959100000038	0.30192683720000002
2.39200000000000001e-09	-0.901844721300000041	0.369843422199999994
2.39999999999999998e-09	-0.873509031600000041	0.433464308600000015
2.40799999999999996e-09	-0.841734604799999953	0.493605128299999973
2.41599999999999993e-09	-0.800914312299999986	0.558235883399999966
2.4239999999999999e-09	-0.753631907399999967	0.620479487999999968
2.43199999999999987e-09	-0.705137069599999999	0.675722340199999993
2.43999999999999985e-09	-0.65417571919999995	0.726121173799999964
2.44799999999999982e-09	-0.599750173400000031	0.772652286000000021
2.45599999999999979e-09	-0.541855808500000036	0.814888839999999948
2.46399999999999976e-09	-0.4808056993	0.853326539700000053
2.47200000000000015e-09	-0.416412487399999975	0.88736288860000001
2.48000000000000012e-09	-0.349752468500000024	0.916648964099999963
2.48800000000000009e-09	-0.281100645500000024	0.940882528299999965
2.49600000000000007e-09	-0.210525642499999999	0.959966424999999957
2.50400000000000004e-09	-0.137650306400000005	0.973632244599999974
2.51200000000000001e-09	-0.0613750547000000007	0.98188192910000005
2.51999999999999998e-09	0.0169857542999999993	0.983640081100000008
2.52799999999999996e-09	0.0893628503000000046	0.98023431679999995
2.53599999999999993e-09	0.158744325399999997	0.972065393199999961
2.5439999999999999e-09	0.230639120100000011	0.958072097700000014
2.55199999999999987e-09	0.302794622600000007	0.937832371399999976
2.56000000000000026e-09	0.373489988699999997	0.911862153099999961
2.56800000000000023e-09	0.441809495599999991	0.880470237399999966
2.5760000000000002e-09	0.507343961699999957	0.844129777200000042
2.58400000000000018e-09	0.570204397200000046	0.802747683300000014
2.59200000000000015e-09	0.629511717099999979	0.756634860200000037
2.60000000000000012e-09	0.684714405999999998	0.706797565000000017
2.60800000000000009e-09	0.735294494100000029	0.653408917499999964
2.61600000000000007e-09	0.780761732800000052	0.597634317000000026
2.62400000000000004e-09	0.821916578499999995	0.538884068300000019
2.63200000000000001e-09	0.858461329299999965	0.478206007799999999
2.63999999999999998e-09	0.889714866000000049	0.415496294400000021
2.64799999999999995e-09	0.921760266800000005	0.3389864769
2.65600000000000034e-09	0.944716384899999984	0.26513758129999998
2.66400000000000031e-09	0.961820487899999965	0.192739835100000007
2.67200000000000029e-09	0.973168779600000033	0.120046642600000003
2.68000000000000026e-09	0.979084872199999956	0.0475389141000000029
2.68800000000000023e-09	0.979541043200000017	-0.0249442799999999992
2.6960000000000002e-09	0.974753799699999979	-0.0972668539999999998
2.70400000000000018e-09	0.964292356600000011	-0.169146235700000008
2.71200000000000015e-09	0.94877244549999995	-0.239894460599999998
2.72000000000000012e-09	0.927879125799999982	-0.30949013689999999
2.72800000000000009e-09	0.902019079799999957	-0.376967902600000015
2.73600000000000006e-09	0.871267645199999996	-0.442302370399999978
2.74400000000000004e-09	0.835213102700000043	-0.506056732999999981
2.7519999999999996e-09	0.79392288649999998	-0.56754273639999997
2.75999999999999998e-09	0.748159437700000041	-0.625815569599999955
2.76799999999999995e-09	0.697750406000000045	-0.680817310100000017
2.77599999999999993e-09	0.642956319599999992	-0.731494475999999949
2.7839999999999999e-09	0.590939909699999988	-0.774249507800000014
2.79199999999999987e-09	0.533251405500000053	-0.815036335800000011
2.79999999999999984e-09	0.471466670899999996	-0.852014598000000012
2.80799999999999982e-09	0.406094213300000006	-0.884388025899999985
2.81599999999999979e-09	0.338386419400000027	-0.91216301919999998
2.82399999999999976e-09	0.268643566900000019	-0.934733680899999975
2.83199999999999973e-09	0.197602958599999989	-0.952451157199999954
2.83999999999999971e-09	0.125930085599999991	-0.964535738200000048
2.84799999999999968e-09	0.0532928245999999967	-0.970849009900000004
2.85600000000000006e-09	-0.0195281313000000012	-0.971960156199999981
2.86400000000000004e-09	-0.0922084933999999939	-0.967901820599999962
2.87200000000000001e-09	-0.164463750600000014	-0.9578863299
2.87999999999999998e-09	-0.235565245099999987	-0.942739722200000019
2.88799999999999995e-09	-0.305045271100000015	-0.922403827999999981
2.89599999999999993e-09	-0.372493122200000026	-0.896942717399999978
2.9039999999999999e-09	-0.435687012799999995	-0.867948341099999965
2.91199999999999987e-09	-0.494702973499999976	-0.835707516299999953
2.91999999999999984e-09	-0.551362148499999982	-0.798519465399999961
2.92799999999999982e-09	-0.617601898800000049	-0.749802744499999951
2.93599999999999979e-09	-0.674985108699999947	-0.698458006199999981
2.94399999999999976e-09	-0.725304818799999973	-0.646259578699999948
2.95200000000000015e-09	-0.770529378099999995	-0.592248942200000017
2.96000000000000012e-09	-0.811631723299999996	-0.535008272699999954
2.96800000000000009e-09	-0.849036178099999983	-0.474857998999999975
2.97600000000000006e-09	-0.882047673500000018	-0.411528490099999977
2.98400000000000004e-09	-0.910364547399999946	-0.346027153899999995
2.99200000000000001e-09	-0.93409621460000003	-0.278495531799999974
2.99999999999999998e-09	-0.95297887179999996	-0.208651070500000008
3.00799999999999995e-09	-0.96681934479999998	-0.137245162100000012
3.01599999999999992e-09	-0.975136685900000022	-0.0649115818000000067
3.0239999999999999e-09	-0.977968883399999989	0.0085495033000000005
3.03199999999999987e-09	-0.975635984600000006	0.081979041399999994
3.03999999999999984e-09	-0.967401364500000027	0.1556967447
3.04800000000000023e-09	-0.953699718099999982	0.228450388599999998
3.0560000000000002e-09	-0.934193697400000023	0.299810518299999995
3.06400000000000017e-09	-0.908799557799999991	0.370391384099999998
3.07200000000000015e-09	-0.877396698900000049	0.439947687300000001
3.08000000000000012e-09	-0.839968788199999983	0.506596785299999963
3.08800000000000009e-09	-0.801543538999999972	0.566420430700000033
3.09600000000000006e-09	-0.758292882000000001	0.623315320599999945
3.10400000000000003e-09	-0.710305598299999952	0.677563200599999971
3.11200000000000001e-09	-0.657981414600000036	0.728549244600000034
3.11999999999999998e-09	-0.601242162399999946	0.776054062599999983
3.12799999999999995e-09	-0.540963702899999954	0.819018995400000005
3.13599999999999992e-09	-0.477454230400000013	0.857441963500000015
3.14400000000000031e-09	-0.411236038099999979	0.890954775600000026
3.15200000000000028e-09	-0.342978634900000023	0.919327610600000011
3.16000000000000025e-09	-0.272787518399999984	0.942424749800000017
3.16800000000000023e-09	-0.201134201099999993	0.960312714199999973
3.1760000000000002e-09	-0.128059048399999986	0.973004658899999986
3.18400000000000017e-09	-0.0546827235999999967	0.980050172200000014
3.19200000000000014e-09	0.0183473985000000006	0.981591147499999983
3.20000000000000012e-09	0.0925463041000000042	0.977709955799999975
3.20800000000000009e-09	0.165873034800000013	0.968100319299999956
3.21600000000000006e-09	0.237884014000000005	0.952966373099999986
3.22400000000000003e-09	0.308571847999999982	0.932210890499999945
3.23200000000000001e-09	0.377635668599999974	0.906046009200000002
3.24000000000000039e-09	0.444543050800000006	0.874940256999999999
3.24800000000000036e-09	0.507306597999999997	0.840035957600000049
3.25599999999999992e-09	0.56494628069999997	0.802556037300000025
3.2639999999999999e-09	0.623584287100000023	0.758577155600000053
3.27199999999999987e-09	0.685888801299999962	0.700738509699999956
3.27999999999999984e-09	0.738932936800000051	0.64287172469999998
3.28799999999999981e-09	0.784959373500000002	0.584376502699999967
3.29599999999999979e-09	0.825697277800000018	0.523938647100000043
3.30399999999999976e-09	0.861282549599999947	0.461702523300000001
3.31199999999999973e-09	0.892437531400000039	0.396773920999999974
3.3199999999999997e-09	0.91869195189999997	0.329169989300000021
3.32799999999999967e-09	0.940065977399999975	0.259848579400000002
3.33600000000000006e-09	0.956089108100000029	0.189181512100000004
3.34400000000000003e-09	0.967111489099999999	0.1182684445
3.35200000000000001e-09	0.972240845299999989	0.0467959552999999973
3.35999999999999998e-09	0.972705731599999956	-0.0253321113000000014
3.36799999999999995e-09	0.967474578799999985	-0.0970727457000000044
3.37599999999999992e-09	0.957115661100000015	-0.168467662399999996
3.38399999999999989e-09	0.941555918699999994	-0.238584718700000004
3.39199999999999987e-09	0.920793770600000006	-0.30760819490000002
3.39999999999999984e-09	0.894716728599999955	-0.375107298300000003
3.40799999999999981e-09	0.863682004199999964	-0.440724761500000006
3.41599999999999978e-09	0.828019500000000019	-0.503854151299999997
3.42399999999999976e-09	0.787664974799999973	-0.563909197299999998
3.43200000000000014e-09	0.743131238399999949	-0.620426150599999948
3.44000000000000011e-09	0.693764672300000051	-0.674360600099999985
3.44800000000000009e-09	0.640605430699999978	-0.724356907999999966
3.45600000000000006e-09	0.583283078999999982	-0.770296623799999969
3.46400000000000003e-09	0.523927860300000048	-0.810808330500000007
3.472e-09	0.465797281299999977	-0.845656492699999984
3.47999999999999998e-09	0.403414279200000003	-0.877103464900000018
3.48799999999999995e-09	0.338700684199999991	-0.904411848199999979
3.49599999999999992e-09	0.271651750899999989	-0.927004320899999956
3.50399999999999989e-09	0.202388612400000001	-0.944929512600000021
3.51199999999999987e-09	0.131682292700000009	-0.958104078199999987
3.51999999999999984e-09	0.0602130338000000029	-0.965605724600000048
3.52800000000000022e-09	-0.0119149188999999999	-0.968074707300000004
3.5360000000000002e-09	-0.0843727068999999968	-0.965064230600000017
3.54400000000000017e-09	-0.156592016700000003	-0.956654618099999965
3.55200000000000014e-09	-0.227986775499999988	-0.942635934899999972
3.56000000000000011e-09	-0.298027319299999982	-0.923615470100000002
3.56800000000000009e-09	-0.366624002399999982	-0.899425744900000046
3.57600000000000006e-09	-0.433515394399999976	-0.870039400599999957
3.58400000000000003e-09	-0.497591554800000002	-0.835509980600000035
3.592e-09	-0.558759450599999985	-0.796247295799999977
3.59999999999999998e-09	-0.616875058500000018	-0.752171433500000042
3.60799999999999995e-09	-0.671450402499999988	-0.703752759200000022
3.61599999999999992e-09	-0.722125845800000055	-0.651678250499999945
3.62400000000000031e-09	-0.769036318800000007	-0.595838033599999983
3.63200000000000028e-09	-0.811365145500000051	-0.536792109199999978
3.64000000000000025e-09	-0.849135438300000045	-0.474751357900000004
3.64800000000000022e-09	-0.882251988000000043	-0.409838092300000012
3.6560000000000002e-09	-0.910177873400000004	-0.343097366800000025
3.66400000000000017e-09	-0.933109679099999978	-0.274471985899999993
3.67200000000000014e-09	-0.951240168300000022	-0.206015761699999994
3.68000000000000011e-09	-0.963877479600000031	-0.14072085170000001
3.68800000000000009e-09	-0.97252129789999997	-0.0748126771000000024
3.69600000000000006e-09	-0.975462503000000036	-0.00833952179999999932
3.70400000000000003e-09	-0.973737802799999996	0.0808173789999999947
3.712e-09	-0.963819135299999963	0.161096632500000003
3.72000000000000039e-09	-0.949101328699999969	0.235136030899999987
3.72800000000000036e-09	-0.929803898600000012	0.305437895999999987
3.73600000000000033e-09	-0.905429829200000036	0.373752207399999981
3.74400000000000031e-09	-0.875750684400000035	0.440903479599999981
3.75199999999999945e-09	-0.840802605399999958	0.506104844100000006
3.75999999999999942e-09	-0.801310281500000054	0.567909845800000035
3.7679999999999994e-09	-0.756756232600000023	0.626985292199999988
3.7760000000000002e-09	-0.707400781000000034	0.682739167000000036
3.78400000000000017e-09	-0.653833593700000049	0.73451822330000005
3.79200000000000014e-09	-0.596878237199999995	0.781372734499999999
3.80000000000000011e-09	-0.537513704400000014	0.823045445700000045
3.80800000000000008e-09	-0.474555794199999992	0.860465390300000021
3.81600000000000006e-09	-0.408204740700000013	0.893230332999999987
3.82400000000000003e-09	-0.339895243899999977	0.920681097899999967
3.832e-09	-0.269909109799999991	0.942996712000000015
3.83999999999999997e-09	-0.198192782799999995	0.959855266199999946
3.84799999999999995e-09	-0.125638603099999996	0.971502071299999992
3.85599999999999992e-09	-0.0518238682999999992	0.977533943900000035
3.86399999999999989e-09	0.0218992239999999984	0.978069274700000046
3.87199999999999986e-09	0.0952559864000000062	0.972994187399999988
3.87999999999999984e-09	0.168275481799999987	0.96249562870000005
3.88799999999999981e-09	0.240260392200000006	0.94678560469999995
3.89599999999999978e-09	0.310851614399999976	0.925490658299999991
3.90399999999999975e-09	0.379220391699999992	0.899214948500000055
3.91199999999999973e-09	0.445778135399999997	0.867673019000000045
3.9199999999999997e-09	0.509904518300000054	0.831227342299999949
3.92799999999999967e-09	0.570723244900000037	0.790031513399999996
3.93599999999999964e-09	0.62815213390000002	0.744459944199999946
3.94399999999999962e-09	0.683068218700000007	0.693591514700000022
3.95199999999999959e-09	0.732748244399999971	0.640072758099999972
3.95999999999999956e-09	0.778255973299999959	0.581784492699999989
3.96800000000000036e-09	0.817917473700000008	0.523542793700000009
3.97600000000000033e-09	0.853320042699999948	0.462484230399999974
3.9840000000000003e-09	0.884158597400000024	0.398730665200000001
3.99200000000000028e-09	0.910464826200000021	0.332497364100000026
4.00000000000000025e-09	0.931718163300000013	0.264397049699999998
4.00800000000000022e-09	0.948116191799999952	0.194713338300000011
4.01600000000000019e-09	0.95956546949999999	0.123862240299999996
4.02400000000000017e-09	0.965637383699999963	0.0526028404999999977
4.03200000000000014e-09	0.9664913168	-0.0190813085000000014
4.04000000000000011e-09	0.962261466700000012	-0.090998438299999998
4.04800000000000008e-09	0.952664581499999996	-0.162059567900000007
4.05600000000000006e-09	0.938039347999999995	-0.23235001990000001
4.06400000000000003e-09	0.918208187299999978	-0.301548425899999972
4.072e-09	0.892907080399999997	-0.3694369193
4.07999999999999997e-09	0.863246058700000041	-0.435576163000000016
4.08799999999999995e-09	0.828606253100000023	-0.498958286500000014
4.09599999999999992e-09	0.789667517199999947	-0.559040433099999956
4.10399999999999989e-09	0.745709817199999958	-0.61692225469999995
4.11199999999999986e-09	0.697484175900000003	-0.671063126399999987
4.11999999999999983e-09	0.645264112699999948	-0.721437240999999951
4.12799999999999981e-09	0.588995747699999961	-0.767886997500000001
4.13599999999999978e-09	0.530114356699999956	-0.809248260399999975
4.14399999999999975e-09	0.467475330000000022	-0.846368615800000001
4.15199999999999972e-09	0.402308828100000015	-0.878858538399999945
4.16000000000000052e-09	0.335046164599999974	-0.905735071700000005
4.1680000000000005e-09	0.266070805399999999	-0.92793406079999996
4.17600000000000047e-09	0.195740475100000005	-0.944435943500000041
4.18400000000000044e-09	0.124700695099999995	-0.955786074199999947
4.19200000000000041e-09	0.0532913061999999993	-0.961560816600000035
4.20000000000000039e-09	-0.0178777955000000016	-0.962386190599999969
4.20800000000000036e-09	-0.0887022635000000031	-0.958124206899999997
4.21600000000000033e-09	-0.158929790900000006	-0.948593683799999976
4.2240000000000003e-09	-0.228220708299999991	-0.934330280099999966
4.23200000000000028e-09	-0.294929834999999974	-0.916006946300000013
4.24000000000000025e-09	-0.358179493700000018	-0.894164009499999968
4.24800000000000022e-09	-0.419892141599999991	-0.868132813300000028
4.25600000000000019e-09	-0.479692741899999997	-0.838354654900000051
4.26400000000000016e-09	-0.53671060039999996	-0.805121282799999949
4.27200000000000014e-09	-0.603421270599999948	-0.758739334900000006
4.28000000000000011e-09	-0.665090048000000045	-0.705482814300000038
4.28800000000000008e-09	-0.719828151900000046	-0.650524319900000036
4.29600000000000005e-09	-0.768545040899999976	-0.59357995929999996
4.30400000000000003e-09	-0.811908996799999949	-0.53470088579999997
4.312e-09	-0.850487700099999966	-0.473337496099999977
4.31999999999999997e-09	-0.884211534800000032	-0.409121106299999981
4.32799999999999994e-09	-0.912856853500000009	-0.342216564599999995
4.33599999999999992e-09	-0.936506244599999982	-0.272939011499999995
4.34400000000000072e-09	-0.954354307599999951	-0.202260453499999993
4.35200000000000069e-09	-0.966969034200000022	-0.129972171199999986
4.36000000000000066e-09	-0.973793589699999962	-0.056804744800000001
4.36800000000000063e-09	-0.975034110299999979	0.0161512728000000015
4.37600000000000061e-09	-0.971038337700000032	0.0891260365999999998
4.38400000000000058e-09	-0.961245320900000033	0.161809466099999993
4.39200000000000055e-09	-0.946166541400000005	0.233413291500000009
4.40000000000000052e-09	-0.92547212940000001	0.303024746600000006
4.40800000000000049e-09	-0.90022759149999998	0.370902820199999983
4.41600000000000047e-09	-0.869886875299999973	0.436490397199999991
4.42400000000000044e-09	-0.834903996500000023	0.50011833360000002
4.43200000000000041e-09	-0.795543328099999947	0.560891400599999979
4.44000000000000038e-09	-0.751666639700000028	0.618618694100000033
4.44800000000000036e-09	-0.703572477399999952	0.673138588299999951
4.45600000000000033e-09	-0.65149244279999996	0.724176617300000047
4.4640000000000003e-09	-0.595632774299999945	0.771288334299999989
4.47200000000000027e-09	-0.536471753000000051	0.813906247799999982
4.48000000000000025e-09	-0.473998955200000016	0.852012877599999996
4.48800000000000022e-09	-0.408960381099999992	0.885433862399999994
4.49600000000000019e-09	-0.341476805900000013	0.914162699300000048
4.50399999999999934e-09	-0.271571909599999994	0.937291693599999975
4.51199999999999931e-09	-0.199947356200000009	0.955205798299999964
4.51999999999999928e-09	-0.127447650699999998	0.967735760599999995
4.52799999999999925e-09	-0.0542941540999999986	0.974294450899999998
4.53599999999999923e-09	0.0192366749000000004	0.975328973200000005
4.5439999999999992e-09	0.092574691400000006	0.971142635600000026
4.552e-09	0.165011777999999998	0.960841016499999978
4.55999999999999997e-09	0.236666657800000013	0.945212474299999994
4.56799999999999994e-09	0.306839611000000012	0.924131248599999955
4.57599999999999991e-09	0.375576465999999998	0.897838240599999948
4.58399999999999989e-09	0.442800095299999974	0.866013127799999949
4.59199999999999986e-09	0.507488226099999995	0.829205639200000011
4.59999999999999983e-09	0.569354722399999957	0.787173328199999967
4.6079999999999998e-09	0.626752715800000026	0.741401711600000013
4.61599999999999978e-09	0.680998250300000052	0.689437380099999997
4.62399999999999975e-09	0.728773337100000029	0.638611295899999987
4.63199999999999972e-09	0.773060689399999945	0.584001433299999984
4.63999999999999969e-09	0.81334180629999997	0.526068141700000047
4.64799999999999967e-09	0.849215466099999983	0.465027009300000016
4.65599999999999964e-09	0.880711877199999993	0.40114743759999999
4.66399999999999961e-09	0.907256794399999955	0.334940207499999976
4.67199999999999958e-09	0.929080516299999992	0.266653941000000005
4.67999999999999956e-09	0.945552784500000021	0.196621586399999992
4.68799999999999953e-09	0.956851305199999946	0.125557350499999998
4.6959999999999995e-09	0.96289334449999997	0.0540717580999999989
4.70399999999999947e-09	0.963193485699999963	-0.0174599006999999994
4.71199999999999944e-09	0.958560417099999951	-0.0890597847999999997
4.71999999999999942e-09	0.94856726069999997	-0.159550893299999996
4.72799999999999939e-09	0.933290696899999994	-0.228698221000000007
4.73599999999999936e-09	0.913299044599999998	-0.296256818600000027
4.74400000000000016e-09	0.888263814700000043	-0.362680526299999972
4.75200000000000013e-09	0.858886083100000031	-0.426939868800000011
4.76000000000000011e-09	0.825106993300000036	-0.488993620799999973
4.76800000000000008e-09	0.787088943700000043	-0.548773325199999995
4.77600000000000005e-09	0.744476016200000035	-0.605552400300000015
4.78400000000000002e-09	0.697861847600000029	-0.659850003399999996
4.792e-09	0.647332937800000008	-0.710414403599999966
4.79999999999999997e-09	0.593222877300000007	-0.757208098999999968
4.80799999999999994e-09	0.535467037600000029	-0.800266076100000001
4.81599999999999991e-09	0.474539390499999991	-0.83913585369999999
4.82399999999999989e-09	0.411175981000000024	-0.87332037039999999
4.83199999999999986e-09	0.344972720399999988	-0.902652039699999964
4.83999999999999983e-09	0.2758574674	-0.927308991400000004
4.8479999999999998e-09	0.205552099999999988	-0.946470084300000014
4.85599999999999977e-09	0.133628955599999988	-0.959841630300000026
4.86399999999999975e-09	0.0610455948999999998	-0.967918201599999972
4.87199999999999972e-09	-0.0124093895999999992	-0.970200585299999974
4.87999999999999969e-09	-0.0854874547000000068	-0.966855888999999968
4.88799999999999966e-09	-0.1571336173	-0.957876954199999964
4.89599999999999964e-09	-0.227896168600000004	-0.943533669799999974
4.90399999999999961e-09	-0.297982340700000015	-0.923682769000000015
4.91199999999999958e-09	-0.365962038599999984	-0.898700408399999984
4.91999999999999955e-09	-0.431516711900000016	-0.868594902600000052
4.92799999999999953e-09	-0.494903283299999996	-0.833741552700000055
4.93600000000000033e-09	-0.555605086899999989	-0.79432910109999999
4.9440000000000003e-09	-0.613168789599999986	-0.750442860299999959
4.95200000000000027e-09	-0.667252420600000007	-0.702461179599999985
4.96000000000000024e-09	-0.717651756099999982	-0.650854700799999963
4.96800000000000022e-09	-0.764102181399999969	-0.595922466300000009
4.97600000000000019e-09	-0.806492545999999977	-0.53772365600000005
4.98400000000000016e-09	-0.844889257599999999	-0.476230878199999985
4.99200000000000013e-09	-0.87875550790000001	-0.411957942899999985
5.0000000000000001e-09	-0.907890185800000027	-0.345282634300000002
5.00800000000000008e-09	-0.931794941399999965	-0.277252889800000013
5.01600000000000005e-09	-0.950082753899999966	-0.207511381299999992
5.02400000000000002e-09	-0.963779348700000038	-0.135999788700000013
5.03199999999999999e-09	-0.971811102300000007	-0.0669128576999999947
5.03999999999999997e-09	-0.974842122999999949	0.00115001170000000007
5.04799999999999994e-09	-0.973790317299999986	0.0667750542999999974
5.05599999999999991e-09	-0.967097028900000044	0.14451752000000001
5.06399999999999988e-09	-0.949029763299999995	0.232630653100000001
5.07199999999999986e-09	-0.92596803240000003	0.311062757000000023
5.07999999999999983e-09	-0.897919808299999955	0.382656238500000023
5.0879999999999998e-09	-0.866197983299999974	0.448554436999999973
5.09599999999999977e-09	-0.829814440000000042	0.511309175700000007
5.10399999999999975e-09	-0.788574341000000012	0.571235440200000055
5.11199999999999972e-09	-0.743357179999999951	0.62793881159999998
5.12000000000000052e-09	-0.694101086400000011	0.681015041600000037
5.12800000000000049e-09	-0.641016190700000044	0.730456876900000052
5.13600000000000046e-09	-0.584313678999999975	0.775547328599999974
5.14400000000000043e-09	-0.524893921200000002	0.816353013399999994
5.15200000000000041e-09	-0.462634213500000002	0.85255155760000001
5.16000000000000038e-09	-0.39783380140000002	0.884168940799999969
5.16800000000000035e-09	-0.331190836200000005	0.910776172599999989
5.17600000000000032e-09	-0.2628492469	0.932795534799999992
5.1840000000000003e-09	-0.19332120559999999	0.949173875199999961
5.19200000000000027e-09	-0.122662264800000004	0.961017990099999997
5.20000000000000024e-09	-0.0510415160000000021	0.967660588099999996
5.20800000000000021e-09	0.0210991601000000001	0.969054378599999988
5.21600000000000019e-09	0.0936897671000000015	0.964267056399999989
5.22400000000000016e-09	0.165648696699999987	0.954281194300000024
5.23200000000000013e-09	0.236755399700000008	0.939038510399999971
5.2400000000000001e-09	0.306790357499999999	0.918570073299999956
5.24800000000000008e-09	0.375007831899999977	0.892611848499999971
5.25600000000000005e-09	0.440403906399999989	0.861719172399999955
5.26400000000000002e-09	0.50303494950000005	0.826331572900000033
5.27199999999999999e-09	0.563145240999999963	0.785547261499999983
5.27999999999999996e-09	0.619622436100000007	0.740754183099999963
5.28799999999999994e-09	0.672587488500000052	0.692179820300000026
5.29599999999999991e-09	0.721630605300000005	0.639790702200000005
5.30399999999999988e-09	0.767036065800000055	0.583866794299999992
5.31200000000000068e-09	0.808019325600000005	0.525173624799999961
5.32000000000000065e-09	0.843520256000000024	0.4649401326
5.32800000000000063e-09	0.875201965300000051	0.401138026599999975
5.3360000000000006e-09	0.901953979399999994	0.335564687199999989
5.34400000000000057e-09	0.924199172000000013	0.268372854400000027
5.35200000000000054e-09	0.941540912300000032	0.199482061200000005
5.36000000000000052e-09	0.954069426200000015	0.129226535100000012
5.36800000000000049e-09	0.961343851500000013	0.0581150943999999975
5.37600000000000046e-09	0.963147345500000029	-0.0132666235999999993
5.38400000000000043e-09	0.959954905899999988	-0.0848667206000000007
5.39200000000000041e-09	0.951314342700000037	-0.156212489700000012
5.40000000000000038e-09	0.937575747400000048	-0.22769162779999999
5.40800000000000035e-09	0.918044767699999986	-0.297506577599999988
5.41600000000000032e-09	0.892702821700000038	-0.366032180699999987
5.42400000000000029e-09	0.862807298300000025	-0.433454007500000016
5.43200000000000027e-09	0.827489286699999993	-0.497581480500000006
5.44000000000000024e-09	0.787369150199999979	-0.55864459150000001
5.44800000000000021e-09	0.742833802499999973	-0.616515141000000044
5.45600000000000018e-09	0.694218519099999987	-0.670593337799999967
5.46400000000000016e-09	0.64168549890000004	-0.720670989900000003
5.47200000000000013e-09	0.585719871799999958	-0.76689903589999997
5.4800000000000001e-09	0.52652871999999995	-0.808168424100000005
5.48800000000000007e-09	0.464683820099999978	-0.844780035700000043
5.49600000000000005e-09	0.400888283499999998	-0.876523139300000032
5.50399999999999919e-09	0.335119590700000025	-0.903441401599999971
5.51199999999999916e-09	0.267823811199999984	-0.925452964600000039
5.51999999999999996e-09	0.200359770900000012	-0.942412974999999986
5.52799999999999994e-09	0.129880525200000013	-0.953906889999999952
5.53599999999999991e-09	0.058502667199999997	-0.961793298799999974
5.54399999999999988e-09	-0.0135375509000000005	-0.963677953299999945
5.55199999999999985e-09	-0.0856845705000000013	-0.960368653700000019
5.55999999999999983e-09	-0.157290421799999997	-0.951308699299999949
5.5679999999999998e-09	-0.228294225399999995	-0.937399947399999989
5.57599999999999977e-09	-0.298361245900000016	-0.917919618600000042
5.58399999999999974e-09	-0.365625092500000026	-0.893240780099999965
5.59199999999999971e-09	-0.431033666799999993	-0.863481117500000006
5.59999999999999969e-09	-0.4946836228	-0.828869428700000022
5.60799999999999966e-09	-0.554893343200000055	-0.790064394700000006
5.61599999999999963e-09	-0.61234566800000001	-0.746494713499999962
5.6239999999999996e-09	-0.666886575000000037	-0.698752872100000033
5.63199999999999958e-09	-0.717646055600000055	-0.646931114300000054
5.63999999999999955e-09	-0.76413318429999999	-0.591122994400000046
5.64799999999999952e-09	-0.805923429200000041	-0.532537415700000016
5.65599999999999949e-09	-0.84331369580000004	-0.470858738700000001
5.66399999999999947e-09	-0.876055662199999974	-0.406628210400000023
5.67199999999999944e-09	-0.904102100100000028	-0.339883361200000012
5.67999999999999941e-09	-0.926937037600000013	-0.271525857599999976
5.68799999999999938e-09	-0.944629634700000054	-0.201959894000000001
5.69599999999999936e-09	-0.957144755900000033	-0.13089860410000001
5.70399999999999933e-09	-0.963893289699999989	-0.0595848251000000023
5.71200000000000013e-09	-0.966354386599999948	0.0119280170000000008
5.7200000000000001e-09	-0.96214551699999995	0.0833797616000000047
5.72800000000000007e-09	-0.953300627800000022	0.155248742599999989
5.73600000000000004e-09	-0.938952974700000054	0.225728506299999993
5.74400000000000002e-09	-0.919352938299999978	0.294570182199999975
5.75199999999999999e-09	-0.894661720100000002	0.362421486800000026
5.75999999999999996e-09	-0.865429746600000049	0.428010539500000009
5.76799999999999993e-09	-0.830383038599999956	0.490962459000000018
5.77599999999999991e-09	-0.791112721299999988	0.551010957599999962
5.78399999999999988e-09	-0.747544983699999999	0.608255938200000013
5.79199999999999985e-09	-0.699108217699999979	0.662188632600000049
5.79999999999999982e-09	-0.647498457299999997	0.712520517199999981
5.8079999999999998e-09	-0.592098362099999997	0.758550836099999959
5.81599999999999977e-09	-0.533294404700000002	0.800582208699999964
5.82399999999999974e-09	-0.4714817174	0.838283738500000042
5.83199999999999971e-09	-0.408010112599999974	0.8709248463
5.83999999999999969e-09	-0.342032822000000014	0.898780273199999979
5.84799999999999966e-09	-0.274040593599999993	0.921904970900000009
5.85599999999999963e-09	-0.204560045299999993	0.939475372099999984
5.8639999999999996e-09	-0.133432078600000004	0.952800381999999946
5.87199999999999957e-09	-0.0612387579999999973	0.960293905999999975
5.87999999999999955e-09	0.0108388311999999994	0.962434750400000039
5.88799999999999952e-09	0.0829846389999999989	0.959014836699999984
5.89600000000000032e-09	0.15459776280000001	0.950221208600000034
5.90400000000000029e-09	0.224939786100000011	0.936378295599999966
5.91200000000000026e-09	0.294977217899999977	0.917220239199999954
5.92000000000000024e-09	0.363097953699999976	0.89296409929999998
5.92800000000000021e-09	0.428876423399999984	0.863355970700000031
5.93600000000000018e-09	0.492267651199999989	0.829007428800000001
5.94400000000000015e-09	0.552756449899999946	0.789524866000000047
5.95200000000000013e-09	0.609983225100000026	0.746374316900000001
5.9600000000000001e-09	0.664038562699999946	0.699075023200000034
5.96800000000000007e-09	0.714211964500000018	0.647043274700000004
5.97600000000000004e-09	0.760215269300000052	0.592458098100000052
5.98400000000000002e-09	0.801756742200000039	0.534431902499999945
5.99199999999999999e-09	0.839181677200000031	0.473087230500000011
5.99999999999999996e-09	0.871625947600000006	0.409513140100000006
6.00799999999999993e-09	0.899315652600000015	0.344134709099999991
6.0159999999999999e-09	0.922475072699999954	0.276707275099999983
6.02399999999999988e-09	0.940537701400000037	0.20784118800000001
6.03199999999999985e-09	0.953605789200000054	0.138150561199999994
6.03999999999999982e-09	0.961635378700000043	0.0675848106000000032
6.04799999999999979e-09	0.964622549899999959	-0.00394231849999999995
6.05599999999999977e-09	0.962268307899999953	-0.0756530495999999941
6.06399999999999974e-09	0.954619095299999998	-0.146778744099999997
6.07199999999999971e-09	0.941435437500000027	-0.218107747099999999
6.07999999999999968e-09	0.922606469700000043	-0.287550776800000019
6.08800000000000048e-09	0.899296817500000012	-0.356369285300000005
6.09600000000000046e-09	0.870878663900000016	-0.42288683760000001
6.10400000000000043e-09	0.837353775500000008	-0.487232380999999992
6.1120000000000004e-09	0.798663954699999956	-0.549744387700000003
6.12000000000000037e-09	0.754914847	-0.609078335700000029
6.12800000000000035e-09	0.707017538600000051	-0.664324850199999983
6.13600000000000032e-09	0.654270285499999993	-0.715667538099999945
6.14400000000000029e-09	0.597755803900000049	-0.763686806000000051
6.15200000000000026e-09	0.538648828899999987	-0.806464324699999957
6.16000000000000023e-09	0.476456917199999996	-0.844356168200000035
6.16800000000000021e-09	0.41191302740000002	-0.877366386700000001
6.17600000000000018e-09	0.34572449030000002	-0.905194971100000023
6.18400000000000015e-09	0.279267777599999989	-0.92760262019999995
6.19200000000000012e-09	0.213047593300000004	-0.945271231700000047
6.2000000000000001e-09	0.139115591900000002	-0.959939190499999984
6.20800000000000007e-09	0.0605869871999999976	-0.968290211300000037
6.21600000000000004e-09	-0.0156078998	-0.969874954300000036
6.22400000000000001e-09	-0.0896805672000000054	-0.965581700800000053
6.23199999999999999e-09	-0.162160761200000003	-0.955704412300000028
6.23999999999999996e-09	-0.2335235856	-0.941041424899999979
6.24799999999999993e-09	-0.303509794399999977	-0.92101922540000003
6.2559999999999999e-09	-0.371902059000000007	-0.895398002099999979
6.26399999999999988e-09	-0.438208334300000002	-0.865276493900000054
6.27199999999999985e-09	-0.501751863900000039	-0.830065909400000024
6.28000000000000065e-09	-0.563109833099999957	-0.7897911715
6.28800000000000062e-09	-0.620711898299999953	-0.744941439400000016
6.29600000000000059e-09	-0.67487607000000005	-0.696422791799999996
6.30400000000000056e-09	-0.72524391290000001	-0.643063386300000039
6.31200000000000054e-09	-0.771248802899999975	-0.586385691699999989
6.32000000000000051e-09	-0.812589944800000019	-0.526353316100000024
6.32800000000000048e-09	-0.849325630599999992	-0.463666003599999987
6.33600000000000045e-09	-0.880944904200000045	-0.398303080099999984
6.34400000000000043e-09	-0.90752858989999996	-0.331154001199999992
6.3520000000000004e-09	-0.928882000800000052	-0.262474772700000025
6.36000000000000037e-09	-0.945026731200000025	-0.192447337999999996
6.36800000000000034e-09	-0.956044522200000024	-0.121485166199999994
6.37600000000000032e-09	-0.961610013499999972	-0.0501867273999999988
6.38400000000000029e-09	-0.962068665999999961	0.0208616148000000008
6.39200000000000026e-09	-0.957344926400000018	0.0922362865000000004
6.40000000000000023e-09	-0.947434333000000017	0.162938410300000003
6.40800000000000021e-09	-0.932287818800000001	0.232250187299999994
6.41600000000000018e-09	-0.912272986199999969	0.300930752199999985
6.42400000000000015e-09	-0.887022086500000029	0.367565880600000006
6.43200000000000012e-09	-0.857265065100000001	0.431757702000000021
6.4400000000000001e-09	-0.823010194500000014	0.494483390099999975
6.44800000000000007e-09	-0.783343670499999978	0.553385319600000036
6.45600000000000004e-09	-0.740480985000000036	0.610457881099999988
6.46400000000000001e-09	-0.692563179500000015	0.663785647300000003
6.47200000000000081e-09	-0.641260006300000018	0.713308356700000035
6.48000000000000078e-09	-0.586415543700000041	0.758962110799999978
6.48800000000000076e-09	-0.527775032999999949	0.800581585200000001
6.49600000000000073e-09	-0.466673312999999979	0.837557266799999978
6.50399999999999987e-09	-0.402532087400000016	0.869742345300000053
6.51199999999999985e-09	-0.33589014519999999	0.897365900099999947
6.51999999999999982e-09	-0.267748720499999981	0.91974696290000002
6.52799999999999979e-09	-0.198312629299999987	0.937044461800000006
6.53599999999999976e-09	-0.127659498900000001	0.949075785400000038
6.54399999999999974e-09	-0.0560925535000000031	0.955689422099999963
6.55199999999999971e-09	0.0147064623000000005	0.957269118100000038
6.55999999999999968e-09	0.0856911558999999962	0.95376438210000003
6.56799999999999965e-09	0.156706005499999995	0.945109369800000043
6.57599999999999963e-09	0.226671485199999995	0.930631271600000032
6.5839999999999996e-09	0.2952322047	0.91139944780000004
6.59199999999999957e-09	0.362100303499999998	0.887851630400000036
6.59999999999999954e-09	0.427550139699999998	0.85900354000000001
6.60799999999999951e-09	0.489952408800000017	0.82508109009999997
6.61599999999999949e-09	0.549712057000000032	0.786694275600000048
6.62399999999999946e-09	0.607003182699999977	0.744048380600000003
6.63199999999999943e-09	0.660995718699999957	0.697125662699999982
6.6399999999999994e-09	0.711671821299999952	0.645921281100000022
6.64799999999999938e-09	0.758368483499999968	0.591425746099999983
6.65599999999999935e-09	0.800908004499999993	0.532835776500000025
6.66399999999999932e-09	0.839259304199999945	0.471413082400000016
6.67200000000000012e-09	0.872144887200000052	0.407069089599999989
6.68000000000000009e-09	0.900198239600000005	0.340531654299999986
6.68800000000000007e-09	0.923184059000000001	0.271902772600000009
6.69600000000000004e-09	0.940770259200000014	0.201849525499999988
6.70400000000000001e-09	0.953166261300000039	0.130784476700000013
6.71199999999999998e-09	0.960158126599999995	0.0589153519000000028
6.71999999999999996e-09	0.961731636899999964	-0.0132559380999999997
6.72799999999999993e-09	0.958179404200000029	-0.0855234292000000007
6.7359999999999999e-09	0.949350098399999953	-0.156669449500000002
6.74399999999999987e-09	0.935111637500000037	-0.226673994699999992
6.75199999999999984e-09	0.915668500500000038	-0.295874750500000006
6.75999999999999982e-09	0.891334191100000006	-0.363639139399999978
6.76799999999999979e-09	0.862006019299999982	-0.429515412799999996
6.77599999999999976e-09	0.827864677600000043	-0.4932511651
6.78399999999999973e-09	0.789071645299999958	-0.554474499500000051
6.79199999999999971e-09	0.745512646400000034	-0.612356274499999964
6.79999999999999968e-09	0.697552654799999949	-0.667336256000000017
6.80799999999999965e-09	0.646032053999999967	-0.71830567479999996
6.81599999999999962e-09	0.590288041700000043	-0.765387064200000022
6.8239999999999996e-09	0.531736620999999965	-0.80795631609999996
6.83199999999999957e-09	0.470637014199999981	-0.845425638200000051
6.83999999999999954e-09	0.406574858699999986	-0.878410734300000051
6.84799999999999951e-09	0.340303688800000004	-0.906590813899999959
6.85599999999999949e-09	0.27207491880000001	-0.929321074500000011
6.86400000000000029e-09	0.202755713199999993	-0.946871971800000045
6.87200000000000026e-09	0.132800074699999993	-0.958989715800000031
6.88000000000000023e-09	0.061886728000000002	-0.966021423199999951
6.8880000000000002e-09	-0.00917733639999999962	-0.967917403399999987
6.89600000000000017e-09	-0.0793315661999999949	-0.964452659899999953
6.90400000000000015e-09	-0.150356925599999997	-0.955756440399999962
6.91200000000000012e-09	-0.221516205599999988	-0.941600084900000023
6.92000000000000009e-09	-0.293639514699999993	-0.922178192499999994
6.92800000000000006e-09	-0.363665639599999979	-0.897002929899999968
6.93600000000000004e-09	-0.431291418500000023	-0.866564355499999994
6.94400000000000001e-09	-0.495932466800000027	-0.830991046399999989
6.95199999999999998e-09	-0.558101663299999995	-0.790494542699999969
6.95999999999999995e-09	-0.61673773470000004	-0.745971447900000029
6.96799999999999993e-09	-0.670449780100000003	-0.697318068199999974
6.9759999999999999e-09	-0.721333805700000052	-0.644856918300000026
6.98399999999999987e-09	-0.767915199000000048	-0.588942532599999957
6.99199999999999984e-09	-0.809826731499999952	-0.529733186700000025
6.99999999999999982e-09	-0.84739895970000001	-0.467677320100000016
7.00799999999999979e-09	-0.879993496600000036	-0.403031128399999994
7.01599999999999976e-09	-0.907610972299999985	-0.336492520100000025
7.02399999999999973e-09	-0.930081660000000032	-0.267963839699999984
7.03199999999999971e-09	-0.947427810600000031	-0.197924074199999994
7.03999999999999968e-09	-0.959434164299999948	-0.126821077700000007
7.04799999999999965e-09	-0.965990725900000013	-0.0552314872999999998
7.05600000000000045e-09	-0.967456690100000016	0.017067339899999999
7.06400000000000042e-09	-0.963320993800000025	0.0892325404999999988
7.07200000000000039e-09	-0.953517056100000038	0.161025659399999993
7.08000000000000037e-09	-0.938389989699999982	0.231276060199999994
7.08800000000000034e-09	-0.917540928300000003	0.300535365399999976
7.09600000000000031e-09	-0.892420458699999974	0.367622923900000009
7.10400000000000028e-09	-0.861996505899999987	0.432208173899999992
7.11200000000000026e-09	-0.827565518999999972	0.494942788199999983
7.12000000000000023e-09	-0.788621171600000004	0.553939906500000023
7.1280000000000002e-09	-0.744949960799999977	0.610396051000000051
7.13600000000000017e-09	-0.697922070700000008	0.663160496000000044
7.14400000000000015e-09	-0.646736008500000015	0.712402105100000016
7.15200000000000012e-09	-0.592219044100000036	0.757756987499999979
7.16000000000000009e-09	-0.534740011599999954	0.799661925100000004
7.16800000000000006e-09	-0.473859716900000005	0.836795563899999983
7.17600000000000003e-09	-0.410469582100000008	0.869413808899999974
7.18400000000000001e-09	-0.344615197400000017	0.897352142300000044
7.19199999999999998e-09	-0.276833680099999979	0.9203411695
7.19999999999999995e-09	-0.207504542799999997	0.93850352749999999
7.20799999999999992e-09	-0.136761275900000007	0.95138952379999997
7.2159999999999999e-09	-0.0653383539000000069	0.959111302399999976
7.22399999999999987e-09	0.00641853370000000038	0.961434409600000039
7.23199999999999984e-09	0.0784920872999999991	0.958363625199999958
7.23999999999999981e-09	0.149787655500000005	0.949862284199999962
7.24800000000000061e-09	0.220718722300000003	0.936181844799999996
7.25600000000000059e-09	0.289987399400000012	0.91698648819999995
7.26400000000000056e-09	0.358319821500000024	0.893195126199999967
7.27200000000000053e-09	0.423984035199999998	0.863850827900000007
7.2800000000000005e-09	0.48804026490000002	0.830140041499999981
7.28800000000000048e-09	0.549629035799999999	0.791201136700000029
7.29600000000000045e-09	0.607390566500000006	0.748300335299999952
7.30400000000000042e-09	0.6626975477	0.700819360799999957
7.31200000000000039e-09	0.714067955800000043	0.649760562500000027
7.32000000000000036e-09	0.760784127099999985	0.594479410900000005
7.32800000000000034e-09	0.803869614899999974	0.535929332599999975
7.33600000000000031e-09	0.84173295140000004	0.474737637499999976
7.34400000000000028e-09	0.875459822599999993	0.410745830799999989
7.35200000000000025e-09	0.904562906899999963	0.344082200000000005
7.36000000000000023e-09	0.928042147500000025	0.275781358699999979
7.3680000000000002e-09	0.946550006000000055	0.20597760100000001
7.37600000000000017e-09	0.959796258400000046	0.134407351899999999
7.38400000000000014e-09	0.967573407000000052	0.0622324532999999971
7.39200000000000012e-09	0.96997834439999997	-0.0102352528000000005
7.40000000000000009e-09	0.966786143500000028	-0.0827962022999999964
7.40800000000000006e-09	0.958231823999999954	-0.154713131199999993
7.41600000000000003e-09	0.944566834199999983	-0.225383349799999994
7.42400000000000001e-09	0.925775680700000048	-0.294852891900000025
7.43199999999999998e-09	0.901480654400000025	-0.363292773199999974
7.44000000000000078e-09	0.871792014099999957	-0.430270170100000016
7.44800000000000075e-09	0.837154375799999961	-0.494800239899999994
7.45600000000000072e-09	0.797416428999999982	-0.556501852300000044
7.46399999999999987e-09	0.753145588099999985	-0.614454936300000032
7.47200000000000067e-09	0.704647823900000025	-0.669363619700000023
7.47999999999999981e-09	0.652438066500000025	-0.720519621600000049
7.48800000000000061e-09	0.596514642299999953	-0.767149050600000049
7.49599999999999976e-09	0.537096079300000029	-0.80916021810000005
7.5039999999999989e-09	0.475059796400000012	-0.847236990800000034
7.5119999999999997e-09	0.409809954899999995	-0.880019753200000032
7.51999999999999885e-09	0.342719761000000012	-0.90792593789999998
7.52799999999999965e-09	0.273835346599999974	-0.930401453300000014
7.53599999999999879e-09	0.203260386399999993	-0.947813856799999965
7.54399999999999959e-09	0.132033611899999986	-0.95987666380000003
7.55200000000000039e-09	0.0601419698000000003	-0.96665283489999998
7.55999999999999954e-09	-0.0120717073999999994	-0.96811407989999998
7.56800000000000034e-09	-0.0843062116999999944	-0.964306763399999989
7.57599999999999948e-09	-0.155956668599999987	-0.955164330600000056
7.58400000000000028e-09	-0.226604615000000009	-0.940716989600000053
7.59199999999999943e-09	-0.296257687599999986	-0.921089698299999982
7.60000000000000023e-09	-0.364003555799999989	-0.896624999399999956
7.60799999999999937e-09	-0.429821261100000018	-0.866896734500000044
7.61600000000000017e-09	-0.493257222200000012	-0.832582530000000043
7.62399999999999932e-09	-0.55430325749999998	-0.793992130000000018
7.63200000000000011e-09	-0.612641711199999994	-0.750757063500000044
7.63999999999999926e-09	-0.666950260000000017	-0.703455484699999967
7.64800000000000006e-09	-0.717733067900000021	-0.652088629600000025
7.6559999999999992e-09	-0.765119828500000043	-0.597067044799999946
7.664e-09	-0.808795532700000042	-0.538541931300000054
7.67199999999999915e-09	-0.847181065999999983	-0.476936293100000019
7.67999999999999995e-09	-0.881490319800000033	-0.412496294699999988
7.68799999999999909e-09	-0.910599695599999981	-0.345619785700000015
7.69599999999999989e-09	-0.934687855199999973	-0.276557593200000007
7.70399999999999904e-09	-0.953497463599999984	-0.20555680770000001
7.71199999999999984e-09	-0.966887797900000012	-0.13329461179999999
7.71999999999999898e-09	-0.974906867800000021	-0.0602153340000000023
7.72799999999999978e-09	-0.977073651600000037	0.0134131447000000008
7.73600000000000058e-09	-0.973673651300000054	0.0869027562999999947
7.74399999999999973e-09	-0.964683979599999963	0.159875798799999996
7.75200000000000053e-09	-0.949950529400000021	0.232249847600000003
7.75999999999999967e-09	-0.930090520499999962	0.303101872200000011
7.76800000000000047e-09	-0.904845034199999954	0.372057629800000011
7.77599999999999962e-09	-0.874629957100000022	0.439056387400000026
7.78400000000000042e-09	-0.839303020400000044	0.503258334299999999
7.79199999999999956e-09	-0.799390942299999963	0.564831872499999998
7.80000000000000036e-09	-0.754991386000000042	0.622819610099999976
7.80799999999999951e-09	-0.706422946799999951	0.677363926099999958
7.81600000000000031e-09	-0.653842273600000023	0.728580018000000051
7.82399999999999945e-09	-0.59759271589999996	0.774888437800000052
7.83200000000000025e-09	-0.538057304600000008	0.817240824700000035
7.8399999999999994e-09	-0.475254660699999998	0.855323539699999968
7.8480000000000002e-09	-0.410073128100000017	0.888618374600000038
7.85599999999999934e-09	-0.34279944029999998	0.916331675300000037
7.86400000000000014e-09	-0.273440276500000023	0.939166794000000027
7.87199999999999929e-09	-0.202496405900000009	0.957111204699999996
7.88000000000000009e-09	-0.130071658099999987	0.969742268299999988
7.88799999999999923e-09	-0.0568049353999999992	0.977049017100000028
7.89600000000000003e-09	0.0167046326000000016	0.978825501099999995
7.90399999999999918e-09	0.0915609512999999986	0.975032843299999952
7.91199999999999997e-09	0.166740188300000008	0.965358157199999956
7.91999999999999912e-09	0.24114837489999999	0.949760150899999989
7.92799999999999992e-09	0.313973218900000017	0.928467549399999981
7.93600000000000072e-09	0.384364356299999987	0.901703045500000022
7.94399999999999986e-09	0.452944230399999981	0.86964965400000005
7.95200000000000066e-09	0.517820092799999965	0.833400766400000048
7.95999999999999981e-09	0.576156447300000041	0.794614555200000017
7.96800000000000061e-09	0.630441909099999975	0.751231119099999956
7.97599999999999975e-09	0.683644308099999987	0.703731220400000024
7.98400000000000055e-09	0.734572624899999971	0.650543024600000019
7.9919999999999997e-09	0.781555944199999963	0.592520505199999992
8.0000000000000005e-09	0.824643301800000006	0.530336534999999998
8.00799999999999964e-09	0.862542342599999956	0.464902721700000021
8.01600000000000044e-09	0.895419919299999978	0.396950832500000017
8.02399999999999959e-09	0.922042770799999967	0.326864459200000013
8.03200000000000039e-09	0.94358327360000005	0.255257177900000021
8.03999999999999953e-09	0.959211682800000021	0.182217442400000013
8.04800000000000033e-09	0.968937684999999993	0.108981831700000004
8.05599999999999948e-09	0.973117293199999955	0.0357164385000000029
8.06400000000000028e-09	0.971600300199999989	-0.037649656099999998
8.07199999999999942e-09	0.964708324199999967	-0.110391362800000004
8.08000000000000022e-09	0.952469064400000009	-0.182020975400000007
8.08799999999999937e-09	0.935205301899999952	-0.252219970999999987
8.09600000000000017e-09	0.912955013699999984	-0.320878053100000005
8.10399999999999931e-09	0.886131034599999978	-0.387308634500000026
8.11200000000000011e-09	0.854772079600000012	-0.45118346949999999
8.11999999999999926e-09	0.818590369100000048	-0.513284209199999952
8.12800000000000006e-09	0.778418468200000047	-0.57210825970000001
8.1359999999999992e-09	0.73424035480000005	-0.627398628500000055
8.144e-09	0.686473051300000026	-0.680258044200000023
8.15199999999999915e-09	0.635035712199999991	-0.728725673400000051
8.15999999999999995e-09	0.579996159300000036	-0.7742163138
8.16799999999999909e-09	0.521454702200000009	-0.815613358500000052
8.17599999999999989e-09	0.460024686899999979	-0.852836794200000026
8.18399999999999904e-09	0.395931113800000012	-0.885430015399999992
8.19199999999999984e-09	0.328614521599999987	-0.913258347400000003
8.19999999999999898e-09	0.25939736229999999	-0.93614018099999996
8.20799999999999978e-09	0.188080600699999989	-0.953587836500000008
8.21599999999999893e-09	0.115496362599999999	-0.965666708999999956
8.22399999999999972e-09	0.0421160808999999983	-0.971825188099999959
8.23199999999999887e-09	-0.031710635899999999	-0.972242544999999958
8.23999999999999967e-09	-0.105441198900000005	-0.966766007299999952
8.24799999999999881e-09	-0.178268895700000013	-0.955412101499999999
8.25599999999999961e-09	-0.249652668800000005	-0.938362580199999963
8.26399999999999876e-09	-0.319544885200000017	-0.915766709000000012
8.27199999999999956e-09	-0.38681829270000001	-0.88814722079999997
8.2799999999999987e-09	-0.451579873999999992	-0.855537863899999973
8.2879999999999995e-09	-0.513378912700000023	-0.818467848800000009
8.29599999999999865e-09	-0.572186363200000048	-0.776903300900000038
8.30399999999999945e-09	-0.627624389399999982	-0.73149255270000002
8.31199999999999859e-09	-0.679440893200000007	-0.682599073100000009
8.32000000000000105e-09	-0.727259689299999956	-0.629881935600000054
8.32800000000000019e-09	-0.771167257700000053	-0.573973043700000018
8.33600000000000099e-09	-0.810930193300000046	-0.515335855999999981
8.34400000000000014e-09	-0.847162855300000017	-0.454515770099999994
8.35200000000000094e-09	-0.877829848199999985	-0.39093037650000001
8.36000000000000008e-09	-0.905250687699999945	-0.325295260099999983
8.36800000000000088e-09	-0.92759393670000001	-0.257851873299999979
8.37600000000000003e-09	-0.945116079299999967	-0.188599953099999995
8.38400000000000083e-09	-0.957520975799999952	-0.117860331600000007
8.39199999999999997e-09	-0.964429694300000029	-0.0461479178000000004
8.40000000000000077e-09	-0.966331637000000021	0.0262247035999999996
8.40799999999999992e-09	-0.962504651699999991	0.0987865592999999931
8.41600000000000072e-09	-0.953233228500000029	0.171187181999999993
8.42399999999999986e-09	-0.938241291600000027	0.242665586699999991
8.43200000000000066e-09	-0.917783092900000042	0.312761515699999992
8.43999999999999981e-09	-0.891429116800000032	0.381118799100000016
8.44800000000000061e-09	-0.860026535399999958	0.447662276699999973
8.45599999999999975e-09	-0.822991800000000051	0.510881021200000007
8.46400000000000055e-09	-0.781882965600000035	0.571758289399999953
8.4719999999999997e-09	-0.736029524799999946	0.628416438400000055
8.4800000000000005e-09	-0.685670345400000047	0.681131682199999977
8.48799999999999964e-09	-0.63202342509999998	0.730230283200000052
8.49600000000000044e-09	-0.574679805900000007	0.774326886400000025
8.50399999999999959e-09	-0.515159209599999945	0.81409820690000001
8.51200000000000038e-09	-0.453538490299999986	0.848589373499999966
8.51999999999999953e-09	-0.389378164000000027	0.878842307099999998
8.52800000000000033e-09	-0.323637354799999999	0.904710533900000002
8.53599999999999947e-09	-0.256665184499999977	0.925495030700000054
8.54400000000000027e-09	-0.188343695300000002	0.941108060200000041
8.55199999999999942e-09	-0.119404420600000005	0.952598579300000026
8.56000000000000022e-09	-0.0498370076999999981	0.959128858799999984
8.56799999999999936e-09	0.0202869538000000002	0.961309216900000041
8.57600000000000016e-09	0.0908295149000000052	0.95875585090000004
8.58399999999999931e-09	0.16182852780000001	0.951055349899999958
8.59200000000000011e-09	0.232850236399999994	0.937767309099999946
8.59999999999999925e-09	0.302943851799999997	0.91870146720000001
8.60800000000000005e-09	0.371897573599999975	0.894301275300000031
8.6159999999999992e-09	0.439023711300000008	0.864661664700000054
8.624e-09	0.503606617199999995	0.829604079100000003
8.63199999999999914e-09	0.565436326299999958	0.790146042199999954
8.63999999999999994e-09	0.62416549939999999	0.746356074799999991
8.64799999999999909e-09	0.679319286599999961	0.697404186800000048
8.65599999999999989e-09	0.730715635799999985	0.644600899299999974
8.66399999999999903e-09	0.778086148400000011	0.587393003299999994
8.67199999999999983e-09	0.820732558799999956	0.527029310700000031
8.67999999999999898e-09	0.85881895829999999	0.462837464099999985
8.68800000000000143e-09	0.891791703899999955	0.395654974599999987
8.69599999999999892e-09	0.919244053400000039	0.325785297899999993
8.70400000000000138e-09	0.941107754699999965	0.254575928100000015
8.71200000000000052e-09	0.9572691807	0.181582799099999997
8.72000000000000132e-09	0.967496646299999985	0.107846632900000003
8.72800000000000047e-09	0.971987328400000017	0.0337145418999999988
8.73600000000000127e-09	0.970469365200000045	-0.0404951592999999999
8.74400000000000041e-09	0.963300443499999992	-0.113911531699999999
8.75200000000000121e-09	0.950662804699999975	-0.186123068000000003
8.76000000000000036e-09	0.932521114599999978	-0.256784411200000007
8.76800000000000115e-09	0.909261790800000025	-0.325498923499999981
8.7760000000000003e-09	0.881061293499999953	-0.391751579199999977
8.7840000000000011e-09	0.848207681300000016	-0.455800610100000003
8.79200000000000024e-09	0.810963340699999979	-0.517046155399999985
8.80000000000000104e-09	0.769369550199999974	-0.574313620299999994
8.80800000000000019e-09	0.72423614160000005	-0.628745933499999965
8.81600000000000099e-09	0.675273004999999982	-0.679858943000000049
8.82400000000000013e-09	0.623244868599999946	-0.726688237600000009
8.83200000000000093e-09	0.567854207500000041	-0.769982587999999968
8.84000000000000008e-09	0.510121921400000011	-0.809205230400000031
8.84800000000000088e-09	0.449819047899999991	-0.843908042699999972
8.85600000000000002e-09	0.386995211499999991	-0.875212478899999979
8.86400000000000082e-09	0.321803999999999979	-0.901659391299999946
8.87199999999999997e-09	0.254918093999999984	-0.923530285000000006
8.88000000000000077e-09	0.186653554299999996	-0.940881489699999962
8.88799999999999991e-09	0.116912605200000005	-0.953384507500000034
8.89600000000000071e-09	0.0459285883999999978	-0.960878445099999978
8.90399999999999986e-09	-0.0256106437000000013	-0.963247008700000018
8.91200000000000066e-09	-0.0979656069000000018	-0.95996775160000003
8.9199999999999998e-09	-0.170166731200000004	-0.951053356399999994
8.9280000000000006e-09	-0.241844955199999989	-0.936693315199999987
8.93599999999999975e-09	-0.31257237269999999	-0.916488621199999964
8.94400000000000055e-09	-0.381912613299999981	-0.890475075500000046
8.95199999999999969e-09	-0.44903396969999998	-0.859007226999999984
8.96000000000000049e-09	-0.513879047900000052	-0.821716290699999963
8.96799999999999964e-09	-0.575468052399999985	-0.778901844600000004
8.97600000000000044e-09	-0.633057111499999992	-0.731875189399999959
8.98399999999999958e-09	-0.687463419299999989	-0.67958292610000004
8.99200000000000038e-09	-0.735857913300000055	-0.623612006500000038
8.99999999999999953e-09	-0.78011949150000004	-0.564985076399999953
