1.00000000000000006e-09	-0.0422191785000000028	0.956054019900000052
1.00800000000000003e-09	0.278437601300000004	0.916303068700000001
1.01600000000000001e-09	0.57016045670000004	0.770348057500000016
1.02399999999999998e-09	0.792466297900000005	0.538277473099999959
1.03199999999999995e-09	0.925076342700000054	0.243026755900000002
1.04000000000000013e-09	0.950254311000000018	-0.0817914378999999997
1.0480000000000001e-09	0.866701871499999998	-0.391940546599999995
1.05600000000000008e-09	0.688237607399999951	-0.653659240500000016
1.06400000000000005e-09	0.434369954100000011	-0.84368069670000001
1.07200000000000002e-09	0.131973075500000009	-0.94113598239999996
1.07999999999999999e-09	-0.189652753199999996	-0.933922523500000046
1.08800000000000017e-09	-0.489440255400000024	-0.820131834000000004
1.09600000000000014e-09	-0.734505521600000044	-0.612163060700000039
1.10400000000000012e-09	-0.897041316100000041	-0.332566952400000004
1.11200000000000009e-09	-0.955441343700000001	-0.0141434322999999997
1.12000000000000006e-09	-0.903444126599999953	0.308461806700000007
1.12799999999999983e-09	-0.749290415299999957	0.590212577800000027
1.1359999999999998e-09	-0.509378174299999986	0.805827904900000003
1.14399999999999998e-09	-0.216981825999999989	0.927844658100000053
1.15199999999999995e-09	0.103758262599999998	0.947966221800000008
1.15999999999999992e-09	0.413261298900000018	0.859188576500000023
1.1679999999999999e-09	0.676773346800000009	0.669411508900000007
1.17599999999999987e-09	0.859006474600000014	0.4062704439
1.18399999999999984e-09	0.943825957299999962	0.0965461937000000048
1.19200000000000002e-09	0.92176495650000001	-0.217392882499999995
1.19999999999999999e-09	0.798414126900000021	-0.51031629420000002
1.20799999999999996e-09	0.586569990700000043	-0.746264056000000009
1.21599999999999994e-09	0.303562508499999995	-0.902007172300000049
1.22399999999999991e-09	-0.0127295163000000003	-0.953645961800000053
1.23199999999999988e-09	-0.331075118200000018	-0.896354880800000031
1.24000000000000006e-09	-0.612851835299999981	-0.733033906499999999
1.24800000000000003e-09	-0.820828045099999959	-0.485158492399999974
1.25600000000000001e-09	-0.931934962100000042	-0.181137861700000014
1.26399999999999998e-09	-0.934533464399999958	0.138271210799999988
1.27199999999999995e-09	-0.831049935200000034	0.440912932500000021
1.28000000000000013e-09	-0.641050741000000035	0.685872394999999968
1.2880000000000001e-09	-0.381160774699999982	0.858423584600000011
1.29600000000000007e-09	-0.0798675521999999971	0.938788912499999961
1.30400000000000005e-09	0.238664528399999992	0.914963874799999966
1.31200000000000002e-09	0.531997358299999945	0.78535073150000001
1.31999999999999999e-09	0.764064403100000011	0.564267346199999964
1.32800000000000017e-09	0.909197785699999983	0.272255253799999986
1.33600000000000014e-09	0.945548997700000005	-0.0445418803999999974
1.34400000000000012e-09	0.875817899800000021	-0.353322742899999986
1.35200000000000009e-09	0.708040338300000016	-0.623272500500000048
1.36000000000000006e-09	0.463378402899999986	-0.822245035500000054
1.36800000000000003e-09	0.162945273400000007	-0.931208745900000023
1.3759999999999998e-09	-0.15544291360000001	-0.93420596180000004
1.38399999999999998e-09	-0.457336672	-0.829898887399999952
1.39199999999999995e-09	-0.709103889899999951	-0.625789937299999988
1.39999999999999992e-09	-0.875267256700000051	-0.350786537100000018
1.40799999999999989e-09	-0.938610246199999998	-0.0435435601999999977
1.41599999999999987e-09	-0.89866711779999997	0.266872733699999976
1.42399999999999984e-09	-0.76159077740000003	0.546721155199999975
1.43200000000000002e-09	-0.540095216600000039	0.769291006899999963
1.43999999999999999e-09	-0.254469298600000005	0.908876011100000047
1.44799999999999996e-09	0.0627567088000000051	0.945767378500000033
1.45599999999999994e-09	0.375629204900000013	0.872779201900000023
1.46399999999999991e-09	0.64692626639999995	0.696046005999999995
1.47199999999999988e-09	0.842417639700000054	0.434031888099999985
1.48000000000000006e-09	0.935554004300000019	0.130258907300000004
1.48800000000000003e-09	0.922465964000000027	-0.187644408900000004
1.496e-09	0.806382084699999946	-0.480981392299999977
1.50399999999999998e-09	0.602760825399999978	-0.718844837400000047
1.51199999999999995e-09	0.32923216919999998	-0.878434719399999953
1.51999999999999992e-09	0.019796184599999999	-0.938663420300000051
1.5280000000000001e-09	-0.292283216700000015	-0.893079426999999981
1.53600000000000007e-09	-0.571687552500000029	-0.746628935900000013
1.54400000000000004e-09	-0.787176824100000005	-0.51497539960000005
1.55200000000000002e-09	-0.914392553100000005	-0.219821400899999991
1.55999999999999999e-09	-0.936487863300000001	0.0934052706000000066
1.56799999999999996e-09	-0.852740738599999992	0.400056051999999995
1.57600000000000014e-09	-0.671269045900000028	0.661595085400000005
1.58400000000000011e-09	-0.413005387499999987	0.847282768000000019
1.59200000000000009e-09	-0.104683678299999999	0.935912865900000002
1.60000000000000006e-09	0.214068068700000003	0.915329174100000031
1.60800000000000003e-09	0.504831788499999989	0.790723820500000008
1.616e-09	0.736592004300000047	0.577924274000000016
1.62400000000000018e-09	0.884695796899999998	0.301768180300000022
1.63199999999999995e-09	0.934153189600000045	-0.00805094360000000071
1.63999999999999992e-09	0.876458714400000005	-0.321024461400000016
1.64799999999999989e-09	0.724316364099999999	-0.589218294399999953
1.65599999999999986e-09	0.489070022300000018	-0.795658074899999956
1.66399999999999984e-09	0.197651983100000012	-0.913239694399999968
1.67200000000000002e-09	-0.116340638600000004	-0.927777864299999977
1.67999999999999999e-09	-0.417575599999999991	-0.837850491700000033
1.68799999999999996e-09	-0.675337412700000028	-0.650553962900000005
1.69599999999999993e-09	-0.854801723500000055	-0.388204094200000016
1.70399999999999991e-09	-0.936055301799999961	-0.0818159767999999954
1.71199999999999988e-09	-0.909746047800000013	0.23423279629999999
1.72000000000000006e-09	-0.778842664699999965	0.523100220400000038
1.72800000000000003e-09	-0.559236993399999993	0.750707919600000051
1.736e-09	-0.275981949599999998	0.891583084500000012
1.74399999999999997e-09	0.0347228497000000025	0.930015952700000037
1.75199999999999995e-09	0.336605719500000011	0.866606885800000004
1.75999999999999992e-09	0.60397277760000001	0.707447480400000051
1.7680000000000001e-09	0.805264208800000048	0.469378995000000021
1.77600000000000007e-09	0.918019574600000055	0.177133242999999996
1.78400000000000004e-09	0.927769862400000034	-0.138256824400000006
1.79200000000000002e-09	0.830440905799999962	-0.440506377999999976
1.79999999999999999e-09	0.631302595700000024	-0.697121906400000046
1.80799999999999996e-09	0.361061119200000002	-0.867511383299999994
1.81600000000000014e-09	0.0511921522000000004	-0.93584531059999998
1.82400000000000011e-09	-0.261174484799999995	-0.897249093300000022
1.83200000000000008e-09	-0.541330958099999981	-0.759175904599999951
1.84000000000000006e-09	-0.760869148699999998	-0.537633145200000051
1.84800000000000003e-09	-0.896603070700000004	-0.254939379000000022
1.856e-09	-0.930600065399999954	0.0599206543000000008
1.86400000000000018e-09	-0.861767525800000045	0.361374059999999997
1.87200000000000015e-09	-0.692472992100000018	0.628643069400000032
1.87999999999999971e-09	-0.442325495399999991	0.823984084600000055
1.8880000000000001e-09	-0.142089323699999992	0.923749060599999949
1.89600000000000007e-09	0.172037610000000007	0.918160590399999976
1.90400000000000004e-09	0.465691350100000012	0.810112026999999957
1.91200000000000001e-09	0.707199281900000032	0.612846992100000043
1.91999999999999999e-09	0.873406381400000043	0.339155413199999978
1.92799999999999996e-09	0.937729060400000036	0.0260739310999999994
1.93599999999999993e-09	0.892789772199999998	-0.288907581000000024
1.9439999999999999e-09	0.744285530099999981	-0.569354011800000004
1.95199999999999988e-09	0.511084867899999962	-0.782408369400000026
1.95999999999999985e-09	0.222176506899999987	-0.904659879999999972
1.96799999999999982e-09	-0.0885291789000000051	-0.924890734300000017
1.97599999999999979e-09	-0.389101863900000011	-0.842055614199999969
1.98400000000000018e-09	-0.64750982580000005	-0.663851226100000025
1.99200000000000015e-09	-0.830857707199999962	-0.416123607700000009
2.00000000000000012e-09	-0.924049902299999948	-0.1187621809
2.0080000000000001e-09	-0.912333203199999998	0.197675411899999987
2.01600000000000007e-09	-0.794724642100000045	0.491919251900000021
2.02400000000000004e-09	-0.585082346099999984	0.728994647499999981
2.03200000000000001e-09	-0.308364907199999982	0.88180658040000004
2.03999999999999999e-09	0.00298220920000000006	0.933012351300000042
2.04799999999999996e-09	0.312136982999999979	0.877825204199999987
2.05599999999999993e-09	0.583441335299999975	0.724057822200000034
2.0639999999999999e-09	0.793572309099999984	0.482388171099999985
2.07199999999999988e-09	0.907227343600000014	0.190124444100000012
2.08000000000000026e-09	0.917745805699999972	-0.119522789199999993
2.08800000000000023e-09	0.825988564400000014	-0.415042356700000004
2.09600000000000021e-09	0.641999554500000014	-0.66423197359999997
2.10400000000000018e-09	0.385988768400000015	-0.839458606500000037
2.11200000000000015e-09	0.0864299272000000063	-0.920588436800000021
2.12000000000000012e-09	-0.2236172347	-0.897890671700000031
2.1280000000000001e-09	-0.509559878400000055	-0.773015871999999993
2.13600000000000007e-09	-0.739761761699999965	-0.556827903099999966
2.14400000000000004e-09	-0.881392773900000037	-0.283053428100000004
2.15200000000000001e-09	-0.925422392600000032	0.0236733304999999991
2.15999999999999999e-09	-0.864246762499999988	0.330342240600000003
2.16799999999999996e-09	-0.703986708099999969	0.599094628899999981
2.17600000000000034e-09	-0.463348823899999984	0.799188382600000025
2.18400000000000032e-09	-0.169753895799999999	0.907146651100000034
2.19200000000000029e-09	0.141645951999999992	0.910581068399999971
2.20000000000000026e-09	0.434922540000000024	0.810544650500000019
2.20800000000000023e-09	0.676766650100000033	0.620543941899999951
2.21600000000000021e-09	0.84202518439999996	0.364027078399999982
2.22400000000000018e-09	0.914613595299999971	0.0632000989999999957
2.23200000000000015e-09	0.883501591599999969	-0.245573409500000006
2.24000000000000012e-09	0.754160908000000019	-0.524389688900000039
2.2480000000000001e-09	0.540215273199999957	-0.745758635800000014
2.25599999999999965e-09	0.263202245599999995	-0.884873057299999988
2.26399999999999963e-09	-0.0461589573999999989	-0.92371286829999999
2.2719999999999996e-09	-0.351483734200000009	-0.85641644090000002
2.27999999999999998e-09	-0.616513052800000017	-0.690458374600000035
2.28799999999999996e-09	-0.810122186399999999	-0.445579580500000016
2.29599999999999993e-09	-0.910659330300000014	-0.1483552229
2.3039999999999999e-09	-0.905865676599999947	0.164229348800000008
2.31199999999999987e-09	-0.797864083899999965	0.456407114900000022
2.31999999999999985e-09	-0.605223869999999997	0.690912168100000001
2.32799999999999982e-09	-0.34636995570000001	0.851536386599999973
2.33599999999999979e-09	-0.0453638287999999987	0.919634568999999957
2.34399999999999976e-09	0.263272643400000006	0.884269568200000022
2.35199999999999974e-09	0.543953980700000006	0.747674662400000023
2.35999999999999971e-09	0.763821142099999961	0.52388437929999998
2.36799999999999968e-09	0.895877589200000046	0.238013478000000001
2.37600000000000007e-09	0.92357830129999996	-0.0755062353999999963
2.38400000000000004e-09	0.844932083999999972	-0.379059114699999977
2.39200000000000001e-09	0.670224530900000004	-0.637935645899999959
2.39999999999999998e-09	0.422531076200000022	-0.822963620000000007
2.40799999999999996e-09	0.129144138399999997	-0.91647027449999996
2.41599999999999993e-09	-0.185789804899999994	-0.907092217300000003
2.4239999999999999e-09	-0.48172072589999998	-0.790232508200000017
2.43199999999999987e-09	-0.717881414900000014	-0.583593626300000001
2.43999999999999985e-09	-0.870080051199999982	-0.311998637500000009
2.44799999999999982e-09	-0.92327331239999999	-0.00650050619999999971
2.45599999999999979e-09	-0.872831557299999949	0.298308575799999975
2.46399999999999976e-09	-0.725462748700000049	0.56960396499999999
2.47200000000000015e-09	-0.496825907499999997	0.778344888300000037
2.48000000000000012e-09	-0.211124528099999986	0.900512540499999958
2.48800000000000009e-09	0.100261595699999997	0.921149286799999967
2.49600000000000007e-09	0.402246362999999996	0.836072795700000038
2.50400000000000004e-09	0.658624101000000017	0.652727288999999988
2.51200000000000001e-09	0.838387743900000038	0.392070327499999982
2.51999999999999998e-09	0.918756555999999946	0.0864930877999999931
2.52799999999999996e-09	0.893252535200000031	-0.221748955999999997
2.53599999999999993e-09	0.770949792899999986	-0.500506768000000046
2.5439999999999999e-09	0.563114192500000055	-0.726296457999999978
2.55199999999999987e-09	0.290900545999999982	-0.872128356699999996
2.56000000000000026e-09	-0.0156816491000000002	-0.920192768099999947
2.56800000000000023e-09	-0.321870056199999977	-0.863190361200000034
2.5760000000000002e-09	-0.59191182369999995	-0.706513607600000038
2.58400000000000018e-09	-0.79395562959999999	-0.467766085300000023
2.59200000000000015e-09	-0.90374524420000002	-0.17534588109999999
2.60000000000000012e-09	-0.909195062400000031	0.13542334210000001
2.60800000000000009e-09	-0.811927670700000048	0.428859377799999997
2.61600000000000007e-09	-0.624547582699999992	0.671920120200000026
2.62400000000000004e-09	-0.367962138300000019	0.839871888000000011
2.63200000000000001e-09	-0.0709917850000000017	0.914212827499999992
2.63999999999999998e-09	0.233109501599999991	0.886585256399999966
2.64799999999999995e-09	0.52203970200000005	0.753407250199999989
2.65600000000000034e-09	0.744029908599999956	0.533021475700000025
2.66400000000000031e-09	0.877716532400000027	0.254210156099999973
2.67200000000000029e-09	0.911111872200000006	-0.0509665025999999979
2.68000000000000026e-09	0.841841781299999981	-0.348361401199999976
2.68800000000000023e-09	0.679911602999999976	-0.605943576000000039
2.6960000000000002e-09	0.442649826799999979	-0.796500216800000049
2.70400000000000018e-09	0.15514432689999999	-0.899302300400000032
2.71200000000000015e-09	-0.151853996399999996	-0.901571733299999956
2.72000000000000012e-09	-0.443492559900000027	-0.801006801500000032
2.72800000000000009e-09	-0.685109398599999975	-0.607861311900000034
2.73600000000000006e-09	-0.847630785899999961	-0.344688615799999987
2.74400000000000004e-09	-0.912176104399999965	-0.0423784660999999979
2.7519999999999996e-09	-0.872277959399999969	0.263090786600000015
2.75999999999999998e-09	-0.734141082599999995	0.536733505199999961
2.76799999999999995e-09	-0.514025199200000005	0.749320768999999998
2.77599999999999993e-09	-0.235206296799999992	0.877657880000000001
2.7839999999999999e-09	0.0635212020999999932	0.908246872500000024
2.79199999999999987e-09	0.360168829000000024	0.837823025599999993
2.79999999999999984e-09	0.618300940200000038	0.67130471150000004
2.80799999999999982e-09	0.80684980230000003	0.426855771599999989
2.81599999999999979e-09	0.902675233500000007	0.133639466000000012
2.82399999999999976e-09	0.895468793799999996	-0.174299809199999989
2.83199999999999973e-09	0.78680578109999999	-0.462310135000000011
2.83999999999999971e-09	0.588948587800000034	-0.697927715700000006
2.84799999999999968e-09	0.323716422800000014	-0.854914287499999981
2.85600000000000006e-09	0.0201073441999999984	-0.914312780000000047
2.86400000000000004e-09	-0.286255529100000017	-0.868437383900000026
2.87200000000000001e-09	-0.558805989999999975	-0.72251108399999997
2.87999999999999998e-09	-0.766011482699999968	-0.495102174900000025
2.88799999999999995e-09	-0.8857444753	-0.21320929420000001
2.89599999999999993e-09	-0.906356632299999965	0.0915128456999999979
2.9039999999999999e-09	-0.826739561300000037	0.384279816699999999
2.91199999999999987e-09	-0.656749214400000003	0.634788999500000006
2.91999999999999984e-09	-0.412349571799999981	0.815672209100000045
2.92799999999999982e-09	-0.108315769100000001	0.909425020599999967
2.93599999999999979e-09	0.205729156899999988	0.892566356100000013
2.94399999999999976e-09	0.491380222199999994	0.772726238299999979
2.95200000000000015e-09	0.719218600299999955	0.56647185379999998
2.96000000000000012e-09	0.866358429399999963	0.29721946840000002
2.96800000000000009e-09	0.916702288300000001	-0.00660381730000000021
2.97600000000000006e-09	0.86326076279999997	-0.311075333600000004
2.98400000000000004e-09	0.710371238799999971	-0.580820581500000044
2.99200000000000001e-09	0.476010748500000025	-0.783569047500000004
2.99999999999999998e-09	0.187813738899999999	-0.895491620100000052
3.00799999999999995e-09	-0.119475009899999998	-0.904961903400000045
3.01599999999999992e-09	-0.410761511199999985	-0.813384361999999972
3.0239999999999999e-09	-0.656012097099999969	-0.632265770399999982
3.03199999999999987e-09	-0.829461531500000016	-0.380918949000000007
3.03999999999999984e-09	-0.911325163100000002	-0.0841306173999999962
3.04800000000000023e-09	-0.889758309500000011	0.225441248900000002
3.0560000000000002e-09	-0.764098454600000032	0.511183082099999964
3.06400000000000017e-09	-0.54764820660000002	0.737911395599999964
3.07200000000000015e-09	-0.267049724200000005	0.877152266299999983
3.08000000000000012e-09	0.0411927637999999971	0.913032095499999974
3.08800000000000009e-09	0.339389869499999997	0.846757438399999951
3.09600000000000006e-09	0.598176708500000043	0.688044488900000029
3.10400000000000003e-09	0.791965794799999956	0.452877506400000018
3.11200000000000001e-09	0.898586890000000027	0.16536729959999999
3.11999999999999998e-09	0.903553016599999981	-0.1437751169
3.12799999999999995e-09	0.803807314199999956	-0.437701726899999977
3.13599999999999992e-09	0.610512201599999971	-0.680588648500000004
3.14400000000000031e-09	0.347688265800000007	-0.843458987999999965
3.15200000000000028e-09	0.0475835054999999979	-0.909231099600000037
3.16000000000000025e-09	-0.255769934099999985	-0.872695773000000008
3.16800000000000023e-09	-0.530310892299999947	-0.739138375000000014
3.1760000000000002e-09	-0.746972880399999983	-0.522123468800000046
3.18400000000000017e-09	-0.879834355900000031	-0.243981161599999996
3.19200000000000014e-09	-0.912140937200000002	0.0636470093000000015
3.20000000000000012e-09	-0.837457861700000028	0.366100565400000022
3.20800000000000009e-09	-0.664897884399999972	0.624075951100000026
3.21600000000000006e-09	-0.417281310199999977	0.806617245899999946
3.22400000000000003e-09	-0.126036755	0.895127468800000048
3.23200000000000001e-09	0.174931428700000002	0.883441294100000052
3.24000000000000039e-09	0.454379836699999984	0.775838183099999967
3.24800000000000036e-09	0.683341128100000028	0.585924578900000048
3.25599999999999992e-09	0.839550466199999956	0.333517733099999991
3.2639999999999999e-09	0.906293871300000053	0.0374921740999999975
3.27199999999999987e-09	0.865889022700000011	-0.278357836999999997
3.27999999999999984e-09	0.71959984450000003	-0.556811419400000007
3.28799999999999981e-09	0.489348494199999984	-0.76519519970000005
3.29599999999999979e-09	0.205146215900000012	-0.881317746899999976
3.30399999999999976e-09	-0.0970456605000000055	-0.895861523200000009
3.31199999999999973e-09	-0.384655734999999999	-0.811673317899999969
3.3199999999999997e-09	-0.628813226200000019	-0.639898064000000044
3.32799999999999967e-09	-0.804839720000000036	-0.39817445130000001
3.33600000000000006e-09	-0.893371404799999991	-0.110537580600000004
3.34400000000000003e-09	-0.88163909110000005	0.192576338900000005
3.35200000000000001e-09	-0.768033505200000022	0.475862000800000018
3.35999999999999998e-09	-0.564894263799999963	0.70423935010000005
3.36799999999999995e-09	-0.298004105600000013	0.849990019100000049
3.37599999999999992e-09	-0.000186090199999999989	0.898111412899999961
3.38399999999999989e-09	0.295105389399999973	0.846941874500000025
3.39199999999999987e-09	0.557518266899999948	0.702903701300000017
3.39999999999999984e-09	0.7598262925	0.480625673799999986
3.40799999999999981e-09	0.87898447540000002	0.201649045500000013
3.41599999999999978e-09	0.897792677700000041	-0.103868578099999997
3.42399999999999976e-09	0.811724246499999968	-0.398593915799999976
3.43200000000000014e-09	0.630947896899999972	-0.646072092900000006
3.44000000000000011e-09	0.378085062699999974	-0.81757161519999999
3.44800000000000009e-09	0.0846430598000000034	-0.894663921100000037
3.45600000000000006e-09	-0.216890347700000014	-0.870980282999999966
3.46400000000000003e-09	-0.492273373199999975	-0.750381101999999967
3.472e-09	-0.712251055500000008	-0.548598763200000006
3.47999999999999998e-09	-0.854840571700000051	-0.282796353
3.48799999999999995e-09	-0.90100719600000001	0.0166598097000000001
3.49599999999999992e-09	-0.844756715599999985	0.314629231499999995
3.50399999999999989e-09	-0.692355808800000028	0.576987080700000043
3.51199999999999987e-09	-0.462003684500000011	0.773910654399999953
3.51999999999999984e-09	-0.179796873299999993	0.884870791400000023
3.52800000000000022e-09	0.124719164899999999	0.896233112100000007
3.5360000000000002e-09	0.417583098900000005	0.804960556199999955
3.54400000000000017e-09	0.663695322000000032	0.619116224600000042
3.55200000000000014e-09	0.832218584199999944	0.360873083699999986
3.56000000000000011e-09	0.903173869199999979	0.0624543784999999976
3.56800000000000009e-09	0.870779582199999957	-0.240282543600000009
3.57600000000000006e-09	0.741736468599999976	-0.513857307500000027
3.58400000000000003e-09	0.531264623799999947	-0.730004657499999987
3.592e-09	0.260919937599999985	-0.866532744899999985
3.59999999999999998e-09	-0.0419634233999999981	-0.90654429000000003
3.60799999999999995e-09	-0.343400932800000003	-0.842450339899999956
3.61599999999999992e-09	-0.606162846899999996	-0.679102226499999961
3.62400000000000031e-09	-0.797643466000000023	-0.436506351600000009
3.63200000000000028e-09	-0.89527430600000002	-0.145524772400000002
3.64000000000000025e-09	-0.891203053200000039	0.158849907699999987
3.64800000000000022e-09	-0.788174577299999957	0.444084536299999999
3.6560000000000002e-09	-0.597977313300000035	0.680583742100000055
3.66400000000000017e-09	-0.339400429800000014	0.843214599900000028
3.67200000000000014e-09	-0.0394434535999999974	0.910870375999999982
3.68000000000000011e-09	0.26418646010000002	0.874395857300000023
3.68800000000000009e-09	0.537960189099999986	0.737592368299999968
3.69600000000000006e-09	0.747398896099999988	0.517234678300000028
3.70400000000000003e-09	0.877671517699999959	0.223608729700000008
3.712e-09	0.897647772599999949	-0.0855844382999999959
3.72000000000000039e-09	0.817525151699999952	-0.377169365300000003
3.72800000000000036e-09	0.6488853604	-0.625446588900000044
3.73600000000000033e-09	0.40791724159999998	-0.806769117199999997
3.74400000000000031e-09	0.117003345800000005	-0.899721424999999964
3.75199999999999945e-09	-0.191634949500000012	-0.889371862700000015
3.75999999999999942e-09	-0.478987667499999992	-0.774151655099999947
3.7679999999999994e-09	-0.709550944600000011	-0.567351553099999961
3.7760000000000002e-09	-0.855111593800000014	-0.296462540499999982
3.78400000000000017e-09	-0.901159197000000023	0.00431245239999999974
3.79200000000000014e-09	-0.846905668300000025	0.299872774499999994
3.80000000000000011e-09	-0.701158576600000027	0.559925200200000028
3.80800000000000008e-09	-0.478541824100000013	0.75981773829999999
3.81600000000000006e-09	-0.200762288799999994	0.877188912100000051
3.82400000000000003e-09	0.102869841599999998	0.895587091899999965
3.832e-09	0.396354522200000003	0.810233241000000048
3.83999999999999997e-09	0.643790286999999961	0.629779906200000017
3.84799999999999995e-09	0.814334500800000027	0.377752919799999975
3.85599999999999992e-09	0.889993283699999971	0.0853989351999999979
3.86399999999999989e-09	0.865748274999999956	-0.212018623200000006
3.87199999999999986e-09	0.747344387700000001	-0.484201412300000023
3.87999999999999984e-09	0.547156044800000019	-0.704715211300000033
3.88799999999999981e-09	0.283470362600000025	-0.849799815100000022
3.89599999999999978e-09	-0.0170507101000000015	-0.898956432500000013
3.90399999999999975e-09	-0.319428768099999982	-0.842065860599999993
3.91199999999999973e-09	-0.583927824400000017	-0.683281533000000052
3.9199999999999997e-09	-0.775589971499999975	-0.4446328155
3.92799999999999967e-09	-0.873157194399999947	-0.160156096400000003
3.93599999999999964e-09	-0.871608811600000033	0.134988513300000001
3.94399999999999962e-09	-0.776245798599999981	0.411682080700000008
3.95199999999999959e-09	-0.600021104800000038	0.64208588990000004
3.95999999999999956e-09	-0.356927241700000009	0.805967990099999976
3.96800000000000036e-09	-0.0730131953999999944	0.883282416000000015
3.97600000000000033e-09	0.225042607199999994	0.861313180899999975
3.9840000000000003e-09	0.500457965900000024	0.738326130499999955
3.99200000000000028e-09	0.717541603100000036	0.528720083399999985
4.00000000000000025e-09	0.850567616099999979	0.259703533900000005
4.00800000000000022e-09	0.886866037600000046	-0.036336995900000002
4.01600000000000019e-09	0.824491945100000012	-0.327090192900000021
4.02400000000000017e-09	0.670559873999999945	-0.581974506500000044
4.03200000000000014e-09	0.43964027859999999	-0.772728189700000012
4.04000000000000011e-09	0.15653436300000001	-0.875307621499999966
4.04800000000000008e-09	-0.144206333900000011	-0.875915050899999992
4.05600000000000006e-09	-0.42553470739999999	-0.775802886100000033
4.06400000000000003e-09	-0.655560340600000013	-0.590098916999999945
4.072e-09	-0.812022323200000007	-0.341551028400000012
4.07999999999999997e-09	-0.880510760900000022	-0.0563770566000000029
4.08799999999999995e-09	-0.853663063299999969	0.237435997399999987
4.09599999999999992e-09	-0.730725021100000038	0.50944275640000003
4.10399999999999989e-09	-0.51994845369999998	0.727591548899999996
4.11199999999999986e-09	-0.245656644000000007	0.861016793899999966
4.11999999999999983e-09	0.0567120805999999991	0.891739123200000039
4.12799999999999981e-09	0.34921513139999999	0.819187247899999971
4.13599999999999978e-09	0.598086378700000032	0.656963145500000012
4.14399999999999975e-09	0.780954013799999958	0.423921201099999978
4.15199999999999972e-09	0.879974682299999977	0.143353705500000012
4.16000000000000052e-09	0.882029775400000049	-0.157948462300000009
4.1680000000000005e-09	0.781196386800000031	-0.446813922799999985
4.17600000000000047e-09	0.585249019599999976	-0.685127782499999949
4.18400000000000044e-09	0.3194562809	-0.84037825960000001
4.19200000000000041e-09	0.0198499512000000003	-0.893983587799999979
4.20000000000000039e-09	-0.27497889590000002	-0.846159328199999949
4.20800000000000036e-09	-0.535532777799999971	-0.707322261900000027
4.21600000000000033e-09	-0.738635471599999982	-0.494360723800000013
4.2240000000000003e-09	-0.864407450099999974	-0.224953913100000014
4.23200000000000028e-09	-0.895884412999999991	0.0744081411000000054
4.24000000000000025e-09	-0.824303539900000048	0.369816554500000005
4.24800000000000022e-09	-0.654642701999999965	0.624805261000000001
4.25600000000000019e-09	-0.408678780500000005	0.805217232800000016
4.26400000000000016e-09	-0.120908337300000002	0.891097383199999982
4.27200000000000014e-09	0.188410218600000012	0.875614572399999957
4.28000000000000011e-09	0.471453963600000026	0.75773463799999996
4.28800000000000008e-09	0.697215848000000027	0.55753223569999999
4.29600000000000005e-09	0.845666615499999996	0.295216124999999996
4.30400000000000003e-09	0.899306832199999961	-0.00314476340000000021
4.312e-09	0.848990543300000011	-0.304790457399999992
4.31999999999999997e-09	0.697934985900000027	-0.571562842500000001
4.32799999999999994e-09	0.465620883099999994	-0.770332437800000047
4.33599999999999992e-09	0.182545733099999996	-0.8783946802
4.34400000000000072e-09	-0.116960557199999995	-0.886892510799999978
4.35200000000000069e-09	-0.401908617099999976	-0.798438193700000021
4.36000000000000066e-09	-0.643891845500000004	-0.622173978700000019
4.36800000000000063e-09	-0.816039791599999953	-0.375104834800000009
4.37600000000000061e-09	-0.897346015999999969	-0.0817975677999999984
4.38400000000000058e-09	-0.873979077700000051	0.224951944699999989
4.39200000000000055e-09	-0.746555010300000044	0.505207390000000034
4.40000000000000052e-09	-0.532491128199999997	0.723360946999999976
4.40800000000000049e-09	-0.26041200510000001	0.855359881499999974
4.41600000000000047e-09	0.0365006907999999991	0.889783764100000041
4.42400000000000044e-09	0.326359212899999973	0.826465307099999991
4.43200000000000041e-09	0.579845752600000042	0.673522540200000019
4.44000000000000038e-09	0.771636904099999965	0.445900693600000009
4.44800000000000036e-09	0.878924646700000034	0.165196418499999997
4.45600000000000033e-09	0.885927296700000033	-0.138647904999999988
4.4640000000000003e-09	0.788637206400000013	-0.428626358200000002
4.47200000000000027e-09	0.598132976499999969	-0.667329484899999992
4.48000000000000025e-09	0.339410633299999986	-0.826009519199999986
4.48800000000000022e-09	0.0456025706999999975	-0.888194065099999985
4.49600000000000019e-09	-0.249623583499999996	-0.850966213500000013
4.50399999999999934e-09	-0.515378222800000008	-0.720340347599999986
4.51199999999999931e-09	-0.725139044800000021	-0.510147611599999995
4.51999999999999928e-09	-0.854892628899999951	-0.241027452599999997
4.52799999999999925e-09	-0.887255468999999963	0.0580641662999999975
4.53599999999999923e-09	-0.816106837600000024	0.351246628100000013
4.5439999999999992e-09	-0.650041234100000032	0.601806308799999967
4.552e-09	-0.411775402600000007	0.780191453699999982
4.55999999999999997e-09	-0.131573905800000002	0.868680435899999992
4.56799999999999994e-09	0.160293486900000004	0.862317864899999953
4.57599999999999991e-09	0.435166607799999994	0.763319320599999962
4.58399999999999989e-09	0.665865459599999987	0.578610616700000024
4.59199999999999986e-09	0.82494155739999997	0.324280418100000023
4.59999999999999983e-09	0.88862839029999996	0.0269630055999999993
4.6079999999999998e-09	0.845412634100000004	-0.274596903100000012
4.61599999999999978e-09	0.699100828399999985	-0.541853620200000052
4.62399999999999975e-09	0.478140773000000019	-0.738494148000000017
4.63199999999999972e-09	0.208642695299999986	-0.850423311400000048
4.63999999999999969e-09	-0.0797830013000000032	-0.869678123699999972
4.64799999999999967e-09	-0.35892368149999998	-0.796333917500000044
4.65599999999999964e-09	-0.6015638767	-0.636163288300000018
4.66399999999999961e-09	-0.779773424199999954	-0.403000232700000016
4.67199999999999958e-09	-0.87090225050000003	-0.121437281499999994
4.67999999999999956e-09	-0.8618059213	0.1749635051
4.68799999999999953e-09	-0.754545709600000003	0.45024998690000001
4.6959999999999995e-09	-0.563261609300000021	0.673972098599999958
4.70399999999999947e-09	-0.309953342700000023	0.823045044899999967
4.71199999999999944e-09	-0.0201698639999999992	0.882007525300000039
4.71999999999999942e-09	0.27584096349999998	0.841419332399999997
4.72799999999999939e-09	0.543328867499999979	0.702021911899999962
4.73599999999999936e-09	0.747221596499999974	0.478158512699999982
4.74400000000000016e-09	0.860868520399999948	0.198955215099999999
4.75200000000000013e-09	0.873465063699999988	-0.0981554917999999943
4.76000000000000011e-09	0.788232428900000004	-0.378299958499999978
4.76800000000000008e-09	0.620070012899999967	-0.613884825299999992
4.77600000000000005e-09	0.386071936000000004	-0.784388015799999949
4.78400000000000002e-09	0.1068652197	-0.871921640000000053
4.792e-09	-0.190054875699999987	-0.86290342870000003
4.79999999999999997e-09	-0.470515231599999972	-0.75275582750000003
4.80799999999999994e-09	-0.697790965699999988	-0.551254259200000041
4.81599999999999991e-09	-0.841554855199999952	-0.284151820700000002
4.82399999999999989e-09	-0.885422018500000019	0.0124672824999999994
4.83199999999999986e-09	-0.829652876100000047	0.304196143500000016
4.83999999999999983e-09	-0.682624344900000013	0.561084530300000051
4.8479999999999998e-09	-0.46022387549999999	0.756775874899999978
4.85599999999999977e-09	-0.183461791799999996	0.869968266500000031
4.86399999999999975e-09	0.118508322700000002	0.883957173999999957
4.87199999999999972e-09	0.409293341899999996	0.793531019600000054
4.87999999999999969e-09	0.650630573699999992	0.608924329299999956
4.88799999999999966e-09	0.813235437799999961	0.356367122699999983
4.89599999999999964e-09	0.882275244999999986	0.0677182174000000026
4.90399999999999961e-09	0.853818354199999963	-0.226043984799999986
4.91199999999999958e-09	0.732761122800000053	-0.494360889799999981
4.91999999999999955e-09	0.530443363099999954	-0.710201101600000051
4.92799999999999953e-09	0.265442415499999973	-0.849186171499999976
4.93600000000000033e-09	-0.0336977226000000005	-0.891637346600000047
4.9440000000000003e-09	-0.331193532000000013	-0.829321796799999955
4.95200000000000027e-09	-0.589324326600000004	-0.669609956800000017
4.96000000000000024e-09	-0.777164568999999972	-0.433566527400000012
4.96800000000000022e-09	-0.874978589899999992	-0.150712609500000011
4.97600000000000019e-09	-0.874559922400000023	0.146951562899999999
4.98400000000000016e-09	-0.776860923999999953	0.428470709499999991
4.99200000000000013e-09	-0.591730731700000012	0.662936426899999987
5.0000000000000001e-09	-0.337737809200000016	0.823645295499999985
5.00800000000000008e-09	-0.0443656414000000027	0.890000602199999991
5.01600000000000005e-09	0.255290051799999973	0.854044570100000011
5.02400000000000002e-09	0.524860966800000051	0.719245116800000028
5.03199999999999999e-09	0.731528352700000051	0.505253516500000055
5.03999999999999997e-09	0.855419621599999958	0.238074574600000005
5.04799999999999994e-09	0.886003822299999966	-0.051890287799999997
5.05599999999999991e-09	0.819243641000000022	-0.345037657900000017
5.06399999999999988e-09	0.648178251699999985	-0.609176328500000031
5.07199999999999986e-09	0.401616305100000015	-0.793966758199999956
5.07999999999999983e-09	0.110337479700000005	-0.882976537300000031
5.0879999999999998e-09	-0.191236747099999993	-0.868024191599999995
5.09599999999999977e-09	-0.468459494799999987	-0.752424950400000014
5.10399999999999975e-09	-0.689396989499999946	-0.551097046500000021
5.11199999999999972e-09	-0.829049780199999975	-0.291056867100000005
5.12000000000000052e-09	-0.875279985200000055	-0.00241741130000000005
5.12800000000000049e-09	-0.826346803500000004	0.284239947300000018
5.13600000000000046e-09	-0.688393311200000024	0.540017533799999949
5.14400000000000043e-09	-0.473872200199999982	0.738780562700000032
5.15200000000000041e-09	-0.203019628600000002	0.857487116399999971
5.16000000000000038e-09	0.0952925230999999984	0.87878634440000003
5.16800000000000035e-09	0.385339902700000014	0.796704451199999997
5.17600000000000032e-09	0.62911074119999999	0.620754287300000041
5.1840000000000003e-09	0.797499980899999961	0.374078000500000007
5.19200000000000027e-09	0.873331501200000027	0.0883268056999999968
5.20000000000000024e-09	0.851258897599999953	-0.204471407699999996
5.20800000000000021e-09	0.735298929800000001	-0.47336937480000002
5.21600000000000019e-09	0.53728169800000003	-0.690002090899999976
5.22400000000000016e-09	0.278084700199999979	-0.829408879199999949
5.23200000000000013e-09	-0.0138010908000000005	-0.874023394399999987
5.2400000000000001e-09	-0.302938714599999992	-0.818383118500000006
5.24800000000000008e-09	-0.55600362619999999	-0.670334044299999987
5.25600000000000005e-09	-0.744609921100000016	-0.448901845199999983
5.26400000000000002e-09	-0.850696520900000031	-0.179589043199999993
5.27199999999999999e-09	-0.863969728599999987	0.110611748800000007
5.27999999999999996e-09	-0.781682193500000011	0.391542826999999982
5.28799999999999994e-09	-0.608710055299999997	0.631975276399999952
5.29599999999999991e-09	-0.362825336499999984	0.801234953499999958
5.30399999999999988e-09	-0.0720361214	0.875586862499999952
5.31200000000000068e-09	0.224651713000000003	0.847165492599999959
5.32000000000000065e-09	0.490195794100000026	0.722314468800000054
5.32800000000000063e-09	0.698960681500000014	0.51845335250000002
5.3360000000000006e-09	0.829738862200000038	0.259668477800000019
5.34400000000000057e-09	0.870077129600000054	-0.0279706047999999999
5.35200000000000054e-09	0.813292800599999977	-0.3154812642
5.36000000000000052e-09	0.662836555800000005	-0.569407801799999946
5.36800000000000049e-09	0.43435518540000001	-0.757772138899999947
5.37600000000000046e-09	0.156553358599999998	-0.856906622799999962
5.38400000000000043e-09	-0.135627300899999997	-0.857274808699999946
5.39200000000000041e-09	-0.409098456900000018	-0.762889470399999992
5.40000000000000038e-09	-0.636637027400000055	-0.586338199299999974
5.40800000000000035e-09	-0.796468732000000013	-0.346180359900000012
5.41600000000000032e-09	-0.870607584000000045	-0.0630700082999999939
5.42400000000000029e-09	-0.845724239599999983	0.233934498200000007
5.43200000000000027e-09	-0.719788875300000019	0.507143038699999993
5.44000000000000024e-09	-0.505211490800000051	0.720415230800000028
5.44800000000000021e-09	-0.231817080099999989	0.845120415400000047
5.45600000000000018e-09	0.0632595844999999934	0.86865405419999997
5.46400000000000016e-09	0.3447662648	0.794618846899999953
5.47200000000000013e-09	0.583882157400000046	0.635190277600000019
5.4800000000000001e-09	0.758623885899999961	0.409587652600000018
5.48800000000000007e-09	0.853106618300000008	0.139430954400000001
5.49600000000000005e-09	0.855333664500000035	-0.149500206400000002
5.50399999999999919e-09	0.760613254000000016	-0.426002326300000012
5.51199999999999916e-09	0.577846921899999977	-0.657242213500000005
5.51999999999999996e-09	0.327458263400000005	-0.813568887800000029
5.52799999999999994e-09	0.0367975498000000026	-0.876495636899999986
5.53599999999999991e-09	-0.257762875599999997	-0.838144020400000023
5.54399999999999988e-09	-0.522455266300000054	-0.704348111499999985
5.55199999999999985e-09	-0.726377955100000028	-0.490329273899999973
5.55999999999999983e-09	-0.848247139599999977	-0.220952375000000006
5.5679999999999998e-09	-0.874029793000000055	0.0740315785000000004
5.57599999999999977e-09	-0.799992737600000003	0.361130004100000013
5.58399999999999974e-09	-0.634267974799999967	0.607086803499999994
5.59199999999999971e-09	-0.395426661299999982	0.783659744699999994
5.59999999999999969e-09	-0.1119102825	0.870160137900000019
5.60799999999999966e-09	0.183908823199999988	0.856316092799999984
5.61599999999999963e-09	0.457702779200000021	0.745338250199999997
5.6239999999999996e-09	0.678116687499999982	0.550405451900000009
5.63199999999999958e-09	0.82081857749999998	0.293728691400000019
5.63999999999999955e-09	0.87060918180000002	0.00525959960000000042
5.64799999999999952e-09	0.822779090199999952	-0.28215739569999998
5.65599999999999949e-09	0.683168367800000009	-0.538325027700000014
5.66399999999999947e-09	0.467401849199999997	-0.734342466800000038
5.67199999999999944e-09	0.198407466300000002	-0.848715135900000028
5.67999999999999941e-09	-0.0947715541999999966	-0.867750886000000055
5.68799999999999938e-09	-0.378186401700000008	-0.788538383899999973
5.69599999999999936e-09	-0.619595745699999978	-0.618511635099999957
5.70399999999999933e-09	-0.790732089699999974	-0.377197240200000006
5.71200000000000013e-09	-0.870511092700000044	-0.0930013865999999995
5.7200000000000001e-09	-0.851801619099999963	0.20175827369999999
5.72800000000000007e-09	-0.735475750500000025	0.473610751800000007
5.73600000000000004e-09	-0.536218013800000004	0.690242936400000007
5.74400000000000002e-09	-0.276505577200000019	0.828538627899999991
5.75199999999999999e-09	0.0144148581000000005	0.872680673900000037
5.75999999999999996e-09	0.303288358099999988	0.817690626099999984
5.76799999999999993e-09	0.556844163900000022	0.669474512600000016
5.77599999999999991e-09	0.746213392499999961	0.445869148400000026
5.78399999999999988e-09	0.849732924300000025	0.172727648000000011
5.79199999999999985e-09	0.857275418399999989	-0.117708088200000005
5.79999999999999982e-09	0.769922385099999995	-0.393821057600000024
5.8079999999999998e-09	0.59751635049999996	-0.625674964
5.81599999999999977e-09	0.358028310800000027	-0.789612393600000018
5.82399999999999974e-09	0.0757577457999999981	-0.866293168799999957
5.83199999999999971e-09	-0.217673067999999997	-0.844639533099999951
5.83999999999999969e-09	-0.488557448000000005	-0.724599334999999956
5.84799999999999966e-09	-0.703349480700000029	-0.519524462200000037
5.85599999999999963e-09	-0.835373096400000015	-0.254224275100000008
5.8639999999999996e-09	-0.8705360714	0.0390729610999999977
5.87199999999999957e-09	-0.806629798799999964	0.325765152200000019
5.87999999999999955e-09	-0.652519848600000008	0.57429256900000003
5.88799999999999952e-09	-0.425324059099999985	0.758179622899999961
5.89600000000000032e-09	-0.149069760999999995	0.857186350300000011
5.90400000000000029e-09	0.145315739199999988	0.858227643700000042
5.91200000000000026e-09	0.422581229900000022	0.759529327199999993
5.92000000000000024e-09	0.650194789499999981	0.574894571199999982
5.92800000000000021e-09	0.801890528199999952	0.326674615399999979
5.93600000000000018e-09	0.863253676699999972	0.0442843362999999976
5.94400000000000015e-09	0.830059337200000025	-0.241887435200000001
5.95200000000000013e-09	0.70599527520000005	-0.503086694499999987
5.9600000000000001e-09	0.501720998399999951	-0.711163442200000051
5.96800000000000007e-09	0.236491157600000002	-0.841249932600000028
5.97600000000000004e-09	-0.0588840784999999992	-0.872843984299999986
5.98400000000000002e-09	-0.347838233300000021	-0.802499851200000003
5.99199999999999999e-09	-0.594139476299999969	-0.638294119400000026
5.99999999999999996e-09	-0.769537950599999965	-0.403806619899999997
6.00799999999999993e-09	-0.857505132799999958	-0.12772545930000001
6.0159999999999999e-09	-0.851862742300000031	0.161230443000000001
6.02399999999999988e-09	-0.752615951100000014	0.43352611470000002
6.03199999999999985e-09	-0.568759726000000021	0.6600062015
6.03999999999999982e-09	-0.318005109100000016	0.814109554199999974
6.04799999999999979e-09	-0.027959725500000001	0.875275510100000043
6.05599999999999977e-09	0.265965885100000021	0.834439929600000019
6.06399999999999974e-09	0.528252501899999949	0.697525916100000032
6.07199999999999971e-09	0.729325706599999957	0.481488583199999987
6.07999999999999968e-09	0.847802386699999966	0.212034569700000008
6.08800000000000048e-09	0.870585741800000035	-0.0817341084999999995
6.09600000000000046e-09	0.794502175199999994	-0.3670808827
6.10400000000000043e-09	0.626234967799999986	-0.611515147300000006
6.1120000000000004e-09	0.385418375699999982	-0.784938396900000002
6.12000000000000037e-09	0.101331391899999998	-0.865901859900000015
6.12800000000000035e-09	-0.190953083299999993	-0.847798298199999967
6.13600000000000032e-09	-0.459343347000000013	-0.735375186600000008
6.14400000000000029e-09	-0.676139917500000021	-0.542446816899999962
6.15200000000000026e-09	-0.818201977199999986	-0.289631362800000014
6.16000000000000023e-09	-0.870405055400000016	-0.00255338160000000017
6.16800000000000021e-09	-0.824296990200000024	0.288091274399999986
6.17600000000000018e-09	-0.682598762999999997	0.547258153100000033
6.18400000000000015e-09	-0.462217449800000013	0.743067619299999982
6.19200000000000012e-09	-0.191487458400000005	0.853276792900000025
6.2000000000000001e-09	0.105271183899999995	0.868239580599999949
6.20800000000000007e-09	0.3928639612	0.781440683699999972
6.21600000000000004e-09	0.633101472300000023	0.603679680000000052
6.22400000000000001e-09	0.798147682900000044	0.357413712100000003
6.23199999999999999e-09	0.872044812800000013	0.0701102621999999953
6.23999999999999996e-09	0.844148638299999976	-0.224814104099999995
6.24799999999999993e-09	0.719380431000000042	-0.492427419199999994
6.2559999999999999e-09	0.51370976639999999	-0.70158395699999998
6.26399999999999988e-09	0.252538458999999993	-0.830046337099999976
6.27199999999999985e-09	-0.0355311085999999998	-0.866717920799999986
6.28000000000000065e-09	-0.32002626540000001	-0.807876274800000016
6.28800000000000062e-09	-0.571508930100000034	-0.657808491099999948
6.29600000000000059e-09	-0.76085785760000002	-0.430587616999999978
6.30400000000000056e-09	-0.8628617274	-0.150213776800000004
6.31200000000000054e-09	-0.86230791309999999	0.14932352900000001
6.32000000000000051e-09	-0.759091546700000008	0.429176533400000004
6.32800000000000048e-09	-0.568633162899999989	0.654340167199999989
6.33600000000000045e-09	-0.317296490900000006	0.800792441499999952
6.34400000000000043e-09	-0.0365506936000000032	0.855751273999999951
6.3520000000000004e-09	0.244198204800000013	0.818045484600000039
6.36000000000000037e-09	0.497540452299999991	0.69294088119999997
6.36800000000000034e-09	0.698202181700000035	0.492669583199999983
6.37600000000000032e-09	0.824044063799999948	0.236406837000000009
6.38400000000000029e-09	0.858727612899999992	-0.0494641125999999987
6.39200000000000026e-09	0.795808998399999967	-0.333308315099999974
6.40000000000000023e-09	0.64107029729999998	-0.580146184399999987
6.40800000000000021e-09	0.411546148900000019	-0.761561193200000042
6.41600000000000018e-09	0.134241500099999994	-0.855783452499999986
6.42400000000000015e-09	-0.158996356300000002	-0.852324148699999951
6.43200000000000012e-09	-0.434736588699999982	-0.750818404400000028
6.4400000000000001e-09	-0.66100863700000001	-0.561699659500000004
6.44800000000000007e-09	-0.809908905500000054	-0.306277379000000016
6.45600000000000004e-09	-0.862773609500000038	-0.0171108908999999983
6.46400000000000001e-09	-0.814012886600000041	0.269928198900000027
6.47200000000000081e-09	-0.673925057299999963	0.520087828299999999
6.48000000000000078e-09	-0.463320987999999989	0.707290581099999982
6.48800000000000076e-09	-0.207674497499999999	0.816785021099999953
6.49600000000000073e-09	0.0680086178999999985	0.840279627399999951
6.50399999999999987e-09	0.339027713200000025	0.775804543400000046
6.51199999999999985e-09	0.579304930000000051	0.626177108200000054
6.51999999999999982e-09	0.760571243799999963	0.40084810030000001
6.52799999999999979e-09	0.856548913899999986	0.122710661700000001
6.53599999999999976e-09	0.849804234599999986	-0.174249007399999989
6.54399999999999974e-09	0.740376908100000009	-0.450431497999999986
6.55199999999999971e-09	0.545530221000000037	-0.670179429699999996
6.55999999999999968e-09	0.291316596900000002	-0.811088216899999992
6.56799999999999965e-09	0.00648805519999999959	-0.861069774099999963
6.57599999999999963e-09	-0.279328882100000009	-0.815360967099999945
6.5839999999999996e-09	-0.535985799899999948	-0.67783919969999995
6.59199999999999957e-09	-0.732520482400000006	-0.459845663800000026
6.59999999999999954e-09	-0.843225758999999964	-0.187116273
6.60799999999999951e-09	-0.853603449600000008	0.105459253599999997
6.61599999999999949e-09	-0.765591916600000033	0.380171336500000012
6.62399999999999946e-09	-0.595331473200000016	0.606707812799999968
6.63199999999999943e-09	-0.364697727500000013	0.765600276000000024
6.6399999999999994e-09	-0.0966881477000000045	0.844045104999999962
6.64799999999999938e-09	0.185680009099999987	0.834174695700000024
6.65599999999999935e-09	0.454676989199999992	0.731456154600000019
6.66399999999999932e-09	0.678337383799999971	0.540709255899999963
6.67200000000000012e-09	0.824168458599999987	0.280805209100000008
6.68000000000000009e-09	0.870030605800000023	-0.0144015209000000009
6.68800000000000007e-09	0.811327640200000033	-0.304900713200000006
6.69600000000000004e-09	0.660399434100000016	-0.554662089000000025
6.70400000000000001e-09	0.438714364899999987	-0.738591834499999988
6.71199999999999998e-09	0.171402996899999993	-0.840989482799999966
6.71999999999999996e-09	-0.114927582400000006	-0.852352944299999971
6.72799999999999993e-09	-0.391765759499999977	-0.768863516399999947
6.7359999999999999e-09	-0.627543133500000017	-0.596910264000000024
6.74399999999999987e-09	-0.792832637800000017	-0.353798137299999982
6.75199999999999984e-09	-0.866208158199999967	-0.0681203006999999972
6.75999999999999982e-09	-0.839103518000000048	0.224978010899999997
6.76799999999999979e-09	-0.716258492000000024	0.491130682400000018
6.77599999999999976e-09	-0.511935177200000036	0.701799075900000013
6.78399999999999973e-09	-0.249205736399999989	0.832516927499999948
6.79199999999999971e-09	0.0428444508999999973	0.869058403200000051
6.79999999999999968e-09	0.330954867200000002	0.80500113129999995
6.80799999999999965e-09	0.580657816400000026	0.647814738899999965
6.81599999999999962e-09	0.762489506999999955	0.415857840099999987
6.8239999999999996e-09	0.855679873499999966	0.138645589300000011
6.83199999999999957e-09	0.852032191800000005	-0.150975830499999991
6.83999999999999954e-09	0.75422770309999998	-0.423711233700000023
6.84799999999999951e-09	0.572433336200000031	-0.64906996419999996
6.85599999999999949e-09	0.326184256100000014	-0.802834578699999968
6.86400000000000029e-09	0.0421990163000000029	-0.866638292199999993
6.87200000000000026e-09	-0.247237754799999987	-0.83253059549999997
6.88000000000000023e-09	-0.509929821099999958	-0.703948381899999975
6.8880000000000002e-09	-0.714737671399999996	-0.494780467700000004
6.89600000000000017e-09	-0.838494214899999979	-0.230813191599999995
6.90400000000000015e-09	-0.867198766100000018	0.0613952145000000032
6.91200000000000012e-09	-0.796649655900000031	0.346795603600000002
6.92000000000000009e-09	-0.633542290199999969	0.593298542600000034
6.92800000000000006e-09	-0.397306487400000019	0.769897742299999965
6.93600000000000004e-09	-0.117115599700000003	0.856525272299999973
6.94400000000000001e-09	0.174194656799999986	0.844926683499999998
6.95199999999999998e-09	0.443722274299999997	0.738020361899999977
6.95999999999999995e-09	0.663000894299999977	0.549631966199999988
6.96799999999999993e-09	0.808706997799999994	0.300237228000000023
6.9759999999999999e-09	0.864738130300000019	0.0145554567000000003
6.98399999999999987e-09	0.822108511699999989	-0.275440474599999985
6.99199999999999984e-09	0.68361328610000005	-0.535439684199999988
6.99999999999999982e-09	0.464503190399999988	-0.733269785900000026
7.00799999999999979e-09	0.192148024199999989	-0.844583334099999972
7.01599999999999976e-09	-0.0999499075999999986	-0.857797097700000011
7.02399999999999973e-09	-0.37698985359999998	-0.773341247700000012
7.03199999999999971e-09	-0.609253530199999949	-0.60424315510000004
7.03999999999999968e-09	-0.773018766099999977	-0.36993323119999999
7.04799999999999965e-09	-0.85179735160000003	-0.0951723540999999951
7.05600000000000045e-09	-0.836763455100000053	0.191288940299999988
7.06400000000000042e-09	-0.727734161700000048	0.458389136799999986
7.07200000000000039e-09	-0.535084633099999984	0.674560637599999957
7.08000000000000037e-09	-0.281095659900000017	0.814776990100000043
7.08800000000000034e-09	0.00548411890000000037	0.861647103000000025
7.09600000000000031e-09	0.291198037999999992	0.811577194299999971
7.10400000000000028e-09	0.544178193499999963	0.669797629099999958
7.11200000000000026e-09	0.736660803200000047	0.452046203599999974
7.12000000000000023e-09	0.846747367299999998	0.181516289299999994
7.1280000000000002e-09	0.859755674400000003	-0.112095585100000006
7.13600000000000017e-09	0.772082420100000055	-0.393492283900000017
7.14400000000000015e-09	0.593591512599999982	-0.62776579109999997
7.15200000000000012e-09	0.347601610000000005	-0.78612728580000002
7.16000000000000009e-09	0.0661399327000000009	-0.8510351102
7.16800000000000006e-09	-0.215978809699999996	-0.819666084900000036
7.17600000000000003e-09	-0.469225122800000005	-0.700602104300000028
7.18400000000000001e-09	-0.669558367900000007	-0.50933784400000004
7.19199999999999998e-09	-0.799325823200000007	-0.264698768699999976
7.19999999999999995e-09	-0.846516894500000006	0.0106294479000000001
7.20799999999999992e-09	-0.801515652800000034	0.290580616800000024
7.2159999999999999e-09	-0.664172740699999986	0.544370640799999972
7.22399999999999987e-09	-0.445837785300000011	0.739741354500000003
7.23199999999999984e-09	-0.171294802800000007	0.849312574699999989
7.23999999999999981e-09	0.124480682300000006	0.858025691399999957
7.24800000000000061e-09	0.404980423099999987	0.765900805599999956
7.25600000000000059e-09	0.636492872000000043	0.585635741900000006
7.26400000000000056e-09	0.794814542400000046	0.339467313100000001
7.27200000000000053e-09	0.862493299000000047	0.0550292257999999979
7.2800000000000005e-09	0.8312860849	-0.236123149899999996
7.28800000000000048e-09	0.70379984689999997	-0.500226284899999984
7.29600000000000045e-09	0.495271536499999998	-0.705453493299999956
7.30400000000000042e-09	0.231033067000000009	-0.827956514000000032
7.31200000000000039e-09	-0.0560892835999999978	-0.854757188699999948
7.32000000000000036e-09	-0.334113298599999997	-0.78631130810000005
7.32800000000000034e-09	-0.573640354400000052	-0.632128379399999996
7.33600000000000031e-09	-0.75034930040000003	-0.409535045699999989
7.34400000000000028e-09	-0.845934025699999981	-0.139765017999999991
7.35200000000000025e-09	-0.847840486900000023	0.148821798199999994
7.36000000000000023e-09	-0.752881219699999993	0.424432946199999994
7.3680000000000002e-09	-0.569856992900000026	0.653233454799999946
7.37600000000000017e-09	-0.318137604100000027	0.807368302500000024
7.38400000000000014e-09	-0.0299142345000000011	0.866771733899999952
7.39200000000000012e-09	0.260389295999999992	0.826626651500000031
7.40000000000000009e-09	0.520135950400000047	0.692552092400000041
7.40800000000000006e-09	0.719983692000000008	0.480239761900000006
7.41600000000000003e-09	0.838679665300000043	0.214276263999999994
7.42400000000000001e-09	0.862572945699999982	-0.0764710765999999931
7.43199999999999998e-09	0.787769823999999952	-0.359535783800000008
7.44000000000000078e-09	0.621179248799999972	-0.601051981100000021
7.44800000000000075e-09	0.384811119699999982	-0.771809821900000026
7.45600000000000072e-09	0.106661747700000004	-0.852843718300000053
7.46399999999999987e-09	-0.180568949199999995	-0.837372758999999967
7.47200000000000067e-09	-0.44497946129999999	-0.729992420099999983
7.47999999999999981e-09	-0.659886883099999988	-0.543530257100000025
7.48800000000000061e-09	-0.803668995899999961	-0.296692425900000001
7.49599999999999976e-09	-0.859601004800000013	-0.0154529325000000006
7.5039999999999989e-09	-0.819218704500000006	0.272550974800000012
7.5119999999999997e-09	-0.68340436959999995	0.532385375099999947
7.51999999999999885e-09	-0.465875885699999992	0.731803190499999978
7.52799999999999965e-09	-0.193747750299999993	0.844903919800000014
7.53599999999999879e-09	0.0994055694000000045	0.859121059899999984
7.54399999999999959e-09	0.378458844100000025	0.775144436900000011
7.55200000000000039e-09	0.612225695499999945	0.605282485599999975
7.55999999999999954e-09	0.777414344199999996	0.368817936299999982
7.56800000000000034e-09	0.856624326399999969	0.0908967170999999963
7.57599999999999948e-09	0.839424221899999989	-0.198948273600000003
7.58400000000000028e-09	0.726431477300000017	-0.467781048500000018
7.59199999999999943e-09	0.528711493199999993	-0.68381359620000004
7.60000000000000023e-09	0.269790762299999987	-0.82032784110000001
7.60799999999999937e-09	-0.0187681406000000002	-0.861828841400000045
7.61600000000000017e-09	-0.30244856320000002	-0.805476889799999984
7.62399999999999932e-09	-0.55153178540000003	-0.659527495600000013
7.63200000000000011e-09	-0.739052545900000024	-0.441390123299999992
7.63999999999999926e-09	-0.845434945299999963	-0.172704092100000012
7.64800000000000006e-09	-0.857766702599999986	0.118655121099999997
7.6559999999999992e-09	-0.771147725900000025	0.399864815500000026
7.664e-09	-0.593029276999999966	0.636700988099999976
7.67199999999999915e-09	-0.344224324699999973	0.798392791499999976
7.67999999999999995e-09	-0.0566617832999999974	0.865073465299999955
7.68799999999999909e-09	0.234059350999999999	0.83099922319999997
7.69599999999999989e-09	0.493932276299999973	0.70395132260000004
7.70399999999999904e-09	0.695603486899999957	0.500202546000000026
7.71199999999999984e-09	0.820006929099999948	0.24421508380000001
7.71999999999999898e-09	0.855803067600000023	-0.0381203567999999979
7.72799999999999978e-09	0.798124126900000008	-0.318365006399999984
7.73600000000000058e-09	0.650699722399999958	-0.566692487500000008
7.74399999999999973e-09	0.427283729800000012	-0.753807781300000035
7.75200000000000053e-09	0.152327979199999991	-0.856026979400000054
7.75999999999999967e-09	-0.142843468800000012	-0.859791811300000042
7.76800000000000047e-09	-0.422341815299999979	-0.763455091700000033
7.77599999999999962e-09	-0.65368995190000001	-0.578992049100000017
7.78400000000000042e-09	-0.809763004100000017	-0.327734029599999976
7.79199999999999956e-09	-0.873051760199999971	-0.0391047361000000024
7.80000000000000036e-09	-0.835888613599999997	0.254858009599999991
7.80799999999999951e-09	-0.702025185100000004	0.518949870000000035
7.81600000000000031e-09	-0.487683122600000019	0.722547254299999997
7.82399999999999945e-09	-0.218414569700000005	0.841420899000000055
7.83200000000000025e-09	0.0731959836999999947	0.863592448699999959
7.8399999999999994e-09	0.353555273000000003	0.788635764599999955
7.8480000000000002e-09	0.592444055900000044	0.626994564199999993
7.85599999999999934e-09	0.765373614100000044	0.397207906499999985
7.86400000000000014e-09	0.854608265199999995	0.123241278600000004
7.87199999999999929e-09	0.849018400299999976	-0.166738483399999998
7.88000000000000009e-09	0.747596075499999957	-0.440503240899999982
7.88799999999999923e-09	0.559104056799999971	-0.666084159900000028
7.89600000000000003e-09	0.30494737719999998	-0.815591483399999984
7.90399999999999918e-09	0.0138446104000000004	-0.871074483899999974
7.91199999999999997e-09	-0.279208519699999991	-0.825115711399999952
7.91999999999999912e-09	-0.539140041200000031	-0.683517082299999967
7.92799999999999992e-09	-0.736654625000000007	-0.463830343699999981
7.93600000000000072e-09	-0.849313024299999997	-0.191212718799999987
7.94399999999999986e-09	-0.864696037999999945	0.103538154399999999
7.95200000000000066e-09	-0.781278801399999945	0.386661144299999981
7.95999999999999981e-09	-0.610510751800000029	0.623336695700000054
7.96800000000000061e-09	-0.372113674200000022	0.789049503700000043
7.97599999999999975e-09	-0.0906787173999999974	0.867839095000000005
7.98400000000000055e-09	0.203105619900000006	0.848860563899999976
7.9919999999999997e-09	0.475470772699999988	0.732239145900000055
8.0000000000000005e-09	0.692692341300000014	0.529562941100000018
8.00799999999999964e-09	0.828093390599999979	0.265762569100000012
8.01600000000000044e-09	0.866652412099999991	-0.0267750190999999985
8.02399999999999959e-09	0.805372221099999952	-0.312467925099999988
8.03200000000000039e-09	0.654573034200000015	-0.5598896498
8.03999999999999953e-09	0.43243180040000001	-0.743417988399999952
8.04800000000000033e-09	0.163824884100000012	-0.845083874900000032
8.05599999999999948e-09	-0.124893267399999994	-0.853332754600000021
8.06400000000000028e-09	-0.402457839099999992	-0.765767294200000004
8.07199999999999942e-09	-0.637209508900000055	-0.589207457400000023
8.08000000000000022e-09	-0.799347469900000052	-0.342071480300000008
8.08799999999999937e-09	-0.868171613000000009	-0.0540473620000000016
8.09600000000000017e-09	-0.835704559600000008	0.240038966999999992
8.10399999999999931e-09	-0.706793140299999956	0.505150540200000053
8.11200000000000011e-09	-0.496830403400000009	0.711984716300000042
8.11999999999999926e-09	-0.228988597099999996	0.836431766200000038
8.12800000000000006e-09	0.0655769231000000036	0.863499726599999962
8.1359999999999992e-09	0.349920680900000003	0.787905540100000024
8.144e-09	0.589524856199999947	0.62094502549999997
8.15199999999999915e-09	0.755635457999999982	0.3868471624
8.15999999999999995e-09	0.833130710000000052	0.117082513999999999
8.16799999999999909e-09	0.821054694400000007	-0.158155229499999994
8.17599999999999989e-09	0.725404887000000054	-0.413536847599999979
8.18399999999999904e-09	0.554670611399999958	-0.627576487799999971
8.19199999999999984e-09	0.322609796599999998	-0.780051745399999996
8.19999999999999898e-09	0.0470918966999999966	-0.85053619250000001
8.20799999999999978e-09	-0.24287359850000001	-0.8236818588
8.21599999999999893e-09	-0.509886841599999974	-0.695862969300000023
8.22399999999999972e-09	-0.715856366899999985	-0.481244995700000011
8.23199999999999887e-09	-0.83302251049999998	-0.210604404699999997
8.23999999999999967e-09	-0.850209203499999955	0.0800844396999999958
8.24799999999999881e-09	-0.770945338300000005	0.355178563300000028
8.25599999999999961e-09	-0.608345511600000055	0.586928931500000028
8.26399999999999876e-09	-0.380528209999999978	0.752509073499999959
8.27199999999999956e-09	-0.1115737953	0.835372088499999998
8.2799999999999987e-09	0.170267213000000001	0.825093952400000052
8.2879999999999995e-09	0.433465285899999997	0.72233597989999998
8.29599999999999865e-09	0.647267521700000015	0.538499408700000015
8.30399999999999945e-09	0.788249611100000025	0.294429812600000007
8.31199999999999859e-09	0.84116769179999995	0.0191913303
8.32000000000000105e-09	0.802436960800000043	-0.259350763400000017
8.32800000000000019e-09	0.674291600099999999	-0.511170497800000012
8.33600000000000099e-09	0.469055830700000009	-0.709163789200000005
8.34400000000000014e-09	0.20670536719999999	-0.829058654899999969
8.35200000000000094e-09	-0.0837940204999999966	-0.853986538200000034
8.36000000000000008e-09	-0.36809520699999998	-0.776611707900000003
8.36800000000000088e-09	-0.608386861800000012	-0.606031005600000006
8.37600000000000003e-09	-0.773543566099999969	-0.363423414100000008
8.38400000000000083e-09	-0.844585372399999978	-0.0826694857000000033
8.39199999999999997e-09	-0.817272522999999973	0.20035157449999999
8.40000000000000077e-09	-0.700825529299999972	0.45365190649999998
8.40799999999999992e-09	-0.512856229399999974	0.653105471699999995
8.41600000000000072e-09	-0.274401383800000009	0.781972944199999964
8.42399999999999986e-09	-0.00794560210000000086	0.831156931600000037
8.43200000000000066e-09	0.263673902199999977	0.794722939699999964
8.43999999999999981e-09	0.514357546499999985	0.670888900400000043
8.44800000000000061e-09	0.716002219399999973	0.466566900800000017
8.45599999999999975e-09	0.838408958699999984	0.199989821900000003
8.46400000000000055e-09	0.860890854999999955	-0.0967675890999999955
8.4719999999999997e-09	0.777212619000000049	-0.383199516399999995
8.4800000000000005e-09	0.600538211599999983	-0.621355417500000007
8.48799999999999964e-09	0.356673802599999978	-0.783399799899999971
8.49600000000000044e-09	0.0758052662999999932	-0.8542705679
8.50399999999999959e-09	-0.20999961319999999	-0.829718682200000002
8.51200000000000038e-09	-0.471639305000000009	-0.71378902870000005
8.51999999999999953e-09	-0.681579449400000037	-0.518432798099999981
8.52800000000000033e-09	-0.815663072800000055	-0.263857301099999997
8.53599999999999947e-09	-0.85832818919999998	0.021591687200000001
8.54400000000000027e-09	-0.803454541400000055	0.305057744500000005
8.55199999999999942e-09	-0.658535027200000012	0.554924116000000023
8.56000000000000022e-09	-0.438719407499999992	0.743451984100000018
8.56799999999999936e-09	-0.167233740900000011	0.850441364000000033
8.57600000000000016e-09	0.127160959099999998	0.861202826999999949
8.58399999999999931e-09	0.410684042699999974	0.770728703399999993
8.59200000000000011e-09	0.647609978999999947	0.587303555099999985
8.59999999999999925e-09	0.806553909999999985	0.333416050799999975
8.60800000000000005e-09	0.868494359900000013	0.0421583333999999976
8.6159999999999992e-09	0.828521025699999969	-0.250256148800000022
8.624e-09	0.694781652600000021	-0.508980828400000029
8.63199999999999914e-09	0.485838642499999973	-0.707305360899999958
8.63999999999999994e-09	0.225775018100000002	-0.826131582699999978
8.64799999999999909e-09	-0.0584408770000000022	-0.854563563100000034
8.65599999999999989e-09	-0.337585281299999984	-0.789187613299999979
8.66399999999999903e-09	-0.581697949299999961	-0.635537928299999999
8.67199999999999983e-09	-0.763762440399999964	-0.407586758800000004
8.67999999999999898e-09	-0.860422552800000018	-0.127572605700000008
8.68800000000000143e-09	-0.855195121499999988	0.172520642299999999
8.69599999999999892e-09	-0.744357519899999986	0.453627526700000006
8.70400000000000138e-09	-0.542234087199999992	0.676378307699999959
8.71200000000000052e-09	-0.279307750899999985	0.811817439899999993
8.72000000000000132e-09	0.00703203939999999961	0.848290403999999998
8.72800000000000047e-09	0.282163332599999983	0.790669785199999975
8.73600000000000127e-09	0.52000434409999996	0.652115004799999953
8.74400000000000041e-09	0.701313964899999975	0.449278959500000019
8.75200000000000121e-09	0.8125037061	0.199071313299999997
8.76000000000000036e-09	0.839547909400000014	-0.0786457291000000058
8.76800000000000115e-09	0.772458783599999976	-0.356312015300000007
8.7760000000000003e-09	0.611124028899999949	-0.599610485300000051
8.7840000000000011e-09	0.37239403729999998	-0.773446292399999957
8.79200000000000024e-09	0.0886306278999999947	-0.852722101300000035
8.80000000000000104e-09	-0.201732414800000009	-0.829734691099999977
8.80800000000000019e-09	-0.465435037100000004	-0.712455976099999999
8.81600000000000099e-09	-0.674297058199999966	-0.515730734499999954
8.82400000000000013e-09	-0.806662055999999961	-0.261220515499999972
8.83200000000000093e-09	-0.846065732699999962	0.0243320159000000001
8.84000000000000008e-09	-0.784826107999999967	0.306577501899999993
8.84800000000000088e-09	-0.630748755099999947	0.547900040399999955
8.85600000000000002e-09	-0.4083112874	0.717604277600000007
8.86400000000000082e-09	-0.149732857500000011	0.801492284399999977
8.87199999999999997e-09	0.114086075699999998	0.799674104900000016
8.88000000000000077e-09	0.360058301099999978	0.719950871200000009
8.88799999999999991e-09	0.572180894499999981	0.571444724699999962
8.89600000000000071e-09	0.733754466399999972	0.361891025099999986
8.90399999999999986e-09	0.825104601900000012	0.1027523885
8.91200000000000066e-09	0.824414805400000006	-0.184108806699999988
8.9199999999999998e-09	0.718251023800000055	-0.461423232999999988
8.9280000000000006e-09	0.51332972769999996	-0.682912624099999976
8.93599999999999975e-09	0.243649012899999989	-0.811225065100000031
8.94400000000000055e-09	-0.045069432700000002	-0.832413529600000035
8.95199999999999969e-09	-0.312159181299999977	-0.757483597000000008
8.96000000000000049e-09	-0.532106001000000051	-0.607507332399999989
8.96799999999999964e-09	-0.69220275539999998	-0.403761279600000023
8.97600000000000044e-09	-0.7848635625	-0.163949022199999989
8.98399999999999958e-09	-0.802155293200000008	0.0962797932000000051
8.99200000000000038e-09	-0.736258338900000031	0.356266254299999974
8.99999999999999953e-09	-0.584529121999999957	0.587532223800000031
