1	-0.00263532920000000013	-0.00947099180000000006
1.00800000000000001	-0.00415418160000000005	-0.00892112490000000063
1.01600000000000001	-0.00556287769999999973	-0.00809657060000000019
1.02400000000000002	-0.00677119039999999998	-0.00709460290000000007
1.03200000000000003	-0.00780295949999999967	-0.00590014089999999977
1.04000000000000004	-0.00868861179999999914	-0.00448778980000000011
1.04800000000000004	-0.00934327169999999915	-0.00293741920000000021
1.05600000000000005	-0.00966991459999999928	-0.0014359981
1.06400000000000006	-0.00979637270000000004	0.000166687500000000006
1.07200000000000006	-0.00963027659999999945	0.00181009870000000002
1.08000000000000007	-0.00917568510000000073	0.00341553920000000006
1.08800000000000008	-0.00853890260000000033	0.00487180679999999963
1.09600000000000009	-0.00758417449999999969	0.00613432649999999958
1.10400000000000009	-0.00645270909999999965	0.00731258289999999964
1.1120000000000001	-0.00521186810000000018	0.0082588182000000003
1.12000000000000011	-0.00373313200000000012	0.00901484120000000007
1.12799999999999989	-0.00218262579999999994	0.00951568929999999959
1.1359999999999999	-0.000594292099999999988	0.00971469670000000077
1.14399999999999991	0.000978231499999999933	0.00967702619999999923
1.15199999999999991	0.00251787189999999996	0.0094005266000000004
1.15999999999999992	0.0040670315000000002	0.00883553670000000041
1.16799999999999993	0.00546506750000000027	0.00800983079999999931
1.17599999999999993	0.00667575090000000013	0.00697501200000000005
1.18399999999999994	0.00775558669999999988	0.00579950329999999979
1.19199999999999995	0.00856885869999999931	0.00443778239999999963
1.19999999999999996	0.00914702799999999976	0.00297448239999999978
1.20799999999999996	0.00951316129999999968	0.00141318720000000006
1.21599999999999997	0.0096113806000000003	-0.000147687699999999992
1.22399999999999998	0.00942790439999999924	-0.00173056560000000009
1.23199999999999998	0.00903062980000000036	-0.00322620870000000018
1.23999999999999999	0.00837488779999999954	-0.00458501290000000016
1.248	0.00749634869999999971	-0.00588133530000000022
1.25600000000000001	0.00644142770000000024	-0.0070460210000000004
1.26400000000000001	0.00517912160000000028	-0.00802211759999999982
1.27200000000000002	0.00379174729999999993	-0.00873444379999999999
1.28000000000000003	0.00235246240000000018	-0.00927728790000000025
1.28800000000000003	0.000794023399999999957	-0.0095469057000000003
1.29600000000000004	-0.000729839799999999978	-0.00956587220000000051
1.30400000000000005	-0.00230441610000000014	-0.00933819959999999949
1.31200000000000006	-0.00381565129999999987	-0.00881685570000000085
1.32000000000000006	-0.00520029230000000012	-0.00812311230000000058
1.32800000000000007	-0.00653160009999999985	-0.00713697350000000019
1.33600000000000008	-0.00757334770000000004	-0.00600979919999999977
1.34400000000000008	-0.00848064440000000086	-0.00467494439999999959
1.35200000000000009	-0.00917811649999999979	-0.00324661959999999984
1.3600000000000001	-0.00959146200000000025	-0.00163765169999999997
1.3680000000000001	-0.0097001998999999995	1.33692000000000007e-05
1.37599999999999989	-0.00957264830000000011	0.00158853170000000004
1.3839999999999999	-0.00917473719999999972	0.00312958739999999978
1.3919999999999999	-0.00853159610000000027	0.00461894379999999976
1.39999999999999991	-0.00760804470000000024	0.00596316720000000019
1.40799999999999992	-0.00650252460000000018	0.00710853560000000023
1.41599999999999993	-0.0052660160999999997	0.00804049180000000058
1.42399999999999993	-0.0038649035	0.00882145959999999958
1.43199999999999994	-0.00236091720000000021	0.00933394189999999999
1.43999999999999995	-0.000768573900000000024	0.00955214509999999933
1.44799999999999995	0.000783567800000000043	0.00951193049999999977
1.45599999999999996	0.00233555349999999993	0.00927076989999999976
1.46399999999999997	0.00380007859999999991	0.00873461040000000043
1.47199999999999998	0.00521039449999999987	0.00804281039999999933
1.47999999999999998	0.00642471540000000025	0.0070598960000000004
1.48799999999999999	0.00750908610000000035	0.00592059970000000015
1.496	0.00835607780000000022	0.00461080880000000037
1.504	0.00901229859999999952	0.00320422049999999998
1.51200000000000001	0.00941403570000000009	0.0016648454
1.52000000000000002	0.00955176029999999995	0.000118378199999999998
1.52800000000000002	0.00946013260000000064	-0.00144535689999999994
1.53600000000000003	0.0091078137	-0.00297334640000000011
1.54400000000000004	0.00845922709999999932	-0.00449516279999999987
1.55200000000000005	0.0076327163	-0.00580151619999999969
1.56000000000000005	0.0065943922999999998	-0.00694484360000000023
1.56800000000000006	0.00532907800000000011	-0.00798380310000000072
1.57600000000000007	0.00396608850000000016	-0.00874690409999999939
1.58400000000000007	0.00245309009999999982	-0.00923824579999999937
1.59200000000000008	0.000916475399999999957	-0.00952894569999999941
1.60000000000000009	-0.000695855899999999979	-0.0095765480000000007
1.6080000000000001	-0.00226242720000000008	-0.00927274410000000077
1.6160000000000001	-0.00377760989999999979	-0.00878263060000000068
1.62400000000000011	-0.00511656780000000009	-0.0080442247999999994
1.6319999999999999	-0.00639505300000000037	-0.00710488860000000038
1.6399999999999999	-0.00740089949999999958	-0.00594141269999999989
1.64799999999999991	-0.00826249509999999951	-0.00464793739999999969
1.65599999999999992	-0.0089459108999999995	-0.00325112270000000019
1.66399999999999992	-0.00930899469999999993	-0.00170242320000000007
1.67199999999999993	-0.00949602400000000048	-0.000237617100000000006
1.67999999999999994	-0.00942242119999999947	0.0013625865
1.68799999999999994	-0.00899521080000000028	0.00288946209999999979
1.69599999999999995	-0.00844126880000000031	0.00435343469999999958
1.70399999999999996	-0.00762694270000000007	0.0056778842000000003
1.71199999999999997	-0.00660769029999999993	0.00686224769999999994
1.71999999999999997	-0.00539986000000000025	0.00783895910000000085
1.72799999999999998	-0.00401904479999999967	0.00863924330000000011
1.73599999999999999	-0.00254322829999999991	0.0092056789
1.74399999999999999	-0.00103531099999999991	0.00950415980000000014
1.752	0.000573869900000000053	0.00951821530000000054
1.76000000000000001	0.00212389539999999991	0.00932520210000000078
1.76800000000000002	0.00363412490000000017	0.00881668080000000062
1.77600000000000002	0.00503536470000000031	0.00813484710000000021
1.78400000000000003	0.00628558080000000009	0.0072019101999999998
1.79200000000000004	0.00741054130000000019	0.00605810760000000028
1.80000000000000004	0.00830018719999999974	0.00471416330000000005
1.80800000000000005	0.00897546479999999924	0.00331304630000000015
1.81600000000000006	0.00934693120000000023	0.00181428350000000004
1.82400000000000007	0.00951403930000000071	0.000220572899999999997
1.83200000000000007	0.00939926009999999916	-0.00135337780000000006
1.84000000000000008	0.00906855200000000056	-0.002851756
1.84800000000000009	0.00841240589999999941	-0.00430762219999999973
1.85600000000000009	0.00758804470000000019	-0.00564769110000000029
1.8640000000000001	0.00662033889999999979	-0.00681854279999999976
1.87200000000000011	0.00537785369999999995	-0.00775464329999999997
1.87999999999999989	0.0040292345000000002	-0.00856774060000000011
1.8879999999999999	0.00255297619999999984	-0.0090877900999999997
1.89599999999999991	0.00105220719999999995	-0.00943061060000000007
1.90399999999999991	-0.000484000099999999981	-0.00944108880000000053
1.91199999999999992	-0.00199159350000000001	-0.00923472870000000001
1.91999999999999993	-0.00352678189999999997	-0.00879192929999999921
1.92799999999999994	-0.00493728489999999999	-0.00805942249999999985
1.93599999999999994	-0.00619626910000000038	-0.00715316599999999986
1.94399999999999995	-0.00731121949999999961	-0.00607750500000000041
1.95199999999999996	-0.00817518820000000083	-0.00478269690000000022
1.95999999999999996	-0.00884129649999999996	-0.00336896610000000018
1.96799999999999997	-0.00929933949999999995	-0.00186097439999999997
1.97599999999999998	-0.00950746260000000058	-0.000268570299999999979
1.98399999999999999	-0.00938441750000000054	0.00131282189999999991
1.99199999999999999	-0.00908248809999999927	0.00280722199999999984
2	-0.00847259529999999997	0.00428599389999999997
2.00800000000000001	-0.00762028529999999975	0.0056130501000000001
2.01600000000000001	-0.00658157450000000036	0.0067628358000000003
2.02400000000000002	-0.00539906250000000022	0.00777146620000000038
2.03200000000000003	-0.00404626529999999995	0.00851274439999999931
2.04000000000000004	-0.00258673289999999988	0.00903853649999999953
2.04800000000000004	-0.00104837250000000006	0.00932825519999999977
2.05600000000000005	0.000465368900000000002	0.00939899259999999945
2.06400000000000006	0.00204936449999999987	0.00914477019999999918
2.07200000000000006	0.00349514930000000001	0.00872050509999999952
2.08000000000000007	0.00484490349999999997	0.00803898379999999982
2.08800000000000008	0.0061012582999999997	0.00714055950000000005
2.09600000000000009	0.00719475739999999968	0.0060683632000000003
2.10400000000000009	0.0080639833000000008	0.00477109330000000022
2.1120000000000001	0.0087526893999999994	0.00336402650000000017
2.12000000000000011	0.00916404820000000023	0.00189500150000000006
2.12800000000000011	0.00938382360000000054	0.000346398599999999974
2.13600000000000012	0.00929179779999999948	-0.00122090260000000004
2.14400000000000013	0.0089624622000000001	-0.0026776673
2.15200000000000014	0.00847710980000000031	-0.00412688810000000003
2.16000000000000014	0.00763063939999999996	-0.00543835680000000037
2.16800000000000015	0.00666811709999999992	-0.0066767917000000003
2.17600000000000016	0.00546495640000000012	-0.00764373689999999981
2.18400000000000016	0.00411506399999999987	-0.00844596379999999931
2.19200000000000017	0.00266591760000000006	-0.00903989439999999984
2.20000000000000018	0.00117758370000000008	-0.00932472349999999978
2.20800000000000018	-0.000413039300000000022	-0.0093469095000000002
2.21600000000000019	-0.00188553039999999998	-0.00914593619999999954
2.2240000000000002	-0.00344433330000000005	-0.0087112885000000008
2.23200000000000021	-0.00484178749999999991	-0.00802329580000000001
2.24000000000000021	-0.00607140960000000004	-0.00707467589999999976
2.24800000000000022	-0.00712526879999999998	-0.00606726140000000014
2.25599999999999978	-0.00795453339999999988	-0.00479990439999999994
2.26399999999999979	-0.00864332620000000072	-0.00339715950000000003
2.2719999999999998	-0.00907071819999999938	-0.0019511633
2.2799999999999998	-0.00926860860000000043	-0.000447174400000000026
2.28799999999999981	-0.00921823719999999985	0.00104909290000000004
2.29599999999999982	-0.00893147149999999959	0.00259037750000000021
2.30399999999999983	-0.00833539529999999945	0.00405180839999999976
2.31199999999999983	-0.00761790310000000012	0.00532017179999999968
2.31999999999999984	-0.00663593069999999976	0.00647312180000000036
2.32799999999999985	-0.00555695990000000008	0.00748266229999999984
2.33599999999999985	-0.00427963180000000016	0.00831255839999999954
2.34399999999999986	-0.00279984849999999992	0.00888310949999999988
2.35199999999999987	-0.00129065509999999996	0.00925774329999999937
2.35999999999999988	0.000239160700000000002	0.0093472694999999998
2.36799999999999988	0.00177613899999999993	0.00919680699999999955
2.37599999999999989	0.00325079040000000007	0.00874223290000000069
2.3839999999999999	0.0046759868000000003	0.0080934465000000004
2.3919999999999999	0.00597560090000000006	0.00721593380000000017
2.39999999999999991	0.00704255279999999994	0.00614733489999999983
2.40799999999999992	0.00793496609999999949	0.00496897980000000038
2.41599999999999993	0.00870529500000000005	0.0035144286999999998
2.42399999999999993	0.00912058789999999932	0.00194987149999999989
2.43199999999999994	0.00930262329999999998	0.000463870600000000004
2.43999999999999995	0.00923694429999999921	-0.00105779830000000009
2.44799999999999995	0.00896631489999999941	-0.00257534860000000008
2.45599999999999996	0.00840486019999999931	-0.00395570249999999991
2.46399999999999997	0.00762302379999999988	-0.00525726629999999969
2.47199999999999998	0.00665614469999999993	-0.00644866870000000009
2.47999999999999998	0.00550471429999999963	-0.00738009689999999993
2.48799999999999999	0.00422935829999999957	-0.00823762850000000005
2.496	0.00286429570000000001	-0.00878715960000000032
2.504	0.0013950449000000001	-0.00910983949999999952
2.51200000000000001	-0.000184117599999999987	-0.00923009399999999945
2.52000000000000002	-0.00167015890000000002	-0.00904611559999999974
2.52800000000000002	-0.00308544479999999996	-0.00868969170000000006
2.53600000000000003	-0.00446298230000000042	-0.00810014440000000023
2.54400000000000004	-0.00572699000000000038	-0.00724113890000000014
2.55200000000000005	-0.00683778259999999992	-0.00621992070000000011
2.56000000000000005	-0.00776181919999999973	-0.00501877590000000037
2.56800000000000006	-0.00852697940000000064	-0.00366897929999999983
2.57600000000000007	-0.00900869760000000061	-0.00226424519999999987
2.58400000000000007	-0.0092619594000000003	-0.000729816599999999981
2.59200000000000008	-0.00926938960000000048	0.000797954199999999984
2.60000000000000009	-0.00903420740000000083	0.00230501719999999998
2.6080000000000001	-0.00854956070000000012	0.00375079940000000011
2.6160000000000001	-0.00780756939999999958	0.00513826180000000014
2.62400000000000011	-0.00689425509999999978	0.00634354170000000009
2.63200000000000012	-0.00582671759999999969	0.00732965879999999959
2.64000000000000012	-0.00450463410000000002	0.00824763220000000047
2.64800000000000013	-0.00300990570000000002	0.0089168945999999992
2.65600000000000014	-0.00148789309999999993	0.00929817420000000026
2.66400000000000015	5.15675999999999973e-05	0.00942231089999999959
2.67200000000000015	0.00161361790000000001	0.0092869844999999996
2.68000000000000016	0.00312614099999999982	0.00888926720000000024
2.68800000000000017	0.00450312009999999981	0.00828855700000000022
2.69600000000000017	0.00585354349999999985	0.00741822169999999982
2.70400000000000018	0.00699473569999999999	0.00635628689999999993
2.71200000000000019	0.00800413229999999941	0.00513311730000000008
2.7200000000000002	0.00871240269999999997	0.00370218799999999992
2.7280000000000002	0.00921569019999999954	0.0022474016999999998
2.73600000000000021	0.00944378639999999929	0.000665583599999999961
2.74400000000000022	0.00941908749999999934	-0.000861151199999999955
2.75199999999999978	0.00911738909999999965	-0.002409268
2.75999999999999979	0.00863084270000000035	-0.00392672360000000022
2.76799999999999979	0.00778374950000000013	-0.00529704839999999965
2.7759999999999998	0.00680421589999999962	-0.00648585389999999963
2.78399999999999981	0.00567469259999999961	-0.0075119300999999996
2.79199999999999982	0.00436098130000000042	-0.0082888110999999997
2.79999999999999982	0.00294894730000000004	-0.00893216020000000069
2.80799999999999983	0.0014382911	-0.0092802985000000008
2.81599999999999984	-0.000169553500000000002	-0.00939618390000000053
2.82399999999999984	-0.00174150720000000006	-0.00927886550000000046
2.83199999999999985	-0.00327694680000000004	-0.00882335830000000043
2.83999999999999986	-0.00462683240000000013	-0.00814432529999999967
2.84799999999999986	-0.00586472689999999967	-0.00724498380000000025
2.85599999999999987	-0.00701998130000000033	-0.00618225289999999993
2.86399999999999988	-0.00790773439999999973	-0.00495569200000000026
2.87199999999999989	-0.00860961170000000033	-0.00356275009999999998
2.87999999999999989	-0.00906139800000000002	-0.0021316471
2.8879999999999999	-0.00926486730000000008	-0.000576747999999999974
2.89599999999999991	-0.00919910829999999978	0.000906901199999999956
2.90399999999999991	-0.00894586829999999972	0.00240855559999999993
2.91199999999999992	-0.00843845470000000042	0.00374876999999999979
2.91999999999999993	-0.00768894419999999971	0.00512320709999999988
2.92799999999999994	-0.00673153529999999996	0.00631428249999999979
2.93599999999999994	-0.00551801879999999981	0.00734965589999999995
2.94399999999999995	-0.00430291849999999993	0.00817258340000000076
2.95199999999999996	-0.00295838859999999993	0.00875790840000000015
2.95999999999999996	-0.00147651000000000011	0.00913910729999999928
2.96799999999999997	2.59646999999999989e-05	0.00924554460000000071
2.97599999999999998	0.00155117709999999997	0.00911864549999999961
2.98399999999999999	0.00301484550000000011	0.00876533980000000074
2.99199999999999999	0.00440742209999999985	0.00817827150000000058
3	0.00572285519999999985	0.00736698099999999988
3.00800000000000001	0.00685659479999999998	0.00629003460000000011
3.01600000000000001	0.00782033329999999929	0.00509073629999999989
3.02400000000000002	0.00856379649999999999	0.00368294599999999988
3.03200000000000003	0.0090370725999999995	0.00226818769999999987
3.04000000000000004	0.00926997580000000002	0.000730118800000000034
3.04800000000000004	0.00921736889999999996	-0.000796626699999999953
3.05600000000000005	0.00899733689999999975	-0.00234568329999999999
3.06400000000000006	0.0084581706999999999	-0.00378957850000000021
3.07200000000000006	0.00772739940000000038	-0.00513195310000000033
3.08000000000000007	0.00674154690000000004	-0.00631864780000000043
3.08800000000000008	0.00560601439999999958	-0.0073406887000000004
3.09600000000000009	0.00435213860000000039	-0.00813018960000000054
3.10400000000000009	0.00297012959999999994	-0.00871036310000000008
3.1120000000000001	0.0015427386999999999	-0.00908216599999999916
3.12000000000000011	4.76650000000000002e-06	-0.00920138260000000034
3.12800000000000011	-0.00148617520000000002	-0.00904694349999999974
3.13600000000000012	-0.00298037339999999984	-0.0086741410999999994
3.14400000000000013	-0.00432254100000000006	-0.00805921570000000045
3.15200000000000014	-0.00563729819999999986	-0.00724249589999999971
3.16000000000000014	-0.00670759529999999989	-0.00628220529999999958
3.16800000000000015	-0.00763693260000000013	-0.00507033099999999997
3.17600000000000016	-0.00839437959999999976	-0.00374271470000000009
3.18400000000000016	-0.00890992240000000081	-0.00234994050000000019
3.19200000000000017	-0.00920139300000000042	-0.000846123399999999977
3.20000000000000018	-0.00921369879999999961	0.000710087400000000007
3.20800000000000018	-0.00897665930000000022	0.0022132622999999998
3.21600000000000019	-0.00849486030000000045	0.00363869989999999989
3.2240000000000002	-0.00778519300000000015	0.00500132340000000036
3.23200000000000021	-0.00681925550000000037	0.00622378580000000018
3.24000000000000021	-0.00571821440000000025	0.00726137640000000008
3.24800000000000022	-0.00446106439999999996	0.00809592200000000019
3.25599999999999978	-0.00311736089999999988	0.00866322249999999967
3.26399999999999979	-0.00152477920000000005	0.00905732239999999973
3.2719999999999998	4.73317999999999997e-05	0.0092067339999999994
3.2799999999999998	0.00159399569999999998	0.00908008719999999978
3.28799999999999981	0.00304280380000000001	0.0086429042000000008
3.29599999999999982	0.00438622990000000004	0.0080281378999999993
3.30399999999999983	0.00562618609999999963	0.00716137289999999992
3.31199999999999983	0.00672545919999999967	0.00615997290000000041
3.31999999999999984	0.0075913430000000004	0.00499610010000000031
3.32799999999999985	0.00827051869999999995	0.00369202730000000017
3.33599999999999985	0.00879011220000000017	0.00226286659999999987
3.34399999999999986	0.00901645459999999947	0.000804272599999999961
3.35199999999999987	0.00900485390000000004	-0.00064607979999999998
3.35999999999999988	0.00881256470000000083	-0.00206301130000000011
3.36799999999999988	0.0083432135000000001	-0.00348429559999999987
3.37599999999999989	0.00768423209999999964	-0.00480616110000000023
3.3839999999999999	0.00678872100000000017	-0.00597022589999999988
3.3919999999999999	0.00576270659999999959	-0.00698885099999999992
3.39999999999999991	0.00454730089999999965	-0.0078163429999999999
3.40799999999999992	0.00320317550000000012	-0.00855611159999999926
3.41599999999999993	0.00177576300000000008	-0.0089359725999999997
3.42399999999999993	0.000291413600000000011	-0.00910907889999999949
3.43199999999999994	-0.00124853859999999998	-0.00904096830000000046
3.43999999999999995	-0.00275846080000000018	-0.00867998159999999915
3.44799999999999995	-0.00416757759999999977	-0.0081626683999999998
3.45599999999999996	-0.0054689999999999999	-0.00739231890000000003
3.46399999999999997	-0.00662768000000000038	-0.00637597809999999963
3.47199999999999998	-0.00757473199999999982	-0.0052195074000000001
3.47999999999999998	-0.00831252730000000065	-0.00391701029999999995
3.48799999999999999	-0.00882995729999999993	-0.00248121799999999988
3.496	-0.00911653940000000003	-0.000994386400000000018
3.504	-0.00917219189999999955	0.00052740770000000005
3.51200000000000001	-0.00897098279999999915	0.00205316339999999991
3.52000000000000002	-0.00844982090000000012	0.00348736079999999995
3.52800000000000002	-0.00775485609999999968	0.00482323619999999991
3.53600000000000003	-0.00686810200000000006	0.00599837430000000043
3.54400000000000004	-0.00582261239999999972	0.00702785960000000022
3.55200000000000005	-0.00457577169999999998	0.00791008259999999991
3.56000000000000005	-0.00317261470000000005	0.0085368447000000007
3.56800000000000006	-0.00176684249999999998	0.00892136039999999984
3.57600000000000007	-0.000289159700000000009	0.00913128849999999929
3.58400000000000007	0.00120899289999999997	0.00901628819999999997
3.59200000000000008	0.00265687849999999984	0.00871999640000000083
3.60000000000000009	0.00404994980000000001	0.00816538370000000069
3.6080000000000001	0.0053369639	0.0073788724
3.6160000000000001	0.00651518819999999995	0.00641225189999999976
3.62400000000000011	0.00747355169999999996	0.00529248480000000035
3.63200000000000012	0.00822725390000000022	0.00397282170000000032
3.64000000000000012	0.00881386720000000047	0.00257313050000000003
3.64800000000000013	0.00912441219999999935	0.00107783230000000002
3.65600000000000014	0.00919541720000000007	-0.000440271399999999974
3.66400000000000015	0.00896944229999999988	-0.00197148899999999988
3.67200000000000015	0.00853065180000000048	-0.00342016159999999989
3.68000000000000016	0.00789415140000000043	-0.00467748960000000016
3.68800000000000017	0.00705891219999999972	-0.00592857240000000014
3.69600000000000017	0.00597460529999999969	-0.00700489129999999974
3.70400000000000018	0.00458474139999999995	-0.00795276770000000015
3.71200000000000019	0.00321563870000000007	-0.00858626659999999972
3.7200000000000002	0.00172091590000000003	-0.00904387799999999999
3.7280000000000002	0.000233752100000000001	-0.00914944600000000031
3.73600000000000021	-0.00127271200000000006	-0.00903962229999999943
3.74400000000000022	-0.00269806700000000017	-0.0086940530000000002
3.75199999999999978	-0.00411028860000000034	-0.00814537029999999954
3.75999999999999979	-0.0053903066999999999	-0.00735046220000000038
3.76799999999999979	-0.00647698469999999967	-0.00637352860000000004
3.7759999999999998	-0.00743524450000000031	-0.00525754349999999968
3.78399999999999981	-0.00821104089999999918	-0.00394342460000000027
3.79199999999999982	-0.00871937870000000052	-0.00257582170000000008
3.79999999999999982	-0.00900902829999999932	-0.0010802889999999999
3.80799999999999983	-0.00907014069999999978	0.000361627800000000001
3.81599999999999984	-0.00886448559999999941	0.00187471969999999997
3.82399999999999984	-0.00846645979999999937	0.00332348740000000011
3.83199999999999985	-0.00784060859999999998	0.00464940620000000009
3.83999999999999986	-0.00697935819999999981	0.00588189809999999959
3.84799999999999986	-0.00595774790000000009	0.00695196159999999976
3.85599999999999987	-0.00473274939999999977	0.00784640609999999981
3.86399999999999988	-0.00337165149999999999	0.00851610960000000021
3.87199999999999989	-0.00192790949999999996	0.00892487940000000028
3.87999999999999989	-0.000353755600000000019	0.00916340329999999932
3.8879999999999999	0.00115307660000000005	0.00909916329999999919
3.89599999999999991	0.00259393219999999982	0.00878534270000000048
3.90399999999999991	0.00403265510000000004	0.0082402484000000005
3.91199999999999992	0.0053693813999999996	0.00744546870000000003
3.91999999999999993	0.00648214150000000003	0.00645092499999999971
3.92799999999999994	0.00745430750000000003	0.00530120759999999983
3.93599999999999994	0.00821326560000000018	0.00398198749999999994
3.94399999999999995	0.00873999399999999919	0.00255130860000000017
3.95199999999999996	0.00905411159999999944	0.00105847740000000008
3.95999999999999996	0.00906681330000000049	-0.000429606999999999982
3.96799999999999997	0.00888963289999999962	-0.00185195210000000006
3.97599999999999998	0.00846433509999999951	-0.00330102550000000014
3.98399999999999999	0.00777399869999999965	-0.0046164845999999999
3.99199999999999999	0.00691859449999999987	-0.00582717879999999997
4	0.00588189400000000036	-0.00689384190000000025
4.00800000000000001	0.00470124010000000023	-0.00775855269999999996
4.01600000000000001	0.0033465970000000002	-0.00839707970000000067
4.02400000000000002	0.00193343260000000011	-0.00884511210000000006
4.03200000000000003	0.000456520499999999981	-0.0090708371999999992
4.04000000000000004	-0.00102682740000000004	-0.00903532739999999938
4.04800000000000004	-0.00246012439999999987	-0.00869623790000000063
4.05600000000000005	-0.00389217710000000017	-0.00818110640000000063
4.06400000000000006	-0.00517659979999999988	-0.00747620810000000028
4.07200000000000006	-0.00631697149999999995	-0.00650838500000000021
4.08000000000000007	-0.00732566830000000013	-0.00536169460000000039
4.08800000000000008	-0.0081689751999999994	-0.00407864310000000032
4.09600000000000009	-0.00872714689999999974	-0.00271553409999999995
4.10400000000000009	-0.00901056180000000054	-0.00121902389999999994
4.1120000000000001	-0.00914286559999999936	0.000257801400000000022
4.12000000000000011	-0.00892187520000000019	0.0017969708
4.12800000000000011	-0.00853448350000000043	0.00324949509999999985
4.13600000000000012	-0.00787185959999999948	0.00455369699999999978
4.14400000000000013	-0.00704193000000000006	0.0058328455000000003
4.15200000000000014	-0.00597358580000000028	0.00689454469999999965
4.16000000000000014	-0.00475504130000000032	0.00776679759999999997
4.16800000000000015	-0.00337762829999999981	0.00846668279999999995
4.17600000000000016	-0.00194960639999999991	0.00890141470000000053
4.18400000000000016	-0.000462452300000000018	0.00906136069999999988
4.19200000000000017	0.00100221279999999999	0.00905470310000000035
4.20000000000000018	0.0024928305999999999	0.00875118800000000002
4.20800000000000018	0.00389043980000000015	0.00822965429999999998
4.21600000000000019	0.00520752679999999992	0.00748852540000000035
4.2240000000000002	0.00635770499999999995	0.00649658769999999965
4.23200000000000021	0.00733782269999999973	0.00540469289999999988
4.24000000000000021	0.00811532839999999991	0.00418555810000000028
4.24800000000000022	0.00869796029999999991	0.00279668500000000014
4.25600000000000023	0.00900390189999999979	0.00138438769999999997
4.26400000000000023	0.00912350940000000027	-0.000172387500000000009
4.27200000000000024	0.00898130259999999937	-0.00175780760000000011
4.28000000000000025	0.00858381499999999985	-0.00326964980000000018
4.28800000000000026	0.00789558440000000077	-0.00466526470000000037
4.29600000000000026	0.00698660349999999982	-0.00586847589999999961
4.30400000000000027	0.00592913240000000029	-0.00698988559999999971
4.31200000000000028	0.00465131819999999984	-0.00787800989999999993
4.32000000000000028	0.00332447670000000006	-0.00852309449999999989
4.32800000000000029	0.00185430389999999994	-0.00892148989999999933
4.3360000000000003	0.000347275199999999985	-0.00915105419999999968
4.34400000000000031	-0.00113354649999999999	-0.00903280340000000084
4.35200000000000031	-0.00260813289999999986	-0.0086829032999999993
4.36000000000000032	-0.00401412570000000014	-0.00810536939999999956
4.36800000000000033	-0.00529779580000000038	-0.00734796470000000004
4.37600000000000033	-0.00640716599999999973	-0.00635696690000000023
4.38400000000000034	-0.00736058800000000037	-0.00522783529999999979
4.39200000000000035	-0.00808458819999999939	-0.00394790160000000039
4.40000000000000036	-0.00861554280000000061	-0.00256129499999999989
4.40800000000000036	-0.00893347119999999932	-0.00110801780000000004
4.41600000000000037	-0.00895163950000000055	0.000354411800000000007
4.42400000000000038	-0.00874590760000000002	0.00178547309999999991
4.43200000000000038	-0.00830191939999999975	0.00318697690000000009
4.44000000000000039	-0.00768814709999999981	0.00450541290000000018
4.4480000000000004	-0.00681944929999999967	0.00570785209999999984
4.45600000000000041	-0.00578874980000000042	0.00674037779999999993
4.46400000000000041	-0.0046089436000000001	0.00759838800000000019
4.47200000000000042	-0.00333416520000000011	0.00830074249999999958
4.48000000000000043	-0.0018752253	0.00864512700000000071
4.48800000000000043	-0.0004421591	0.00888433519999999935
4.49600000000000044	0.00102959309999999991	0.00884610199999999978
4.50399999999999956	0.0024730717000000001	0.00854487240000000037
4.51199999999999957	0.00378734630000000013	0.00801909269999999917
4.51999999999999957	0.00507371449999999974	0.00728997219999999967
4.52799999999999958	0.0062218966000000004	0.00632738149999999971
4.53599999999999959	0.00712947140000000021	0.0052489247999999997
4.54399999999999959	0.00787593569999999951	0.00398770099999999975
4.5519999999999996	0.00844646769999999984	0.00264406199999999997
4.55999999999999961	0.00871158600000000033	0.00119020270000000004
4.56799999999999962	0.00882439290000000022	-0.000240713700000000006
4.57599999999999962	0.00865912729999999964	-0.00166872719999999991
4.58399999999999963	0.00824156160000000075	-0.00309079889999999994
4.59199999999999964	0.00755600899999999982	-0.00439135519999999963
4.59999999999999964	0.00677291509999999961	-0.00553062979999999985
4.60799999999999965	0.00574663589999999981	-0.0065486848999999998
4.61599999999999966	0.00459466000000000041	-0.0073978786999999999
4.62399999999999967	0.00333590100000000006	-0.00805956740000000026
4.63199999999999967	0.00203647919999999996	-0.00845607940000000016
4.63999999999999968	0.000644825400000000049	-0.00867662519999999951
4.64799999999999969	-0.000770509399999999979	-0.00866496100000000054
4.65599999999999969	-0.00216234979999999988	-0.00844321550000000018
4.6639999999999997	-0.0034945254999999998	-0.00794749810000000036
4.67199999999999971	-0.00472614379999999976	-0.00733391210000000019
4.67999999999999972	-0.0058578437000000004	-0.00639979770000000028
4.68799999999999972	-0.00685740350000000037	-0.00540151309999999975
4.69599999999999973	-0.00768326179999999966	-0.00414804599999999985
4.70399999999999974	-0.00826063280000000066	-0.00290507999999999999
4.71199999999999974	-0.00863984729999999965	-0.0015121405000000001
4.71999999999999975	-0.00879630780000000001	-7.94114999999999968e-05
4.72799999999999976	-0.00863941160000000069	0.00136600799999999994
4.73599999999999977	-0.00836980520000000019	0.0027583731000000002
4.74399999999999977	-0.00779712980000000014	0.0040993093999999999
4.75199999999999978	-0.00700678069999999958	0.00529326459999999999
4.75999999999999979	-0.00605021940000000005	0.00641389720000000007
4.76799999999999979	-0.00488385039999999961	0.00732912790000000026
4.7759999999999998	-0.00362698780000000019	0.00799812199999999987
4.78399999999999981	-0.0022663764999999998	0.00852937139999999927
4.79199999999999982	-0.00084906529999999997	0.00877964590000000072
4.79999999999999982	0.000605775900000000002	0.00880508330000000054
4.80799999999999983	0.00207712770000000003	0.00854768690000000039
4.81599999999999984	0.00345110410000000001	0.0080892567999999998
4.82399999999999984	0.00471059889999999974	0.0074602312000000004
4.83199999999999985	0.00584625809999999961	0.0065398454999999996
4.83999999999999986	0.0068280544000000002	0.00550707850000000006
4.84799999999999986	0.00768434279999999966	0.00436821640000000042
4.85599999999999987	0.00826104079999999928	0.00300818770000000008
4.86399999999999988	0.0086682535000000005	0.00160200420000000004
4.87199999999999989	0.00884128500000000081	0.000189789500000000003
4.87999999999999989	0.00873785189999999948	-0.00129769770000000002
4.8879999999999999	0.00847752899999999927	-0.00270509560000000001
4.89599999999999991	0.00795110930000000014	-0.00402998360000000021
4.90399999999999991	0.00712375049999999961	-0.00527693979999999986
4.91199999999999992	0.00616927650000000018	-0.00639294979999999961
4.91999999999999993	0.00508639759999999965	-0.00737987099999999965
4.92799999999999994	0.00379225760000000004	-0.00813835819999999925
4.93599999999999994	0.00236055200000000014	-0.00862691030000000032
4.94399999999999995	0.000911033700000000025	-0.00891435450000000081
4.95199999999999996	-0.000576757599999999995	-0.00896410589999999986
4.95999999999999996	-0.00205769479999999994	-0.00874567199999999947
4.96799999999999997	-0.00347874620000000008	-0.00827656730000000083
4.97599999999999998	-0.00478722589999999986	-0.0075605663
4.98399999999999999	-0.00596856910000000043	-0.00667381610000000042
4.99199999999999999	-0.00699348569999999961	-0.00554698470000000027
5	-0.00780041840000000007	-0.00434701950000000031
5.00800000000000001	-0.00839367580000000002	-0.00301901109999999986
5.01600000000000001	-0.00877184509999999994	-0.00152058560000000007
5.02400000000000002	-0.00884747689999999982	-0.000103562100000000002
5.03200000000000003	-0.00875877949999999926	0.00131019699999999992
5.04000000000000004	-0.00848656040000000077	0.00264290579999999992
5.04800000000000004	-0.00793878699999999923	0.00399430080000000038
5.05600000000000005	-0.00708624519999999977	0.00530468970000000026
5.06400000000000006	-0.00608203729999999988	0.0064462015000000001
5.07200000000000006	-0.00491021499999999989	0.00737431870000000017
5.08000000000000007	-0.00364619630000000009	0.00807649480000000031
5.08800000000000008	-0.00227229569999999994	0.00855523679999999932
5.09600000000000009	-0.000880074199999999964	0.00878756030000000035
5.10400000000000009	0.000589515400000000011	0.0088375895999999992
5.1120000000000001	0.00201826209999999987	0.00863559459999999925
5.12000000000000011	0.00346627819999999979	0.00819312250000000034
5.12800000000000011	0.00473201710000000029	0.00750668979999999982
5.13600000000000012	0.00589690399999999969	0.00667018619999999989
5.14400000000000013	0.00690160010000000039	0.00558640119999999959
5.15200000000000014	0.0077775600999999998	0.00433892030000000012
5.16000000000000014	0.00839852760000000045	0.00299208700000000005
5.16800000000000015	0.00877299169999999975	0.00160724790000000011
5.17600000000000016	0.00889740529999999939	0.000128016800000000004
5.18400000000000016	0.00880177369999999952	-0.00136496230000000005
5.19200000000000017	0.00847310010000000037	-0.00278249509999999988
5.20000000000000018	0.00785133189999999946	-0.00413083339999999969
5.20800000000000018	0.0070562782999999997	-0.00537510750000000023
5.21600000000000019	0.00608820960000000001	-0.00647923439999999965
5.2240000000000002	0.00497475390000000003	-0.00734813359999999995
5.23200000000000021	0.00363235070000000014	-0.00808231660000000018
5.24000000000000021	0.00224740479999999999	-0.00854223879999999915
5.24800000000000022	0.000836847999999999954	-0.00878163510000000078
5.25600000000000023	-0.000579543099999999998	-0.00878450729999999923
5.26400000000000023	-0.00206030809999999988	-0.0085261807000000002
5.27200000000000024	-0.00339314860000000012	-0.00811537910000000029
5.28000000000000025	-0.00464873839999999962	-0.00740173510000000003
5.28800000000000026	-0.00582979290000000018	-0.00654248409999999992
5.29600000000000026	-0.00681053870000000033	-0.00551878459999999987
5.30400000000000027	-0.00761913	-0.0043766333000000001
5.31200000000000028	-0.00823099969999999993	-0.00300865799999999999
5.32000000000000028	-0.00859408340000000076	-0.00169398519999999992
5.32800000000000029	-0.00879395269999999965	-0.0002025052
5.3360000000000003	-0.00868410480000000005	0.00118966860000000005
5.34400000000000031	-0.00836058689999999959	0.00257429259999999993
5.35200000000000031	-0.00782134100000000075	0.00398417149999999963
5.36000000000000032	-0.00713802060000000033	0.00515810200000000035
5.36800000000000033	-0.0061685491000000002	0.0063035531000000004
5.37600000000000033	-0.00505627490000000023	0.00724549209999999968
5.38400000000000034	-0.00377344570000000008	0.00797350659999999933
5.39200000000000035	-0.00246189680000000015	0.00849000079999999956
5.40000000000000036	-0.000960836500000000022	0.00875987129999999947
5.40800000000000036	0.00052309860000000004	0.00882145489999999928
5.41600000000000037	0.00196176190000000011	0.00861658600000000073
5.42400000000000038	0.00336191079999999991	0.00810314219999999988
5.43200000000000038	0.00466825460000000036	0.00745232430000000029
5.44000000000000039	0.00581171919999999998	0.00660747089999999971
5.4480000000000004	0.0068433169999999998	0.00554827820000000031
5.45600000000000041	0.00762225819999999988	0.00432033320000000005
5.46400000000000041	0.00821226650000000079	0.00298352109999999986
5.47200000000000042	0.00855116629999999947	0.00165786009999999997
5.48000000000000043	0.0087376121000000001	0.000145845200000000011
5.48800000000000043	0.00864566580000000057	-0.0012600701000000001
5.49600000000000044	0.00832520429999999978	-0.00266099279999999988
5.50399999999999956	0.00776881529999999976	-0.00395524870000000042
5.51199999999999957	0.00699046819999999975	-0.00511011489999999968
5.51999999999999957	0.00610286040000000002	-0.00622193660000000016
5.52799999999999958	0.00499293449999999982	-0.00712838760000000012
5.53599999999999959	0.00374158050000000016	-0.00782612920000000031
5.54399999999999959	0.00240845869999999984	-0.00834500160000000053
5.5519999999999996	0.0010107057	-0.00861988699999999969
5.55999999999999961	-0.000398354600000000003	-0.00865753499999999919
5.56799999999999962	-0.00182363540000000002	-0.00850270220000000007
5.57599999999999962	-0.00317910019999999988	-0.00808335840000000069
5.58399999999999963	-0.00449770319999999967	-0.00744764430000000033
5.59199999999999964	-0.00565445600000000041	-0.00664686740000000002
5.59999999999999964	-0.00665275999999999975	-0.00562753720000000023
5.60799999999999965	-0.00747490649999999965	-0.00445696390000000029
5.61599999999999966	-0.00810818219999999944	-0.00319943199999999988
5.62399999999999967	-0.00853540199999999923	-0.00181503219999999991
5.63199999999999967	-0.00869931510000000047	-0.000390993800000000017
5.63999999999999968	-0.00863139360000000043	0.00104445439999999992
5.64799999999999969	-0.00834048199999999976	0.0024388388999999999
5.65599999999999969	-0.00782716240000000049	0.00383598120000000009
5.6639999999999997	-0.00709116349999999989	0.00502650109999999966
5.67199999999999971	-0.00615391529999999992	0.00613018539999999994
5.67999999999999972	-0.0050751959999999997	0.00706932240000000042
5.68799999999999972	-0.00381165200000000001	0.00780980779999999961
5.69599999999999973	-0.00247780010000000009	0.00830295279999999913
5.70399999999999974	-0.00109830619999999992	0.00864070630000000027
5.71199999999999974	0.00034148179999999998	0.00867143429999999923
5.71999999999999975	0.0017252852999999999	0.00853629390000000023
5.72799999999999976	0.00309928419999999996	0.00811371900000000014
5.73599999999999977	0.00439373060000000041	0.00747994910000000009
5.74399999999999977	0.00558632599999999997	0.00667968449999999971
5.75199999999999978	0.00657449869999999961	0.00563859310000000037
5.75999999999999979	0.00741472409999999974	0.00445456490000000014
5.76799999999999979	0.00806441679999999987	0.00320819859999999998
5.7759999999999998	0.00845728469999999961	0.00184603140000000007
5.78399999999999981	0.00868498850000000086	0.000408093500000000005
5.79199999999999982	0.00861102170000000063	-0.00102962829999999998
5.79999999999999982	0.00829478720000000058	-0.00243635960000000013
5.80799999999999983	0.00776257320000000011	-0.00375744540000000002
5.81599999999999984	0.00700027859999999974	-0.0049713251
5.82399999999999984	0.00610878339999999971	-0.00603975569999999976
5.83199999999999985	0.00500295770000000039	-0.00695663470000000041
5.83999999999999986	0.00380026220000000007	-0.00768177860000000042
5.84799999999999986	0.0024892041000000001	-0.00817979389999999931
5.85599999999999987	0.00114104580000000009	-0.00849301080000000076
5.86399999999999988	-0.000287220999999999993	-0.00855092340000000034
5.87199999999999989	-0.00168677319999999999	-0.00832421669999999954
5.87999999999999989	-0.00301317430000000008	-0.00798531499999999977
5.8879999999999999	-0.00426620850000000024	-0.00735497129999999975
5.89599999999999991	-0.0054142061	-0.00658140910000000034
5.90399999999999991	-0.00637164039999999973	-0.00558882790000000008
5.91199999999999992	-0.00724298879999999996	-0.00447327550000000025
5.91999999999999993	-0.00783294009999999964	-0.00324018160000000017
5.92799999999999994	-0.00830093770000000022	-0.0018978987000000001
5.93599999999999994	-0.00846941669999999938	-0.000561945299999999995
5.94399999999999995	-0.00847226279999999977	0.000792301199999999989
5.95199999999999996	-0.00822775199999999964	0.00215537569999999998
5.95999999999999996	-0.00779320769999999972	0.00349089759999999995
5.96799999999999997	-0.00711712610000000013	0.00471085759999999992
5.97599999999999998	-0.00620565159999999973	0.00583996869999999987
5.98399999999999999	-0.00522623890000000011	0.00679207409999999998
5.99199999999999999	-0.00403996779999999962	0.00755649880000000031
6	-0.00277419350000000006	0.00812511380000000005
6.00800000000000001	-0.00137513679999999995	0.00849176389999999927
6.01600000000000001	3.44868999999999967e-05	0.00857922929999999952
6.02400000000000002	0.00144238589999999989	0.00849130090000000011
6.03200000000000003	0.00280881669999999981	0.00812232230000000006
6.04000000000000004	0.00412024939999999958	0.00758323199999999965
6.04800000000000004	0.0053201018999999997	0.00681105849999999978
6.05600000000000005	0.00638541139999999983	0.00580158039999999989
6.06400000000000006	0.00722192920000000026	0.00470222419999999971
6.07200000000000006	0.00794183799999999968	0.00348368310000000004
6.08000000000000007	0.00833609509999999956	0.00212480560000000021
6.08800000000000008	0.00859287589999999969	0.000677307699999999953
6.09600000000000009	0.00862074650000000005	-0.000693164799999999967
6.10400000000000009	0.00835075279999999975	-0.00214944289999999998
6.1120000000000001	0.00793212069999999977	-0.00346312459999999992
6.12000000000000011	0.00721413249999999957	-0.00471930549999999976
6.12800000000000011	0.00633818799999999981	-0.00582523010000000029
6.13600000000000012	0.00528584650000000003	-0.00678534080000000022
6.14400000000000013	0.00406238910000000005	-0.00759613440000000018
6.15200000000000014	0.0027809114999999998	-0.00815236119999999953
6.16000000000000014	0.0014243280000000001	-0.00848219019999999976
6.16800000000000015	-3.33670000000000017e-06	-0.0086263980000000004
6.17600000000000016	-0.00142994989999999989	-0.00848945390000000084
6.18400000000000016	-0.00274682569999999985	-0.00816277229999999923
6.19200000000000017	-0.00409782579999999966	-0.00760489680000000015
6.20000000000000018	-0.00532716919999999972	-0.00679091039999999996
6.20800000000000018	-0.00640032419999999984	-0.00583466500000000016
6.21600000000000019	-0.00724449859999999959	-0.00469156399999999963
6.2240000000000002	-0.00795182709999999945	-0.00336134800000000011
6.23200000000000021	-0.00838356470000000027	-0.00205239700000000008
6.24000000000000021	-0.0085972332000000002	-0.000618713100000000044
6.24800000000000022	-0.0085966297000000004	0.000805459600000000002
6.25600000000000023	-0.00832363680000000085	0.00216545720000000004
6.26400000000000023	-0.00781693049999999945	0.00352399119999999982
6.27200000000000024	-0.00719167860000000016	0.00472829070000000025
6.28000000000000025	-0.0062958042000000004	0.00584486240000000028
6.28800000000000026	-0.0051995912	0.00676026900000000017
6.29600000000000026	-0.00401213349999999993	0.00753021340000000015
6.30400000000000027	-0.00273909150000000009	0.00807655600000000036
6.31200000000000028	-0.00135394269999999993	0.00840421090000000037
6.32000000000000028	-9.24560000000000004e-06	0.00849763520000000085
6.32800000000000029	0.0014465038999999999	0.00838881290000000057
6.3360000000000003	0.00273126750000000007	0.00812300910000000008
6.34400000000000031	0.00401170499999999996	0.00753793629999999996
6.35200000000000031	0.00517122329999999963	0.00676775659999999998
6.36000000000000032	0.00622178660000000019	0.00584584429999999988
6.36800000000000033	0.0070775873999999999	0.00472220150000000026
6.37600000000000033	0.00778574419999999989	0.00356074929999999987
6.38400000000000034	0.00828892359999999946	0.00225433350000000003
6.39200000000000035	0.00855626819999999975	0.000855753899999999986
6.40000000000000036	0.00856635139999999996	-0.000616875799999999966
6.40800000000000036	0.00837729480000000068	-0.00198448749999999979
6.41600000000000037	0.00793041379999999928	-0.00334862250000000005
6.42400000000000038	0.00722687380000000025	-0.00456493360000000039
6.43200000000000038	0.00645254109999999961	-0.00574739479999999969
6.44000000000000039	0.00540238780000000009	-0.00669540409999999989
6.4480000000000004	0.00421602869999999994	-0.00752912570000000003
6.45600000000000041	0.00294949909999999999	-0.00814538849999999967
6.46400000000000041	0.00154723800000000004	-0.00847656119999999971
6.47200000000000042	0.000132430500000000012	-0.00860490870000000033
6.48000000000000043	-0.00128478899999999994	-0.00854361219999999998
6.48800000000000043	-0.0027038193999999998	-0.00819150729999999945
6.49600000000000044	-0.00406282659999999962	-0.00761302909999999992
6.50399999999999956	-0.00519392610000000022	-0.00688921490000000015
6.51199999999999957	-0.00626722050000000017	-0.00590835940000000032
6.51999999999999957	-0.00719893289999999977	-0.00480593369999999988
6.52799999999999958	-0.00784556380000000012	-0.00352578859999999996
6.53599999999999959	-0.00834211709999999919	-0.00221461780000000016
6.54399999999999959	-0.00860399339999999915	-0.000770840999999999974
6.5519999999999996	-0.00859414269999999973	0.000635401600000000052
6.55999999999999961	-0.00836333889999999955	0.00204219559999999989
6.56799999999999962	-0.00787826200000000046	0.00339570620000000014
6.57599999999999962	-0.00723370170000000017	0.00466458510000000021
6.58399999999999963	-0.00635282839999999974	0.00578827470000000018
6.59199999999999964	-0.00533408880000000012	0.00666288119999999991
6.59999999999999964	-0.00418462679999999972	0.00752624959999999982
6.60799999999999965	-0.00287126390000000007	0.00802969670000000003
6.61599999999999966	-0.00149485609999999995	0.00842317599999999923
6.62399999999999967	-0.000116381700000000004	0.00855113239999999962
6.63199999999999967	0.00133622600000000004	0.00845103510000000044
6.63999999999999968	0.00267290939999999992	0.00808689400000000072
6.64799999999999969	0.00395427110000000012	0.00750695849999999994
6.65599999999999969	0.00511160789999999966	0.00675757199999999988
6.6639999999999997	0.00618571570000000029	0.00588460769999999984
6.67199999999999971	0.00703450369999999991	0.00481251400000000037
6.67999999999999972	0.00777926799999999977	0.00353756660000000001
6.68799999999999972	0.0082091283999999997	0.00221942439999999993
6.69599999999999973	0.00845303019999999947	0.000907536100000000054
6.70399999999999974	0.00853309629999999923	-0.00053458230000000002
6.71199999999999974	0.0082973891999999997	-0.00188728989999999998
6.71999999999999975	0.00787901360000000002	-0.00324814290000000018
6.72799999999999976	0.00723475629999999984	-0.00447588329999999961
6.73599999999999977	0.00637642470000000013	-0.00557919819999999969
6.74399999999999977	0.00545318809999999991	-0.00657469489999999972
6.75199999999999978	0.00426223559999999984	-0.00738214039999999985
6.75999999999999979	0.00297855780000000001	-0.00799992159999999945
6.76799999999999979	0.0016516371000000001	-0.00838503929999999918
6.7759999999999998	0.000226364400000000004	-0.00853467309999999917
6.78399999999999981	-0.00115829150000000005	-0.00850245359999999943
6.79199999999999982	-0.00258827919999999982	-0.00817355919999999958
6.79999999999999982	-0.00389067949999999992	-0.00764291130000000016
6.80799999999999983	-0.00505004229999999991	-0.0068966234999999999
6.81599999999999984	-0.00615627840000000041	-0.00597762249999999988
6.82399999999999984	-0.00705457740000000038	-0.00487140940000000029
6.83199999999999985	-0.00776084710000000001	-0.00365925529999999982
6.83999999999999986	-0.00827186379999999936	-0.00234028429999999987
6.84799999999999986	-0.00854482399999999948	-0.000987764799999999972
6.85599999999999987	-0.0085858766999999999	0.000446650799999999989
6.86399999999999988	-0.00840521080000000004	0.00180286789999999997
6.87199999999999989	-0.00800348139999999993	0.0031722695999999999
6.87999999999999989	-0.00736912829999999963	0.0044021132999999997
6.8879999999999999	-0.00655950749999999975	0.0055983144000000002
6.89599999999999991	-0.00556225969999999976	0.00653700370000000024
6.90399999999999991	-0.00440418120000000014	0.00742153250000000039
6.91199999999999992	-0.00311525920000000007	0.00805850559999999987
6.91999999999999993	-0.00173161319999999997	0.00843926520000000055
6.92799999999999994	-0.000277482699999999978	0.00862061239999999986
6.93599999999999994	0.00114695219999999998	0.00856684199999999986
6.94399999999999995	0.00255507739999999992	0.0082271931000000003
6.95199999999999996	0.00386737669999999987	0.00769318049999999972
6.95999999999999996	0.0050708986999999997	0.00694496390000000005
6.96799999999999997	0.00614544890000000028	0.00607385389999999959
6.97599999999999998	0.00708792789999999982	0.00494960959999999998
6.98399999999999999	0.00778664840000000032	0.00370165570000000011
6.99199999999999999	0.00828147589999999982	0.00236544109999999985
7	0.00852842040000000023	0.000974369599999999982
7.00800000000000001	0.00859916670000000077	-0.000453345999999999979
7.01600000000000001	0.00836822119999999954	-0.00187888159999999999
7.02400000000000002	0.00800317189999999977	-0.00321891139999999978
7.03200000000000003	0.00737774250000000024	-0.00448637289999999963
7.04000000000000004	0.0065022433000000001	-0.00560340570000000034
7.04800000000000004	0.00551370959999999966	-0.00659085869999999959
7.05600000000000005	0.00431901869999999979	-0.00740568379999999998
7.06400000000000006	0.0030490144000000002	-0.00800140289999999935
7.07200000000000006	0.00169225790000000005	-0.00834697990000000077
7.08000000000000007	0.000275478899999999989	-0.00853935280000000033
7.08800000000000008	-0.0011307512	-0.00845672949999999937
7.09600000000000009	-0.00249852130000000018	-0.00813960879999999984
7.10400000000000009	-0.00378272350000000016	-0.00763827150000000003
7.1120000000000001	-0.00496640899999999975	-0.00693158750000000008
7.12000000000000011	-0.00605457160000000012	-0.00602998389999999992
7.12800000000000011	-0.00691035999999999994	-0.00494985489999999993
7.13600000000000012	-0.00764005730000000011	-0.00376157870000000004
7.14400000000000013	-0.00810877899999999999	-0.00245111350000000016
7.15200000000000014	-0.00845022450000000071	-0.00111372389999999993
7.16000000000000014	-0.00851357890000000068	0.000282482900000000006
7.16800000000000015	-0.00831609049999999968	0.00163516490000000002
7.17600000000000016	-0.00796814399999999992	0.00301219910000000016
7.18400000000000016	-0.0073878145999999997	0.00429107210000000041
7.19200000000000017	-0.0065842959999999999	0.00542707120000000039
7.20000000000000018	-0.00558985429999999967	0.00646331430000000005
7.20800000000000018	-0.00446429040000000023	0.00726024899999999987
7.21600000000000019	-0.00319442220000000021	0.00793859700000000036
7.2240000000000002	-0.00188341859999999997	0.00833471419999999921
7.23200000000000021	-0.000465340000000000014	0.0085657840999999995
7.24000000000000021	0.000926824499999999983	0.00851486819999999929
7.24800000000000022	0.0023507392999999998	0.00822052329999999921
7.25600000000000023	0.00365755909999999993	0.00777558320000000004
7.26400000000000023	0.00491978940000000007	0.00703472630000000036
7.27200000000000024	0.00604685570000000009	0.00613195640000000017
7.28000000000000025	0.00700152829999999959	0.00506793060000000021
7.28800000000000026	0.00768335760000000024	0.00385325210000000019
7.29600000000000026	0.00823641389999999959	0.00248263430000000016
7.30400000000000027	0.00856571289999999951	0.00109723890000000004
7.31200000000000028	0.00862391279999999948	-0.000348324699999999975
7.32000000000000028	0.00843171139999999986	-0.00173270160000000011
7.32800000000000029	0.00801441550000000016	-0.00313300080000000021
7.3360000000000003	0.00738342789999999957	-0.00439061960000000032
7.34400000000000031	0.00656416200000000012	-0.00555989039999999976
7.35200000000000031	0.00553442560000000014	-0.00660081420000000006
7.36000000000000032	0.00442146700000000011	-0.0073926215
7.36800000000000033	0.00315207879999999984	-0.0079933873999999995
7.37600000000000033	0.00174158100000000008	-0.00839718780000000067
7.38400000000000034	0.000369453099999999981	-0.00855772110000000037
7.39200000000000035	-0.00105503499999999996	-0.0084795818000000002
7.40000000000000036	-0.00243954239999999998	-0.00823856620000000019
7.40800000000000036	-0.00375647359999999996	-0.00769310189999999981
7.41600000000000037	-0.00488028979999999973	-0.00696641820000000033
7.42400000000000038	-0.00603348230000000027	-0.00606195450000000021
7.43200000000000038	-0.00690386110000000032	-0.0050290116999999997
7.44000000000000039	-0.00764865999999999983	-0.00380456779999999986
7.4480000000000004	-0.00817548220000000048	-0.00248179439999999998
7.45600000000000041	-0.00843082979999999933	-0.00112302730000000007
7.46400000000000041	-0.00848431730000000044	0.000244446299999999991
7.47200000000000042	-0.00834112390000000051	0.0016680013
7.48000000000000043	-0.00798073550000000069	0.00300754030000000006
7.48800000000000043	-0.00739241189999999965	0.00425319240000000039
7.49600000000000044	-0.00656798229999999966	0.00544441890000000022
7.50399999999999956	-0.00564700419999999981	0.00641076519999999976
7.51199999999999957	-0.0044443696000000003	0.0072397243999999996
7.51999999999999957	-0.00317724800000000014	0.00787845749999999991
7.52799999999999958	-0.00189293490000000007	0.00831782950000000028
7.53599999999999959	-0.000548617699999999963	0.00850519760000000014
7.54399999999999959	0.00090628659999999995	0.00849198200000000035
7.5519999999999996	0.00226616549999999984	0.0082084975999999997
7.55999999999999961	0.00359006920000000005	0.00775075340000000012
7.56799999999999962	0.00480759900000000007	0.00705791019999999977
7.57599999999999962	0.00588415850000000018	0.00621416279999999991
7.58399999999999963	0.00688127800000000022	0.00511909059999999996
7.59199999999999964	0.00759241280000000004	0.00397015819999999974
7.59999999999999964	0.0081369415999999993	0.00263971349999999987
7.60799999999999965	0.00844591429999999935	0.00123681289999999998
7.61599999999999966	0.00859503380000000046	-0.000164363900000000007
7.62399999999999967	0.00844905370000000044	-0.0016387665
7.63199999999999967	0.00807064899999999918	-0.00295030450000000012
7.63999999999999968	0.00747426959999999974	-0.00428402850000000023
7.64799999999999969	0.00668741619999999991	-0.00545718479999999975
7.65599999999999969	0.00563718370000000028	-0.0064853265999999998
7.6639999999999997	0.00455035300000000004	-0.00732453589999999995
7.67199999999999971	0.00326483570000000002	-0.00799748169999999967
7.67999999999999972	0.00188764839999999994	-0.00838023660000000031
7.68799999999999972	0.000509987099999999974	-0.00862180490000000015
7.69599999999999973	-0.000973953300000000052	-0.00854473449999999975
7.70399999999999974	-0.00234110270000000009	-0.00828161630000000086
7.71199999999999974	-0.00367505969999999986	-0.00779607949999999977
7.71999999999999975	-0.00488837839999999978	-0.00704930859999999999
7.72799999999999976	-0.0059960724	-0.00616580789999999958
7.73599999999999977	-0.00690540790000000043	-0.00507764090000000032
7.74399999999999977	-0.0076902905000000004	-0.00383541140000000008
7.75199999999999978	-0.00820609719999999994	-0.0025243968000000002
7.75999999999999979	-0.00854091059999999985	-0.00117903129999999997
7.76799999999999979	-0.00855743590000000026	0.00022942669999999999
7.7759999999999998	-0.00838503120000000032	0.00159521569999999989
7.78399999999999981	-0.00799911470000000055	0.00302175120000000011
7.79199999999999982	-0.0074303282999999996	0.00426633220000000035
7.79999999999999982	-0.00661017960000000009	0.00543729109999999995
7.80799999999999983	-0.0056672173999999997	0.00644899840000000019
7.81599999999999984	-0.00454939480000000028	0.0073235297000000003
7.82399999999999984	-0.00326859839999999987	0.0079385488000000004
7.83199999999999985	-0.00192058180000000004	0.00840987099999999932
7.83999999999999986	-0.000496364599999999994	0.00861439049999999928
7.84799999999999986	0.000887489700000000008	0.0085500118
7.85599999999999987	0.00232285209999999985	0.00828264339999999939
7.86399999999999988	0.00363543200000000007	0.00780545110000000018
7.87199999999999989	0.0049357317000000003	0.00709833349999999981
7.87999999999999989	0.00599398520000000035	0.00618794240000000023
7.8879999999999999	0.0069147150999999997	0.00509747640000000023
7.89599999999999991	0.00769918329999999974	0.003886198
7.90399999999999991	0.00823212289999999958	0.00253348789999999994
7.91199999999999992	0.00852439150000000069	0.00113650600000000002
7.91999999999999993	0.00862395349999999991	-0.000314160399999999988
7.92799999999999994	0.00849323400000000055	-0.00174717569999999992
7.93599999999999994	0.00799901480000000074	-0.00308794790000000005
7.94399999999999995	0.00740891740000000024	-0.00436611599999999975
7.95199999999999996	0.00657209150000000013	-0.00552483779999999973
7.95999999999999996	0.00559436290000000017	-0.00649827989999999991
7.96799999999999997	0.00444235449999999966	-0.00729296749999999976
7.97599999999999998	0.0032100077999999998	-0.00794623390000000034
7.98399999999999999	0.00181198389999999996	-0.00831944410000000009
7.99199999999999999	0.000442400900000000001	-0.00850669949999999925
8	-0.000967741499999999998	-0.00846914040000000014
8.00799999999999912	-0.00239041550000000007	-0.00822396539999999988
8.01600000000000001	-0.00371527110000000006	-0.00770664100000000019
8.02399999999999913	-0.00493039770000000023	-0.00697239800000000031
8.03200000000000003	-0.0060253905999999996	-0.00605773479999999979
8.03999999999999915	-0.00694852700000000035	-0.00499528249999999993
8.04800000000000004	-0.0076703696999999996	-0.00376899970000000011
8.05599999999999916	-0.00817011370000000035	-0.00245592710000000014
8.06400000000000006	-0.00845676170000000081	-0.00104702320000000008
8.07199999999999918	-0.00853383660000000058	0.000343073899999999982
8.08000000000000007	-0.00839379810000000053	0.00175734619999999998
8.08799999999999919	-0.00794591509999999918	0.0030973022999999998
8.09600000000000009	-0.00731330069999999981	0.00440416660000000036
8.1039999999999992	-0.00644172120000000015	0.00554092209999999981
8.1120000000000001	-0.00543565130000000021	0.00653909540000000011
8.11999999999999922	-0.00428512289999999959	0.00734141839999999987
8.12800000000000011	-0.00302917119999999984	0.00793562119999999954
8.13599999999999923	-0.00170505520000000009	0.00830552260000000028
8.14400000000000013	-0.000253609300000000011	0.00851282230000000029
8.15199999999999925	0.00110163569999999992	0.00840262789999999919
8.16000000000000014	0.00245817550000000011	0.00806425000000000024
8.16799999999999926	0.00376473050000000016	0.00753991339999999979
8.17600000000000016	0.00488651789999999982	0.00676988990000000016
8.18399999999999928	0.00593354350000000006	0.00587751199999999967
8.19200000000000017	0.00679751720000000038	0.00483158229999999973
8.19999999999999929	0.00753464760000000042	0.0036491710000000001
8.20800000000000018	0.00797998939999999997	0.00240966670000000022
8.2159999999999993	0.00826675529999999943	0.00102766490000000005
8.2240000000000002	0.00831809770000000066	-0.000286147599999999984
8.23199999999999932	0.0081743182000000008	-0.00169980130000000002
8.24000000000000021	0.00778471049999999998	-0.00292529429999999983
8.24799999999999933	0.00716538550000000041	-0.00423597680000000008
8.25600000000000023	0.00636774950000000041	-0.00533697770000000037
8.26399999999999935	0.00543681390000000028	-0.00627671059999999979
8.27200000000000024	0.00431869760000000002	-0.00710563869999999986
8.27999999999999936	0.0030950684	-0.00772172259999999964
8.28800000000000026	0.00179085680000000001	-0.00809383659999999942
8.29599999999999937	0.000449486199999999986	-0.0082916634999999992
8.30400000000000027	-0.000881411000000000022	-0.00829335519999999972
8.31199999999999939	-0.0022409181000000002	-0.00801092720000000022
8.32000000000000028	-0.00355747160000000019	-0.00752181269999999992
8.3279999999999994	-0.00478122159999999977	-0.00684257359999999957
8.3360000000000003	-0.00583077019999999994	-0.00598972770000000005
8.34399999999999942	-0.00676004179999999989	-0.00490247759999999991
8.35200000000000031	-0.00748568909999999983	-0.00376752840000000016
8.35999999999999943	-0.00800405109999999947	-0.00247793250000000013
8.36800000000000033	-0.00830936380000000044	-0.00116565019999999991
8.37599999999999945	-0.00832173630000000025	0.000265285300000000026
8.38400000000000034	-0.00820504610000000016	0.00157713889999999994
8.39199999999999946	-0.00784648150000000037	0.00295965759999999986
8.40000000000000036	-0.00722209310000000021	0.00418894489999999987
8.40799999999999947	-0.00643358379999999994	0.00532788119999999966
8.41600000000000037	-0.00543935609999999983	0.00626029199999999977
8.42399999999999949	-0.00433218050000000032	0.00710886149999999991
8.43200000000000038	-0.0031547093	0.00768221049999999982
8.4399999999999995	-0.00181869670000000009	0.00810131140000000007
8.4480000000000004	-0.000511819200000000014	0.00826248629999999998
8.45599999999999952	0.000896744199999999951	0.00825017769999999984
8.46400000000000041	0.00221455869999999996	0.00802488680000000044
8.47199999999999953	0.00353152929999999993	0.00750452750000000016
8.48000000000000043	0.00473837779999999962	0.00683778739999999982
8.48799999999999955	0.00578564109999999982	0.00599627250000000014
8.49600000000000044	0.00669326249999999991	0.0049314386999999996
8.50399999999999956	0.00743968759999999972	0.00377334829999999982
8.51200000000000045	0.00799992379999999934	0.00247062840000000002
8.51999999999999957	0.00828683239999999932	0.00115340100000000008
8.52800000000000047	0.00835806679999999934	-0.000232459799999999993
8.53599999999999959	0.00822071209999999941	-0.00163527669999999998
8.54400000000000048	0.00783354860000000028	-0.0029633706000000001
8.5519999999999996	0.00723559309999999983	-0.00421132529999999981
8.5600000000000005	0.00644912020000000009	-0.00531775669999999968
8.56799999999999962	0.00545431599999999985	-0.00631378730000000006
8.57600000000000051	0.00433980760000000042	-0.00716505600000000038
8.58399999999999963	0.00306337860000000005	-0.00777062949999999999
8.59200000000000053	0.00175415050000000006	-0.00815728439999999916
8.59999999999999964	0.000371269100000000006	-0.00832781020000000066
8.60800000000000054	-0.00104380519999999993	-0.00825744299999999973
8.61599999999999966	-0.00241807510000000003	-0.00796482530000000057
8.62400000000000055	-0.00368595389999999993	-0.00739872179999999987
8.63199999999999967	-0.00484902289999999958	-0.00666967900000000041
8.64000000000000057	-0.0058867466000000002	-0.00576946019999999976
8.64799999999999969	-0.0066882113999999996	-0.00471087250000000023
8.65600000000000058	-0.00735541330000000042	-0.00352068660000000007
8.6639999999999997	-0.00779465829999999998	-0.00225867310000000014
8.6720000000000006	-0.00808157340000000002	-0.000975114000000000015
8.67999999999999972	-0.0080627396000000004	0.000360276699999999999
8.68800000000000061	-0.00785158499999999947	0.00167997039999999995
8.69599999999999973	-0.00748426649999999957	0.00296336879999999992
8.70400000000000063	-0.00688369350000000036	0.00408961810000000019
8.71199999999999974	-0.00609105120000000017	0.00513451939999999985
8.72000000000000064	-0.00521716980000000007	0.00608218050000000014
8.72799999999999976	-0.00411547310000000017	0.00683353659999999963
8.73600000000000065	-0.00296553579999999989	0.00741045199999999966
8.74399999999999977	-0.00170736119999999997	0.00777887659999999988
8.75200000000000067	-0.000402446400000000017	0.00798024760000000041
8.75999999999999979	0.000869695500000000035	0.00795067890000000083
8.76800000000000068	0.00220299520000000019	0.00769209449999999975
8.7759999999999998	0.00340173889999999994	0.00725430479999999989
8.7840000000000007	0.00455399040000000008	0.00660255599999999988
8.79199999999999982	0.00555476239999999968	0.00576959080000000006
8.80000000000000071	0.0064439991999999998	0.0047736031999999996
8.80799999999999983	0.0071869760999999999	0.00361837160000000021
8.81600000000000072	0.00763555389999999966	0.0024320047
8.82399999999999984	0.00799511179999999946	0.0011288044000000001
8.83200000000000074	0.00808436889999999964	-0.000219022500000000013
8.83999999999999986	0.00791221660000000077	-0.00156205350000000005
8.84800000000000075	0.00753030439999999995	-0.00285667519999999999
8.85599999999999987	0.00695385329999999996	-0.00406364529999999995
8.86400000000000077	0.00618861270000000026	-0.00520643059999999994
8.87199999999999989	0.00522131400000000034	-0.00611101100000000039
8.88000000000000078	0.00411067390000000032	-0.00690491980000000009
8.8879999999999999	0.00289473229999999979	-0.00741785870000000007
8.8960000000000008	0.0016398579999999999	-0.00779734120000000024
8.90399999999999991	0.000310939499999999993	-0.00791953609999999919
8.91200000000000081	-0.000952297699999999974	-0.00786205079999999917
8.91999999999999993	-0.00228212119999999987	-0.00753873299999999972
8.92800000000000082	-0.00344431269999999996	-0.00702095539999999987
8.93599999999999994	-0.00455878040000000026	-0.00636257929999999982
8.94400000000000084	-0.00556859190000000021	-0.00551455210000000029
8.95199999999999996	-0.00633185549999999969	-0.00451549350000000037
8.96000000000000085	-0.0069024027999999996	-0.00341347949999999982
8.96799999999999997	-0.00732737759999999971	-0.00224969359999999986
8.97600000000000087	-0.00758161459999999975	-0.00102353040000000006
8.98399999999999999	-0.00768686240000000017	0.000251196799999999973
8.99200000000000088	-0.00749159930000000036	0.00146620990000000009
9	-0.00719106439999999975	0.00266015619999999996
