1	-0.00746993239999999958	-0.0278444694999999999
1.00800000000000001	-0.0119983213999999994	-0.0262938396999999983
1.01600000000000001	-0.0161362754999999983	-0.0239241174000000001
1.02400000000000002	-0.0197754922999999992	-0.021008395400000001
1.03200000000000003	-0.0229709088999999998	-0.0174832806999999993
1.04000000000000004	-0.0255961864999999997	-0.0134149403000000007
1.04800000000000004	-0.0274714682000000016	-0.00893748930000000039
1.05600000000000005	-0.0285531694999999995	-0.00434368759999999993
1.06400000000000006	-0.0288847822999999983	0.000406973199999999995
1.07200000000000006	-0.028435049300000001	0.00519355499999999987
1.08000000000000007	-0.0271175667000000016	0.0098440781000000005
1.08800000000000008	-0.0251158923000000013	0.0141760749000000002
1.09600000000000009	-0.0224189140000000016	0.0180069866000000002
1.10400000000000009	-0.0191705151999999983	0.0214351288000000015
1.1120000000000001	-0.0153565543000000002	0.0242625723000000001
1.12000000000000011	-0.0110471495000000006	0.026470777899999999
1.12799999999999989	-0.00656736469999999982	0.0279118502000000011
1.1359999999999999	-0.00187899069999999989	0.0285709562999999986
1.14399999999999991	0.00276254150000000004	0.0284635479000000004
1.15199999999999991	0.00734918449999999966	0.0276312922000000009
1.15999999999999992	0.0117661265999999994	0.0260290404000000017
1.16799999999999993	0.0158883686999999989	0.0236631927999999998
1.17599999999999993	0.0195829915999999986	0.0207727439000000014
1.18399999999999994	0.0226970491000000017	0.0172528324000000011
1.19199999999999995	0.0251957486000000015	0.0133173756000000004
1.19999999999999996	0.0270456983999999984	0.00907013339999999946
1.20799999999999996	0.0281119659999999986	0.0044978568999999996
1.21599999999999997	0.0284448224	-0.000290574599999999974
1.22399999999999998	0.0279812520999999995	-0.00489645029999999978
1.23199999999999998	0.0268096555000000014	-0.00942625780000000066
1.23999999999999999	0.0249185518999999987	-0.0136209962000000007
1.248	0.022326174800000001	-0.0175458944000000013
1.25600000000000001	0.0191225886000000005	-0.0209117062000000013
1.26400000000000001	0.0153565439000000001	-0.0238037756000000003
1.27200000000000002	0.0112026033000000007	-0.0259973761999999983
1.28000000000000003	0.00684114450000000013	-0.0274866547999999995
1.28800000000000003	0.00228925859999999995	-0.028239535100000001
1.29600000000000004	-0.00234870959999999981	-0.0282189628999999984
1.30400000000000005	-0.00696273799999999957	-0.0274375949999999987
1.31200000000000006	-0.0112800825999999996	-0.025901150500000001
1.32000000000000006	-0.0153959292999999997	-0.0237456262999999994
1.32800000000000007	-0.0191127118999999991	-0.0208608501999999994
1.33600000000000008	-0.0222831900000000013	-0.0174862665
1.34400000000000008	-0.0248718544000000007	-0.0136359551999999992
1.35200000000000009	-0.0267074727999999997	-0.00935738189999999956
1.3600000000000001	-0.0279253915999999984	-0.00483283629999999974
1.3680000000000001	-0.028331895499999999	-0.000125585900000000007
1.37599999999999989	-0.0279924073000000009	0.00451683399999999995
1.3839999999999999	-0.0268841655000000013	0.00899558259999999957
1.3919999999999999	-0.0249580167999999998	0.013502656
1.39999999999999991	-0.0223892384999999985	0.0173552408999999991
1.40799999999999992	-0.0192376570999999996	0.020792474200000001
1.41599999999999993	-0.0155828632999999994	0.0236539160000000005
1.42399999999999993	-0.0115175112999999999	0.0258341150000000012
1.43199999999999994	-0.00709419029999999989	0.0273815277999999995
1.43999999999999995	-0.00238830379999999988	0.0280977222999999991
1.44799999999999995	0.00224133329999999997	0.0281343749999999997
1.45599999999999996	0.0067569841000000002	0.0273785037999999988
1.46399999999999997	0.0112463705000000001	0.0258242917000000016
1.47199999999999998	0.0152934358999999992	0.0236240882999999985
1.47999999999999998	0.0189164565000000014	0.0207902321000000001
1.48799999999999999	0.0220891619000000011	0.0173475574999999993
1.496	0.0246538115999999988	0.0135002287999999998
1.504	0.0264762955000000001	0.00925756890000000061
1.51200000000000001	0.0276359740999999985	0.00476094340000000026
1.52000000000000002	0.0279918809999999997	0.000194785800000000001
1.52800000000000002	0.0276702870999999996	-0.00435285249999999967
1.53600000000000003	0.0265825665000000017	-0.00877047390000000072
1.54400000000000004	0.0247225064000000001	-0.0130977190000000007
1.55200000000000005	0.0222495166000000015	-0.0169394741999999987
1.56000000000000005	0.0191900233999999989	-0.0203297706999999994
1.56800000000000006	0.0155691799000000006	-0.0231949886000000008
1.57600000000000007	0.0116315006000000006	-0.0254346546999999999
1.58400000000000007	0.00734840909999999979	-0.0269303988000000015
1.59200000000000008	0.00274837530000000005	-0.0278114949000000007
1.60000000000000009	-0.00187953139999999996	-0.0278390617999999986
1.6080000000000001	-0.00636061620000000043	-0.0271480163999999989
1.6160000000000001	-0.0107080618999999995	-0.0257771091999999986
1.62400000000000011	-0.0147849832000000007	-0.0236670270000000002
1.6319999999999999	-0.0185085117999999986	-0.0209221329000000011
1.6399999999999999	-0.0217077798000000002	-0.0175170925999999991
1.64799999999999991	-0.024300139200000001	-0.0137964811000000007
1.65599999999999992	-0.026201543800000001	-0.00962655720000000006
1.66399999999999992	-0.0274232608999999995	-0.00520786019999999999
1.67199999999999993	-0.0279166110000000009	-0.000649939599999999973
1.67999999999999994	-0.0276603251999999987	0.00387687589999999999
1.68799999999999994	-0.0265642445000000005	0.00852019220000000028
1.69599999999999995	-0.0248462820999999986	0.0127956111999999993
1.70399999999999996	-0.0223923897999999989	0.0166631455999999983
1.71199999999999997	-0.0193511932999999997	0.0200379917999999983
1.71999999999999997	-0.0158700932999999988	0.0229399989999999991
1.72799999999999998	-0.0118575480000000007	0.0252304266000000013
1.73599999999999999	-0.00743228379999999987	0.0268570189999999993
1.74399999999999999	-0.00300768940000000016	0.0277189917999999987
1.752	0.00156565919999999991	0.0277653409999999989
1.76000000000000001	0.00613680379999999998	0.0271421045
1.76800000000000002	0.0105121598000000004	0.0257523087000000005
1.77600000000000002	0.0145470462999999998	0.0236720095999999984
1.78400000000000003	0.0181591161999999987	0.0209966037999999994
1.79200000000000004	0.0214311447999999995	0.0176922303000000003
1.80000000000000004	0.0240511971000000012	0.0138992490000000007
1.80800000000000005	0.025985614399999999	0.00980683809999999961
1.81600000000000006	0.0272399845000000015	0.0054179854999999999
1.82400000000000007	0.0277832151000000013	0.000863590300000000011
1.83200000000000007	0.027539639099999999	-0.00364292820000000021
1.84000000000000008	0.0265349656999999996	-0.0081487222999999994
1.84800000000000009	0.0248102626000000007	-0.0124254164999999996
1.85600000000000009	0.0224501180000000015	-0.0163870636999999993
1.8640000000000001	0.0195132327999999987	-0.0197547908999999994
1.87200000000000011	0.0159917007	-0.0227089821999999983
1.87999999999999989	0.0120201542000000008	-0.025002455199999999
1.8879999999999999	0.00773490720000000014	-0.0266964537999999987
1.89599999999999991	0.00322721420000000002	-0.0275595218000000003
1.90399999999999991	-0.00128876240000000007	-0.0277234371000000014
1.91199999999999992	-0.00580385850000000002	-0.0271551311000000004
1.91999999999999993	-0.010313783	-0.0257932839999999997
1.92799999999999994	-0.0144362615000000003	-0.0237027578000000017
1.93599999999999994	-0.0181019364000000009	-0.0209883031000000012
1.94399999999999995	-0.0212925783	-0.0177795981999999998
1.95199999999999996	-0.0238870444999999994	-0.0140179057999999992
1.95999999999999996	-0.0258650370000000004	-0.00990535680000000085
1.96799999999999997	-0.0270806690000000017	-0.00550285139999999971
1.97599999999999998	-0.0275944093000000008	-0.000976336399999999985
1.98399999999999999	-0.0273675750000000016	0.00371728109999999983
1.99199999999999999	-0.0263793094999999998	0.0079992793000000003
2	-0.0247113236999999993	0.0122039518999999992
2.00800000000000001	-0.0223396382000000011	0.0161290582000000009
2.01600000000000001	-0.0193663129000000017	0.0195748446999999999
2.02400000000000002	-0.0159256771000000005	0.0224412285000000003
2.03200000000000003	-0.0120936994999999992	0.0247369349000000002
2.04000000000000004	-0.00784939169999999964	0.0263236446000000013
2.04800000000000004	-0.00347697519999999984	0.027280783900000001
2.05600000000000005	0.00102568329999999999	0.0274770291000000014
2.06400000000000006	0.00566803580000000036	0.0269058590000000007
2.07200000000000006	0.0100279875000000001	0.0255827409999999991
2.08000000000000007	0.0139909518999999996	0.0236321110999999986
2.08800000000000008	0.0177071282999999996	0.0210320272000000009
2.09600000000000009	0.0208875975000000005	0.0178309239000000001
2.10400000000000009	0.0235700468999999989	0.0141412738999999992
2.1120000000000001	0.025566610699999999	0.0101118040999999999
2.12000000000000011	0.0268858982999999989	0.00576409890000000036
2.12800000000000011	0.0274323503999999996	0.00125938780000000011
2.13600000000000012	0.0272328915999999997	-0.00333993089999999994
2.14400000000000013	0.0263834363000000002	-0.00765828269999999957
2.15200000000000014	0.0247731812999999988	-0.0118183785000000006
2.16000000000000014	0.0224376989999999985	-0.0157478368999999993
2.16800000000000015	0.0195333372000000005	-0.0192276634000000009
2.17600000000000016	0.0160808680000000016	-0.0221525771999999989
2.18400000000000016	0.0121566	-0.0245033649000000013
2.19200000000000017	0.00799660479999999944	-0.0261448318999999985
2.20000000000000018	0.00356153740000000017	-0.0270596928
2.20800000000000018	-0.00080771580000000003	-0.0273189882999999994
2.21600000000000019	-0.00521286940000000032	-0.0267882208999999996
2.2240000000000002	-0.00969109819999999962	-0.0254703252000000012
2.23200000000000021	-0.0137388263999999993	-0.0235233512000000006
2.24000000000000021	-0.0173418561999999984	-0.0210003648000000008
2.24800000000000022	-0.0205328040999999996	-0.0178843405999999996
2.25599999999999978	-0.0231826091999999991	-0.0143094675000000008
2.26399999999999979	-0.0251913003000000003	-0.0103668561000000003
2.2719999999999998	-0.0265096424999999997	-0.00612543359999999978
2.2799999999999998	-0.0271799546000000003	-0.00170724940000000001
2.28799999999999981	-0.0271469805000000008	0.00274822209999999985
2.29599999999999982	-0.0263019609000000008	0.00720272639999999971
2.30399999999999983	-0.0247074236000000003	0.0114797592999999996
2.31199999999999983	-0.0224693372000000016	0.0154535538000000004
2.31999999999999984	-0.0197647911000000016	0.0188124633999999999
2.32799999999999985	-0.0164369593999999994	0.0218414861999999994
2.33599999999999985	-0.0126312708000000003	0.024221902699999999
2.34399999999999986	-0.00846442170000000042	0.0259815002000000003
2.35199999999999987	-0.00402077809999999963	0.0270137034999999998
2.35999999999999988	0.000473489500000000014	0.0273114765000000009
2.36799999999999988	0.00501616169999999969	0.0268416222000000017
2.37599999999999989	0.00932038120000000005	0.0256677386
2.3839999999999999	0.0134269413000000001	0.0237318961000000002
2.3919999999999999	0.0171792608999999999	0.0212108599000000002
2.39999999999999991	0.0203631496999999995	0.0181486388999999998
2.40799999999999992	0.0229664267999999984	0.0146338384999999994
2.41599999999999993	0.0251385849000000001	0.0105051599999999995
2.42399999999999993	0.0264870434000000002	0.00617643340000000041
2.43199999999999994	0.0271036015000000012	0.00175352619999999989
2.43999999999999995	0.0270371226000000013	-0.0026969126999999999
2.44799999999999995	0.0262235252000000002	-0.00703869859999999969
2.45599999999999996	0.0247183254999999991	-0.0112143969999999992
2.46399999999999997	0.0225334524000000008	-0.0150440305999999992
2.47199999999999998	0.0197603374000000012	-0.0185181443000000008
2.47999999999999998	0.0164949380000000007	-0.021477250199999999
2.48799999999999999	0.0128114652000000002	-0.023860705900000001
2.496	0.00875653049999999995	-0.0256286517000000012
2.504	0.00444333109999999962	-0.0267483726000000005
2.51200000000000001	-7.19460999999999988e-05	-0.0271105776000000014
2.52000000000000002	-0.00458189519999999996	-0.0266978206000000017
2.52800000000000002	-0.00879854350000000042	-0.0256527718000000016
2.53600000000000003	-0.0128112652999999993	-0.0239331373999999986
2.54400000000000004	-0.0165526850999999989	-0.0215416936000000017
2.55200000000000005	-0.0198772298	-0.0185849665000000011
2.56000000000000005	-0.0226842525000000017	-0.0150553770999999996
2.56800000000000006	-0.0248649192999999998	-0.0111377264000000007
2.57600000000000007	-0.0263730115999999994	-0.00686304450000000017
2.58400000000000007	-0.027161783200000001	-0.00245035140000000005
2.59200000000000008	-0.0272394231000000001	0.0020440078999999999
2.60000000000000009	-0.0265993020999999996	0.00647290289999999987
2.6080000000000001	-0.0252459457999999991	0.0107271246000000004
2.6160000000000001	-0.0232317582000000009	0.0147040693000000007
2.62400000000000011	-0.0205769020999999989	0.0183496208000000008
2.63200000000000012	-0.0173339783999999983	0.0215094663999999998
2.64000000000000012	-0.0135670580999999995	0.0241609656999999985
2.64800000000000013	-0.00915146279999999937	0.0261380247999999996
2.65600000000000014	-0.00467116900000000019	0.0272922679000000001
2.66400000000000015	-0.0001029305	0.0277444358999999995
2.67200000000000015	0.00454516009999999995	0.0274329004999999994
2.68000000000000016	0.00906160630000000036	0.0263156327000000009
2.68800000000000017	0.0132793287000000006	0.0244442035000000009
2.69600000000000017	0.017176834299999999	0.0218565164000000013
2.70400000000000018	0.0205518116999999986	0.0187043412999999999
2.71200000000000019	0.0232878271999999997	0.0149745623000000008
2.7200000000000002	0.0254394923000000016	0.0109301816
2.7280000000000002	0.026818756400000001	0.00659447750000000023
2.73600000000000021	0.0274845267000000011	0.00208276619999999985
2.74400000000000022	0.0274150701000000011	-0.00247336820000000016
2.75199999999999978	0.0266114273999999984	-0.00696474180000000026
2.75999999999999979	0.0249931831	-0.0112987720000000003
2.76799999999999979	0.0227230039000000002	-0.0152758657999999999
2.7759999999999998	0.0199206700000000014	-0.0187262600000000015
2.78399999999999981	0.0166690853999999986	-0.021641015999999999
2.79199999999999982	0.0128987124999999994	-0.0240735265000000011
2.79999999999999982	0.00872186850000000041	-0.0258580875000000016
2.80799999999999983	0.00433834729999999988	-0.0269016091999999991
2.81599999999999984	-0.000101013800000000005	-0.0272583376999999995
2.82399999999999984	-0.00460930079999999961	-0.0268418682000000006
2.83199999999999985	-0.00899983300000000049	-0.0256755440000000015
2.83999999999999986	-0.0130806932000000001	-0.0238608449000000007
2.84799999999999986	-0.0168229631000000011	-0.0213777516999999993
2.85599999999999987	-0.0200906624000000006	-0.0183226683000000008
2.86399999999999988	-0.0227852753000000012	-0.0147419925000000004
2.87199999999999989	-0.0248371939999999999	-0.0107701554000000001
2.87999999999999989	-0.0262514928999999994	-0.00649959240000000035
2.8879999999999999	-0.0269138122999999993	-0.00219790479999999993
2.89599999999999991	-0.0268799535999999992	0.00227553790000000009
2.90399999999999991	-0.0261588308000000012	0.00657248460000000017
2.91199999999999992	-0.0248060176999999986	0.0105681326999999999
2.91999999999999993	-0.0226539206999999999	0.0145769275999999993
2.92799999999999994	-0.0199014237000000004	0.0181674222999999996
2.93599999999999994	-0.0165803053999999984	0.0212099393000000011
2.94399999999999995	-0.0128955288999999997	0.0236243837000000012
2.95199999999999996	-0.00893850770000000072	0.0254152965000000002
2.95999999999999996	-0.00466870359999999995	0.0265180635000000012
2.96799999999999997	-0.000278102699999999983	0.0269322859999999997
2.97599999999999998	0.00410978079999999978	0.0266501479000000006
2.98399999999999999	0.00839170430000000037	0.0256138467000000015
2.99199999999999999	0.0124958091999999993	0.023950280899999999
3	0.0162810375000000014	0.0215760421000000015
3.00800000000000001	0.0196260740000000003	0.0186105771999999989
3.01600000000000001	0.0224219608999999993	0.0151227337
3.02400000000000002	0.0245699534999999983	0.0112456819000000003
3.03200000000000003	0.026116021100000001	0.00702246079999999974
3.04000000000000004	0.0269022891999999986	0.00260980460000000006
3.04800000000000004	0.0269902160999999988	-0.0018843191
3.05600000000000005	0.0262994328000000013	-0.00629207619999999981
3.06400000000000006	0.0248411566000000007	-0.0105598858
3.07200000000000006	0.0227338212000000005	-0.0145418925000000004
3.08000000000000007	0.0200282784999999998	-0.0180916357000000007
3.08800000000000008	0.0167950837999999991	-0.0210473793999999999
3.09600000000000009	0.0131434737999999995	-0.0235447688000000009
3.10400000000000009	0.00914078519999999943	-0.0252866162999999984
3.1120000000000001	0.00488513120000000009	-0.0264079111000000005
3.12000000000000011	0.000456984500000000022	-0.0268723361000000015
3.12800000000000011	-0.00395704939999999995	-0.0265796976000000004
3.13600000000000012	-0.00826160599999999946	-0.0255524923000000001
3.14400000000000013	-0.0123283118000000001	-0.0238532007000000004
3.15200000000000014	-0.0160578582000000004	-0.0214639164000000014
3.16000000000000014	-0.0193722381000000013	-0.0185493029999999996
3.16800000000000015	-0.0220837699000000012	-0.0151397587000000004
3.17600000000000016	-0.0243063570000000007	-0.0112840387000000004
3.18400000000000016	-0.0258493392000000016	-0.00718459070000000005
3.19200000000000017	-0.0267019434000000007	-0.00281651330000000019
3.20000000000000018	-0.0267974137000000015	0.00159023299999999992
3.20800000000000018	-0.0261668549000000014	0.00599149169999999964
3.21600000000000019	-0.0248623572999999987	0.0102191426999999994
3.2240000000000002	-0.0228155482000000007	0.014134509
3.23200000000000021	-0.0201628745000000005	0.0176934906000000003
3.24000000000000021	-0.0169972767000000011	0.0207607526000000014
3.24800000000000022	-0.0133829033000000003	0.0232609252999999988
3.25599999999999978	-0.00958273150000000032	0.0250848317999999987
3.26399999999999979	-0.0050579110999999996	0.0263127711
3.2719999999999998	-0.000535339700000000041	0.0267867791000000015
3.2799999999999998	0.00395978799999999968	0.0264453229999999997
3.28799999999999981	0.00823797949999999918	0.0254116264999999994
3.29599999999999982	0.0122507553000000009	0.0236587164000000016
3.30399999999999983	0.0159046450999999998	0.0213143585999999996
3.31199999999999983	0.0191346637999999999	0.0184244128000000014
3.31999999999999984	0.0218462606000000004	0.0150621872000000004
3.32799999999999985	0.0239985861000000002	0.0112655311000000001
3.33599999999999985	0.0254685268999999999	0.00720467190000000004
3.34399999999999986	0.0263165884000000003	0.00296860640000000007
3.35199999999999987	0.0264157391999999998	-0.00131691610000000004
3.35999999999999988	0.0258444079000000014	-0.0055733696000000001
3.36799999999999988	0.0246120326	-0.00969934130000000075
3.37599999999999989	0.0227217494999999992	-0.0135679470999999999
3.3839999999999999	0.0202210846999999992	-0.0170634430999999989
3.3919999999999999	0.0171752236999999988	-0.0201433417999999989
3.39999999999999991	0.0137057894999999992	-0.0226671935999999997
3.40799999999999992	0.00978692029999999984	-0.0246273751999999992
3.41599999999999993	0.00558585250000000026	-0.0259514966999999999
3.42399999999999993	0.00128985639999999995	-0.0265559141000000012
3.43199999999999994	-0.00305907299999999983	-0.0264368957999999987
3.43999999999999995	-0.00742291909999999965	-0.0255927360999999992
3.44799999999999995	-0.0116064044000000009	-0.024017493899999999
3.45599999999999996	-0.0154099071000000001	-0.0218243962999999999
3.46399999999999997	-0.0187347590000000001	-0.0189773105000000004
3.47199999999999998	-0.0216674625000000017	-0.0156994969999999998
3.47999999999999998	-0.0239167022999999986	-0.0119461965000000007
3.48799999999999999	-0.0255511084999999992	-0.00784957919999999983
3.496	-0.0265244346000000006	-0.00357129320000000019
3.504	-0.0267141834999999987	0.000858916099999999967
3.51200000000000001	-0.0261366474000000008	0.00524970509999999994
3.52000000000000002	-0.0249597785000000016	0.00952565439999999986
3.52800000000000002	-0.0230667267000000016	0.0134652385000000006
3.53600000000000003	-0.0205290992999999991	0.0171210019999999997
3.54400000000000004	-0.0173919545000000009	0.0202580150999999986
3.55200000000000005	-0.0138284175000000006	0.0227805145999999993
3.56000000000000005	-0.00989409980000000022	0.024735675700000001
3.56800000000000006	-0.00576478640000000018	0.0260051890000000015
3.57600000000000007	-0.00139245540000000004	0.026599518400000001
3.58400000000000007	0.00300634900000000017	0.0264918435000000008
3.59200000000000008	0.00727772770000000013	0.025660266000000001
3.60000000000000009	0.0113727564999999992	0.0241256601000000015
3.6080000000000001	0.0151925102999999999	0.0219232508999999999
3.6160000000000001	0.0185574590999999997	0.0191796132999999987
3.62400000000000011	0.0214342044000000002	0.0159220264999999986
3.63200000000000012	0.0238192041999999993	0.0121585787000000004
3.64000000000000012	0.0255059948999999987	0.00809984579999999989
3.64800000000000013	0.0265034079000000013	0.00378385270000000011
3.65600000000000014	0.0267559258000000001	-0.00065624409999999998
3.66400000000000015	0.0263196192000000016	-0.00504553559999999963
3.67200000000000015	0.0251533281999999983	-0.00927285360000000038
3.68000000000000016	0.0233899621999999995	-0.0131491090000000008
3.68800000000000017	0.0210230565000000015	-0.0166755942000000011
3.69600000000000017	0.0178792759999999995	-0.0200127299999999994
3.70400000000000018	0.0140689712000000005	-0.0228702463000000009
3.71200000000000019	0.0100347195000000007	-0.0249152378000000001
3.7200000000000002	0.00570739330000000038	-0.0261730664000000002
3.7280000000000002	0.00140251440000000002	-0.0267800142000000005
3.73600000000000021	-0.00300987749999999995	-0.0266047402000000009
3.74400000000000022	-0.00733018000000000038	-0.0257331418999999992
3.75199999999999978	-0.0114552048000000004	-0.0241874940000000004
3.75999999999999979	-0.0152661418000000007	-0.0219649223999999997
3.76799999999999979	-0.0186094532999999986	-0.0191151370000000008
3.7759999999999998	-0.0215062573999999992	-0.0158408462000000014
3.78399999999999981	-0.0237879814000000016	-0.0121050726000000008
3.79199999999999982	-0.0254194758999999985	-0.00804848589999999919
3.79999999999999982	-0.0264192978999999994	-0.0038112545000000002
3.80799999999999983	-0.0266574894000000014	0.000541100100000000014
3.81599999999999984	-0.0262648538000000015	0.00488563780000000024
3.82399999999999984	-0.0250436238000000012	0.00911681410000000046
3.83199999999999985	-0.0232649426999999992	0.0130892135999999999
3.83999999999999986	-0.0208055324	0.0166946156999999984
3.84799999999999986	-0.0177703069999999991	0.0199165276000000009
3.85599999999999987	-0.0142998051999999997	0.0225438084000000004
3.86399999999999988	-0.0103570866000000008	0.0246549507000000008
3.87199999999999989	-0.00615192499999999993	0.0260201190999999991
3.87999999999999989	-0.00177225020000000002	0.0266823111000000016
3.8879999999999999	0.00262739860000000018	0.0266506577000000001
3.89599999999999991	0.00699091520000000039	0.0258363121000000015
3.90399999999999991	0.0111354088999999993	0.0243333022000000003
3.91199999999999992	0.0150101925000000001	0.0221612295999999986
3.91999999999999993	0.0184595344999999994	0.0193411646999999999
3.92799999999999994	0.0214205799000000002	0.0159996814000000001
3.93599999999999994	0.0237417011999999997	0.0122498303000000003
3.94399999999999995	0.0254633691999999988	0.00813790630000000084
3.95199999999999996	0.0263986701999999983	0.00378807069999999996
3.95999999999999996	0.0266984468999999988	-0.000592507399999999958
3.96799999999999997	0.0261721777000000003	-0.00490760450000000004
3.97599999999999998	0.0250564217000000013	-0.00911010729999999977
3.98399999999999999	0.0232027246999999999	-0.0130358062999999993
3.99199999999999999	0.0207753269999999997	-0.0166409624999999985
4	0.0177526126999999999	-0.0198069781000000007
4.00800000000000001	0.0142699669999999997	-0.0224546028999999987
4.01600000000000001	0.0103891802000000005	-0.0244739362000000009
4.02400000000000002	0.00622442510000000004	-0.0258025867999999992
4.03200000000000003	0.0019247941000000001	-0.0264738309999999998
4.04000000000000004	-0.00249212910000000008	-0.0264185106000000003
4.04800000000000004	-0.00677026950000000037	-0.0256543800000000009
4.05600000000000005	-0.0108800756000000005	-0.0242086767999999987
4.06400000000000006	-0.0146956900000000008	-0.0220800509999999998
4.07200000000000006	-0.0181095299000000008	-0.0193918431000000002
4.08000000000000007	-0.0210998080000000011	-0.0161411274
4.08800000000000008	-0.0234040481000000015	-0.0124625119000000006
4.09600000000000009	-0.0251502301000000004	-0.00848967989999999985
4.10400000000000009	-0.0262164413000000006	-0.00424589729999999988
4.1120000000000001	-0.0265567539999999984	0.0001324435
4.12000000000000011	-0.0261861648000000016	0.00448691939999999994
4.12800000000000011	-0.0251154923000000002	0.00872103029999999994
4.13600000000000012	-0.0233822064999999989	0.0127068587000000004
4.14400000000000013	-0.0209538686000000016	0.0164418924999999994
4.15200000000000014	-0.0179632804	0.0196638950999999985
4.16000000000000014	-0.0144947427000000004	0.0223621828999999994
4.16800000000000015	-0.0105712197000000004	0.0244035688999999986
4.17600000000000016	-0.00642765620000000041	0.0258066960000000005
4.18400000000000016	-0.00207311020000000004	0.0265217103999999988
4.19200000000000017	0.0023520911999999998	0.0265310565999999984
4.20000000000000018	0.00667732079999999988	0.0258132120999999999
4.20800000000000018	0.0107949906999999998	0.0243517164000000008
4.21600000000000019	0.0146311439000000008	0.0222352715999999985
4.2240000000000002	0.0181300586999999999	0.0195271787999999995
4.23200000000000021	0.0210922727000000011	0.0163073687999999994
4.24000000000000021	0.0234543517999999986	0.0127005435999999992
4.24800000000000022	0.0251321883000000003	0.00881724329999999945
4.25600000000000023	0.0262736153999999986	0.00470875960000000007
4.26400000000000023	0.0267053852999999987	0.000238839399999999996
4.27200000000000024	0.0262966032999999988	-0.00449972050000000019
4.28000000000000025	0.0251472509999999989	-0.0088846884999999997
4.28800000000000026	0.0233517115999999983	-0.0129202542999999996
4.29600000000000026	0.0208426381999999993	-0.0166225995999999994
4.30400000000000027	0.017808973799999999	-0.0197582022999999996
4.31200000000000028	0.0143349514000000004	-0.0224662880000000009
4.32000000000000028	0.0103939134999999992	-0.0244915549000000003
4.32800000000000029	0.00624869969999999973	-0.0258808280999999994
4.3360000000000003	0.00188838539999999994	-0.0265183052000000016
4.34400000000000031	-0.00250147109999999994	-0.0264572461999999994
4.35200000000000031	-0.00682233499999999968	-0.0256591489000000013
4.36000000000000032	-0.0109726727	-0.0241420388999999992
4.36800000000000033	-0.0147844486999999993	-0.0219751564999999989
4.37600000000000033	-0.0181199997000000002	-0.0192465863000000001
4.38400000000000034	-0.0210021568000000013	-0.0159457196999999995
4.39200000000000035	-0.023337521	-0.0122580413999999992
4.40000000000000036	-0.0249817870999999997	-0.00824955829999999939
4.40800000000000036	-0.0259604701000000007	-0.00402198599999999996
4.41600000000000037	-0.0261977775999999996	0.000303453600000000011
4.42400000000000038	-0.0258227081000000011	0.00457413979999999991
4.43200000000000038	-0.0246488799000000001	0.00871550459999999999
4.44000000000000039	-0.0228852561999999989	0.0126101982000000005
4.4480000000000004	-0.0204738042999999988	0.0161997479999999999
4.45600000000000041	-0.0174800358999999995	0.0192893519999999992
4.46400000000000041	-0.0141162927999999993	0.0218718694000000005
4.47200000000000042	-0.0103356770999999993	0.023874384299999999
4.48000000000000043	-0.0062321086000000003	0.0252107092000000005
4.48800000000000043	-0.00205921979999999999	0.0258686212999999984
4.49600000000000044	0.00213738849999999979	0.0258579762000000005
4.50399999999999956	0.00639457830000000026	0.0251296368000000006
4.51199999999999957	0.0103765805999999992	0.023688475300000001
4.51999999999999957	0.0141314344000000001	0.0216798508999999986
4.52799999999999958	0.0174365075000000001	0.0190964677000000013
4.53599999999999959	0.0203005640000000001	0.0159404073000000007
4.54399999999999959	0.0226482149999999993	0.0123751820000000002
4.5519999999999996	0.0243269473999999999	0.00853829029999999926
4.55999999999999961	0.0253575805000000008	0.00446098510000000024
4.56799999999999962	0.0257360999	0.000202080700000000012
4.57599999999999962	0.0254001273999999999	-0.00398966600000000022
4.58399999999999963	0.0243934149000000003	-0.00811058760000000004
4.59199999999999964	0.0227021349999999983	-0.0119995406000000006
4.59999999999999964	0.020416989600000001	-0.0155924134999999991
4.60799999999999965	0.0175622819999999985	-0.0186470440999999994
4.61599999999999966	0.0143209481999999992	-0.0213087199999999997
4.62399999999999967	0.0106902704000000001	-0.0232492517999999988
4.63199999999999967	0.00682552809999999958	-0.0246767313999999988
4.63999999999999968	0.00276286850000000009	-0.0254770536000000006
4.64799999999999969	-0.00141734119999999998	-0.0256425038999999987
4.65599999999999969	-0.00552335819999999998	-0.0250284352999999987
4.6639999999999997	-0.00952282959999999935	-0.0238113588000000015
4.67199999999999971	-0.0132987357999999993	-0.0219362004999999992
4.67999999999999972	-0.0167462771999999996	-0.0195009044999999992
4.68799999999999972	-0.0196748399000000011	-0.0165499627000000003
4.69599999999999973	-0.0221468993999999995	-0.0131559866000000008
4.70399999999999974	-0.024010515100000001	-0.00930115739999999927
4.71199999999999974	-0.0252241610999999998	-0.00527773830000000024
4.71999999999999975	-0.0257770135000000011	-0.00109280670000000001
4.72799999999999976	-0.0256269715999999995	0.00309137229999999989
4.73599999999999977	-0.0247944119000000004	0.00728865149999999989
4.74399999999999977	-0.023269107800000001	0.0112733875000000008
4.75199999999999978	-0.0211270698999999999	0.0149550879000000005
4.75999999999999979	-0.0183631760999999998	0.0182251369999999989
4.76799999999999979	-0.0151358173999999995	0.0210208259000000015
4.7759999999999998	-0.0114757117000000002	0.0232484914000000015
4.78399999999999981	-0.00745774600000000034	0.0248251248999999986
4.79199999999999982	-0.0032857448	0.0256754047999999992
4.79999999999999982	0.00102674480000000006	0.0258906801999999985
4.80799999999999983	0.00522150850000000031	0.0254081136999999985
4.81599999999999984	0.00937077880000000002	0.0242097387999999983
4.82399999999999984	0.0131996188999999996	0.0223160983
4.83199999999999985	0.0166761495999999988	0.0199346591999999996
4.83999999999999986	0.0197355523000000005	0.0169075123000000001
4.84799999999999986	0.022250190999999999	0.013421924
4.85599999999999987	0.0241747479999999994	0.00959662569999999993
4.86399999999999988	0.0254543061999999987	0.00549144319999999957
4.87199999999999989	0.026057038099999999	0.00125264970000000002
4.87999999999999989	0.0259272192000000005	-0.00307108649999999995
4.8879999999999999	0.0251150098999999988	-0.00721920449999999964
4.89599999999999991	0.0236445467999999992	-0.0112378679999999998
4.90399999999999991	0.0214743607000000003	-0.0150358203000000006
4.91199999999999992	0.0186884361000000006	-0.018396809699999999
4.91999999999999993	0.0154698364000000008	-0.0212249403000000017
4.92799999999999994	0.0117441404000000003	-0.0235063548999999983
4.93599999999999994	0.00769038260000000015	-0.0251446219000000006
4.94399999999999995	0.00340936600000000005	-0.0260798039000000002
4.95199999999999996	-0.000980956000000000059	-0.0262755712000000002
4.95999999999999996	-0.0053089929000000001	-0.0257163210000000003
4.96799999999999997	-0.00949907130000000009	-0.0244948787000000001
4.97599999999999998	-0.0134182814000000008	-0.0225819051999999985
4.98399999999999999	-0.0169157475999999994	-0.0200287679999999989
4.99199999999999999	-0.0199904893000000007	-0.0169729735999999999
5	-0.0224604072000000009	-0.0133888249000000004
5.00800000000000001	-0.0243628088	-0.00952680300000000035
5.01600000000000001	-0.0255208859000000017	-0.00541550229999999966
5.02400000000000002	-0.0260481988999999997	-0.00115137380000000008
5.03200000000000003	-0.0258516418999999997	0.00297341849999999998
5.04000000000000004	-0.0250537875000000007	0.00703031909999999975
5.04800000000000004	-0.0236006565000000008	0.0109999638
5.05600000000000005	-0.0213083561999999997	0.0149719510000000007
5.06400000000000006	-0.0183951725999999989	0.0183833935999999989
5.07200000000000006	-0.0150615999999999996	0.0212159654000000017
5.08000000000000007	-0.0113722110000000001	0.0233637961999999984
5.08800000000000008	-0.00742789799999999962	0.0249204030999999986
5.09600000000000009	-0.00324067090000000006	0.0257798745999999988
5.10400000000000009	0.000996441200000000105	0.0259831870000000013
5.1120000000000001	0.00524360509999999974	0.0254810068999999986
5.12000000000000011	0.00935073770000000026	0.024291359299999999
5.12800000000000011	0.0132618404000000006	0.0224495504000000005
5.13600000000000012	0.0167533005999999998	0.0199922190999999999
5.14400000000000013	0.0198391038999999984	0.0169699812999999991
5.15200000000000014	0.0223481825999999988	0.0134063210000000006
5.16000000000000014	0.0242688552999999994	0.00960598780000000013
5.16800000000000015	0.0255307737999999999	0.00544978509999999999
5.17600000000000016	0.0260542913999999987	0.00120236080000000003
5.18400000000000016	0.0258448418999999985	-0.00309203830000000018
5.19200000000000017	0.0250068293999999997	-0.00735995570000000029
5.20000000000000018	0.0234596014999999998	-0.0113639432000000005
5.20800000000000018	0.0211711314000000012	-0.0150261516000000008
5.21600000000000019	0.0184515181999999993	-0.0183005289999999994
5.2240000000000002	0.0151122432000000001	-0.0210772153000000004
5.23200000000000021	0.0114149789000000008	-0.0232365334999999999
5.24000000000000021	0.00744766009999999964	-0.0247427955999999991
5.24800000000000022	0.00328407589999999989	-0.0256253539000000016
5.25600000000000023	-0.000980312899999999984	-0.025778459699999999
5.26400000000000023	-0.00512655539999999979	-0.0252560395999999986
5.27200000000000024	-0.0092097783000000006	-0.0240471469
5.28000000000000025	-0.0129697726999999999	-0.0221487843999999996
5.28800000000000026	-0.0163651179000000001	-0.0197825595999999992
5.29600000000000026	-0.0193807018999999983	-0.016800487900000001
5.30400000000000027	-0.0218852088	-0.0133997478000000003
5.31200000000000028	-0.0237487484999999998	-0.00971930860000000049
5.32000000000000028	-0.0250107900999999994	-0.00570231790000000002
5.32800000000000029	-0.0254062068999999988	-0.00151274700000000005
5.3360000000000003	-0.0253359166999999989	0.00266371439999999989
5.34400000000000031	-0.0246297827999999996	0.00676432770000000034
5.35200000000000031	-0.0231970165000000006	0.0107470310000000006
5.36000000000000032	-0.0212261624999999995	0.0144240623000000002
5.36800000000000033	-0.0185209921999999992	0.0177415512999999983
5.37600000000000033	-0.0153905159999999999	0.0205768620000000013
5.38400000000000034	-0.0118201751999999997	0.0228201160000000014
5.39200000000000035	-0.00786982760000000045	0.0245132438999999987
5.40000000000000036	-0.00372588180000000017	0.025459473199999999
5.40800000000000036	0.000510393699999999958	0.0257210652999999984
5.41600000000000037	0.00481288240000000023	0.025257018400000001
5.42400000000000038	0.00890634530000000008	0.0240927067000000009
5.43200000000000038	0.0127767203000000006	0.0223308584000000004
5.44000000000000039	0.0162234480000000014	0.0198560025000000008
5.4480000000000004	0.0192845861000000007	0.0168739088000000002
5.45600000000000041	0.0218005871000000011	0.0134624694999999992
5.46400000000000041	0.0236599540999999983	0.00967656450000000008
5.47200000000000042	0.0249299241000000005	0.00565042499999999972
5.48000000000000043	0.0254325938000000001	0.00150863449999999997
5.48800000000000043	0.0253249689000000014	-0.0026820733999999998
5.49600000000000044	0.0245380878000000004	-0.00676530959999999994
5.50399999999999956	0.0231044579	-0.0106466289999999995
5.51199999999999957	0.0210216143999999994	-0.0142919272999999999
5.51999999999999957	0.0183785737000000012	-0.0174441770000000017
5.52799999999999958	0.0152768004000000002	-0.0201902522000000015
5.53599999999999959	0.0118294934999999997	-0.0224035788000000007
5.54399999999999959	0.00792442139999999934	-0.0240756828999999992
5.5519999999999996	0.00389741260000000004	-0.0250529589999999996
5.55999999999999961	-0.000214867099999999995	-0.0253549056999999994
5.56799999999999962	-0.00438168979999999965	-0.025008270400000001
5.57599999999999962	-0.0084028273000000004	-0.0239440481000000004
5.58399999999999963	-0.0121956825000000008	-0.0222157844000000007
5.59199999999999964	-0.0156530297000000013	-0.0200090755999999988
5.59999999999999964	-0.0187197005999999999	-0.017180711500000001
5.60799999999999965	-0.0213046544000000011	-0.0138733113999999994
5.61599999999999966	-0.0233227644000000012	-0.0101759780000000005
5.62399999999999967	-0.024689614700000001	-0.00621943739999999967
5.63199999999999967	-0.0253554671000000009	-0.00203880340000000019
5.63999999999999968	-0.0253860134000000008	0.00214909740000000012
5.64799999999999969	-0.0246442426999999992	0.00630405870000000021
5.65599999999999969	-0.0233611072999999995	0.0102127056000000001
5.6639999999999997	-0.0213317088999999994	0.0138893217999999999
5.67199999999999971	-0.0188042757000000012	0.0172207906000000008
5.67999999999999972	-0.0156649253000000002	0.0200836939000000013
5.68799999999999972	-0.0121691309000000001	0.0223458397999999996
5.69599999999999973	-0.0083411810999999992	0.0240379223000000003
5.70399999999999974	-0.0042936653	0.0250989626
5.71199999999999974	-0.000115936799999999998	0.0254452510999999999
5.71999999999999975	0.00400425820000000019	0.0251615167000000008
5.72799999999999976	0.00809929130000000032	0.024152328800000001
5.73599999999999977	0.0119799567000000006	0.0224342712000000014
5.74399999999999977	0.0154946728999999991	0.0201844561000000013
5.75199999999999978	0.0185814524000000002	0.0173445438000000007
5.75999999999999979	0.0211600628999999985	0.0141219355000000001
5.76799999999999979	0.0231925437999999998	0.0103755346999999994
5.7759999999999998	0.0245337371999999991	0.00643154550000000005
5.78399999999999981	0.0252811499999999988	0.00230894590000000005
5.79199999999999982	0.0253387516999999986	-0.00185348330000000006
5.79999999999999982	0.0246061233000000011	-0.00604004899999999959
5.80799999999999983	0.0232807845999999999	-0.0100074042000000002
5.81599999999999984	0.0212991319000000005	-0.0136802580000000007
5.82399999999999984	0.0187014432999999987	-0.0169702379999999986
5.83199999999999985	0.0156284216000000011	-0.0197861853999999997
5.83999999999999986	0.0121430549999999998	-0.0221093732999999987
5.84799999999999986	0.00835164950000000066	-0.0237476162999999997
5.85599999999999987	0.00434896710000000006	-0.0247622592000000009
5.86399999999999988	0.000201209200000000005	-0.0251489690000000002
5.87199999999999989	-0.00388385119999999986	-0.0247019589000000012
5.87999999999999989	-0.00789460959999999969	-0.0237240896000000014
5.8879999999999999	-0.0116227845999999999	-0.0220962599000000016
5.89599999999999991	-0.0150353028000000007	-0.0198906153999999988
5.90399999999999991	-0.0180444683999999994	-0.0172080824000000014
5.91199999999999992	-0.0206237368999999983	-0.0139762253000000006
5.91999999999999993	-0.0226215942999999989	-0.0104474198999999993
5.92799999999999994	-0.0240312152000000008	-0.00659584440000000015
5.93599999999999994	-0.0247903969999999987	-0.0025859520999999999
5.94399999999999995	-0.0249438474	0.00143882030000000005
5.95199999999999996	-0.0244302007999999994	0.00541173809999999974
5.95999999999999996	-0.0232076104999999998	0.00937664669999999957
5.96799999999999997	-0.0213903792000000002	0.0130523385999999995
5.97599999999999998	-0.0190228554000000001	0.0163862357000000014
5.98399999999999999	-0.0161211545999999997	0.0193092968000000004
5.99199999999999999	-0.0127783233999999996	0.0217296649000000008
6	-0.0090720486999999999	0.0235282854999999992
6.00800000000000001	-0.00520955180000000004	0.0247152734999999991
6.01600000000000001	-0.0010741463000000001	0.025252387099999999
6.02400000000000002	0.00311445020000000001	0.0251353606
6.03200000000000003	0.00720344679999999991	0.0243171717000000009
6.04000000000000004	0.0111236749999999995	0.0228241469999999995
6.04800000000000004	0.0146515683000000008	0.020712813699999999
6.05600000000000005	0.0179262250000000005	0.0180060465999999988
6.06400000000000006	0.0206124307	0.0148160045000000004
6.07200000000000006	0.0227906605000000005	0.0111571701000000006
6.08000000000000007	0.0242835331999999987	0.0073096808000000001
6.08800000000000008	0.0251660073000000012	0.0031953836999999998
6.09600000000000009	0.0253517787000000008	-0.000904840900000000053
6.10400000000000009	0.0249876688999999992	-0.00506711980000000041
6.1120000000000001	0.0238046925999999999	-0.00906189800000000052
6.12000000000000011	0.0220152854999999988	-0.0128587716000000008
6.12800000000000011	0.0195777128999999987	-0.0161926514000000007
6.13600000000000012	0.0166866102000000002	-0.0192368517000000017
6.14400000000000013	0.0130535388000000002	-0.0217205479999999992
6.15200000000000014	0.0092151621999999999	-0.0236477783999999996
6.16000000000000014	0.00518812650000000011	-0.0248368147000000011
6.16800000000000015	0.00111267260000000008	-0.0253524182000000008
6.17600000000000016	-0.0030816935000000001	-0.0252118784999999998
6.18400000000000016	-0.00708777399999999981	-0.0243966975000000016
6.19200000000000017	-0.0111528740999999997	-0.0228889694999999983
6.20000000000000018	-0.0148920256000000008	-0.0206411864999999986
6.20800000000000018	-0.0179248767000000017	-0.0180552978999999995
6.21600000000000019	-0.0207005305999999993	-0.0150685400999999997
6.2240000000000002	-0.0228497523999999994	-0.0114264050000000006
6.23200000000000021	-0.0244426122999999995	-0.00754427039999999976
6.24000000000000021	-0.0254002665000000009	-0.00340392580000000019
6.24800000000000022	-0.0255764633000000012	0.000780171999999999984
6.25600000000000023	-0.0250634745999999999	0.005000572
6.26400000000000023	-0.0239047823	0.00907763630000000057
6.27200000000000024	-0.0221088181000000002	0.0126319258000000007
6.28000000000000025	-0.0197544199000000004	0.0160561840000000011
6.28800000000000026	-0.0171531426999999986	0.0187767027999999996
6.29600000000000026	-0.0135265132999999992	0.0213056284999999998
6.30400000000000027	-0.00943803269999999965	0.0236465701
6.31200000000000028	-0.00543295680000000034	0.0248745193999999996
6.32000000000000028	-0.000921369899999999989	0.0253007573999999985
6.32800000000000029	0.00319235500000000002	0.0251057013999999995
6.3360000000000003	0.00721784729999999999	0.0241516937000000008
6.34400000000000031	0.0109428563999999992	0.0226692278999999983
6.35200000000000031	0.0144862775000000003	0.0207074639999999983
6.36000000000000032	0.0176733651999999991	0.0181251296000000013
6.36800000000000033	0.0204040784999999988	0.0150178089000000004
6.37600000000000033	0.0226143588000000013	0.0114428403999999994
6.38400000000000034	0.0241608596999999987	0.00753503060000000006
6.39200000000000035	0.0250961238999999996	0.00346723209999999981
6.40000000000000036	0.025347148600000001	-0.000777020199999999971
6.40800000000000036	0.0248756405000000007	-0.00489823199999999976
6.41600000000000037	0.023761806600000001	-0.00899269240000000018
6.42400000000000038	0.0219517722000000005	-0.0127107708
6.43200000000000038	0.0196139295999999998	-0.0161806526999999992
6.44000000000000039	0.0166798226999999993	-0.0192065473000000014
6.4480000000000004	0.0133138462999999995	-0.0216740040000000002
6.45600000000000041	0.00956736199999999939	-0.0235469399999999988
6.46400000000000041	0.00555873339999999987	-0.0248611684999999992
6.47200000000000042	0.00144071450000000001	-0.0254299616999999999
6.48000000000000043	-0.00277516910000000011	-0.0252760607999999998
6.48800000000000043	-0.00690001409999999992	-0.0245966923000000004
6.49600000000000044	-0.0107931272000000005	-0.0230838387000000013
6.50399999999999956	-0.0144707892000000005	-0.020957059699999999
6.51199999999999957	-0.0177269996000000013	-0.0183322279000000012
6.51999999999999957	-0.020545628199999999	-0.0151205318999999994
6.52799999999999958	-0.0227465110999999984	-0.0115492379999999999
6.53599999999999959	-0.0243548246999999995	-0.00760371960000000031
6.54399999999999959	-0.0252015543000000015	-0.00350252389999999988
6.5519999999999996	-0.0254237725000000005	0.000793574000000000015
6.55999999999999961	-0.0252509845000000004	0.00459566360000000004
6.56799999999999962	-0.0241028987	0.00865173680000000042
6.57599999999999962	-0.0223154843000000006	0.0125205080999999992
6.58399999999999963	-0.0199220815999999988	0.016011529
6.59199999999999964	-0.0170313419000000001	0.0190431349000000014
6.59999999999999964	-0.0136195208999999994	0.0215411666000000016
6.60799999999999965	-0.00989282910000000015	0.0234994217999999998
6.61599999999999966	-0.00591057980000000028	0.0247869756000000004
6.62399999999999967	-0.00174897310000000005	0.0254269223999999995
6.63199999999999967	0.00238297830000000011	0.0253417044000000015
6.63999999999999968	0.00650529520000000042	0.0245785162999999987
6.64799999999999969	0.0104037091999999998	0.0231773519999999983
6.65599999999999969	0.0141236351000000003	0.021141686199999999
6.6639999999999997	0.0173252859999999988	0.0185322077999999987
6.67199999999999971	0.0201184051000000003	0.0154534100000000008
6.67999999999999972	0.0223424997999999986	0.0118920213999999993
6.68799999999999972	0.0239903212000000012	0.00799819099999999998
6.69599999999999973	0.0249865347000000002	0.00398321399999999968
6.70399999999999974	0.0252900523999999988	-0.000139524699999999996
6.71199999999999974	0.0250014471000000009	-0.00431282800000000032
6.71999999999999975	0.0239897697	-0.00831277100000000005
6.72799999999999976	0.0219442904000000001	-0.0124056008999999991
6.73599999999999977	0.0196334048999999983	-0.0158841270000000014
6.74399999999999977	0.0168834770999999988	-0.0188009228999999993
6.75199999999999978	0.0135584891999999992	-0.0213938610000000001
6.75999999999999979	0.00987162850000000008	-0.0233011573
6.76799999999999979	0.00589240560000000007	-0.0246241329999999994
6.7759999999999998	0.00175037229999999992	-0.0252933476999999997
6.78399999999999981	-0.00245413920000000021	-0.0252210905999999992
6.79199999999999982	-0.00661074859999999983	-0.024473030199999999
6.79999999999999982	-0.0105337456999999995	-0.0230851725999999986
6.80799999999999983	-0.0141994071999999999	-0.0210473821999999991
6.81599999999999984	-0.0174953834999999995	-0.0183605579000000012
6.82399999999999984	-0.0202768060000000014	-0.0152228033000000006
6.83199999999999985	-0.0224894965000000009	-0.0117397215999999992
6.83999999999999986	-0.0241036563999999995	-0.0078718621999999995
6.84799999999999986	-0.0251762212999999992	-0.00382341900000000021
6.85599999999999987	-0.0253629949999999993	0.000335982999999999985
6.86399999999999988	-0.0249946405999999996	0.00449864580000000017
6.87199999999999989	-0.0239367122999999994	0.00846608429999999926
6.87999999999999989	-0.0222563741000000002	0.0122574646999999998
6.8879999999999999	-0.019892754700000001	0.0157056609999999992
6.89599999999999991	-0.0170390963999999985	0.0187557928000000006
6.90399999999999991	-0.0137759686000000006	0.0213030410999999996
6.91199999999999992	-0.0100821543999999996	0.0233147234999999987
6.91999999999999993	-0.00605455960000000036	0.0246303683000000002
6.92799999999999994	-0.00182720569999999995	0.0253233718999999989
6.93599999999999994	0.00236708199999999995	0.0252784887000000007
6.94399999999999995	0.00652936019999999975	0.0245668749999999984
6.95199999999999996	0.0104950397999999997	0.0231487636000000004
6.95999999999999996	0.0142475811999999997	0.0211122330000000011
6.96799999999999997	0.0174563827999999997	0.0184322514999999999
6.97599999999999998	0.0202352182999999998	0.0152954020999999992
6.98399999999999999	0.0224685269999999986	0.0117363716
6.99199999999999999	0.0240733168000000011	0.00787565110000000047
7	0.0250712932000000006	0.0037641237000000001
7.00800000000000001	0.0252680027000000001	-0.000436378300000000009
7.01600000000000001	0.0248935895000000004	-0.00455344080000000002
7.02400000000000002	0.0237657587000000003	-0.00855298389999999999
7.03200000000000003	0.0220460131000000011	-0.0123230532999999993
7.04000000000000004	0.0197055192999999983	-0.0157661595999999994
7.04800000000000004	0.0167972951000000016	-0.0187769656000000007
7.05600000000000005	0.0134852545999999997	-0.0212476412000000003
7.06400000000000006	0.00979042169999999948	-0.0231441626000000004
7.07200000000000006	0.00586705749999999991	-0.0244177908999999999
7.08000000000000007	0.00181232159999999997	-0.0250062170000000007
7.08800000000000008	-0.00231276939999999981	-0.0249619400999999998
7.09600000000000009	-0.00639912960000000013	-0.0242110664000000017
7.10400000000000009	-0.0101965440999999997	-0.0228604385
7.1120000000000001	-0.0137751760999999997	-0.020882195499999999
7.12000000000000011	-0.0169699201000000008	-0.0182959323000000014
7.12800000000000011	-0.0196962188000000017	-0.0153229378000000003
7.13600000000000012	-0.0219773101999999991	-0.0119223686999999998
7.14400000000000013	-0.0235433622000000009	-0.0081639072000000007
7.15200000000000014	-0.0246369856000000012	-0.00421246240000000029
7.16000000000000014	-0.0249987272999999989	-0.000169134499999999991
7.16800000000000015	-0.0246436823999999985	0.0038619663999999998
7.17600000000000016	-0.0237103034000000004	0.00789712809999999939
7.18400000000000016	-0.022123217399999999	0.0117024548999999992
7.19200000000000017	-0.0199102620999999994	0.0151430069000000004
7.20000000000000018	-0.0171607764999999989	0.0182183837000000001
7.20800000000000018	-0.0139111498999999993	0.0208666875999999994
7.21600000000000019	-0.0103257461999999994	0.0228697752000000011
7.2240000000000002	-0.00649440159999999968	0.0242546667000000001
7.23200000000000021	-0.00237836249999999992	0.0250334398000000014
7.24000000000000021	0.0017727585000000001	0.0250739461000000011
7.24800000000000022	0.00591307610000000022	0.0244864251999999984
7.25600000000000023	0.00989194860000000044	0.0231637609000000001
7.26400000000000023	0.0136174142000000005	0.0212331268999999996
7.27200000000000024	0.0169488421	0.018679873100000001
7.28000000000000025	0.0198037044000000002	0.0156131897999999998
7.28800000000000026	0.0221497249000000007	0.0121372344000000004
7.29600000000000026	0.0238745136000000011	0.00830580690000000052
7.30400000000000027	0.0249288449000000002	0.0042610911000000003
7.31200000000000028	0.0252161681999999998	5.71199000000000018e-05
7.32000000000000028	0.0248697808000000013	-0.00411903470000000039
7.32800000000000029	0.0238513428000000013	-0.00812992700000000033
7.3360000000000003	0.0221788366999999993	-0.0119685717999999993
7.34400000000000031	0.0198595002000000014	-0.0154368635999999997
7.35200000000000031	0.017060622000000001	-0.0185150676000000007
7.36000000000000032	0.0137334728999999999	-0.0210758864999999983
7.36800000000000033	0.0101396591000000001	-0.0229901741
7.37600000000000033	0.00621850690000000025	-0.0243778070000000013
7.38400000000000034	0.00211876080000000019	-0.0249943470000000001
7.39200000000000035	-0.0020001426000000001	-0.025008400699999999
7.40000000000000036	-0.00609115029999999971	-0.0242759032000000007
7.40800000000000036	-0.00995507560000000007	-0.0229816785000000016
7.41600000000000037	-0.0135472926	-0.0210059031000000007
7.42400000000000038	-0.0167954075000000015	-0.0185232503999999999
7.43200000000000038	-0.0196456999999999986	-0.0155096703000000002
7.44000000000000039	-0.0218783513000000013	-0.0120623528000000004
7.4480000000000004	-0.0235379222999999999	-0.0083233821000000003
7.45600000000000041	-0.0245942333999999985	-0.00439868359999999979
7.46400000000000041	-0.0249611206999999988	-0.000274420700000000013
7.47200000000000042	-0.0246448298000000003	0.00380147800000000006
7.48000000000000043	-0.0236914265000000013	0.00781376739999999938
7.48800000000000043	-0.0221258247999999991	0.0115662330000000004
7.49600000000000044	-0.0199359149999999985	0.0150285889000000006
7.50399999999999956	-0.0172232473000000011	0.0180747488999999997
7.51199999999999957	-0.0140239619999999992	0.0206498897000000001
7.51999999999999957	-0.0104528429000000003	0.0227020409000000013
7.52799999999999958	-0.00662737149999999969	0.0240802121000000015
7.53599999999999959	-0.00256291879999999981	0.0248726755000000001
7.54399999999999959	0.00157293720000000001	0.0249823797000000014
7.5519999999999996	0.00558720250000000005	0.0243812716999999984
7.55999999999999961	0.00954921710000000007	0.0231685033999999984
7.56799999999999962	0.0132398940000000003	0.0212425912999999987
7.57599999999999962	0.0165845257999999995	0.0188185982999999994
7.58399999999999963	0.019414586000000001	0.0158562676999999992
7.59199999999999964	0.0218197341999999996	0.0124192103000000005
7.59999999999999964	0.0235766110999999987	0.00868931239999999952
7.60799999999999965	0.0246769130999999996	0.00464212489999999995
7.61599999999999966	0.0251381708000000016	0.000498762499999999987
7.62399999999999967	0.0248960662000000006	-0.0036821699000000002
7.63199999999999967	0.0239351088000000004	-0.00774587699999999997
7.63999999999999968	0.0223422619000000003	-0.0116368719999999995
7.64799999999999969	0.0200822176000000005	-0.0151586285999999997
7.65599999999999969	0.017343784000000001	-0.0182683618999999985
7.6639999999999997	0.0140643030999999998	-0.0208873078000000011
7.67199999999999971	0.0104146258000000005	-0.0229192151000000011
7.67999999999999972	0.00642560219999999994	-0.0243243876999999983
7.68799999999999972	0.00239009469999999996	-0.0250640258999999983
7.69599999999999973	-0.0018258510999999999	-0.0251041016000000013
7.70399999999999974	-0.00589334859999999985	-0.0244172178999999996
7.71199999999999974	-0.00983140270000000017	-0.0231205898000000007
7.71999999999999975	-0.0134875541000000002	-0.0211802625999999994
7.72799999999999976	-0.0168118057999999994	-0.018682774499999999
7.73599999999999977	-0.0196191068999999989	-0.0155938967999999997
7.74399999999999977	-0.0218958048999999995	-0.0121812100999999992
7.75199999999999978	-0.023590551500000001	-0.00839010400000000066
7.75999999999999979	-0.024612505199999999	-0.0044441932999999996
7.76799999999999979	-0.0250233626000000015	-0.000345861400000000015
7.7759999999999998	-0.0247391622999999991	0.00372196279999999994
7.78399999999999981	-0.0237498644000000009	0.00774580080000000001
7.79199999999999982	-0.0221737501000000004	0.0116100621000000005
7.79999999999999982	-0.0199908001999999987	0.0150859275000000004
7.80799999999999983	-0.0172557896999999995	0.0181022688999999994
7.81599999999999984	-0.0140120455000000005	0.0207320756000000002
7.82399999999999984	-0.0104416434000000006	0.0227612966999999992
7.83199999999999985	-0.00655917949999999979	0.0241976552000000011
7.83999999999999986	-0.00252667560000000013	0.0249061060000000008
7.84799999999999986	0.00163320270000000007	0.0249839081000000005
7.85599999999999987	0.00573781879999999984	0.0243936579000000008
7.86399999999999988	0.00966161790000000069	0.0231040056999999993
7.87199999999999989	0.0133712805000000007	0.0211840842999999994
7.87999999999999989	0.0166775452000000012	0.0186918033000000004
7.8879999999999999	0.0195215387999999983	0.0156756675000000005
7.89599999999999991	0.0218290395999999991	0.0122369929000000002
7.90399999999999991	0.0235597277999999993	0.00840435909999999974
7.91199999999999992	0.0245708908999999996	0.00434322589999999991
7.91999999999999993	0.0249517232999999991	0.0001792346
7.92799999999999994	0.0246095375000000005	-0.0039755003000000004
7.93599999999999994	0.0235767644999999998	-0.00797198699999999982
7.94399999999999995	0.0219141022000000005	-0.0117390254000000003
7.95199999999999996	0.0197258771000000006	-0.0151163058999999999
7.95999999999999996	0.0170249973000000006	-0.0180863926999999987
7.96799999999999997	0.0138029047999999998	-0.0206388984000000011
7.97599999999999998	0.0102126672000000009	-0.0226063918000000003
7.98399999999999999	0.00632420919999999998	-0.0239574162000000014
7.99199999999999999	0.00226602069999999991	-0.0246401374999999992
8	-0.00183246360000000009	-0.0246494412000000003
8.00799999999999912	-0.00586462370000000004	-0.0240245411000000013
8.01600000000000001	-0.00972730649999999954	-0.0226965715999999998
8.02399999999999913	-0.0133689477999999994	-0.0207535130000000012
8.03200000000000003	-0.0166083383000000008	-0.0182304224000000015
8.03999999999999915	-0.0193964641	-0.0152359482000000001
8.04800000000000004	-0.021641828200000001	-0.0118351003
8.05599999999999916	-0.0232963004000000008	-0.00811136810000000034
8.06400000000000006	-0.024296200300000001	-0.00414458939999999987
8.07199999999999918	-0.0246201360000000008	-5.99703999999999976e-05
8.08000000000000007	-0.0242781652000000001	0.00396276020000000014
8.08799999999999919	-0.0232774622000000014	0.00793731880000000077
8.09600000000000009	-0.0215907429000000012	0.0116952681999999992
8.1039999999999992	-0.0193432933999999994	0.0150874120999999993
8.1120000000000001	-0.0166454463999999996	0.0180413194999999998
8.11999999999999922	-0.0133560142000000003	0.0205016205000000014
8.12800000000000011	-0.00981754299999999976	0.0223968467000000004
8.13599999999999923	-0.00595408969999999989	0.0236659484999999989
8.14400000000000013	-0.00196359810000000003	0.0242740050000000013
8.15199999999999925	0.00201348929999999992	0.0242111147999999991
8.16000000000000014	0.0059420399000000004	0.0235060064000000013
8.16799999999999926	0.00970271909999999987	0.0221331053999999985
8.17600000000000016	0.0132109203999999994	0.0202656745000000006
8.18399999999999928	0.0162839759999999986	0.0177753835999999998
8.19200000000000017	0.0189158354999999986	0.0148208913999999994
8.19999999999999929	0.0210766619000000016	0.0115442867999999994
8.20800000000000018	0.0225717354000000009	0.00790585029999999953
8.2159999999999993	0.0235419070999999987	0.00412750699999999988
8.2240000000000002	0.0238916610999999994	0.000211459799999999998
8.23199999999999932	0.0235694099000000011	-0.0036645505000000001
8.24000000000000021	0.0225600105999999995	-0.00745067520000000042
8.24799999999999933	0.0210972333999999984	-0.0110098954000000006
8.25600000000000023	0.0189659268999999991	-0.0142894844
8.26399999999999935	0.0164252398999999993	-0.017154418099999999
8.27200000000000024	0.0133892126000000004	-0.0196023321999999993
8.27999999999999936	0.0100103282999999994	-0.0214986461000000011
8.28800000000000026	0.0063217760000000003	-0.0228053827999999993
8.29599999999999937	0.00254895960000000015	-0.023558746299999999
8.30400000000000027	-0.00133929459999999998	-0.023606136199999999
8.31199999999999939	-0.00514491589999999978	-0.0231297775999999983
8.32000000000000028	-0.00883089329999999992	-0.0219474496999999998
8.3279999999999994	-0.0123703257000000004	-0.0202097491999999983
8.3360000000000003	-0.0154955157000000003	-0.0179975752999999988
8.34399999999999942	-0.0181931720000000005	-0.0151897734999999999
8.35200000000000031	-0.0204710648999999988	-0.0119978212999999993
8.35999999999999943	-0.0221379197000000014	-0.00845503719999999952
8.36800000000000033	-0.0232635976000000015	-0.00470358389999999977
8.37599999999999945	-0.0236878483000000015	-0.000835823299999999964
8.38400000000000034	-0.0235347007999999989	0.00310321710000000016
8.39199999999999946	-0.0226733837999999986	0.00689207659999999979
8.40000000000000036	-0.0212715810999999991	0.0105330984999999992
8.40799999999999947	-0.0192092524999999993	0.0138657571000000007
8.41600000000000037	-0.0166668425000000009	0.0168376524
8.42399999999999949	-0.0136995130999999996	0.0193334476000000012
8.43200000000000038	-0.0103311987000000004	0.0213407593999999992
8.4399999999999995	-0.0066599837000000002	0.0226955138999999986
8.4480000000000004	-0.00287095130000000016	0.0234614465000000001
8.45599999999999952	0.00104353299999999992	0.0236515101999999998
8.46400000000000041	0.00491860870000000033	0.0231225832999999992
8.47199999999999953	0.00856522269999999974	0.0220256284000000004
8.48000000000000043	0.0121282738000000005	0.0202933793000000008
8.48799999999999955	0.0152751623000000007	0.0180209716000000013
8.49600000000000044	0.0180425450000000001	0.0152708540000000004
8.50399999999999956	0.0202575652999999987	0.0120809668000000005
8.51200000000000045	0.0219590181999999995	0.00862368479999999979
8.51999999999999957	0.0230820368999999984	0.00487691530000000043
8.52800000000000047	0.0235383444000000011	0.0010124483000000001
8.53599999999999959	0.0233776932999999985	-0.00287738929999999983
8.54400000000000048	0.0226229016999999998	-0.00664414239999999972
8.5519999999999996	0.0211540085999999995	-0.0102471025000000007
8.5600000000000005	0.0192230694000000008	-0.0135783242999999998
8.56799999999999962	0.0166839839000000011	-0.0165741774999999987
8.57600000000000051	0.0136902953000000004	-0.0191407635000000013
8.58399999999999963	0.0103167031999999992	-0.0210536958999999989
8.59200000000000053	0.00668961749999999987	-0.0224765741999999984
8.59999999999999964	0.0028742142	-0.0232619431999999994
8.60800000000000054	-0.00100451009999999994	-0.0233416726999999997
8.61599999999999966	-0.00481211869999999958	-0.0227729844000000015
8.62400000000000055	-0.00848637879999999956	-0.0216098036000000014
8.63199999999999967	-0.0118986392	-0.0198139197999999996
8.64000000000000057	-0.0149505274000000001	-0.0175799267999999995
8.64799999999999969	-0.0175573007000000003	-0.0148526918999999993
8.65600000000000058	-0.0197021951000000001	-0.0117543431
8.6639999999999997	-0.0212520087999999996	-0.00837823099999999987
8.6720000000000006	-0.0223199032000000012	-0.0047659814999999996
8.67999999999999972	-0.0227094302999999997	-0.00113266400000000002
8.68800000000000061	-0.0224787006999999997	0.00254265989999999994
8.69599999999999973	-0.0217181065999999985	0.00612415249999999963
8.70400000000000063	-0.0204201437000000006	0.00955453139999999992
8.71199999999999974	-0.0185843579999999987	0.0126943998000000006
8.72000000000000064	-0.0162811700999999989	0.0155136577000000008
8.72799999999999976	-0.0135408865999999996	0.0179107611999999999
8.73600000000000065	-0.0105073201999999997	0.0198734391999999989
8.74399999999999977	-0.00720877849999999962	0.021305282200000001
8.75200000000000067	-0.00367331899999999998	0.0222114347000000011
8.75999999999999979	-4.33815999999999981e-05	0.0225054906999999985
8.76800000000000068	0.00364506550000000002	0.0222736083000000008
8.7759999999999998	0.00717595139999999999	0.0214525960999999987
8.7840000000000007	0.0106201265000000003	0.0200606678999999989
8.79199999999999982	0.0137877781999999997	0.0181359427999999989
8.80000000000000071	0.0166029044000000001	0.015681199199999999
8.80799999999999983	0.0190109975000000014	0.0127676994000000005
8.81600000000000072	0.0208795706000000011	0.0094406073000000007
8.82399999999999984	0.0222054213	0.00594872359999999972
8.83200000000000074	0.0229407541999999999	0.00217739580000000021
8.83999999999999986	0.0229842484000000007	-0.00169486529999999993
8.84800000000000075	0.0223832911000000009	-0.00544095759999999994
8.85599999999999987	0.0211830544999999995	-0.00913445499999999966
8.86400000000000077	0.0193381406999999991	-0.0125069142999999997
8.87199999999999989	0.0169343451999999992	-0.0155041795999999992
8.88000000000000078	0.0141209112000000008	-0.0180802034999999993
8.8879999999999999	0.0108864773000000008	-0.0200823138000000012
8.8960000000000008	0.00738341349999999987	-0.0215154367999999992
8.90399999999999991	0.0037275845000000001	-0.0223642782999999984
8.91200000000000081	-6.74780000000000001e-06	-0.0225694393999999986
8.91999999999999993	-0.00364984709999999993	-0.0221372407000000014
8.92800000000000082	-0.00716626999999999976	-0.0211808916999999992
8.93599999999999994	-0.0103813775000000004	-0.0196534582000000013
8.94400000000000084	-0.0134159316999999997	-0.0176217032999999995
8.95199999999999996	-0.0159728176999999992	-0.0152665643000000004
8.96000000000000085	-0.0181959840999999997	-0.0124125484000000008
8.96799999999999997	-0.0199147969000000001	-0.00938705519999999925
8.97600000000000087	-0.0210938094	-0.00607683540000000019
8.98399999999999999	-0.0218170864999999992	-0.00268475920000000017
8.99200000000000088	-0.0219978928999999997	0.000804037699999999981
9	-0.0215554113000000006	0.00435503850000000005
