1	-0.111495216899999999	-0.509945203899999977
1.00800000000000001	-0.193991113900000012	-0.483756954000000017
1.01600000000000001	-0.270161878000000022	-0.444915316999999977
1.02400000000000002	-0.338077903199999974	-0.394912319700000014
1.03200000000000003	-0.398134451499999986	-0.333560690900000012
1.04000000000000004	-0.447728539699999983	-0.262370219899999979
1.04800000000000004	-0.484680281599999985	-0.184193900299999991
1.05600000000000005	-0.507320773300000027	-0.1038192686
1.06400000000000006	-0.517161084699999996	-0.0196020894999999994
1.07200000000000006	-0.513097251599999971	0.0659031182999999937
1.08000000000000007	-0.495017173500000018	0.149021539099999989
1.08800000000000008	-0.463688938499999981	0.227815734299999989
1.09600000000000009	-0.421078920199999984	0.298475478199999977
1.10400000000000009	-0.366559606599999976	0.362920298799999985
1.1120000000000001	-0.302123111499999986	0.417860094399999993
1.12000000000000011	-0.228538856499999998	0.462358606499999991
1.12799999999999989	-0.150017953900000001	0.49349849870000001
1.1359999999999999	-0.0674474057999999987	0.511456343099999988
1.14399999999999991	0.0153896681	0.516122385500000003
1.15199999999999991	0.0993554155000000022	0.507430477500000032
1.15999999999999992	0.181723140899999996	0.484716091800000026
1.16799999999999993	0.259374446199999997	0.448389108400000014
1.17599999999999993	0.329898206899999991	0.399988633300000007
1.18399999999999994	0.391645934600000023	0.340352765000000002
1.19199999999999995	0.442371015199999995	0.271885775800000007
1.19999999999999996	0.481678034300000002	0.194930963200000001
1.20799999999999996	0.507644235600000049	0.112335558700000004
1.21599999999999997	0.518997960999999952	0.0257584076000000016
1.22399999999999998	0.515528509899999987	-0.0595196004999999986
1.23199999999999998	0.497784951699999978	-0.144212852199999991
1.23999999999999999	0.4668195121	-0.222835998600000001
1.248	0.423085027700000005	-0.296312868399999985
1.25600000000000001	0.367882229399999983	-0.360780609099999983
1.26400000000000001	0.30178105030000002	-0.416354159599999996
1.27200000000000002	0.229066107600000013	-0.459417469799999978
1.28000000000000003	0.151842009700000002	-0.489571482700000005
1.28800000000000003	0.0707584631000000019	-0.507114234300000022
1.29600000000000004	-0.0118218023999999994	-0.511643500899999992
1.30400000000000005	-0.0955209350000000013	-0.502683946700000051
1.31200000000000006	-0.175958597100000003	-0.480610545200000017
1.32000000000000006	-0.251772381900000009	-0.445988719899999997
1.32800000000000007	-0.322412139499999972	-0.398462268600000002
1.33600000000000008	-0.38282381510000002	-0.341454073099999977
1.34400000000000008	-0.433724390299999984	-0.274727500700000016
1.35200000000000009	-0.473264653400000013	-0.200070210299999995
1.3600000000000001	-0.500117198600000035	-0.119341947800000001
1.3680000000000001	-0.513212835499999964	-0.0349838411999999974
1.37599999999999989	-0.512277336000000028	0.0491943907
1.3839999999999999	-0.497500426100000004	0.132249354499999999
1.3919999999999999	-0.467839305400000016	0.214798154699999994
1.39999999999999991	-0.426431259600000001	0.288362580099999988
1.40799999999999992	-0.373480464499999998	0.354156132700000015
1.41599999999999993	-0.310105950999999991	0.410634483900000014
1.42399999999999993	-0.238742272100000014	0.455631880400000022
1.43199999999999994	-0.159422388899999989	0.488740031500000005
1.43999999999999995	-0.0761039295000000005	0.508104731099999984
1.44799999999999995	0.00847252710000000013	0.513200368000000018
1.45599999999999996	0.0921800103999999981	0.504278914399999945
1.46399999999999997	0.175916987699999999	0.480564934399999977
1.47199999999999998	0.25115014120000001	0.444923342599999994
1.47999999999999998	0.319701872499999984	0.397145217599999989
1.48799999999999999	0.379993806099999998	0.338412546400000014
1.496	0.429041387100000005	0.271499380600000007
1.504	0.466600350800000008	0.197300783199999996
1.51200000000000001	0.491654085799999974	0.118036102599999998
1.52000000000000002	0.503544224899999948	0.036582451600000003
1.52800000000000002	0.502222977099999968	-0.0451700516999999982
1.53600000000000003	0.48812984199999998	-0.125368517200000001
1.54400000000000004	0.460349849799999988	-0.204734803800000004
1.55200000000000005	0.421567822199999998	-0.275733820299999988
1.56000000000000005	0.371994706000000008	-0.340312613300000011
1.56800000000000006	0.311953567499999973	-0.396625563899999978
1.57600000000000007	0.243848235800000007	-0.442552552900000007
1.58400000000000007	0.169503756799999988	-0.476795603899999976
1.59200000000000008	0.0878006657999999968	-0.499102467699999996
1.60000000000000009	0.00444707269999999964	-0.507347412100000006
1.6080000000000001	-0.0789035304999999992	-0.501683525100000027
1.6160000000000001	-0.1603741588	-0.482206992100000009
1.62400000000000011	-0.237742459099999998	-0.449489743900000016
1.6319999999999999	-0.309679377300000003	-0.403125169100000014
1.6399999999999999	-0.371654049799999997	-0.346591437200000019
1.64799999999999991	-0.422837296699999976	-0.28128225480000002
1.65599999999999992	-0.462813252100000017	-0.207850143900000006
1.66399999999999992	-0.490225752100000023	-0.129016670100000008
1.67199999999999993	-0.504208479700000045	-0.0470928056999999969
1.67999999999999994	-0.5047246809	0.0357016671000000008
1.68799999999999994	-0.491228901800000006	0.119465397500000001
1.69599999999999995	-0.464940593399999991	0.197902288799999992
1.70399999999999996	-0.426409227700000004	0.270681899100000012
1.71199999999999997	-0.376755865500000009	0.336247581799999973
1.71999999999999997	-0.316946610000000017	0.393078675400000022
1.72799999999999998	-0.248353256699999997	0.439671889599999977
1.73599999999999999	-0.170475685500000002	0.475054017399999973
1.74399999999999999	-0.0926500578999999991	0.496249636800000005
1.752	-0.0100705776999999996	0.504658266199999983
1.76000000000000001	0.0729047560000000011	0.499322773399999975
1.76800000000000002	0.1536238355	0.480442231399999975
1.77600000000000002	0.229717565200000001	0.448937532500000014
1.78400000000000003	0.299388603600000025	0.405818773299999991
1.79200000000000004	0.362533107500000007	0.350254586099999987
1.80000000000000004	0.415298937699999982	0.285584865899999985
1.80800000000000005	0.456371412099999985	0.214226141499999995
1.81600000000000006	0.485353272700000005	0.136931322200000011
1.82400000000000007	0.5015207156	0.0558730902000000029
1.83200000000000007	0.504166080199999977	-0.0267071034000000013
1.84000000000000008	0.49330730410000001	-0.1093570554
1.84800000000000009	0.467909607100000013	-0.190876339400000011
1.85600000000000009	0.430857450500000017	-0.264349058799999981
1.8640000000000001	0.382157339200000001	-0.331309701600000006
1.87200000000000011	0.321917130100000004	-0.390054930600000016
1.87999999999999989	0.252720652400000023	-0.437732683700000014
1.8879999999999999	0.176708147900000001	-0.473230229700000005
1.89599999999999991	0.096785265800000006	-0.495371968699999998
1.90399999999999991	0.0150828990000000003	-0.504022462100000013
1.91199999999999992	-0.0672304400999999968	-0.499289935600000012
1.91999999999999993	-0.149908110799999994	-0.480177393399999985
1.92799999999999994	-0.226457884700000001	-0.448546004100000006
1.93599999999999994	-0.296319574400000008	-0.405319952400000016
1.94399999999999995	-0.35810683430000001	-0.351385082299999985
1.95199999999999996	-0.4103155161	-0.288387615099999994
1.95999999999999996	-0.451763652000000016	-0.217670353099999991
1.96799999999999997	-0.481195541000000004	-0.140893781899999987
1.97599999999999998	-0.49775966599999999	-0.0589679045000000013
1.98399999999999999	-0.500392307799999991	0.0243415438999999983
1.99199999999999999	-0.490070771199999977	0.104420587600000003
2	-0.466028216900000014	0.183853062399999989
2.00800000000000001	-0.429120711200000005	0.258183195799999987
2.01600000000000001	-0.380815002399999991	0.324896530399999994
2.02400000000000002	-0.32246374379999998	0.382480488200000024
2.03200000000000003	-0.255698047699999986	0.429635736699999993
2.04000000000000004	-0.18220250930000001	0.4652714778
2.04800000000000004	-0.104567180699999998	0.488415084599999993
2.05600000000000005	-0.0214863838000000015	0.49867351339999999
2.06400000000000006	0.0617463494999999987	0.49503430209999999
2.07200000000000006	0.141403658799999998	0.478131462999999979
2.08000000000000007	0.217020912900000001	0.44889871739999998
2.08800000000000008	0.287211610900000025	0.407483342699999973
2.09600000000000009	0.350101429099999972	0.354974787199999975
2.10400000000000009	0.40363220449999998	0.29279450600000001
2.1120000000000001	0.446250595899999991	0.222620400999999996
2.12000000000000011	0.476779293100000001	0.14641377920000001
2.12800000000000011	0.494302491999999982	0.065564982899999999
2.13600000000000012	0.498277373700000026	-0.0165126729000000007
2.14400000000000013	0.489277936099999977	-0.0960887063000000069
2.15200000000000014	0.466628571400000025	-0.175168499400000011
2.16000000000000014	0.430891067500000002	-0.249441763600000005
2.16800000000000015	0.383748310400000014	-0.316738142800000011
2.17600000000000016	0.325826514899999975	-0.375330313400000004
2.18400000000000016	0.259233846200000007	-0.423472260200000006
2.19200000000000017	0.186228058599999996	-0.459701532199999985
2.20000000000000018	0.108892919000000005	-0.483387514299999987
2.20800000000000018	0.0293668643	-0.494239931099999974
2.21600000000000019	-0.0510508112999999986	-0.492243080599999994
2.2240000000000002	-0.133321582500000008	-0.476276933000000013
2.23200000000000021	-0.209155795899999997	-0.447982642499999972
2.24000000000000021	-0.278974199300000003	-0.408220990000000006
2.24800000000000022	-0.341589668100000021	-0.357573594200000011
2.25599999999999978	-0.395265052100000014	-0.297197232400000011
2.26399999999999979	-0.438535396199999983	-0.228934129900000005
2.2719999999999998	-0.470188527700000025	-0.154480460699999989
2.2799999999999998	-0.489216717600000017	-0.0758811273000000036
2.28799999999999981	-0.495208501199999984	0.00504981979999999993
2.29599999999999982	-0.48737400879999998	0.087266840200000001
2.30399999999999983	-0.46574905929999999	0.167647679599999988
2.31199999999999983	-0.43239154099999999	0.241093043700000009
2.31999999999999984	-0.388496306499999999	0.307195578400000002
2.32799999999999985	-0.333408645800000014	0.36656753139999998
2.33599999999999985	-0.268634317199999972	0.416392313800000025
2.34399999999999986	-0.196635108899999994	0.455019275300000026
2.35199999999999987	-0.119250743500000006	0.481313958500000028
2.35999999999999988	-0.038337002299999999	0.494544913400000008
2.36799999999999988	0.0438258413000000013	0.49431672040000002
2.37599999999999989	0.124806969700000006	0.480407073000000018
2.3839999999999999	0.202248298500000007	0.453325951900000024
2.3919999999999999	0.27403332330000002	0.413853366499999986
2.39999999999999991	0.337244230599999972	0.364159547099999981
2.40799999999999992	0.391913414399999993	0.30426042590000002
2.41599999999999993	0.437603127599999975	0.232556799300000006
2.42399999999999993	0.469452809000000026	0.156930181299999999
2.43199999999999994	0.4883067928	0.0777875585000000064
2.43999999999999995	0.4938823081	-0.00282964520000000006
2.44799999999999995	0.486217740499999995	-0.0831299977999999939
2.45599999999999996	0.465726048999999975	-0.160789131000000002
2.46399999999999997	0.433097689499999994	-0.234114570200000011
2.47199999999999998	0.388963099099999987	-0.301297832799999998
2.47999999999999998	0.334837415799999982	-0.360472765500000014
2.48799999999999999	0.271925197900000026	-0.410201410200000005
2.496	0.201680169800000003	-0.449166445000000025
2.504	0.125435638500000002	-0.476312809700000006
2.51200000000000001	0.0440822807999999983	-0.490770309399999993
2.52000000000000002	-0.0376043807999999966	-0.491548932800000005
2.52800000000000002	-0.116033453100000003	-0.479635371600000027
2.53600000000000003	-0.192614612600000012	-0.454611783699999994
2.54400000000000004	-0.264947852300000009	-0.416870453400000007
2.55200000000000005	-0.330112706099999986	-0.367370571300000004
2.56000000000000005	-0.386025398299999989	-0.307696007800000004
2.56800000000000006	-0.431238991999999988	-0.239693121300000006
2.57600000000000007	-0.46455143539999999	-0.165253938299999986
2.58400000000000007	-0.485142248800000009	-0.0863681647999999941
2.59200000000000008	-0.4923016583	-0.00539534910000000027
2.60000000000000009	-0.486238142400000017	0.0753816736999999987
2.6080000000000001	-0.467062285299999991	0.153556080900000003
2.6160000000000001	-0.435855682799999977	0.226698503200000012
2.62400000000000011	-0.393557137200000018	0.293790971399999989
2.63200000000000012	-0.341683985199999984	0.352496259199999995
2.64000000000000012	-0.277203629900000026	0.405036368599999974
2.64800000000000013	-0.205134735200000001	0.445686019499999975
2.65600000000000014	-0.129316939200000008	0.473229284699999975
2.66400000000000015	-0.0503962087000000003	0.487993220999999977
2.67200000000000015	0.0299910078000000004	0.489755232200000001
2.68000000000000016	0.109608985399999997	0.478362175300000025
2.68800000000000017	0.186232378000000004	0.454086391899999997
2.69600000000000017	0.25782364889999998	0.417810813100000011
2.70400000000000018	0.322725513600000014	0.370180139600000013
2.71200000000000019	0.379004409699999989	0.312605512600000024
2.7200000000000002	0.425128857799999982	0.246581955200000008
2.7280000000000002	0.45982997619999999	0.173807658599999998
2.73600000000000021	0.482245826499999974	0.0963317384999999998
2.74400000000000022	0.491620975800000026	0.0157994384000000009
2.75199999999999978	0.487552451399999975	-0.0658110620000000035
2.75999999999999979	0.469918874799999997	-0.145988302200000003
2.76799999999999979	0.438917653299999988	-0.222139874799999998
2.7759999999999998	0.397703139699999986	-0.289661694899999989
2.78399999999999981	0.345540300999999994	-0.350301733800000015
2.79199999999999982	0.283106336899999977	-0.402404003200000027
2.79999999999999982	0.212913454000000002	-0.443364058800000016
2.80799999999999983	0.137025420300000006	-0.472246430200000011
2.81599999999999984	0.0572268304999999991	-0.488308746500000002
2.82399999999999984	-0.0243664139000000016	-0.491000176600000005
2.83199999999999985	-0.105105741599999997	-0.47991894060000001
2.83999999999999986	-0.182647640899999991	-0.455556544200000024
2.84799999999999986	-0.254765528100000027	-0.418881456799999996
2.85599999999999987	-0.319761656599999999	-0.370928051699999983
2.86399999999999988	-0.375752142200000028	-0.312999475799999982
2.87199999999999989	-0.421495338599999991	-0.246898102799999991
2.87999999999999989	-0.455723623700000025	-0.174539660200000002
2.8879999999999999	-0.477725808600000024	-0.0977891538999999949
2.89599999999999991	-0.487006462400000006	-0.0187267870999999995
2.90399999999999991	-0.483683008099999978	0.0593117636999999989
2.91199999999999992	-0.468151340000000027	0.1348854414
2.91999999999999993	-0.438483177599999996	0.212753399600000004
2.92799999999999994	-0.397111198499999984	0.282393340200000009
2.93599999999999994	-0.345153007299999981	0.344237471799999972
2.94399999999999995	-0.284426034800000005	0.395876292899999982
2.95199999999999996	-0.21620970619999999	0.43687225070000002
2.95999999999999996	-0.14218651530000001	0.466145992200000026
2.96799999999999997	-0.0642678609000000012	0.483027219299999977
2.97599999999999998	0.0154193491999999998	0.486969087600000017
2.98399999999999999	0.0946135490999999995	0.477921250600000014
2.99199999999999999	0.171313472599999989	0.456165741000000013
3	0.24359413290000001	0.422197680999999991
3.00800000000000001	0.309619254100000019	0.376694626699999979
3.01600000000000001	0.367319319099999986	0.321098691499999978
3.02400000000000002	0.415246565000000012	0.25653609220000001
3.03200000000000003	0.45226102880000002	0.184941328200000005
3.04000000000000004	0.476605547199999979	0.107840861499999996
3.04800000000000004	0.488210847399999981	0.0276121509000000001
3.05600000000000005	0.486032372800000001	-0.0533218001999999983
3.06400000000000006	0.470063678500000026	-0.133434451499999995
3.07200000000000006	0.440923746599999999	-0.209626358099999993
3.08000000000000007	0.400310092499999992	-0.278606906499999973
3.08800000000000008	0.349140549700000025	-0.339763209200000027
3.09600000000000009	0.288815642400000017	-0.391735845299999996
3.10400000000000009	0.2206311574	-0.433041470900000003
3.1120000000000001	0.146760913200000009	-0.462758631699999978
3.12000000000000011	0.069105520099999998	-0.480031951499999998
3.12800000000000011	-0.0102882815999999992	-0.484613737400000022
3.13600000000000012	-0.0893354798000000061	-0.476097816700000009
3.14400000000000013	-0.165916047900000002	-0.454932990500000023
3.15200000000000014	-0.238046452699999994	-0.421639534599999977
3.16000000000000014	-0.303794308700000015	-0.377129972099999988
3.16800000000000015	-0.3614989542	-0.322468190900000007
3.17600000000000016	-0.409708493100000015	-0.258779918399999975
3.18400000000000016	-0.446706004499999976	-0.188223048799999987
3.19200000000000017	-0.471543950200000006	-0.112693691700000001
3.20000000000000018	-0.48375560099999998	-0.0334043423000000006
3.20800000000000018	-0.482545421799999985	0.0465489964000000006
3.21600000000000019	-0.46814743310000001	0.125033230999999995
3.2240000000000002	-0.441004254300000009	0.199993905
3.23200000000000021	-0.401981888100000018	0.269406602599999989
3.24000000000000021	-0.352138150500000024	0.331174623599999995
3.24800000000000022	-0.294087069199999995	0.383421347999999995
3.25599999999999978	-0.228464074500000003	0.425649675499999991
3.26399999999999979	-0.151288513900000005	0.458368988600000027
3.2719999999999998	-0.0732023906000000002	0.476570236300000005
3.2799999999999998	0.00642777800000000031	0.48158503079999998
3.28799999999999981	0.085091917000000003	0.473550677699999978
3.29599999999999982	0.161182536600000009	0.452869109599999986
3.30399999999999983	0.232602080999999988	0.420217575499999996
3.31199999999999983	0.297740669999999985	0.37620984070000002
3.31999999999999984	0.354890164600000002	0.322114127699999975
3.32799999999999985	0.402277494499999999	0.259474208799999995
3.33599999999999985	0.438502647000000023	0.190140697599999992
3.34399999999999986	0.462938174799999991	0.116089644000000006
3.35199999999999987	0.475006309000000015	0.0395561344999999995
3.35999999999999988	0.474520932600000001	-0.0379149670000000008
3.36799999999999988	0.461795357100000026	-0.114224309199999999
3.37599999999999989	0.436977201699999984	-0.187142667099999993
3.3839999999999999	0.400791899999999979	-0.255265115900000006
3.3919999999999999	0.354253045499999974	-0.316689431000000021
3.39999999999999991	0.29848944220000001	-0.36998086400000002
3.40799999999999992	0.234753403299999996	-0.413872454300000026
3.41599999999999993	0.164548489900000011	-0.447125618999999974
3.42399999999999993	0.0897669757000000013	-0.468699944599999974
3.43199999999999994	0.0119083594000000004	-0.477880907199999982
3.43999999999999995	-0.0671819968000000045	-0.474142801000000003
3.44799999999999995	-0.144909078699999999	-0.457222626899999984
3.45599999999999996	-0.218765455800000008	-0.427646210799999982
3.46399999999999997	-0.285581416300000002	-0.387089901199999975
3.47199999999999998	-0.345395103199999998	-0.335574104400000017
3.47999999999999998	-0.396186815799999981	-0.274232543399999973
3.48799999999999999	-0.436091765399999998	-0.205157667300000013
3.496	-0.463910933299999995	-0.130272434900000011
3.504	-0.478695032600000014	-0.0518230637999999993
3.51200000000000001	-0.480245744299999999	0.0278851822000000006
3.52000000000000002	-0.468652869899999991	0.106296172300000005
3.52800000000000002	-0.444413798400000004	0.181550035199999987
3.53600000000000003	-0.408288143100000001	0.251690343300000008
3.54400000000000004	-0.361286252600000024	0.314884273300000017
3.55200000000000005	-0.304741916599999996	0.369480562499999998
3.56000000000000005	-0.240396512199999995	0.414141023300000022
3.56800000000000006	-0.169652338900000005	0.447743196200000027
3.57600000000000007	-0.0943107185000000015	0.469571113400000018
3.58400000000000007	-0.0163766124999999985	0.478653042600000023
3.59200000000000008	0.0620078020000000008	0.475007193800000005
3.60000000000000009	0.138869980599999998	0.458263257199999996
3.6080000000000001	0.211978384800000003	0.42937596480000001
3.6160000000000001	0.279257165500000015	0.388928773000000005
3.62400000000000011	0.339143526400000006	0.338106433900000003
3.63200000000000012	0.389879129800000002	0.278289991299999984
3.64000000000000012	0.430109835900000015	0.210909108699999986
3.64800000000000013	0.458904126099999976	0.137907270500000012
3.65600000000000014	0.475507614000000023	0.0612031005000000031
3.66400000000000015	0.479534557500000014	-0.0172153425000000013
3.67200000000000015	0.471092941300000012	-0.0944976010999999949
3.68000000000000016	0.451262470199999988	-0.167439180100000001
3.68800000000000017	0.419600622199999995	-0.237085936299999994
3.69600000000000017	0.372304405399999983	-0.307180699800000012
3.70400000000000018	0.314150668500000008	-0.366858555199999992
3.71200000000000019	0.248566385299999998	-0.414458782299999995
3.7200000000000002	0.176766013	-0.449873963200000004
3.7280000000000002	0.100314632799999998	-0.472725160500000019
3.73600000000000021	0.0210657885999999996	-0.482520328399999976
3.74400000000000022	-0.0589626522	-0.478856535999999999
3.75199999999999978	-0.137197470399999993	-0.461939429999999984
3.75999999999999979	-0.210818853100000009	-0.432627706399999978
3.76799999999999979	-0.278472846100000004	-0.391560108000000018
3.7759999999999998	-0.338353033299999995	-0.34031304779999999
3.78399999999999981	-0.389110255100000024	-0.280182551800000013
3.79199999999999982	-0.429021632400000019	-0.213047298100000004
3.79999999999999982	-0.457484596899999985	-0.1410298579
3.80799999999999983	-0.473996929499999997	-0.0648574771999999994
3.81599999999999984	-0.478176115000000013	0.0132212881000000008
3.82399999999999984	-0.469613878500000026	0.0908781545999999968
3.83199999999999985	-0.448634497099999974	0.166198203500000002
3.83999999999999986	-0.415698763000000027	0.237247439899999996
3.84799999999999986	-0.371433649600000027	0.302332478299999985
3.85599999999999987	-0.316618933699999994	0.359300377399999982
3.86399999999999988	-0.253480800100000014	0.406552447400000017
3.87199999999999989	-0.183220564899999994	0.442666775899999976
3.87999999999999989	-0.107915618099999999	0.466630340300000002
3.8879999999999999	-0.0295769302999999983	0.478004830699999994
3.89599999999999991	0.0493210545000000028	0.476267360600000023
3.90399999999999991	0.126872262099999994	0.461608507300000026
3.91199999999999992	0.200903166699999997	0.434412685799999976
3.91999999999999993	0.269597980700000017	0.395257986700000008
3.92799999999999994	0.330857379900000026	0.345490815100000015
3.93599999999999994	0.383159633599999994	0.286166180599999986
3.94399999999999995	0.424891856299999982	0.219420862999999994
3.95199999999999996	0.454881365599999976	0.147000249199999988
3.95999999999999996	0.472999971899999982	0.0711426156999999948
3.96799999999999997	0.478312826400000002	-0.00672587600000000042
3.97599999999999998	0.470924812799999981	-0.0846551284000000015
3.98399999999999999	0.450664270099999986	-0.160554944899999996
3.99199999999999999	0.4181529249	-0.2323534773
4	0.374174763600000015	-0.297658160100000013
4.00800000000000001	0.319968327800000008	-0.354990266900000018
4.01600000000000001	0.257009276800000019	-0.402420324300000021
4.02400000000000002	0.187286545500000012	-0.438750427599999993
4.03200000000000003	0.112635357300000002	-0.462984318499999992
4.04000000000000004	0.0351045852000000033	-0.474611228399999974
4.04800000000000004	-0.0428389070999999969	-0.473228161799999991
4.05600000000000005	-0.119288672900000003	-0.459358910999999981
4.06400000000000006	-0.192193909400000001	-0.433322773400000028
4.07200000000000006	-0.260080243900000008	-0.396090248799999989
4.08000000000000007	-0.32101590390000001	-0.348211912299999982
4.08800000000000008	-0.37322670899999999	-0.291661145899999974
4.09600000000000009	-0.41574547340000001	-0.227647567100000003
4.10400000000000009	-0.447761503599999999	-0.157151241599999991
4.1120000000000001	-0.467894364399999985	-0.0821699617999999965
4.12000000000000011	-0.475741247300000003	-0.00458718510000000017
4.12800000000000011	-0.4706872151	0.0733812553000000034
4.13600000000000012	-0.452883477300000004	0.149858947100000001
4.14400000000000013	-0.422364182799999988	0.222629658099999989
4.15200000000000014	-0.380147827400000027	0.289436150900000022
4.16000000000000014	-0.327266404100000019	0.348312207200000001
4.16800000000000015	-0.265308491599999974	0.397621699900000014
4.17600000000000016	-0.19618826780000001	0.435771571199999985
4.18400000000000016	-0.1216194144	0.462037083199999976
4.19200000000000017	-0.0441040223999999981	0.475522410100000015
4.20000000000000018	0.0343188644000000029	0.4761447714
4.20800000000000018	0.111807800299999996	0.463879548199999991
4.21600000000000019	0.186196559699999986	0.43924514240000001
4.2240000000000002	0.255565356500000007	0.402992150699999996
4.23200000000000021	0.317551849100000005	0.356419581200000002
4.24000000000000021	0.370612712499999997	0.301444491500000022
4.24800000000000022	0.41407366969999998	0.239098797000000002
4.25600000000000023	0.447009220799999996	0.169850134200000003
4.26400000000000023	0.469939214200000011	0.0880881679999999945
4.27200000000000024	0.477534544100000014	0.00623682550000000026
4.28000000000000025	0.471427692000000009	-0.0726629131000000039
4.28800000000000026	0.452328749099999983	-0.149191647199999999
4.29600000000000026	0.421075942699999983	-0.220882101800000008
4.30400000000000027	0.379053405299999979	-0.286202004800000021
4.31200000000000028	0.327020969699999997	-0.343510167099999986
4.32000000000000028	0.266752661999999974	-0.391729596499999999
4.32800000000000029	0.199647363699999997	-0.429593721099999992
4.3360000000000003	0.127309281999999996	-0.456217060299999977
4.34400000000000031	0.0518285328000000003	-0.470906600600000003
4.35200000000000031	-0.0254089555000000002	-0.473442445599999984
4.36000000000000032	-0.102429055399999996	-0.463458463099999995
4.36800000000000033	-0.176787084600000005	-0.441258506200000011
4.37600000000000033	-0.247058817799999997	-0.406954608900000014
4.38400000000000034	-0.311241212900000008	-0.361271233899999988
4.39200000000000035	-0.366979697800000004	-0.305223972600000004
4.40000000000000036	-0.4126898497	-0.240910335199999992
4.40800000000000036	-0.447198718699999997	-0.169581418699999986
4.41600000000000037	-0.469181941200000008	-0.0935121119999999945
4.42400000000000038	-0.478250484600000025	-0.0147025264000000006
4.43200000000000038	-0.474002626300000007	0.064297764199999996
4.44000000000000039	-0.456762532200000015	0.141490912899999988
4.4480000000000004	-0.426846701399999973	0.214727897899999992
4.45600000000000041	-0.385386571999999983	0.281970596500000004
4.46400000000000041	-0.333449745600000014	0.341198887000000006
4.47200000000000042	-0.272519730500000001	0.390962493500000008
4.48000000000000043	-0.204331533499999995	0.429973927899999997
4.48800000000000043	-0.130807220899999993	0.457155867300000018
4.49600000000000044	-0.0540048119999999993	0.471849189800000013
4.50399999999999956	0.0241528295000000004	0.47375521009999999
4.51199999999999957	0.101424000900000005	0.462873383400000005
4.51999999999999957	0.175596469000000005	0.439430812700000006
4.52799999999999958	0.244700922300000012	0.40421830780000001
4.53599999999999959	0.307055539799999999	0.358388943700000018
4.54399999999999959	0.360875419199999992	0.303158367099999992
4.5519999999999996	0.404894511100000021	0.240116609700000011
4.55999999999999961	0.43811950500000002	0.170925147500000013
4.56799999999999962	0.459729630100000008	0.0972494624000000002
4.57599999999999962	0.469229586899999995	0.0209657248999999997
4.58399999999999963	0.46619030119999999	-0.0563552462000000004
4.59199999999999964	0.450617871599999997	-0.132154763799999991
4.59999999999999964	0.423132367100000018	-0.203753722400000004
4.60799999999999965	0.384352362800000014	-0.269907283499999984
4.61599999999999966	0.336313994299999974	-0.32854227720000001
4.62399999999999967	0.279229516999999983	-0.37894052680000001
4.63199999999999967	0.214602637000000013	-0.419661606600000014
4.63999999999999968	0.143744827500000005	-0.449582655399999975
4.64799999999999969	0.0686605879999999946	-0.467646914000000025
4.65599999999999969	-0.00897177449999999981	-0.473069730600000016
4.6639999999999997	-0.0866287186999999959	-0.46550540410000002
4.67199999999999971	-0.162176082100000007	-0.445078776899999973
4.67999999999999972	-0.233389808400000009	-0.412260506000000027
4.68799999999999972	-0.298092179000000013	-0.368050482499999998
4.69599999999999973	-0.354425693900000005	-0.313698791199999993
4.70399999999999974	-0.400780506300000006	-0.250902464900000011
4.71199999999999974	-0.436108950900000014	-0.181438954799999996
4.71999999999999975	-0.459326471999999986	-0.107341702499999997
4.72799999999999976	-0.470013161899999976	-0.0309168447999999992
4.73599999999999977	-0.468235504600000019	0.046009796700000001
4.74399999999999977	-0.453935272999999972	0.121615853300000007
4.75199999999999978	-0.42786660230000001	0.1938766341
4.75999999999999979	-0.39050162129999999	0.260888975099999976
4.76799999999999979	-0.342795955699999988	0.321060224100000013
4.7759999999999998	-0.285901454399999977	0.372962838399999996
4.78399999999999981	-0.221035690700000009	0.41509157390000001
4.79199999999999982	-0.150178738400000011	0.446061423100000021
4.79999999999999982	-0.0749878368999999934	0.465072325900000028
4.80799999999999983	0.00256192169999999979	0.471456720900000015
4.81599999999999984	0.0802534562999999979	0.464847357999999988
4.82399999999999984	0.155586189699999988	0.44569110340000001
4.83199999999999985	0.226850161699999997	0.414202294699999973
4.83999999999999986	0.292053710000000022	0.371202839299999976
4.84799999999999986	0.348960667999999974	0.318305185900000009
4.85599999999999987	0.396586368799999978	0.256850573500000012
4.86399999999999988	0.433333414699999975	0.188492344300000003
4.87199999999999989	0.458495272700000012	0.114916707000000007
4.87999999999999989	0.47133248849999998	0.0383650410999999969
4.8879999999999999	0.471530188100000025	-0.0389046034000000013
4.89599999999999991	0.459184237800000006	-0.115300774600000003
4.90399999999999991	0.43428398159999998	-0.18924813339999999
4.91199999999999992	0.397502973199999998	-0.258143649799999986
4.91999999999999993	0.349928445500000018	-0.320045312799999981
4.92799999999999994	0.29249108610000002	-0.373252982899999974
4.93599999999999994	0.22678001980000001	-0.416218364000000007
4.94399999999999995	0.154924153700000011	-0.447670951799999994
4.95199999999999996	0.0789359993999999981	-0.466620511399999993
4.95999999999999996	0.00124504049999999995	-0.472699252199999975
4.96799999999999997	-0.0761330261000000008	-0.465943599099999994
4.97599999999999998	-0.151096981399999997	-0.446673015499999992
4.98399999999999999	-0.221924830900000009	-0.415600898599999991
4.99199999999999999	-0.28655787100000002	-0.373466983899999994
5	-0.343518477599999983	-0.321689657799999973
5.00800000000000001	-0.390998099599999982	-0.261761823100000013
5.01600000000000001	-0.428302434600000004	-0.195081117800000009
5.02400000000000002	-0.454519432200000018	-0.123332668699999995
5.03200000000000003	-0.468929062200000024	-0.0501918744000000028
5.04000000000000004	-0.471497614499999995	0.0258009834999999993
5.04800000000000004	-0.460517988300000014	0.107204384400000005
5.05600000000000005	-0.435547746100000022	0.184104606199999993
5.06400000000000006	-0.39829812710000001	0.254753606099999974
5.07200000000000006	-0.350792445600000002	0.317312929399999999
5.08000000000000007	-0.293685929299999982	0.370587181300000013
5.08800000000000008	-0.229121021099999989	0.413522649600000014
5.09600000000000009	-0.158064669299999988	0.445398091300000021
5.10400000000000009	-0.0826438077000000021	0.465111274399999997
5.1120000000000001	-0.00531529890000000029	0.472118782299999984
5.12000000000000011	0.0721349143000000054	0.466452352899999978
5.12800000000000011	0.14754838549999999	0.448106426900000021
5.13600000000000012	0.219058371299999999	0.417789023500000023
5.14400000000000013	0.284419200500000025	0.376256675599999979
5.15200000000000014	0.342020350500000014	0.324471495800000009
5.16000000000000014	0.390388764300000024	0.263926344300000004
5.16800000000000015	0.428302002800000026	0.196220854800000011
5.17600000000000016	0.454458289500000001	0.123250006600000003
5.18400000000000016	0.468254755299999992	0.0472235992000000007
5.19200000000000017	0.469368810299999994	-0.0300725766999999991
5.20000000000000018	0.457775856199999998	-0.106466737000000006
5.20800000000000018	0.433802904699999992	-0.1799914299
5.21600000000000019	0.39799822239999999	-0.248505942199999996
5.2240000000000002	0.351623291999999976	-0.310076334600000003
5.23200000000000021	0.295806030200000014	-0.363064087300000005
5.24000000000000021	0.232185921900000009	-0.406283331099999978
5.24800000000000022	0.162544473299999992	-0.438564365000000012
5.25600000000000023	0.0889815701999999986	-0.459016044499999998
5.26400000000000023	0.0132055808	-0.467075663600000024
5.27200000000000024	-0.0631638825000000043	-0.462622113499999987
5.28000000000000025	-0.13754809879999999	-0.445904824400000011
5.28800000000000026	-0.208163990599999987	-0.417513610500000021
5.29600000000000026	-0.273213070900000021	-0.378107554999999984
5.30400000000000027	-0.331183080799999974	-0.328838077999999978
5.31200000000000028	-0.380546162000000021	-0.270639463600000019
5.32000000000000028	-0.419800349500000003	-0.205211602500000007
5.32800000000000029	-0.447871041899999989	-0.134011088599999995
5.3360000000000003	-0.464013737500000023	-0.0591688588000000015
5.34400000000000031	-0.467668878600000004	0.0173731028000000016
5.35200000000000031	-0.458910416099999996	0.0938022902999999936
5.36000000000000032	-0.437633674099999981	0.167937935499999996
5.36800000000000033	-0.404170155799999986	0.237763966399999999
5.37600000000000033	-0.359615389900000026	0.300819328699999999
5.38400000000000034	-0.305207252900000003	0.355834061899999998
5.39200000000000035	-0.242547641700000011	0.401269430400000016
5.40000000000000036	-0.172848882000000009	0.435582925200000026
5.40800000000000036	-0.0991244104000000015	0.45796719050000001
5.41600000000000037	-0.0222352559000000005	0.467842680999999982
5.42400000000000038	0.0554924139000000025	0.464944184699999985
5.43200000000000038	0.1311639587	0.449364645700000009
5.44000000000000039	0.203319941199999993	0.421491057999999974
5.4480000000000004	0.269609019200000022	0.382173752500000019
5.45600000000000041	0.328713489099999978	0.332705040900000026
5.46400000000000041	0.378793014500000025	0.274169000499999982
5.47200000000000042	0.418510014500000027	0.207990067800000011
5.48000000000000043	0.446832642800000013	0.136688725499999997
5.48800000000000043	0.462567270199999991	0.0614545525000000023
5.49600000000000044	0.466230960999999999	-0.0147529362000000004
5.50399999999999956	0.457247201400000025	-0.0903124794000000064
5.51199999999999957	0.436123969900000019	-0.163226964599999996
5.51999999999999957	0.403408629399999996	-0.231979636900000008
5.52799999999999958	0.359958851799999979	-0.294512390899999976
5.53599999999999959	0.306831273800000026	-0.349293963099999993
5.54399999999999959	0.24562161099999999	-0.394559899699999994
5.5519999999999996	0.178084707199999998	-0.429084822199999993
5.55999999999999961	0.105763740699999997	-0.452514216099999977
5.56799999999999962	0.0304665640000000015	-0.463832168400000022
5.57599999999999962	-0.0456811443999999983	-0.462652460200000004
5.58399999999999963	-0.120418155299999996	-0.449188982399999992
5.59199999999999964	-0.191964821499999994	-0.423471604700000004
5.59999999999999964	-0.258655512699999979	-0.386564563899999991
5.60799999999999965	-0.318567182100000013	-0.339314536200000016
5.61599999999999966	-0.369997559500000017	-0.2827701413
5.62399999999999967	-0.411478440800000012	-0.2183833362
5.63199999999999967	-0.441961767399999983	-0.147957269100000011
5.63999999999999968	-0.460365759400000019	-0.0733401045000000029
5.64799999999999969	-0.466233979999999992	0.00304324089999999988
5.65599999999999969	-0.459498000299999987	0.0792896277999999982
5.6639999999999997	-0.440234174699999981	0.153466424900000009
5.67199999999999971	-0.409082539500000009	0.22374444160000001
5.67999999999999972	-0.366916383199999974	0.287734111299999984
5.68799999999999972	-0.315043665199999989	0.344098729300000017
5.69599999999999973	-0.254480607500000011	0.390903708600000011
5.70399999999999974	-0.186896102099999989	0.427224503300000003
5.71199999999999974	-0.114723488299999996	0.452247113199999995
5.71999999999999975	-0.0392776073000000031	0.464791905900000024
5.72799999999999976	0.0373948252999999967	0.464842432699999974
5.73599999999999977	0.112909403500000005	0.452330066600000025
5.74399999999999977	0.185160935199999988	0.427818251599999977
5.75199999999999978	0.252691561499999995	0.391733624000000002
5.75999999999999979	0.3133218116	0.345116359799999994
5.76799999999999979	0.365493491100000012	0.289162256299999976
5.7759999999999998	0.408202733400000017	0.225469695800000008
5.78399999999999981	0.439787121499999989	0.155327199700000002
5.79199999999999982	0.459214882200000007	0.0809026362000000027
5.79999999999999982	0.466228924900000008	0.00423301709999999998
5.80799999999999983	0.460315853200000014	-0.0726289645999999983
5.81599999999999984	0.442144071799999983	-0.1474430464
5.82399999999999984	0.411438959400000026	-0.2183215238
5.83199999999999985	0.370047989399999999	-0.282746932299999976
5.83999999999999986	0.31838052280000001	-0.339465619300000021
5.84799999999999986	0.257975035700000022	-0.387080962299999998
5.85599999999999987	0.190572431799999997	-0.423860500400000006
5.86399999999999988	0.118258257000000006	-0.448957712800000019
5.87199999999999989	0.0428703338000000003	-0.461786758000000019
5.87999999999999989	-0.0333103625000000028	-0.462166963799999997
5.8879999999999999	-0.108193630099999993	-0.450005969299999975
5.89599999999999991	-0.180247096500000009	-0.426039576799999986
5.90399999999999991	-0.24745990109999999	-0.390771617199999977
5.91199999999999992	-0.307669409100000013	-0.344930642499999995
5.91999999999999993	-0.359713159399999982	-0.290075213499999984
5.92799999999999994	-0.401947240599999978	-0.227750785399999989
5.93599999999999994	-0.433670639899999988	-0.159303568000000006
5.94399999999999995	-0.453897610100000015	-0.0867866449000000012
5.95199999999999996	-0.462114135300000006	-0.0118256890000000003
5.95999999999999996	-0.458238447800000004	0.0635455775000000056
5.96799999999999997	-0.442103403399999983	0.137539055900000012
5.97599999999999998	-0.414073587000000021	0.207976470800000007
5.98399999999999999	-0.375034506699999992	0.273119274899999986
5.99199999999999999	-0.325288277800000025	0.330937607199999984
6	-0.267063113399999996	0.380164305599999974
6.00800000000000001	-0.201308570599999986	0.418876364599999995
6.01600000000000001	-0.130169737300000005	0.446626377500000005
6.02400000000000002	-0.0553107155999999975	0.462017381200000021
6.03200000000000003	0.0209240460000000017	0.464914746300000015
6.04000000000000004	0.096770545999999999	0.455318234200000005
6.04800000000000004	0.17015068559999999	0.433290913599999994
6.05600000000000005	0.23886034040000001	0.399616293299999981
6.06400000000000006	0.301042232700000023	0.355205140699999977
6.07200000000000006	0.3551391297	0.300946837000000023
6.08000000000000007	0.399719827699999974	0.238653545500000008
6.08800000000000008	0.433534897899999994	0.169934042300000004
6.09600000000000009	0.455696573300000018	0.0966692712999999981
6.10400000000000009	0.465591257500000022	0.0203848319999999986
6.1120000000000001	0.462861235699999984	-0.0563876061000000012
6.12000000000000011	0.447224422600000004	-0.131790505199999991
6.12800000000000011	0.419342052000000021	-0.203466131100000003
6.13600000000000012	0.380119062100000016	-0.269621004900000016
6.14400000000000013	0.330566690200000013	-0.328488039499999995
6.15200000000000014	0.272415484400000019	-0.377927980599999991
6.16000000000000014	0.207270399800000005	-0.417361837899999977
6.16800000000000015	0.137126833400000009	-0.445408353400000012
6.17600000000000016	0.062240845000000003	-0.46211875899999999
6.18400000000000016	-0.0164348802000000016	-0.46624141899999999
6.19200000000000017	-0.0945958890000000024	-0.457054729499999979
6.20000000000000018	-0.169305360099999996	-0.435055342299999981
6.20800000000000018	-0.238601721500000002	-0.40123431380000002
6.21600000000000019	-0.301408942499999999	-0.356575615800000023
6.2240000000000002	-0.356188954499999988	-0.301836162500000005
6.23200000000000021	-0.401275305400000004	-0.23898945390000001
6.24000000000000021	-0.435087555899999978	-0.1696986838
6.24800000000000022	-0.456913326399999986	-0.0954484718000000038
6.25600000000000023	-0.466118047500000021	-0.0188927272999999986
6.26400000000000023	-0.462524551700000008	0.0581875124000000021
6.27200000000000024	-0.446126188099999987	0.133320874000000006
6.28000000000000025	-0.417619455299999998	0.204538869200000001
6.28800000000000026	-0.378017115700000017	0.269852422199999997
6.29600000000000026	-0.328299635300000003	0.327656377300000023
6.30400000000000027	-0.270098390999999993	0.376640067500000009
6.31200000000000028	-0.2047332818	0.415291211599999988
6.32000000000000028	-0.134019441200000006	0.442794382599999981
6.32800000000000029	-0.0598337582000000034	0.458623800199999987
6.3360000000000003	0.0157015094000000008	0.462078290900000022
6.34400000000000031	0.0910569549000000006	0.453234850099999975
6.35200000000000031	0.163466033300000008	0.432072474900000003
6.36000000000000032	0.231971454999999993	0.399312345600000007
6.36800000000000033	0.293949634000000015	0.355976441799999987
6.37600000000000033	0.348045267400000025	0.302987323799999986
6.38400000000000034	0.392572787899999998	0.241944864399999987
6.39200000000000035	0.426599172500000012	0.174457398799999996
6.40000000000000036	0.44908993749999998	0.102364078999999997
6.40800000000000036	0.459237500399999998	0.0278194374999999987
6.41600000000000037	0.457444467700000024	-0.0474340406999999992
6.42400000000000038	0.443166663500000002	-0.1210332031
6.43200000000000038	0.417463817000000015	-0.191334034099999994
6.44000000000000039	0.380745829199999997	-0.256517836399999977
6.4480000000000004	0.334033836299999998	-0.315171185600000014
6.45600000000000041	0.278387851899999983	-0.365443215099999996
6.46400000000000041	0.215349530399999989	-0.406180251400000025
6.47200000000000042	0.146337084000000006	-0.436197992400000012
6.48000000000000043	0.0731967622999999956	-0.454618356700000004
6.48800000000000043	-0.00225563289999999991	-0.460792401199999979
6.49600000000000044	-0.0776415441000000012	-0.454597819199999975
6.50399999999999956	-0.151290134900000012	-0.436017145599999989
6.51199999999999957	-0.221431617299999994	-0.405412328599999983
6.51999999999999957	-0.28521436750000001	-0.363806918300000004
6.52799999999999958	-0.341236571499999974	-0.311856971199999999
6.53599999999999959	-0.388543885400000011	-0.251549297800000016
6.54399999999999959	-0.424860920400000008	-0.18400307090000001
6.5519999999999996	-0.449229808299999978	-0.111311391800000006
6.55999999999999961	-0.461486979600000014	-0.0360225501000000017
6.56799999999999962	-0.461081867599999973	0.0406351293999999974
6.57599999999999962	-0.44793075269999999	0.115650065900000001
6.58399999999999963	-0.422735793000000026	0.187549011399999993
6.59199999999999964	-0.386189001600000026	0.254093727800000002
6.59999999999999964	-0.339241444900000022	0.313796851599999982
6.60799999999999965	-0.283186158899999985	0.364874417800000017
6.61599999999999966	-0.219584767099999995	0.406250459100000016
6.62399999999999967	-0.150096258900000001	0.436497795199999983
6.63199999999999967	-0.0765390979000000055	0.455028401299999996
6.63999999999999968	-0.000964015399999999952	0.461156436200000019
6.64799999999999969	0.0744086746999999965	0.454820956599999993
6.65599999999999969	0.148014479899999996	0.436325824799999984
6.6639999999999997	0.217659682999999993	0.405730620400000019
6.67199999999999971	0.280912601400000017	0.364449436199999977
6.67999999999999972	0.336540605699999995	0.313177499000000026
6.68799999999999972	0.382911506100000021	0.253557770000000016
6.69599999999999973	0.418850322200000014	0.187427413600000009
6.70399999999999974	0.44360217740000002	0.116374508900000007
6.71199999999999974	0.456370742100000004	0.0424517964999999997
6.71999999999999975	0.457171095000000027	-0.0325294924999999999
6.72799999999999976	0.445623889200000012	-0.106602880299999994
6.73599999999999977	0.422437230800000008	-0.177621417300000001
6.74399999999999977	0.38831451760000002	-0.244344671900000004
6.75199999999999978	0.343487122500000019	-0.304652605500000007
6.75999999999999979	0.289395819399999976	-0.3569305277
6.76799999999999979	0.227298568400000012	-0.400195808400000019
6.7759999999999998	0.158601808499999997	-0.432531144899999997
6.78399999999999981	0.0853125235999999953	-0.453415090700000023
6.79199999999999982	0.00967710989999999958	-0.461573516800000028
6.79999999999999982	-0.0664099130999999954	-0.457175728599999998
6.80799999999999983	-0.140654291600000009	-0.440192374599999992
6.81599999999999984	-0.21125597430000001	-0.411144691900000026
6.82399999999999984	-0.275641887299999999	-0.370980645300000023
6.83199999999999985	-0.332330170300000005	-0.321178492799999993
6.83999999999999986	-0.380284817900000016	-0.262698558299999996
6.84799999999999986	-0.417855299399999991	-0.197202551199999992
6.85599999999999987	-0.444317134100000011	-0.126715373500000006
6.86399999999999988	-0.459163660099999982	-0.0529708170000000034
6.87199999999999989	-0.461600792400000015	0.0218969479000000015
6.87999999999999989	-0.452166526700000015	0.0968994809000000012
6.8879999999999999	-0.43033489279999998	0.16982680759999999
6.89599999999999991	-0.396933888899999976	0.237877185699999993
6.90399999999999991	-0.352697364999999985	0.30031295790000001
6.91199999999999992	-0.298336294800000013	0.35468654500000002
6.91999999999999993	-0.235600740199999992	0.399400798200000018
6.92799999999999994	-0.166335386000000002	0.43305617959999998
6.93599999999999994	-0.0926474595000000012	0.454747826600000016
6.94399999999999995	-0.0163901987999999985	0.463858142899999992
6.95199999999999996	0.0603728934999999967	0.460231405400000015
6.95999999999999996	0.1351306387	0.443988820299999976
6.96799999999999997	0.2062500746	0.415808293100000004
6.97599999999999998	0.271817318799999985	0.376210221000000011
6.98399999999999999	0.329787594999999989	0.326560419300000015
6.99199999999999999	0.379024175100000027	0.267802073899999993
7	0.417837117799999991	0.201922878199999989
7.00800000000000001	0.445203507200000015	0.130450583399999986
7.01600000000000001	0.460336799799999974	0.055520755300000002
7.02400000000000002	0.462910853399999989	-0.0207584728000000003
7.03200000000000003	0.452782212899999981	-0.0963944303999999946
7.04000000000000004	0.430373957600000023	-0.16915651009999999
7.04800000000000004	0.39637934050000001	-0.237163721200000011
7.05600000000000005	0.35167743429999998	-0.298666233700000006
7.06400000000000006	0.297583253900000011	-0.35170348899999998
7.07200000000000006	0.235737459099999991	-0.394903341799999974
7.08000000000000007	0.167923742399999992	-0.427499424500000003
7.08800000000000008	0.0957491859000000056	-0.448524549900000014
7.09600000000000009	0.0216976358000000001	-0.457579422399999991
7.10400000000000009	-0.0529814569000000013	-0.454666083399999976
7.1120000000000001	-0.125890532999999999	-0.439723033400000018
7.12000000000000011	-0.195439524400000009	-0.413329757999999992
7.12800000000000011	-0.259948668300000019	-0.376027727300000003
7.13600000000000012	-0.317508820899999988	-0.329009853100000027
7.14400000000000013	-0.366795774600000013	-0.273068153899999999
7.15200000000000014	-0.406696086000000012	-0.209719967600000001
7.16000000000000014	-0.435864611700000015	-0.140770077399999999
7.16800000000000015	-0.453362703500000019	-0.0677248807000000036
7.17600000000000016	-0.458483106899999993	0.00723697330000000038
7.18400000000000016	-0.45146376399999999	0.082349000399999997
7.19200000000000017	-0.432421447299999984	0.155356894800000006
7.20000000000000018	-0.401247191999999975	0.224383648299999988
7.20800000000000018	-0.358998762500000013	0.287373883900000016
7.21600000000000019	-0.307207897399999985	0.342697396900000006
7.2240000000000002	-0.246859195100000012	0.388685662200000004
7.23200000000000021	-0.179673835599999998	0.424209459100000019
7.24000000000000021	-0.107618446399999998	0.448038665300000027
7.24800000000000022	-0.0325588926000000001	0.459849348699999994
7.25600000000000023	0.0434162108000000005	0.459021997199999976
7.26400000000000023	0.118421961300000003	0.445736465000000026
7.27200000000000024	0.190193497900000008	0.420423796299999986
7.28000000000000025	0.256847411500000011	0.383605694900000016
7.28800000000000026	0.316835003100000012	0.336443800999999987
7.29600000000000026	0.368116494100000025	0.279813459599999981
7.30400000000000027	0.409408465499999985	0.215600731999999989
7.31200000000000028	0.439561617700000018	0.145264006599999995
7.32000000000000028	0.457674896399999975	0.0709774687000000043
7.32800000000000029	0.463215366199999978	-0.0053392353999999996
7.3360000000000003	0.456160765000000024	-0.0814185865000000009
7.34400000000000031	0.436490757000000007	-0.155400120800000013
7.35200000000000031	0.404898866600000018	-0.225183466999999998
7.36000000000000032	0.362210236700000021	-0.288590025699999975
7.36800000000000033	0.309932653300000027	-0.343948974700000021
7.37600000000000033	0.249170483999999998	-0.389905971000000018
7.38400000000000034	0.181710005899999999	-0.425231537200000009
7.39200000000000035	0.109842911000000001	-0.448897075400000012
7.40000000000000036	0.0348747359000000021	-0.460811049899999992
7.40800000000000036	-0.0408927061000000022	-0.460121120200000011
7.41600000000000037	-0.115501829200000003	-0.447025238400000025
7.42400000000000038	-0.187063303399999992	-0.421897850899999982
7.43200000000000038	-0.253442128900000008	-0.385491954699999972
7.44000000000000039	-0.313008809399999977	-0.338705382100000008
7.4480000000000004	-0.363956365999999976	-0.282915678700000006
7.45600000000000041	-0.405185615900000018	-0.219589435400000005
7.46400000000000041	-0.435518318399999993	-0.150267601800000011
7.47200000000000042	-0.454366325999999987	-0.0769576482000000062
7.48000000000000043	-0.460723989700000003	-0.00170824900000000001
7.48800000000000043	-0.454804971200000019	0.0737159649999999944
7.49600000000000044	-0.436778695699999997	0.146971521299999991
7.50399999999999956	-0.406810901200000019	0.216522279000000012
7.51199999999999957	-0.365857781900000012	0.280120282700000001
7.51999999999999957	-0.3149484803	0.336176270599999993
7.52799999999999958	-0.255902682599999987	0.383007944099999997
7.53599999999999959	-0.189601276200000002	0.419691418400000016
7.54399999999999959	-0.118367118499999993	0.444914283000000021
7.5519999999999996	-0.0441620237999999984	0.458267073999999996
7.55999999999999961	0.0313174763000000009	0.45937505649999999
7.56799999999999962	0.106010754200000001	0.448230250499999983
7.57599999999999962	0.178108084599999994	0.425022005199999997
7.58399999999999963	0.245287314300000003	0.390346241500000024
7.59199999999999964	0.305986525499999995	0.345079730099999982
7.59999999999999964	0.358774450299999992	0.290536442800000017
7.60799999999999965	0.401924079400000023	0.227864084699999997
7.61599999999999966	0.434433264699999988	0.159085209300000002
7.62399999999999967	0.455113475699999992	0.0855261868000000008
7.63199999999999967	0.463591648700000025	0.00940294709999999964
7.63999999999999968	0.459217845299999983	-0.0672149596999999932
7.64799999999999969	0.442254160900000026	-0.142208529700000003
7.65599999999999969	0.412850330499999973	-0.213381797900000003
7.6639999999999997	0.372132160900000009	-0.278819971900000019
7.67199999999999971	0.321023878599999979	-0.336504566599999999
7.67999999999999972	0.261189102399999984	-0.384748268999999976
7.68799999999999972	0.19422729150000001	-0.422543718800000023
7.69599999999999973	0.121854884699999999	-0.448760732399999973
7.70399999999999974	0.0464436095999999979	-0.462364813699999988
7.71199999999999974	-0.0301540515999999988	-0.463555941799999982
7.71999999999999975	-0.106010685300000004	-0.452009008300000015
7.72799999999999976	-0.178449509199999995	-0.428255971399999991
7.73599999999999977	-0.246172806900000013	-0.392986805100000003
7.74399999999999977	-0.307124715100000001	-0.347340706700000001
7.75199999999999978	-0.359816347199999997	-0.292262675199999988
7.75999999999999979	-0.402693706300000009	-0.229472741799999991
7.76799999999999979	-0.434818072100000008	-0.160548162299999991
7.7759999999999998	-0.455340110099999973	-0.0872317747999999948
7.78399999999999981	-0.463609770199999993	-0.0116273950000000004
7.79199999999999982	-0.459343377399999975	0.0640939335000000054
7.79999999999999982	-0.442810759300000023	0.138617319300000014
7.80799999999999983	-0.414124092499999985	0.209179957899999991
7.81599999999999984	-0.374635035900000024	0.274267751000000004
7.82399999999999984	-0.324917734299999983	0.331785633400000002
7.83199999999999985	-0.266244919400000002	0.380954986499999981
7.83999999999999986	-0.200322774799999992	0.419396529000000018
7.84799999999999986	-0.128905143100000008	0.446869278300000006
7.85599999999999987	-0.0539745846000000001	0.462187520399999996
7.86399999999999988	0.0225639569999999991	0.464945171200000007
7.87199999999999989	0.098788964600000001	0.455107049500000027
7.87999999999999989	0.172519086999999988	0.432816743100000012
7.8879999999999999	0.241656363900000004	0.39863358929999998
7.89599999999999991	0.30414278480000001	0.353556450000000022
7.90399999999999991	0.358777593299999975	0.297947421699999992
7.91199999999999992	0.40341434679999999	0.234116611299999999
7.91999999999999993	0.436551943200000014	0.163876157299999992
7.92799999999999994	0.457740150499999998	0.0892495687000000038
7.93599999999999994	0.465912767499999991	0.0133397742999999992
7.94399999999999995	0.461563281900000011	-0.062968850899999998
7.95199999999999996	0.444533836100000024	-0.137745810200000013
7.95999999999999996	0.415502098799999997	-0.2087401334
7.96799999999999997	0.375019543600000005	-0.274242359300000016
7.97599999999999998	0.324307690199999998	-0.332081015099999988
7.98399999999999999	0.264951038400000005	-0.380619388200000019
7.99199999999999999	0.198525941700000014	-0.418726988099999975
8	0.126899090500000006	-0.445633551800000027
8.00799999999999912	0.0517663065999999991	-0.460295821900000013
8.01600000000000001	-0.0246306103999999991	-0.462744926200000017
8.02399999999999913	-0.1003514296	-0.452529027899999992
8.03200000000000003	-0.173637482499999996	-0.429975680699999974
8.03999999999999915	-0.242086929199999995	-0.395397475300000023
8.04800000000000004	-0.303896938700000008	-0.350348297600000025
8.05599999999999916	-0.357345815999999983	-0.29544888549999998
8.06400000000000006	-0.400972166899999982	-0.232266449200000002
8.07199999999999918	-0.433629108200000002	-0.162893923400000001
8.08000000000000007	-0.454335509000000026	-0.0891793569000000064
8.08799999999999919	-0.462525995799999978	-0.0130078204999999995
8.09600000000000009	-0.458012827299999981	0.0631928783000000049
8.1039999999999992	-0.441107925199999973	0.137433695299999992
8.1120000000000001	-0.412166613500000001	0.207799008499999993
8.11999999999999922	-0.372206445699999999	0.272436530700000012
8.12800000000000011	-0.322352170100000002	0.329739389900000013
8.13599999999999923	-0.263703386599999978	0.377686232100000019
8.14400000000000013	-0.19795207649999999	0.415393928099999976
8.15199999999999925	-0.127015645399999988	0.441971328399999974
8.16000000000000014	-0.0527455807000000026	0.45648732409999998
8.16799999999999926	0.0227309802999999984	0.458572160900000025
8.17600000000000016	0.0976161210999999945	0.447901451000000006
8.18399999999999928	0.169660667399999993	0.425269691999999977
8.19200000000000017	0.236683951400000009	0.390962816300000016
8.19999999999999929	0.297008902899999983	0.34619680559999999
8.20800000000000018	0.34886464880000001	0.292427640599999983
8.2159999999999993	0.391145395200000023	0.231188460200000001
8.2240000000000002	0.422895111800000001	0.164125189000000005
8.23199999999999932	0.44326778579999998	0.0933035821999999987
8.24000000000000021	0.452090669599999995	0.0201040216000000008
8.24799999999999933	0.448854627100000014	-0.0533820496000000019
8.25600000000000023	0.434525166000000018	-0.125348221900000001
8.26399999999999935	0.408506993500000026	-0.193800061299999993
8.27200000000000024	0.37181525529999998	-0.25773090139999999
8.27999999999999936	0.325253452399999976	-0.314900799700000011
8.28800000000000026	0.270037079299999982	-0.363975089400000007
8.29599999999999937	0.20728290499999999	-0.403527987899999996
8.30400000000000027	0.138735617300000003	-0.432464200700000023
8.31199999999999939	0.0661218947000000029	-0.449760254099999979
8.32000000000000028	-0.0084362307999999997	-0.454939663699999997
8.3279999999999994	-0.0830801478999999982	-0.4476625568
8.3360000000000003	-0.155412137199999995	-0.428362892699999998
8.34399999999999942	-0.223717481500000009	-0.397434075300000023
8.35200000000000031	-0.285807827399999992	-0.35552236869999998
8.35999999999999943	-0.340852254399999999	-0.303862802900000006
8.36800000000000033	-0.386130135699999988	-0.244093016299999993
8.37599999999999945	-0.421541242400000016	-0.177584289300000003
8.38400000000000034	-0.4451562872	-0.105886484599999997
8.39199999999999946	-0.456835774899999991	-0.0311669465999999985
8.40000000000000036	-0.455958460800000021	0.044528686900000003
8.40799999999999947	-0.442531752300000025	0.119105769200000003
8.41600000000000037	-0.416916492999999999	0.190404984700000002
8.42399999999999949	-0.379814742099999991	0.256309844899999972
8.43200000000000038	-0.33224585299999998	0.315216006900000012
8.4399999999999995	-0.275555795300000017	0.365373131199999979
8.4480000000000004	-0.211817143099999994	0.405030230200000008
8.45599999999999952	-0.142374576499999989	0.433769708300000001
8.46400000000000041	-0.0693159988999999949	0.450971207599999979
8.47199999999999953	0.00522387029999999992	0.455826196800000027
8.48000000000000043	0.0795660888999999982	0.448891948699999987
8.48799999999999955	0.151698124699999992	0.429625425999999977
8.49600000000000044	0.2195806706	0.399195937200000017
8.50399999999999956	0.281770606099999987	0.358435160699999977
8.51200000000000045	0.336527306099999979	0.308154689300000006
8.51999999999999957	0.382659979099999992	0.249460450400000006
8.52800000000000047	0.418832230699999974	0.184018217600000006
8.53599999999999959	0.443950575700000016	0.1134028376
8.54400000000000048	0.457154425799999986	0.0393381516999999972
8.5519999999999996	0.458197410999999999	-0.0363427339000000002
8.5600000000000005	0.446802742400000008	-0.111790897
8.56799999999999962	0.422726891900000012	-0.184673815099999999
8.57600000000000051	0.386873960500000003	-0.252579843500000012
8.58399999999999963	0.339789936100000023	-0.313849184299999973
8.59200000000000053	0.283172360999999984	-0.366209478600000027
8.59999999999999964	0.217994402599999998	-0.408243656800000021
8.60800000000000054	0.146796896199999999	-0.438831955399999973
8.61599999999999966	0.0713137397999999978	-0.456892899000000019
8.62400000000000055	-0.00590126049999999992	-0.461824737099999993
8.63199999999999967	-0.082491040099999996	-0.453563495699999986
8.64000000000000057	-0.156145426000000004	-0.43276630789999998
8.64799999999999969	-0.2252779003	-0.399915521900000015
8.65600000000000058	-0.287285593100000014	-0.356040916900000004
8.6639999999999997	-0.341054712799999993	-0.302534057099999976
8.6720000000000006	-0.384814976899999994	-0.241795433400000009
8.67999999999999972	-0.417644804699999983	-0.174665125599999999
8.68800000000000061	-0.438939349300000003	-0.103497952099999999
8.69599999999999973	-0.448403268199999983	-0.0303503305999999994
8.70400000000000063	-0.445922865300000026	0.0427320287000000007
8.71199999999999974	-0.431879952499999997	0.113855284299999998
8.72000000000000064	-0.406954742199999997	0.181630788300000012
8.72799999999999976	-0.37174753319999998	0.244427421899999997
8.73600000000000065	-0.327349291900000006	0.300765847500000016
8.74399999999999977	-0.274808970099999994	0.349479800399999985
8.75200000000000067	-0.215239855199999996	0.389323377000000026
8.75999999999999979	-0.149798048900000008	0.419430645400000024
8.76800000000000068	-0.0804627084999999936	0.438943875500000025
8.7759999999999998	-0.00838202910000000051	0.447647647400000015
8.7840000000000007	0.0647704042000000063	0.444397630900000007
8.79199999999999982	0.136951384799999992	0.429452981000000011
8.80000000000000071	0.20629100580000001	0.402594321899999996
8.80799999999999983	0.270788384699999995	0.364251730499999982
8.81600000000000072	0.328544156799999987	0.315155264300000015
8.82399999999999984	0.377387203000000004	0.25661433950000001
8.83200000000000074	0.415594289100000014	0.19016788770000001
8.83999999999999986	0.441929045500000006	0.117537122999999993
8.84800000000000075	0.455155033499999973	0.0415798693000000025
8.85599999999999987	0.454988186199999978	-0.0353544209000000026
8.86400000000000077	0.441191574899999994	-0.111021675
8.87199999999999989	0.414870767400000007	-0.182432940200000004
8.88000000000000078	0.376854560399999983	-0.247759873800000002
8.8879999999999999	0.328938005300000003	-0.305210085700000022
8.8960000000000008	0.272843020200000008	-0.3532377934
8.90399999999999991	0.210230596900000011	-0.390801546599999994
8.91200000000000081	0.143126786400000011	-0.417386668700000019
8.91999999999999993	0.0737304151999999963	-0.432662684999999991
8.92800000000000082	0.00338263009999999979	-0.436841439900000017
8.93599999999999994	-0.0660258145999999962	-0.429976346600000003
8.94400000000000084	-0.133034254699999993	-0.412707809400000014
8.95199999999999996	-0.196495906400000003	-0.385385390699999997
8.96000000000000085	-0.254822690100000027	-0.34899462240000001
8.96799999999999997	-0.306891287899999976	-0.304282580899999988
8.97600000000000087	-0.351634166199999987	-0.252059629000000007
8.98399999999999999	-0.387989452299999982	-0.193101673299999999
8.99200000000000088	-0.415041119299999983	-0.129178964099999988
9	-0.43207283019999998	-0.0613503624999999983
