1	-0.0563186447999999978	-0.160177912000000006
1.00800000000000001	-0.0821656463000000059	-0.14836177410000001
1.01600000000000001	-0.105093541700000001	-0.132789850600000009
1.02400000000000002	-0.12510097819999999	-0.113773620000000006
1.03200000000000003	-0.14219338849999999	-0.0913175896999999931
1.04000000000000004	-0.15531740329999999	-0.0662355676999999976
1.04800000000000004	-0.164046886400000008	-0.039432971499999997
1.05600000000000005	-0.168117388099999987	-0.0123834811999999992
1.06400000000000006	-0.167776741199999996	0.0153449147000000001
1.07200000000000006	-0.162869614699999998	0.042947031699999999
1.08000000000000007	-0.153512632499999996	0.0691482197999999937
1.08800000000000008	-0.140005651399999986	0.0933683523999999931
1.09600000000000009	-0.123136971299999995	0.114597899599999997
1.10400000000000009	-0.102699848199999999	0.133192497699999995
1.1120000000000001	-0.0792448862000000032	0.148392923700000012
1.12000000000000011	-0.0533987594000000024	0.159603166299999988
1.12799999999999989	-0.0262765210000000006	0.16630785549999999
1.1359999999999999	0.00130995039999999997	0.168356233500000008
1.14399999999999991	0.0287129744999999985	0.166020197099999989
1.15199999999999991	0.0556293616000000032	0.159180352599999991
1.15999999999999992	0.0813433018000000035	0.147854622699999994
1.16799999999999993	0.104683923299999995	0.132311391899999992
1.17599999999999993	0.125225024099999999	0.113167197799999994
1.18399999999999994	0.142124594999999992	0.0909796727999999943
1.19199999999999995	0.155203041900000005	0.0662548783999999946
1.19999999999999996	0.164084852899999994	0.0396499624000000023
1.20799999999999996	0.168456150199999988	0.0117685551999999992
1.21599999999999997	0.167947008499999995	-0.0164524475000000017
1.22399999999999998	0.162769932700000008	-0.0438109133999999983
1.23199999999999998	0.153075113099999993	-0.0702019776000000068
1.23999999999999999	0.139392334099999987	-0.0941341232000000028
1.248	0.121833135800000006	-0.115822854200000006
1.25600000000000001	0.100953156799999999	-0.134162402799999997
1.26400000000000001	0.076803307799999998	-0.149011207000000007
1.27200000000000002	0.0511321053000000011	-0.159538979999999997
1.28000000000000003	0.0244244672999999989	-0.165604290900000006
1.28800000000000003	-0.00283173289999999987	-0.167237431999999991
1.29600000000000004	-0.0301013902000000014	-0.164417237900000013
1.30400000000000005	-0.0568534112000000022	-0.157151642199999997
1.31200000000000006	-0.0818503052000000009	-0.145708880900000004
1.32000000000000006	-0.104703092900000003	-0.1302053611
1.32800000000000007	-0.124851133899999994	-0.111110696100000003
1.33600000000000008	-0.141273051900000002	-0.0893351886999999983
1.34400000000000008	-0.154109587599999986	-0.0648961856999999975
1.35200000000000009	-0.162771197400000012	-0.0387534344000000017
1.3600000000000001	-0.166946306799999999	-0.0112206751000000007
1.3680000000000001	-0.166559848099999991	0.0166363237999999983
1.37599999999999989	-0.161620871700000002	0.043676155199999997
1.3839999999999999	-0.152278490900000008	0.0697047893999999946
1.3919999999999999	-0.138234683599999991	0.0944784203000000045
1.39999999999999991	-0.120812435800000006	0.115950841999999998
1.40799999999999992	-0.100052108400000006	0.134237906800000001
1.41599999999999993	-0.0765278976000000055	0.148901717600000011
1.42399999999999993	-0.0509894697999999993	0.159421915500000011
1.43199999999999994	-0.0236296938000000005	0.165604127299999987
1.43999999999999995	0.00432219730000000038	0.167089659000000001
1.44799999999999995	0.0317942356999999995	0.163962656699999987
1.45599999999999996	0.0582861557000000016	0.15629288529999999
1.46399999999999997	0.0837653530000000007	0.143990314300000005
1.47199999999999998	0.105973309799999998	0.1282310069
1.47999999999999998	0.125432034999999997	0.108901396299999995
1.48799999999999999	0.141500974800000012	0.0864767917999999941
1.496	0.153523180199999998	0.062088474099999999
1.504	0.161371947999999987	0.0358553898999999995
1.51200000000000001	0.16480482560000001	0.00872494239999999956
1.52000000000000002	0.163840065300000004	-0.0183778089000000006
1.52800000000000002	0.15847307590000001	-0.0448273859000000024
1.53600000000000003	0.148934169199999994	-0.0699930656000000012
1.54400000000000004	0.134964011699999997	-0.0938778239000000042
1.55200000000000005	0.118049773999999996	-0.114406564599999996
1.56000000000000005	0.0977726743000000009	-0.132141289299999992
1.56800000000000006	0.0748474427000000025	-0.146315739700000003
1.57600000000000007	0.0500118864999999982	-0.156684026700000006
1.58400000000000007	0.0239181993999999995	-0.162765519899999989
1.59200000000000008	-0.00353437450000000002	-0.164590372499999998
1.60000000000000009	-0.0306007584000000006	-0.161850119399999992
1.6080000000000001	-0.0567872079999999987	-0.15475308069999999
1.6160000000000001	-0.0815225519999999981	-0.143418645300000008
1.62400000000000011	-0.104156499499999999	-0.128070948600000012
1.6319999999999999	-0.124316475400000001	-0.108730636000000006
1.6399999999999999	-0.140422553000000006	-0.0870171520999999948
1.64799999999999991	-0.1528473568	-0.0628168085999999959
1.65599999999999992	-0.161142137299999988	-0.0367073390999999999
1.66399999999999992	-0.164996457600000007	-0.00957048710000000039
1.67199999999999993	-0.164283344500000011	0.0177387721999999991
1.67999999999999994	-0.159015824800000011	0.0446222194999999974
1.68799999999999994	-0.149143391699999989	0.0707393330999999959
1.69599999999999995	-0.135398898500000003	0.0942650426999999957
1.70399999999999996	-0.117958360999999998	0.115149403799999994
1.71199999999999997	-0.0974298167000000048	0.132824006900000013
1.71999999999999997	-0.0742100685999999982	0.14692208570000001
1.72799999999999998	-0.048887548900000001	0.157067594799999988
1.73599999999999999	-0.0217358882999999989	0.162816995800000003
1.74399999999999999	0.00470543540000000014	0.164119824500000011
1.752	0.0316620032999999981	0.161022869200000002
1.76000000000000001	0.0576768844999999974	0.153576824100000009
1.76800000000000002	0.0820526802999999999	0.141895978099999986
1.77600000000000002	0.104073873900000002	0.126678375600000004
1.78400000000000003	0.123264584799999993	0.108064889600000005
1.79200000000000004	0.139583318600000006	0.0859441737000000011
1.80000000000000004	0.151888373500000007	0.0616891878999999976
1.80800000000000005	0.160042164999999986	0.0359896508000000018
1.81600000000000006	0.163852891199999989	0.0092113869000000001
1.82400000000000007	0.163211681599999991	-0.0178353327999999992
1.83200000000000007	0.158194213299999997	-0.0444600429000000033
1.84000000000000008	0.148759735199999993	-0.0700684877999999955
1.84800000000000009	0.134784861400000011	-0.0943108267999999972
1.85600000000000009	0.117811770400000002	-0.114974056500000005
1.8640000000000001	0.097287359899999995	-0.132868715199999987
1.87200000000000011	0.0738201841000000053	-0.147236663299999987
1.87999999999999989	0.0482637427000000008	-0.157445732799999988
1.8879999999999999	0.0213548159999999987	-0.16324291769999999
1.89599999999999991	-0.00582118980000000032	-0.164439054800000012
1.90399999999999991	-0.0325620406000000015	-0.161225310099999991
1.91199999999999992	-0.0587760422999999976	-0.153493806600000005
1.91999999999999993	-0.0837245949000000045	-0.141190109499999994
1.92799999999999994	-0.105831920900000001	-0.125271671000000001
1.93599999999999994	-0.124839624900000001	-0.106001614399999999
1.94399999999999995	-0.140465371799999988	-0.0839355205999999937
1.95199999999999996	-0.152149739799999989	-0.0596781278000000012
1.95999999999999996	-0.159695797100000009	-0.0338746804000000026
1.96799999999999997	-0.162924297899999987	-0.00715733470000000024
1.97599999999999998	-0.161601186400000013	0.0202082809000000002
1.98399999999999999	-0.155979206000000009	0.0464777999999999997
1.99199999999999999	-0.146326478300000007	0.0710739103999999955
2	-0.132468807299999991	0.0942205440999999977
2.00800000000000001	-0.115078651200000007	0.114781993900000004
2.01600000000000001	-0.0946906026000000067	0.132023377299999994
2.02400000000000002	-0.0718763298999999939	0.145703860099999999
2.03200000000000003	-0.0471248745999999982	0.155518598499999994
2.04000000000000004	-0.0210792700000000006	0.161131381299999987
2.04800000000000004	0.00537512519999999976	0.162490263400000001
2.05600000000000005	0.0327453431999999989	0.159226973900000013
2.06400000000000006	0.0588584009999999977	0.151623123800000009
2.07200000000000006	0.0829486417000000059	0.13991383839999999
2.08000000000000007	0.1047859607	0.124465836299999993
2.08800000000000008	0.123880689000000002	0.105520077500000004
2.09600000000000009	0.139655064699999998	0.0835422958999999937
2.10400000000000009	0.151525530200000008	0.0592978854
2.1120000000000001	0.159270422200000011	0.0333334178000000009
2.12000000000000011	0.162472333999999996	0.00651933980000000014
2.12800000000000011	0.161112882099999993	-0.0206969341000000015
2.13600000000000012	0.155501740299999996	-0.0467652786000000015
2.14400000000000013	0.145830555700000003	-0.0712559418
2.15200000000000014	0.131888039600000007	-0.0942808623999999984
2.16000000000000014	0.114422001199999998	-0.114731480900000002
2.16800000000000015	0.0937620339999999941	-0.131847288199999996
2.17600000000000016	0.0706065099999999973	-0.145408534199999995
2.18400000000000016	0.0454783361999999969	-0.154913725400000007
2.19200000000000017	0.0194599446000000009	-0.160133618599999999
2.20000000000000018	-0.00696067370000000036	-0.161036543300000001
2.20800000000000018	-0.0329280417000000006	-0.157678336800000013
2.21600000000000019	-0.0584109966000000008	-0.150083221099999997
2.2240000000000002	-0.082834047600000002	-0.138033719199999988
2.23200000000000021	-0.104263516599999995	-0.122578722099999995
2.24000000000000021	-0.122859051400000002	-0.104039710699999996
2.24800000000000022	-0.138291690699999997	-0.0826218902000000061
2.25599999999999978	-0.149966487600000004	-0.0587929407999999987
2.26399999999999979	-0.157626024799999986	-0.0334251413999999969
2.2719999999999998	-0.161114213899999997	-0.00714612369999999969
2.2799999999999998	-0.160168074800000004	0.0193675046999999996
2.28799999999999981	-0.154910942999999995	0.0454527854000000009
2.29599999999999982	-0.145118936300000001	0.0707631722999999963
2.30399999999999983	-0.131073692900000011	0.0941907746999999934
2.31199999999999983	-0.114077196899999997	0.114372620100000003
2.31999999999999984	-0.0941566365000000016	0.131445031699999992
2.32799999999999985	-0.0711766270000000062	0.145230037899999997
2.33599999999999985	-0.0460932187000000007	0.155004256199999996
2.34399999999999986	-0.0197775199999999998	0.160525203100000013
2.35199999999999987	0.00710533750000000037	0.161519824799999989
2.35999999999999988	0.0338068914999999984	0.158043491400000014
2.36799999999999988	0.0595614771000000029	0.150215437899999998
2.37599999999999989	0.0835745071000000006	0.138136685799999992
2.3839999999999999	0.105235285999999997	0.122398926300000002
2.3919999999999999	0.123821908199999997	0.103263365100000004
2.39999999999999991	0.138827995300000007	0.0819042278000000068
2.40799999999999992	0.150294961700000007	0.0578056873999999998
2.41599999999999993	0.157746422100000006	0.0314462412000000024
2.42399999999999993	0.160565164600000004	0.00500425459999999985
2.43199999999999994	0.159183369299999988	-0.0214212582000000012
2.43999999999999995	0.153445224299999988	-0.0471592497000000027
2.44799999999999995	0.143575478199999995	-0.0715820275000000061
2.45599999999999996	0.129908193300000002	-0.0940321680999999937
2.46399999999999997	0.1126813069	-0.113990241300000003
2.47199999999999998	0.0924188610999999993	-0.13096462049999999
2.47999999999999998	0.0697388701999999971	-0.144369157599999992
2.48799999999999999	0.0451075303999999982	-0.153875794600000004
2.496	0.019249484800000001	-0.159272254000000002
2.504	-0.00733502390000000028	-0.160304932300000008
2.51200000000000001	-0.0342560848000000029	-0.156715089000000002
2.52000000000000002	-0.059569479699999997	-0.148991633499999998
2.52800000000000002	-0.0830064154999999998	-0.137385569399999991
2.53600000000000003	-0.104423406299999993	-0.121977037199999999
2.54400000000000004	-0.123141785700000006	-0.103025342800000003
2.55200000000000005	-0.138493029399999995	-0.0811459008000000037
2.56000000000000005	-0.149911643600000005	-0.0571065456000000027
2.56800000000000006	-0.1572580586	-0.0314567430000000023
2.57600000000000007	-0.160108266500000013	-0.00501569640000000018
2.58400000000000007	-0.158676743499999995	0.0215938204999999994
2.59200000000000008	-0.152837193600000004	0.0474627498999999967
2.60000000000000009	-0.142793137799999997	0.071931646599999996
2.6080000000000001	-0.129111114400000004	0.0942930691999999959
2.6160000000000001	-0.112014647800000006	0.113899198199999996
2.62400000000000011	-0.0921409091000000013	0.130479437700000006
2.63200000000000012	-0.0700183718000000066	0.143564814099999993
2.64000000000000012	-0.0444082881999999998	0.153359020099999993
2.64800000000000013	-0.0180147187999999993	0.158496618700000008
2.65600000000000014	0.00827383439999999915	0.159255680700000013
2.66400000000000015	0.0341391969000000017	0.155846006499999995
2.67200000000000015	0.0592628699000000009	0.148276175499999996
2.68000000000000016	0.0829249190999999941	0.136636657699999997
2.68800000000000017	0.104316379900000006	0.121199743099999993
2.69600000000000017	0.122958064300000003	0.102503828500000005
2.70400000000000018	0.138209293499999997	0.0808860633000000051
2.71200000000000019	0.149766904700000009	0.057030351600000001
2.7200000000000002	0.157201869599999988	0.0315359009999999981
2.7280000000000002	0.160294962000000013	0.00520641900000000032
2.73600000000000021	0.158997710099999995	-0.0213120507000000015
2.74400000000000022	0.153286461699999987	-0.0473936923999999996
2.75199999999999978	0.143211146700000014	-0.0723293354999999943
2.75999999999999979	0.128990518199999987	-0.0952778001999999985
2.76799999999999979	0.111167589400000003	-0.115435294100000002
2.7759999999999998	0.0911402439999999953	-0.131716927600000006
2.78399999999999981	0.0683501625000000057	-0.144820095700000012
2.79199999999999982	0.0434319005999999966	-0.154024115399999995
2.79999999999999982	0.0173625957000000004	-0.158982377300000005
2.80799999999999983	-0.00909974480000000016	-0.15963054069999999
2.81599999999999984	-0.0353643954999999996	-0.15589348950000001
2.82399999999999984	-0.0607501039999999992	-0.147884425200000003
2.83199999999999985	-0.0844610573999999975	-0.135678648600000007
2.83999999999999986	-0.105697240499999998	-0.119769699499999993
2.84799999999999986	-0.123963476700000005	-0.100587397100000003
2.85599999999999987	-0.138771619200000002	-0.0786372347000000027
2.86399999999999988	-0.149734332199999987	-0.0545682513000000022
2.87199999999999989	-0.156553316800000009	-0.0290442269999999989
2.87999999999999989	-0.159059053199999995	-0.00286280349999999987
2.8879999999999999	-0.157185584999999989	0.0233532689000000016
2.89599999999999991	-0.151148261799999989	0.0487975162000000018
2.90399999999999991	-0.141246704899999992	0.0723854394999999956
2.91199999999999992	-0.127723831499999996	0.094069180500000002
2.91999999999999993	-0.109828266300000005	0.114512714000000002
2.92799999999999994	-0.0892573945000000035	0.131067654400000011
2.93599999999999994	-0.0663036922000000001	0.144026244299999995
2.94399999999999995	-0.0418391868999999986	0.152991507199999988
2.95199999999999996	-0.0162766839999999996	0.1577905379
2.95999999999999996	0.00975297250000000011	0.158322033899999992
2.96799999999999997	0.0356495357999999998	0.154627712899999992
2.97599999999999998	0.0606428322999999977	0.146698304400000007
2.98399999999999999	0.0839349850000000036	0.134752512299999988
2.99199999999999999	0.105006916199999994	0.119142001499999997
3	0.123218041700000003	0.100197839499999997
3.00800000000000001	0.138121175099999993	0.0783915020000000018
3.01600000000000001	0.149188316600000009	0.0544582228999999987
3.02400000000000002	0.156176555800000005	0.0290093506999999987
3.03200000000000003	0.158753508200000004	0.00271493619999999989
3.04000000000000004	0.156958195800000005	-0.0236429615000000003
3.04800000000000004	0.150792549199999987	-0.0493504634999999969
3.05600000000000005	0.140409022699999997	-0.0735578895999999954
3.06400000000000006	0.126043512800000007	-0.0959006086000000063
3.07200000000000006	0.108092147700000002	-0.115424249899999998
3.08000000000000007	0.0877723051000000032	-0.131367779299999987
3.08800000000000008	0.0650015976000000023	-0.143835950500000004
3.09600000000000009	0.0405708072999999975	-0.152417186099999991
3.10400000000000009	0.0149284747999999991	-0.156830588999999992
3.1120000000000001	-0.0109908858000000009	-0.157031638299999998
3.12000000000000011	-0.036639691000000002	-0.152994577599999987
3.12800000000000011	-0.0612420732999999981	-0.144784309599999994
3.13600000000000012	-0.0842148709000000023	-0.132650658300000002
3.14400000000000013	-0.104784015199999997	-0.116920518000000001
3.15200000000000014	-0.122571334700000006	-0.0980390904000000007
3.16000000000000014	-0.136975663400000003	-0.0766058217000000069
3.16800000000000015	-0.147674057999999997	-0.053043374499999997
3.17600000000000016	-0.154413909300000013	-0.0279323086999999984
3.18400000000000016	-0.156929378400000014	-0.00219144139999999984
3.19200000000000017	-0.155212786800000002	0.0236264022000000004
3.20000000000000018	-0.149142276600000012	0.0489332076000000005
3.20800000000000018	-0.139069324500000008	0.0729211032999999981
3.21600000000000019	-0.125160984800000014	0.094816854000000006
3.2240000000000002	-0.107756510200000002	0.114066898
3.23200000000000021	-0.0874226267000000057	0.130220082200000004
3.24000000000000021	-0.0647849499999999939	0.142806369799999999
3.24800000000000022	-0.040801629300000003	0.151378219700000011
3.25599999999999978	-0.0153442988999999991	0.156038684900000002
3.26399999999999979	0.0118859012	0.156080788100000006
3.2719999999999998	0.037653727300000002	0.151797524699999992
3.2799999999999998	0.0621941489000000028	0.143232836800000013
3.28799999999999981	0.0848030932999999931	0.130855400700000013
3.29599999999999982	0.1050562887	0.114941032100000007
3.30399999999999983	0.122303795300000004	0.0961090084000000011
3.31199999999999983	0.136144822800000009	0.0746032915999999963
3.31999999999999984	0.146367311400000005	0.0511895308000000007
3.32799999999999985	0.152593999000000008	0.0264677305999999994
3.33599999999999985	0.154544053099999995	0.00108072300000000001
3.34399999999999986	0.152528716399999986	-0.0240493602999999993
3.35199999999999987	0.146439335300000001	-0.0485318438000000019
3.35999999999999988	0.136432196300000003	-0.0716277431999999964
3.36799999999999988	0.122925703499999997	-0.0928434466999999986
3.37599999999999989	0.106129833000000007	-0.111574382700000002
3.3839999999999999	0.0865172646000000045	-0.127344097500000003
3.3919999999999999	0.0646569017999999995	-0.139788607700000012
3.39999999999999991	0.0409544387999999995	-0.148529299700000006
3.40799999999999992	0.0161191961000000002	-0.153354757400000014
3.41599999999999993	-0.00926040040000000036	-0.154086050199999991
3.42399999999999993	-0.0344799653999999997	-0.15062513050000001
3.43199999999999994	-0.0588204693999999986	-0.1430242813
3.43999999999999995	-0.0817966249999999978	-0.1314095656
3.44799999999999995	-0.102501538500000003	-0.116194969600000003
3.45599999999999996	-0.120405146699999993	-0.0976676266000000015
3.46399999999999997	-0.134733940800000007	-0.0769130940999999957
3.47199999999999998	-0.145650550299999987	-0.0538555782999999982
3.47999999999999998	-0.152600190400000002	-0.0291858771000000003
3.48799999999999999	-0.15537964600000001	-0.00356975910000000007
3.496	-0.1539003813	0.0221029374000000015
3.504	-0.148087152999999999	0.0473302766999999999
3.51200000000000001	-0.138223387800000014	0.0711564952999999972
3.52000000000000002	-0.124604145099999994	0.0929787115999999997
3.52800000000000002	-0.107476284699999994	0.112260683999999999
3.53600000000000003	-0.0874435065000000039	0.128443970699999993
3.54400000000000004	-0.0649730205000000061	0.140995110499999993
3.55200000000000005	-0.0408844789	0.149772739300000013
3.56000000000000005	-0.015716715400000001	0.154389443200000004
3.56800000000000006	0.00984866629999999951	0.154820911799999988
3.57600000000000007	0.035193648000000001	0.151127998000000013
3.58400000000000007	0.0594895251999999972	0.143313652900000005
3.59200000000000008	0.0821222877000000046	0.131592719599999991
3.60000000000000009	0.102657119899999996	0.116304469999999993
3.6080000000000001	0.120434371200000001	0.0978896372000000042
3.6160000000000001	0.134900274300000012	0.0768406051999999951
3.62400000000000011	0.145782884800000012	0.053698653300000003
3.63200000000000012	0.152692697500000002	0.0290012889000000017
3.64000000000000012	0.155558742299999997	0.00346240520000000006
3.64800000000000013	0.154077963000000012	-0.0221723963999999989
3.65600000000000014	0.148428272	-0.0472944490999999967
3.66400000000000015	0.138682767000000012	-0.0711450356999999978
3.67200000000000015	0.125401230899999994	-0.0928381058000000009
3.68000000000000016	0.109302138899999998	-0.111712102899999999
3.68800000000000017	0.089896017100000003	-0.128063404200000008
3.69600000000000017	0.0661438644999999964	-0.141876134300000012
3.70400000000000018	0.040798150200000001	-0.151046115600000003
3.71200000000000019	0.0149081296000000002	-0.155712867100000013
3.7200000000000002	-0.0110236588000000007	-0.156063630700000011
3.7280000000000002	-0.0365661908000000022	-0.152099703100000011
3.73600000000000021	-0.0611423769999999978	-0.143805108500000001
3.74400000000000022	-0.0841474995000000003	-0.131635136799999997
3.75199999999999978	-0.104714736000000003	-0.115753771300000002
3.75999999999999979	-0.122309275499999995	-0.0968160829000000028
3.76799999999999979	-0.136434501200000002	-0.0752995369999999997
3.7759999999999998	-0.146902478400000008	-0.0516694949000000014
3.78399999999999981	-0.153253031499999998	-0.0267161718000000006
3.79199999999999982	-0.15544899840000001	-0.0012327897
3.79999999999999982	-0.153431177700000004	0.0240560185999999995
3.80799999999999983	-0.147270318399999989	0.0487937343000000023
3.81599999999999984	-0.137214189799999997	0.0722139645999999996
3.82399999999999984	-0.123428491900000006	0.0936664771000000063
3.83199999999999985	-0.106425836900000001	0.112562307299999997
3.83999999999999986	-0.0865483617000000066	0.128428472099999996
3.84799999999999986	-0.0643280274000000013	0.140854764900000012
3.85599999999999987	-0.040247036600000001	0.149602096900000009
3.86399999999999988	-0.0151744853000000002	0.154192337000000013
3.87199999999999989	0.0103657213999999998	0.154647268799999987
3.87999999999999989	0.0357458391000000028	0.150870392900000011
3.8879999999999999	0.0601953532999999971	0.143027365099999998
3.89599999999999991	0.0830258526999999996	0.131232003300000011
3.90399999999999991	0.103640031499999993	0.115794593500000001
3.91199999999999992	0.121472022299999996	0.0971968789999999999
3.91999999999999993	0.135975451400000003	0.0756685175000000043
3.92799999999999994	0.146734666900000005	0.0520735807999999981
3.93599999999999994	0.153396116500000013	0.0269614092000000014
3.94399999999999995	0.155767512999999996	0.00112104850000000009
3.95199999999999996	0.153868837300000005	-0.0245069797000000006
3.95999999999999996	0.1476708994	-0.0494504460000000021
3.96799999999999997	0.137509005900000009	-0.0730551680999999981
3.97599999999999998	0.123576772500000001	-0.0947259086000000056
3.98399999999999999	0.106163541299999997	-0.113762157200000005
3.99199999999999999	0.0858634335000000026	-0.129630179799999995
4	0.0632148579999999988	-0.141877973699999993
4.00800000000000001	0.0388715240999999989	-0.150167508199999994
4.01600000000000001	0.0135722111999999999	-0.154356601600000004
4.02400000000000002	-0.0119632539	-0.154312837000000008
4.03200000000000003	-0.0371563905999999985	-0.150075381799999991
4.04000000000000004	-0.0613020820000000008	-0.141794705699999996
4.04800000000000004	-0.0836619829999999953	-0.129702812400000006
4.05600000000000005	-0.103662974099999999	-0.114108474400000007
4.06400000000000006	-0.120946697199999995	-0.0955121349000000036
4.07200000000000006	-0.134886836499999996	-0.0743865553999999984
4.08000000000000007	-0.145351773200000006	-0.0512673452000000016
4.08800000000000008	-0.151751837899999992	-0.0267958319999999986
4.09600000000000009	-0.154169447300000012	-0.00173155550000000003
4.10400000000000009	-0.152475518599999998	0.0235901973000000008
4.1120000000000001	-0.146653549100000002	0.0483253048000000032
4.12000000000000011	-0.136886978900000011	0.0717469797000000048
4.12800000000000011	-0.123275306299999998	0.0933858652000000011
4.13600000000000012	-0.106351549200000006	0.112562994400000005
4.14400000000000013	-0.0864406043000000013	0.128661946400000005
4.15200000000000014	-0.0639810439000000064	0.141361796399999989
4.16000000000000014	-0.0397283813999999985	0.150153925599999988
4.16800000000000015	-0.0143355071000000004	0.154789319300000006
4.17600000000000016	0.0115391560000000001	0.155069476399999989
4.18400000000000016	0.0370938909999999969	0.151102470600000011
4.19200000000000017	0.0616423970000000016	0.142865293899999996
4.20000000000000018	0.0844176947000000039	0.13074476430000001
4.20800000000000018	0.104880019500000005	0.114904686199999995
4.21600000000000019	0.122433567399999998	0.0959587170999999933
4.2240000000000002	0.136537835899999987	0.0743868520999999977
4.23200000000000021	0.146845759399999998	0.0510649334999999996
4.24000000000000021	0.153128824800000007	0.0268057171999999989
4.24800000000000022	0.15537959870000001	0.00209568499999999991
4.25600000000000023	0.153626095800000001	-0.0231913054999999986
4.26400000000000023	0.146917983299999999	-0.0499273466999999999
4.27200000000000024	0.136115468399999995	-0.0741848964000000055
4.28000000000000025	0.121853166099999993	-0.0955224246000000027
4.28800000000000026	0.104362581600000004	-0.114203925799999995
4.29600000000000026	0.0841335326999999994	-0.129662193600000003
4.30400000000000027	0.061817865399999998	-0.141706377999999994
4.31200000000000028	0.0377278569999999966	-0.149844173100000005
4.32000000000000028	0.0127230668000000002	-0.15401920220000001
4.32800000000000029	-0.0127236650000000003	-0.154029049499999987
4.3360000000000003	-0.0379349632999999992	-0.149910303900000014
4.34400000000000031	-0.0619933880999999978	-0.141681601399999996
4.35200000000000031	-0.084529444499999995	-0.129594976100000009
4.36000000000000032	-0.104805287900000002	-0.113868834099999997
4.36800000000000033	-0.122212879699999999	-0.0951655218999999941
4.37600000000000033	-0.136322287200000003	-0.0736845824999999982
4.38400000000000034	-0.146758524499999987	-0.0500377844000000002
4.39200000000000035	-0.153026272500000005	-0.0249609143000000012
4.40000000000000036	-0.155053566000000004	0.000650191099999999976
4.40800000000000036	-0.152831598499999999	0.0263371807000000006
4.41600000000000037	-0.14627278190000001	0.0512417642999999992
4.42400000000000038	-0.135731409400000003	0.0747173676000000009
4.43200000000000038	-0.121431341799999995	0.0961276397999999976
4.44000000000000039	-0.1038100562	0.114773774800000006
4.4480000000000004	-0.0833076244999999965	0.13029151550000001
4.45600000000000041	-0.0605848079000000025	0.142142260200000009
4.46400000000000041	-0.0362349343000000004	0.150036541299999993
4.47200000000000042	-0.0109746606	0.153744778299999996
4.48000000000000043	0.0144708962999999993	0.153262016000000001
4.48800000000000043	0.0394579175000000018	0.14861851940000001
4.49600000000000044	0.063318322199999999	0.139945425799999995
4.50399999999999956	0.0853458978999999951	0.127489390499999994
4.51199999999999957	0.105059098500000003	0.111628464400000002
4.51999999999999957	0.121814925199999993	0.0927581595000000064
4.52799999999999958	0.135252786300000011	0.0715015942000000043
4.53599999999999959	0.145003353299999999	0.0483651926999999968
4.54399999999999959	0.150872990699999987	0.0239227925000000015
4.5519999999999996	0.152705818900000012	-0.0011041426
4.55999999999999961	0.150407490899999996	-0.0260625550000000011
4.56799999999999962	0.144130245800000001	-0.0503554647999999994
4.57599999999999962	0.133874690200000007	-0.0733699084999999973
4.58399999999999963	0.1198734209	-0.0945887376000000002
4.59199999999999964	0.102570821800000003	-0.113173034899999997
4.59999999999999964	0.0825718017000000026	-0.128510152600000011
4.60799999999999965	0.0603723954000000007	-0.140262774499999993
4.61599999999999966	0.0368458923000000022	-0.148330548899999998
4.62399999999999967	0.0122238282	-0.152420257799999986
4.63199999999999967	-0.0128412708000000004	-0.152458890600000008
4.63999999999999968	-0.0376657668000000001	-0.1484845001
4.64799999999999969	-0.0614910534999999966	-0.140331731799999998
4.65599999999999969	-0.0837842149999999952	-0.128336311499999994
4.6639999999999997	-0.103772941499999993	-0.112769641099999998
4.67199999999999971	-0.120992150800000003	-0.0941527055000000029
4.67999999999999972	-0.134822374800000006	-0.0729404185000000066
4.68799999999999972	-0.145013535100000007	-0.0496722111000000022
4.69599999999999973	-0.151209088399999997	-0.0250883718999999998
4.70399999999999974	-0.153217569800000009	0.000146105999999999987
4.71199999999999974	-0.151107861199999999	0.0253789105000000008
4.71999999999999975	-0.14480828770000001	0.0499118243999999989
4.72799999999999976	-0.134556667800000002	0.0730299737000000004
4.73599999999999977	-0.120708330399999994	0.0940821304999999997
4.74399999999999977	-0.103497577600000001	0.112712951300000003
4.75199999999999978	-0.0834846397999999962	0.128166537699999999
4.75999999999999979	-0.0612592013999999976	0.140172337499999994
4.76799999999999979	-0.0372868641999999986	0.148342040000000008
4.7759999999999998	-0.0122624241000000005	0.152440847399999996
4.78399999999999981	0.0130578302000000004	0.152419287699999989
4.79199999999999982	0.0380295219000000018	0.148137406999999999
4.79999999999999982	0.0619705134000000032	0.139893771400000005
4.80799999999999983	0.0842500327000000049	0.127683328900000004
4.81599999999999984	0.104196633600000005	0.112111620100000003
4.82399999999999984	0.121223520000000001	0.093467399100000001
4.83199999999999985	0.135028965899999992	0.0721973919000000047
4.83999999999999986	0.145195416900000013	0.0489224169000000014
4.84799999999999986	0.151353963499999994	0.0243794961999999997
4.85599999999999987	0.153380245500000012	-0.000952427500000000002
4.86399999999999988	0.151267030699999999	-0.0261856820999999997
4.87199999999999989	0.144944116200000001	-0.0508723489000000029
4.87999999999999989	0.134643810199999991	-0.0741457457000000014
4.8879999999999999	0.120674735699999994	-0.0953425162000000048
4.89599999999999991	0.103427427299999999	-0.113855227200000006
4.90399999999999991	0.083234693999999998	-0.129490686299999991
4.91199999999999992	0.0607346780000000003	-0.141490314000000006
4.91999999999999993	0.0365764957999999973	-0.149560330999999991
4.92799999999999994	0.0113119705000000008	-0.153486314799999995
4.93599999999999994	-0.0142592763000000001	-0.153234357200000004
4.94399999999999995	-0.0393626070000000008	-0.148655701400000007
4.95199999999999996	-0.0634234698000000069	-0.14001281530000001
4.95999999999999996	-0.0856422723000000025	-0.12749576600000001
4.96799999999999997	-0.105409975000000003	-0.111576150499999999
4.97599999999999998	-0.1223067709	-0.0926059640999999933
4.98399999999999999	-0.135821459899999997	-0.0710577245000000024
4.99199999999999999	-0.14561737529999999	-0.0477678371000000018
5	-0.151375731499999999	-0.0230966797999999987
5.00800000000000001	-0.1530370905	0.00202053400000000005
5.01600000000000001	-0.150545217499999995	0.0269648052999999985
5.02400000000000002	-0.144111700000000009	0.0510915662000000007
5.03200000000000003	-0.133974646100000011	0.0731065062999999987
5.04000000000000004	-0.120315054300000002	0.0940150079999999971
5.04800000000000004	-0.102249118700000002	0.113459711699999993
5.05600000000000005	-0.0814702488000000058	0.129127541799999995
5.06400000000000006	-0.0585613972999999982	0.140956070600000011
5.07200000000000006	-0.0344908001000000033	0.148700218500000009
5.08000000000000007	-0.00955021869999999988	0.152412739500000005
5.08800000000000008	0.0155975110999999993	0.151916092700000005
5.09600000000000009	0.0404212847999999986	0.147349495899999988
5.10400000000000009	0.064192540500000006	0.138698231499999991
5.1120000000000001	0.0862074010000000029	0.12618190130000001
5.12000000000000011	0.105935936699999997	0.110296743899999994
5.12800000000000011	0.122717911499999999	0.0913556892000000065
5.13600000000000012	0.13609297749999999	0.0697029353000000046
5.14400000000000013	0.145692261399999995	0.0462461104999999997
5.15200000000000014	0.151250952599999988	0.0215512139999999991
5.16000000000000014	0.152704839799999992	-0.00373880239999999997
5.16800000000000015	0.149918694999999991	-0.0288508410999999999
5.17600000000000016	0.142980875099999988	-0.0531987146999999966
5.18400000000000016	0.132149324000000012	-0.0759480639999999957
5.19200000000000017	0.117710868100000005	-0.0965809229000000047
5.20000000000000018	0.100118665800000006	-0.114546579499999995
5.20800000000000018	0.0798079985000000047	-0.129357320100000006
5.21600000000000019	0.0573336647000000019	-0.140546761800000003
5.2240000000000002	0.033386253099999999	-0.147945637200000008
5.23200000000000021	0.00855132559999999958	-0.151257704200000009
5.24000000000000021	-0.0163561296999999994	-0.150491085299999994
5.24800000000000022	-0.0408942743999999997	-0.145713451800000005
5.25600000000000023	-0.0641646627999999941	-0.136962174699999994
5.26400000000000023	-0.0856301716999999935	-0.124549733900000001
5.27200000000000024	-0.1048288728	-0.108834244799999993
5.28000000000000025	-0.121170904400000001	-0.0901752224000000047
5.28800000000000026	-0.134257621399999999	-0.0691606401999999981
5.29600000000000026	-0.143821027800000001	-0.0462502535999999992
5.30400000000000027	-0.149460875999999993	-0.0220679615000000003
5.31200000000000028	-0.151168738299999994	0.00271092460000000018
5.32000000000000028	-0.148770072000000003	0.027378958200000001
5.32800000000000029	-0.142320331699999997	0.0515191581999999981
5.3360000000000003	-0.131959935499999986	0.0741581496999999951
5.34400000000000031	-0.118136326599999994	0.0948670625000000017
5.35200000000000031	-0.100912763899999994	0.113117748500000004
5.36000000000000032	-0.0809522123000000066	0.128278132200000006
5.36800000000000033	-0.0587082735999999994	0.139903137000000011
5.37600000000000033	-0.0348112292000000018	0.147712940600000009
5.38400000000000034	-0.00990668890000000017	0.15148280380000001
5.39200000000000035	0.0152775574000000008	0.151023209800000002
5.40000000000000036	0.0401645908999999982	0.146416493199999997
5.40800000000000036	0.063848279899999999	0.137706971600000005
5.41600000000000037	0.0857744587999999947	0.125234765999999997
5.42400000000000038	0.105408169499999996	0.109125223399999999
5.43200000000000038	0.121943192300000003	0.0900524916000000064
5.44000000000000039	0.1352115495	0.0685833039000000033
5.4480000000000004	0.144455967500000004	0.0452147676999999984
5.45600000000000041	0.149989641400000012	0.020717619100000001
5.46400000000000041	0.15115470680000001	-0.00431504659999999967
5.47200000000000042	0.148229404000000009	-0.0291673952000000014
5.48000000000000043	0.141418626999999991	-0.0531298171999999985
5.48800000000000043	0.130632972300000011	-0.0756160027999999984
5.49600000000000044	0.116446833099999994	-0.0958770568999999934
5.50399999999999956	0.0992098329000000029	-0.113433317500000005
5.51199999999999957	0.0793029814	-0.1280771614
5.51999999999999957	0.0573436763000000002	-0.139263793899999988
5.52799999999999958	0.0336395812999999988	-0.146775136
5.53599999999999959	0.00909025200000000005	-0.150385430200000003
5.54399999999999959	-0.0158035428999999984	-0.149771840999999989
5.5519999999999996	-0.0401410972000000033	-0.145241831200000004
5.55999999999999961	-0.0633822700000000044	-0.136681504000000009
5.56799999999999962	-0.0850740323999999992	-0.1244094382
5.57599999999999962	-0.104367305499999993	-0.108837745299999997
5.58399999999999963	-0.120915761900000002	-0.0902800130000000062
5.59199999999999964	-0.134069285300000007	-0.0691774014999999992
5.59999999999999964	-0.143634900700000012	-0.0461881400000000025
5.60799999999999965	-0.149332273099999996	-0.0219205123000000002
5.61599999999999966	-0.150957473000000009	0.00298407689999999988
5.62399999999999967	-0.148474188400000012	0.0278436763999999996
5.63199999999999967	-0.141849769999999986	0.0519609208999999989
5.63999999999999968	-0.131336133900000013	0.0746974806999999991
5.64799999999999969	-0.117218917199999995	0.0953013508999999981
5.65599999999999969	-0.1000132138	0.113425115399999998
5.6639999999999997	-0.0799398137000000009	0.128227524900000001
5.67199999999999971	-0.0577174494999999968	0.139744219899999994
5.67999999999999972	-0.0338803822999999976	0.14732664949999999
5.68799999999999972	-0.00918589669999999962	0.150895211000000001
5.69599999999999973	0.0157184525000000005	0.150351880599999987
5.70399999999999974	0.0402983680000000011	0.145738329199999989
5.71199999999999974	0.0636647726000000025	0.137198167499999996
5.71999999999999975	0.085372758300000004	0.124838581800000001
5.72799999999999976	0.104788707300000006	0.109062723299999997
5.73599999999999977	0.121344422199999996	0.090319217199999996
5.74399999999999977	0.134519666199999999	0.0691771535000000048
5.75199999999999978	0.144086253899999989	0.0460447996999999998
5.75999999999999979	0.149724981899999998	0.0216721089000000006
5.76799999999999979	0.151279464899999994	-0.00334667269999999999
5.7759999999999998	0.148579184599999997	-0.0282118617000000002
5.78399999999999981	0.141988775900000003	-0.0524284544999999991
5.79199999999999982	0.1312722422	-0.075207439900000006
5.79999999999999982	0.116919540200000005	-0.0958359287000000032
5.80799999999999983	0.0993880315000000014	-0.113831576399999995
5.81599999999999984	0.0791616343000000056	-0.128685060500000004
5.82399999999999984	0.0567401654000000005	-0.13993359050000001
5.83199999999999985	0.0328586359000000022	-0.147314321100000006
5.83999999999999986	0.00811401380000000005	-0.150650702100000006
5.84799999999999986	-0.016932177100000001	-0.149809166100000002
5.85599999999999987	-0.0414771816000000029	-0.144940516500000005
5.86399999999999988	-0.0647283164999999938	-0.135932860999999988
5.87199999999999989	-0.0862850245000000016	-0.123362240499999998
5.87999999999999989	-0.105262872100000002	-0.107373800899999997
5.8879999999999999	-0.121529401999999995	-0.0885197241999999967
5.89599999999999991	-0.134271093000000008	-0.0673680257000000005
5.90399999999999991	-0.143427633199999988	-0.0443415389999999993
5.91199999999999992	-0.14882629289999999	-0.0201024545999999998
5.91999999999999993	-0.150016189500000008	0.00456618030000000008
5.92799999999999994	-0.147249739500000004	0.0291791211000000002
5.93599999999999994	-0.140509058699999995	0.0529039292999999994
5.94399999999999995	-0.129911458499999993	0.0752310907999999973
5.95199999999999996	-0.115838636300000006	0.0955116074000000037
5.95999999999999996	-0.098654911900000003	0.113278222299999995
5.96799999999999997	-0.078746136199999997	0.128078682500000013
5.97599999999999998	-0.0566693428000000013	0.139316524999999997
5.98399999999999999	-0.0330822662000000017	0.14679060490000001
5.99199999999999999	-0.00846374549999999969	0.1502971632
6	0.0164051093000000016	0.149666704300000009
6.00800000000000001	0.0406877796000000014	0.144974375999999988
6.01600000000000001	0.0640545421000000004	0.136418408299999988
6.02400000000000002	0.0855810228999999978	0.124067164199999996
6.03200000000000003	0.1048814686	0.108390860199999994
6.04000000000000004	0.121293028999999997	0.0896852008000000034
6.04800000000000004	0.134494215100000009	0.068497655399999996
6.05600000000000005	0.14392119049999999	0.0454057832000000008
6.06400000000000006	0.149467608800000012	0.0210771667000000003
6.07200000000000006	0.150896763099999998	-0.00386939379999999989
6.08000000000000007	0.148241463900000009	-0.0286965092000000012
6.08800000000000008	0.141492065599999994	-0.0527352239000000028
6.09600000000000009	0.130907049100000006	-0.0753576172999999988
6.10400000000000009	0.116736884599999993	-0.0959813860000000019
6.1120000000000001	0.0993273290000000059	-0.114058311199999998
6.12000000000000011	0.0790630013000000048	-0.128833999899999996
6.12800000000000011	0.0567320388999999967	-0.140094820300000006
6.13600000000000012	0.0327856009000000032	-0.14753621959999999
6.14400000000000013	0.00791294340000000054	-0.150915918099999991
6.15200000000000014	-0.0170052112999999998	-0.150224621800000013
6.16000000000000014	-0.041344328399999998	-0.145438792399999989
6.16800000000000015	-0.0645564361999999975	-0.136813824800000011
6.17600000000000016	-0.0864376325000000001	-0.124301955899999997
6.18400000000000016	-0.106364638999999997	-0.107960612400000003
6.19200000000000017	-0.123086527500000001	-0.0883995023999999963
6.20000000000000018	-0.136161585899999993	-0.0665592453000000001
6.20800000000000018	-0.145308353100000009	-0.0430548736000000015
6.21600000000000019	-0.150414110500000003	-0.0182951034999999998
6.2240000000000002	-0.151297640099999992	0.00687101910000000038
6.23200000000000021	-0.148056452700000007	0.0318653799999999987
6.24000000000000021	-0.140691003799999992	0.0558927729999999998
6.24800000000000022	-0.129451257200000003	0.0784056176999999993
6.25600000000000023	-0.114610920399999996	0.0986546113999999946
6.26400000000000023	-0.0966418059999999968	0.116236764800000003
6.27200000000000024	-0.0760488973000000013	0.130464630100000006
6.28000000000000025	-0.0534058482000000015	0.141134817899999987
6.28800000000000026	-0.0294167388000000016	0.147902342200000009
6.29600000000000026	-0.00459818330000000015	0.150574232199999991
6.30400000000000027	0.0202073114999999984	0.149218944500000006
6.31200000000000028	0.0445367189000000011	0.143652863200000008
6.32000000000000028	0.0674868260999999942	0.134203344400000008
6.32800000000000029	0.0886423519999999937	0.121165919400000002
6.3360000000000003	0.107199360600000002	0.104835326699999995
6.34400000000000031	0.122871874699999994	0.0857273751999999972
6.35200000000000031	0.135141397599999991	0.0644018492999999942
6.36000000000000032	0.143773812700000003	0.0413310066999999989
6.36800000000000033	0.148516488499999988	0.0171686274000000007
6.37600000000000033	0.149219933999999999	-0.00733149379999999996
6.38400000000000034	0.145930459699999987	-0.0316988254999999997
6.39200000000000035	0.138726572599999987	-0.0550959604999999991
6.40000000000000036	0.127807171100000005	-0.0770298123999999945
6.40800000000000036	0.113464795699999996	-0.0969288135999999967
6.41600000000000037	0.0960851241000000023	-0.114189076799999997
6.42400000000000038	0.0760085035000000048	-0.12836762739999999
6.43200000000000038	0.0540276260000000022	-0.139078065599999995
6.44000000000000039	0.0305029511999999996	-0.146119552200000002
6.4480000000000004	0.0060853608	-0.14926907880000001
6.45600000000000041	-0.0185474833000000006	-0.148283372100000005
6.46400000000000041	-0.0426474269000000003	-0.143343660900000003
6.47200000000000042	-0.0657378894999999935	-0.134485753099999994
6.48000000000000043	-0.0869959284000000055	-0.121846465000000001
6.48800000000000043	-0.106029658900000004	-0.105839104099999998
6.49600000000000044	-0.122107938799999996	-0.0869638152000000025
6.50399999999999956	-0.134838135599999992	-0.0656465388999999955
6.51199999999999957	-0.143895770799999989	-0.0424609515000000035
6.51999999999999957	-0.148976809500000001	-0.0179639465999999991
6.52799999999999958	-0.149934673800000001	0.00693898349999999987
6.53599999999999959	-0.146743052699999987	0.0316510813000000016
6.54399999999999959	-0.139490177699999995	0.0555919022000000013
6.5519999999999996	-0.128355454400000013	0.0778555105000000025
6.55999999999999961	-0.113704800199999997	0.0980468931999999987
6.56799999999999962	-0.0958645672999999948	0.115494655700000004
6.57599999999999962	-0.0754555878999999957	0.129711332200000001
6.58399999999999963	-0.0530149098999999971	0.1403158038
6.59199999999999964	-0.0292059253000000012	0.147090531299999994
6.59999999999999964	-0.00448768659999999962	0.149751579200000012
6.60799999999999965	0.0201748789999999997	0.148478660600000006
6.61599999999999966	0.0443171839000000012	0.143059986599999994
6.62399999999999967	0.0671631127999999938	0.133752444999999998
6.63199999999999967	0.088181915700000002	0.120734614599999998
6.63999999999999968	0.106865404400000003	0.104563426299999998
6.64799999999999969	0.122500237299999995	0.0855217132999999963
6.65599999999999969	0.134933666799999991	0.0641272467000000013
6.6639999999999997	0.143546291599999987	0.0410446366000000035
6.67199999999999971	0.148287358600000002	0.016875938
6.67999999999999972	0.149026401800000013	-0.00774702749999999982
6.68799999999999972	0.145645062600000014	-0.032124530200000001
6.69599999999999973	0.138361501199999987	-0.0556405239999999968
6.70399999999999974	0.127359022500000002	-0.0776536686999999975
6.71199999999999974	0.1128382629	-0.0976149641000000068
6.71999999999999975	0.0952307768999999943	-0.114886952000000001
6.72799999999999976	0.0749858119000000045	-0.1290965211
6.73599999999999977	0.0528825984000000013	-0.13963135430000001
6.74399999999999977	0.0290964197000000008	-0.146503715099999987
6.75199999999999978	0.00458170850000000004	-0.149393381699999994
6.75999999999999979	-0.0201123134999999995	-0.148178321000000002
6.76799999999999979	-0.0442888389000000021	-0.142913556800000008
6.7759999999999998	-0.0673322422000000032	-0.133685213899999988
6.78399999999999981	-0.0885223494999999999	-0.120769595399999999
6.79199999999999982	-0.107291487899999996	-0.104512983300000001
6.79999999999999982	-0.123094300399999995	-0.0854453274000000068
6.80799999999999983	-0.135538308800000007	-0.0639689514000000015
6.81599999999999984	-0.144380332500000014	-0.0407421245999999987
6.82399999999999984	-0.149041110300000001	-0.0164359778999999991
6.83199999999999985	-0.149866439299999987	0.00816989260000000085
6.83999999999999986	-0.146491025800000008	0.0325932349999999982
6.84799999999999986	-0.139260301599999997	0.0561857182999999996
6.85599999999999987	-0.128174878500000006	0.078236744600000005
6.86399999999999988	-0.113642080100000001	0.0981683314000000029
6.87199999999999989	-0.0961449380999999936	0.115475317600000002
6.87999999999999989	-0.0759269231000000017	0.129698808999999998
6.8879999999999999	-0.0534565213999999983	0.140530862799999989
6.89599999999999991	-0.0296363263999999994	0.147449973300000009
6.90399999999999991	-0.00479992609999999997	0.150394766900000004
6.91199999999999992	0.0202886292999999995	0.149046808000000003
6.91999999999999993	0.0447265297000000034	0.14361281540000001
6.92799999999999994	0.0680742096000000046	0.134276356200000002
6.93599999999999994	0.0894410008999999978	0.121158001200000004
6.94399999999999995	0.108258829099999995	0.104711626099999996
6.95199999999999996	0.124190240699999996	0.0852583658999999938
6.95999999999999996	0.136560707400000009	0.0635425542000000038
6.96799999999999997	0.145195073099999988	0.0401878349999999981
6.97599999999999998	0.149871556900000008	0.0156045903000000003
6.98399999999999999	0.150333256299999996	-0.00940337370000000027
6.99199999999999999	0.146718463500000007	-0.0340776164999999978
7	0.139077830900000005	-0.0577965781000000026
7.00800000000000001	0.12755603430000001	-0.079969306300000001
7.01600000000000001	0.112589383599999995	-0.0998780568000000035
7.02400000000000002	0.0944805185999999936	-0.116960043
7.03200000000000003	0.0738607631000000042	-0.130897798199999998
7.04000000000000004	0.0512315326999999987	-0.14120848359999999
7.04800000000000004	0.0272234221999999998	-0.147536539200000011
7.05600000000000005	0.00254913319999999994	-0.149952453499999999
7.06400000000000006	-0.0222001931999999992	-0.148164985700000001
7.07200000000000006	-0.0462829012999999984	-0.142343196700000008
7.08000000000000007	-0.0690286521000000042	-0.132652543499999998
7.08800000000000008	-0.0897702216999999997	-0.119386011900000005
7.09600000000000009	-0.108043575599999997	-0.102913319000000003
7.10400000000000009	-0.123353307100000004	-0.0837324626000000016
7.1120000000000001	-0.13535841500000001	-0.0622800883000000013
7.12000000000000011	-0.143590122099999995	-0.0391642499000000033
7.12800000000000011	-0.14802802000000001	-0.0151157085
7.13600000000000012	-0.148382666800000007	0.00930947629999999936
7.14400000000000013	-0.144809085400000009	0.0334783837999999973
7.15200000000000014	-0.1373579677	0.056730108199999997
7.16000000000000014	-0.126183567699999999	0.0785185669999999974
7.16800000000000015	-0.111557078399999995	0.0981454360000000026
7.17600000000000016	-0.0939571545000000008	0.115127758999999996
7.18400000000000016	-0.0737746613000000023	0.129003969299999993
7.19200000000000017	-0.0516115752999999969	0.139429408799999988
7.20000000000000018	-0.0279652389000000015	0.146066994700000008
7.20800000000000018	-0.00359591060000000011	0.148756612399999988
7.21600000000000019	0.0209948408999999989	0.147472935500000013
7.2240000000000002	0.0450351396999999973	0.142071519400000013
7.23200000000000021	0.0678708097000000066	0.132818001399999996
7.24000000000000021	0.0889833993000000018	0.1199244436
7.24800000000000022	0.107618267200000006	0.103665244599999998
7.25600000000000023	0.123367375099999996	0.0844675589000000032
7.26400000000000023	0.135772416400000012	0.0629532591000000058
7.27200000000000024	0.144413212600000007	0.0396776691000000001
7.28000000000000025	0.149054397000000005	0.0151510700000000009
7.28800000000000026	0.149673189300000009	-0.00980808189999999962
7.29600000000000026	0.146063185300000009	-0.0345366660000000006
7.30400000000000027	0.138423618700000001	-0.0583312206999999985
7.31200000000000028	0.126839566699999989	-0.0804722922999999979
7.32000000000000028	0.111783580600000002	-0.1004460784
7.32800000000000029	0.0936270802999999985	-0.117551896000000003
7.3360000000000003	0.0729254030999999941	-0.131369042399999997
7.34400000000000031	0.0501566276000000033	-0.141597120599999987
7.35200000000000031	0.0260670227000000011	-0.147921543900000008
7.36000000000000032	0.00125104730000000003	-0.15016644400000001
7.36800000000000033	-0.0235543255000000007	-0.148291979200000007
7.37600000000000033	-0.0476151717000000002	-0.142297160700000008
7.38400000000000034	-0.0704505586000000045	-0.132505761700000002
7.39200000000000035	-0.0912422861999999946	-0.119133091199999999
7.40000000000000036	-0.109558777800000007	-0.102432185999999995
7.40800000000000036	-0.124902921599999994	-0.0830077434000000003
7.41600000000000037	-0.136865669999999995	-0.0611690337000000001
7.42400000000000038	-0.145037059299999993	-0.0377239715000000017
7.43200000000000038	-0.149183753000000002	-0.0133286064999999995
7.44000000000000039	-0.14933880129999999	0.0114054924999999995
7.4480000000000004	-0.145264001199999992	0.035891573000000003
7.45600000000000041	-0.137253909199999996	0.0592678696000000019
7.46400000000000041	-0.125671508600000009	0.0810281634000000056
7.47200000000000042	-0.110545824299999998	0.100602984800000003
7.48000000000000043	-0.0924144197000000001	0.117326330000000006
7.48800000000000043	-0.0718407620000000025	0.13096703039999999
7.49600000000000044	-0.0493528604999999981	0.140877989199999998
7.50399999999999956	-0.0255355264999999991	0.147005366400000004
7.51199999999999957	-0.00104603680000000003	0.149171806600000012
7.51999999999999957	0.0234676441000000006	0.147269918899999991
7.52799999999999958	0.0472873659000000029	0.141412856400000009
7.53599999999999959	0.0698866046999999935	0.131695962
7.54399999999999959	0.0906089261000000007	0.118492104400000006
7.5519999999999996	0.108887502299999994	0.101992975799999996
7.55999999999999961	0.124216172200000002	0.082718214499999998
7.56799999999999962	0.136236770099999988	0.0612986343000000017
7.57599999999999962	0.144511564000000009	0.0379907665000000019
7.58399999999999963	0.148953782400000012	0.0137274901999999994
7.59199999999999964	0.1492462346	-0.0110426229999999997
7.59999999999999964	0.145491672099999997	-0.0356206194999999989
7.60799999999999965	0.137696170099999987	-0.0592862633000000028
7.61599999999999966	0.126114903599999995	-0.0812876029999999999
7.62399999999999967	0.1109985946	-0.1011560388
7.63199999999999967	0.0927290288999999962	-0.1182351772
7.63999999999999968	0.0719352550000000035	-0.132065884500000008
7.64799999999999969	0.0490417647999999984	-0.142261732199999991
7.65599999999999969	0.0247541564000000013	-0.148414942200000011
7.6639999999999997	-0.000201987600000000004	-0.150595263300000004
7.67199999999999971	-0.0252288316999999991	-0.148574784600000009
7.67999999999999972	-0.0494541393999999995	-0.142296202700000013
7.68799999999999972	-0.0723031326999999946	-0.132166324899999993
7.69599999999999973	-0.0931616707999999988	-0.118385173999999996
7.70399999999999974	-0.111493158699999997	-0.101301099500000005
7.71199999999999974	-0.126645775099999996	-0.0813576404000000003
7.71999999999999975	-0.138313380699999988	-0.0593064593999999973
7.72799999999999976	-0.146182627499999995	-0.0356790618000000018
7.73599999999999977	-0.1499779584	-0.0110228203999999993
7.74399999999999977	-0.14970551239999999	0.0138825844999999996
7.75199999999999978	-0.145341483100000002	0.038265803000000001
7.75999999999999979	-0.13700422009999999	0.0616961757000000013
7.76799999999999979	-0.1249612888	0.0832878710999999938
7.7759999999999998	-0.109553625900000007	0.102823083300000007
7.78399999999999981	-0.0911460288999999951	0.119426710899999997
7.79199999999999982	-0.0703440609999999994	0.13284432639999999
7.79999999999999982	-0.0475662670000000024	0.142657645
7.80799999999999983	-0.0234697967	0.148554662100000012
7.81599999999999984	0.00131654860000000005	0.150443864600000005
7.82399999999999984	0.0260749413000000013	0.148274507500000013
7.83199999999999985	0.0502193277999999979	0.142043566900000001
7.83999999999999986	0.0730077974000000046	0.131895140599999988
7.84799999999999986	0.093804740999999997	0.118142612399999999
7.85599999999999987	0.112072523499999993	0.101035040100000001
7.86399999999999988	0.127308013899999989	0.0812516040999999994
7.87199999999999989	0.138986179799999998	0.0590156226999999992
7.87999999999999989	0.146930619600000006	0.035139612399999999
7.8879999999999999	0.150774331499999997	0.0102849660999999992
7.89599999999999991	0.150385413200000012	-0.0149593402000000007
7.90399999999999991	0.145773831100000001	-0.0399060554000000012
7.91199999999999992	0.137053055199999996	-0.0637829022000000051
7.91999999999999993	0.124397303400000006	-0.0857782925000000057
7.92799999999999994	0.108384503600000001	-0.1051804608
7.93599999999999994	0.0895292510999999985	-0.121507145299999994
7.94399999999999995	0.0683498664000000006	-0.134482824800000011
7.95199999999999996	0.0451036772999999988	-0.143853500200000012
7.95999999999999996	0.0206949896999999994	-0.149184198600000012
7.96799999999999997	-0.00431692110000000007	-0.150335885599999997
7.97599999999999998	-0.0293075621000000001	-0.147379840699999987
7.98399999999999999	-0.0532656430000000014	-0.140313195299999999
7.99199999999999999	-0.075777699300000001	-0.129480963100000013
8	-0.096110528700000003	-0.114945102899999999
8.00799999999999912	-0.113716757000000002	-0.0974917998999999952
8.01600000000000001	-0.128231746899999999	-0.0772762495000000049
8.02399999999999913	-0.139173181899999998	-0.0550917702000000009
8.03200000000000003	-0.146309243499999991	-0.0313518098999999995
8.03999999999999915	-0.149447135300000006	-0.00682270350000000001
8.04800000000000004	-0.14850214610000001	0.0179991229999999988
8.05599999999999916	-0.143530846900000009	0.0421814905000000018
8.06400000000000006	-0.134589248100000003	0.0653494498999999951
8.07199999999999918	-0.121962233099999998	0.0866430071000000024
8.08000000000000007	-0.105938871399999995	0.105655437099999999
8.08799999999999919	-0.0870268753000000006	0.121762601499999998
8.09600000000000009	-0.0656991740999999935	0.13457564050000001
8.1039999999999992	-0.0424757464000000001	0.143530457899999991
8.1120000000000001	-0.0180724162000000001	0.14859454250000001
8.11999999999999922	0.00685489329999999959	0.14948278940000001
8.12800000000000011	0.0315052462000000033	0.146177815200000005
8.13599999999999923	0.0552227652999999971	0.13882121850000001
8.14400000000000013	0.0773773014999999953	0.127641956599999995
8.15199999999999925	0.0972804206000000005	0.112918687899999995
8.16000000000000014	0.114417445899999998	0.0951064177000000011
8.16799999999999926	0.128314873100000004	0.0748352471000000019
8.17600000000000016	0.138741360000000008	0.0525075254999999991
8.18399999999999928	0.145203859800000001	0.0289014718999999996
8.19200000000000017	0.147669921600000004	0.00460101269999999962
8.19999999999999929	0.146142575800000007	-0.0197171450999999998
8.20800000000000018	0.140671457999999999	-0.0432681186000000023
8.2159999999999993	0.131460732599999991	-0.0655806510999999981
8.2240000000000002	0.118895885800000004	-0.0862349679000000008
8.23199999999999932	0.103034960100000003	-0.104338143699999997
8.24000000000000021	0.0845256969999999969	-0.119613687199999999
8.24799999999999933	0.0638497360999999986	-0.131764030000000004
8.25600000000000023	0.0414903213000000007	-0.1403758165
8.26399999999999935	0.0180101470000000007	-0.145212155000000009
8.27200000000000024	-0.0059037667999999998	-0.146272601700000004
8.27999999999999936	-0.029674822	-0.143390394599999998
8.28800000000000026	-0.0527623628999999983	-0.136725674299999989
8.29599999999999937	-0.0744635688000000046	-0.126363368799999987
8.30400000000000027	-0.0942950193000000048	-0.112580879199999997
8.31199999999999939	-0.111674324800000002	-0.0956663422000000041
8.32000000000000028	-0.126051576500000012	-0.0761025939999999956
8.3279999999999994	-0.137069367400000003	-0.0543917301000000006
8.3360000000000003	-0.144281306199999987	-0.0310886611999999993
8.34399999999999942	-0.147666530500000004	-0.00680281139999999989
8.35200000000000031	-0.146946077600000002	0.0176727744000000006
8.35999999999999943	-0.142134697000000004	0.0418759904000000002
8.36800000000000033	-0.133303596599999991	0.0649177472000000005
8.37599999999999945	-0.120827618499999997	0.0861579311000000014
8.38400000000000034	-0.104760688599999999	0.105098038199999994
8.39199999999999946	-0.0858985084000000038	0.120993086200000002
8.40000000000000036	-0.0645626215000000003	0.133496489899999987
8.40799999999999947	-0.0415867565999999966	0.142349236500000004
8.41600000000000037	-0.0174425669999999991	0.147137850999999986
8.42399999999999949	0.00710823549999999981	0.147907249699999993
8.43200000000000038	0.0313523501000000024	0.144604798300000004
8.4399999999999995	0.0546955329000000032	0.137246106700000009
8.4480000000000004	0.0764615326000000067	0.126342265399999987
8.45599999999999952	0.0960873093000000067	0.112000085700000002
8.46400000000000041	0.113183343699999994	0.0946449335999999947
8.47199999999999953	0.127171865599999989	0.0747996102999999996
8.48000000000000043	0.137739126299999987	0.0529599164000000011
8.48799999999999955	0.144586795299999987	0.0296350439999999993
8.49600000000000044	0.147579935699999998	0.00544572150000000033
8.50399999999999956	0.14657556129999999	-0.0187667091999999987
8.51200000000000045	0.141630742700000006	-0.0425857924000000027
8.51999999999999957	0.132865508399999999	-0.065303825900000001
8.52800000000000047	0.120521113099999994	-0.0863894045999999971
8.53599999999999959	0.104843668000000001	-0.105200144300000006
8.54400000000000048	0.086224903399999997	-0.121283675199999996
8.5519999999999996	0.0650416910999999931	-0.134094658700000008
8.5600000000000005	0.0418771511000000027	-0.14333838539999999
8.56799999999999962	0.0174150360999999997	-0.14856217699999999
8.57600000000000051	-0.00769812159999999981	-0.149519827900000013
8.58399999999999963	-0.0326623400999999994	-0.14626872660000001
8.59200000000000053	-0.0567209593999999998	-0.13874578239999999
8.59999999999999964	-0.0791503365999999958	-0.127193878700000013
8.60800000000000054	-0.0993023350000000055	-0.111950675799999996
8.61599999999999966	-0.116627585399999997	-0.0935793433000000063
8.62400000000000055	-0.130355560000000009	-0.0725459881000000001
8.63199999999999967	-0.140316435099999998	-0.0497293406999999993
8.64000000000000057	-0.146309398199999996	-0.0256703134999999999
8.64799999999999969	-0.148044729699999988	-0.00106349390000000008
8.65600000000000058	-0.145848001199999994	0.0233658248000000006
8.6639999999999997	-0.1395742133	0.0469644235999999993
8.6720000000000006	-0.129618439299999999	0.0690101662999999949
8.67999999999999972	-0.116164884400000001	0.0891173965000000012
8.68800000000000061	-0.099643677299999997	0.106695662799999993
8.69599999999999973	-0.0806640720000000033	0.121300926700000006
8.70400000000000063	-0.0596672655999999982	0.132568322500000002
8.71199999999999974	-0.0371878518999999991	0.140320827600000003
8.72000000000000064	-0.0138161789	0.144353518699999989
8.72799999999999976	0.0098668557999999993	0.144589376600000014
8.73600000000000065	0.0332852417000000025	0.141102622799999994
8.74399999999999977	0.0558849546000000016	0.133883111199999988
8.75200000000000067	0.077021207199999997	0.123089975899999995
8.75999999999999979	0.0962399003999999947	0.109035758100000005
8.76800000000000068	0.112996722199999997	0.0919380664999999986
8.7759999999999998	0.126804220200000012	0.0723468045000000004
8.7840000000000007	0.137339551400000009	0.0506302273999999983
8.79199999999999982	0.144161947000000012	0.0272959896000000007
8.80000000000000071	0.146976434299999986	0.0030553173999999998
8.80799999999999983	0.145736276800000009	-0.0214262685000000015
8.81600000000000072	0.140277988100000001	-0.045548833599999998
8.82399999999999984	0.130889522000000008	-0.0683834143000000005
8.83200000000000074	0.117616902300000006	-0.0893243596000000001
8.83999999999999986	0.100928078099999999	-0.107792091000000007
8.84800000000000075	0.0814009338999999998	-0.123061800400000004
8.85599999999999987	0.0596374757999999991	-0.134712844400000004
8.86400000000000077	0.036161920799999997	-0.1424467596
8.87199999999999989	0.0118230816999999998	-0.146113302400000006
8.88000000000000078	-0.0125587695000000006	-0.145576284800000011
8.8879999999999999	-0.0364771357999999976	-0.14099380110000001
8.8960000000000008	-0.0590729797000000001	-0.132545428900000012
8.90399999999999991	-0.0797672135999999976	-0.120539559000000004
8.91200000000000081	-0.0980258065000000067	-0.105414890799999994
8.91999999999999993	-0.113492399800000004	-0.0877070023999999976
8.92800000000000082	-0.125792854700000012	-0.0678079303999999938
8.93599999999999994	-0.134748371700000008	-0.0463913660000000033
8.94400000000000084	-0.140097360100000012	-0.023959255799999999
8.95199999999999996	-0.141782013200000001	-0.00105779589999999992
8.96000000000000085	-0.139970615699999995	0.0218719204999999993
8.96799999999999997	-0.134622129400000012	0.0440839285000000011
8.97600000000000087	-0.125815091500000004	0.0652616124999999964
8.98399999999999999	-0.113730481100000003	0.0848785241000000051
8.99200000000000088	-0.0985822442000000021	0.102373236699999995
9	-0.0809274670999999973	0.117254942799999998
