1	-0.0172916728999999991	-0.0516005284999999994
1.00800000000000001	-0.0256220214000000002	-0.0479862146000000003
1.01600000000000001	-0.0330573835000000024	-0.0431066143999999998
1.02400000000000002	-0.039550003799999997	-0.0370716250999999983
1.03200000000000003	-0.0450993125000000022	-0.0299377873999999988
1.04000000000000004	-0.0494093112000000001	-0.0220226573999999994
1.04800000000000004	-0.0523124115999999972	-0.0135299240000000005
1.05600000000000005	-0.0537141911000000027	-0.00488800470000000029
1.06400000000000006	-0.0537634602000000017	0.00398019169999999992
1.07200000000000006	-0.0523959106999999993	0.0128141337000000008
1.08000000000000007	-0.0495443697000000002	0.021241134200000001
1.08800000000000008	-0.0453634456999999977	0.0290099381000000003
1.09600000000000009	-0.0401269050999999988	0.0359121280000000015
1.10400000000000009	-0.0337363838999999999	0.0419908073000000021
1.1120000000000001	-0.0263491487000000017	0.047022260500000003
1.12000000000000011	-0.0181655696999999984	0.0507901015999999983
1.12799999999999989	-0.00952543250000000008	0.0531371948000000024
1.1359999999999999	-0.000665997899999999968	0.0540218730999999994
1.14399999999999991	0.00815572999999999992	0.0534968465000000004
1.15199999999999991	0.0168188204000000001	0.0514178056999999994
1.15999999999999992	0.0251524470000000014	0.0479578413999999995
1.16799999999999993	0.0327435333999999967	0.0431522541000000023
1.17599999999999993	0.0394647730000000016	0.037079015600000001
1.18399999999999994	0.0450285647999999969	0.0300731968000000002
1.19199999999999995	0.0493528766999999993	0.0222400949000000001
1.19999999999999996	0.052354636000000003	0.0137484692000000002
1.20799999999999996	0.0538927896999999989	0.00485329019999999976
1.21599999999999997	0.053876526600000002	-0.00420915430000000021
1.22399999999999998	0.0524370628000000033	-0.0129640513999999991
1.23199999999999998	0.0494972372000000022	-0.0214559169000000001
1.23999999999999999	0.0452764095000000033	-0.0292032153000000017
1.248	0.039775682100000001	-0.0362593225999999977
1.25600000000000001	0.0332897254999999989	-0.0422520782000000011
1.26400000000000001	0.0256668686	-0.0471960540000000012
1.27200000000000002	0.0175435398999999985	-0.0507307001999999993
1.28000000000000003	0.00904199800000000074	-0.0528696477000000012
1.28800000000000003	0.000381762300000000002	-0.0536289355000000023
1.29600000000000004	-0.00833387009999999977	-0.0529134673000000028
1.30400000000000005	-0.0170114331000000008	-0.0508570775000000003
1.31200000000000006	-0.0250992906000000009	-0.047402994900000002
1.32000000000000006	-0.0325939494999999968	-0.0425992053999999995
1.32800000000000007	-0.0392215910000000001	-0.0366662157999999988
1.33600000000000008	-0.0446889140000000032	-0.0298029778999999995
1.34400000000000008	-0.049009633900000002	-0.0220841992000000015
1.35200000000000009	-0.0520505046999999998	-0.0137125297
1.3600000000000001	-0.0535743388999999973	-0.00489584809999999999
1.3680000000000001	-0.0536683586000000004	0.00408825080000000014
1.37599999999999989	-0.0522661083000000026	0.0128469689000000001
1.3839999999999999	-0.0494420116000000021	0.0213193334000000012
1.3919999999999999	-0.045135583600000001	0.0294014959000000013
1.39999999999999991	-0.0397072570999999971	0.0363654465999999968
1.40799999999999992	-0.0331357040000000019	0.0423884549999999985
1.41599999999999993	-0.0256726895999999996	0.0472665108000000014
1.42399999999999993	-0.0175060278999999985	0.0508313606000000001
1.43199999999999994	-0.0087719348000000006	0.0529761913000000029
1.43999999999999995	0.00013358550000000001	0.0535891792000000033
1.44799999999999995	0.00899060859999999996	0.0527882827000000013
1.45599999999999996	0.0175613859999999983	0.0505483050000000017
1.46399999999999997	0.0257877947000000017	0.0467639466000000018
1.47199999999999998	0.0329837127000000008	0.0418911875000000031
1.47999999999999998	0.0393445741000000015	0.0359014063000000008
1.48799999999999999	0.0446922396000000027	0.0288437214000000011
1.496	0.0487187887000000014	0.0211297237999999998
1.504	0.0514542869	0.0127815536000000004
1.51200000000000001	0.0527792710000000026	0.0041455121000000001
1.52000000000000002	0.0526846629999999996	-0.00454381640000000014
1.52800000000000002	0.0512632682999999978	-0.0130766861000000002
1.53600000000000003	0.0483747754000000002	-0.021230503500000001
1.54400000000000004	0.0440854946999999983	-0.0290004584000000017
1.55200000000000005	0.0388517031999999971	-0.0357571058000000011
1.56000000000000005	0.0324789331000000028	-0.0416139514000000016
1.56800000000000006	0.0253133130000000005	-0.0463648201000000024
1.57600000000000007	0.017382781600000001	-0.0499005973000000019
1.58400000000000007	0.00905815370000000002	-0.0520935993000000014
1.59200000000000008	0.000211797100000000012	-0.0528758698000000027
1.60000000000000009	-0.0085163695000000008	-0.052231788500000001
1.6080000000000001	-0.0169783368000000004	-0.0501492023000000009
1.6160000000000001	-0.0249713670000000013	-0.0467050721000000016
1.62400000000000011	-0.0323299800000000012	-0.0419697083999999998
1.6319999999999999	-0.038977660499999997	-0.0358974454999999998
1.6399999999999999	-0.0443215664999999995	-0.0290683530999999995
1.64799999999999991	-0.0485384983999999978	-0.021426034699999999
1.65599999999999992	-0.0513584835000000031	-0.0131339604000000002
1.66399999999999992	-0.0528028037999999991	-0.0044471392999999998
1.67199999999999993	-0.0528030598000000032	0.00430661429999999994
1.67999999999999994	-0.0513445390000000015	0.0129321368000000006
1.68799999999999994	-0.0484341921000000022	0.0213923724999999995
1.69599999999999995	-0.0442174291999999983	0.0290592068000000009
1.70399999999999996	-0.0388093154000000023	0.0358571010000000023
1.71199999999999997	-0.0324166389000000027	0.0417072278000000032
1.71999999999999997	-0.025075721799999999	0.0464179278000000015
1.72799999999999998	-0.0170811067000000011	0.0498966771000000017
1.73599999999999999	-0.00843598870000000084	0.0520230528999999983
1.74399999999999999	-7.11359999999999996e-06	0.0526734213000000021
1.752	0.00867677409999999955	0.0519119010999999977
1.76000000000000001	0.0170891804000000008	0.0497771129000000034
1.76800000000000002	0.0250169598999999999	0.0462799218999999998
1.77600000000000002	0.0322334562000000033	0.0415809810999999974
1.78400000000000003	0.0385663246000000001	0.0357774027999999966
1.79200000000000004	0.0439709901999999972	0.0288525965999999988
1.80000000000000004	0.0481508833000000025	0.0211592139999999991
1.80800000000000005	0.0510238215999999981	0.0129950568999999995
1.81600000000000006	0.0524956768000000018	0.00444930920000000032
1.82400000000000007	0.0525326137000000012	-0.00425823320000000023
1.83200000000000007	0.0510831211999999979	-0.0128633177999999994
1.84000000000000008	0.0483672061999999986	-0.0211270354000000007
1.84800000000000009	0.0440732030999999996	-0.0290111673000000014
1.85600000000000009	0.0388276180000000012	-0.0357895209000000034
1.8640000000000001	0.0324005703000000006	-0.0417030439000000003
1.87200000000000011	0.0249966322999999983	-0.0464859202000000027
1.87999999999999989	0.0169062615999999999	-0.0499456820999999995
1.8879999999999999	0.00834798380000000007	-0.052053501000000002
1.89599999999999991	-0.000318052600000000025	-0.0527322792000000026
1.90399999999999991	-0.00890434619999999968	-0.0518695003999999973
1.91199999999999992	-0.0173806532999999999	-0.0496843672000000028
1.91999999999999993	-0.0254814325000000015	-0.0460157947000000012
1.92799999999999994	-0.0326756306999999996	-0.0411383515999999977
1.93599999999999994	-0.0389228416000000008	-0.0351962497000000013
1.94399999999999995	-0.0441481645000000034	-0.0282318234000000015
1.95199999999999996	-0.0481249202999999987	-0.0205743627999999991
1.95999999999999996	-0.0507894781000000003	-0.0124750600999999992
1.96799999999999997	-0.052093043399999997	-0.00391456950000000029
1.97599999999999998	-0.051947583999999998	0.00488141359999999958
1.98399999999999999	-0.050414298199999999	0.0133367468999999999
1.99199999999999999	-0.0475766250999999987	0.0213177997000000008
2	-0.0433627432999999993	0.0288314258999999989
2.00800000000000001	-0.0380418301	0.0356069307999999987
2.01600000000000001	-0.0316805970999999992	0.041336889100000003
2.02400000000000002	-0.0244659794000000007	0.0459399278000000022
2.03200000000000003	-0.0166842354000000005	0.0493021647999999993
2.04000000000000004	-0.00839577470000000062	0.0513609380000000018
2.04800000000000004	8.16990999999999985e-05	0.0520905122000000012
2.05600000000000005	0.00887478620000000003	0.0512933733000000003
2.06400000000000006	0.0173496393000000006	0.0491159082000000025
2.07200000000000006	0.0251396228999999985	0.0456420969999999995
2.08000000000000007	0.0322870217000000015	0.0408936697999999973
2.08800000000000008	0.038575763300000003	0.0350034093999999976
2.09600000000000009	0.0438139373000000013	0.0281244715999999992
2.10400000000000009	0.0478890954999999993	0.0205297267999999984
2.1120000000000001	0.0505473982999999974	0.0123052421000000006
2.12000000000000011	0.0518964981000000006	0.00374818429999999999
2.12800000000000011	0.0517674903999999977	-0.00492721680000000016
2.13600000000000012	0.0501818346000000026	-0.0132730865999999992
2.14400000000000013	0.047392754799999999	-0.0212177568000000011
2.15200000000000014	0.0431704621000000011	-0.028734751900000001
2.16000000000000014	0.0377948245999999988	-0.0354055247000000031
2.16800000000000015	0.0314042272999999969	-0.0411137637
2.17600000000000016	0.0241638040999999984	-0.0457142921999999993
2.18400000000000016	0.0162415197999999997	-0.0490245843000000001
2.19200000000000017	0.00800972659999999934	-0.0509784240000000013
2.20000000000000018	-0.000446482500000000007	-0.0515593302999999975
2.20800000000000018	-0.00881048970000000015	-0.0507698717999999979
2.21600000000000019	-0.0170286472000000001	-0.048669899699999998
2.2240000000000002	-0.024999908500000001	-0.0450554608999999967
2.23200000000000021	-0.0320213462000000018	-0.0403879556999999986
2.24000000000000021	-0.0381273859999999992	-0.0346030438999999981
2.24800000000000022	-0.0432705769999999976	-0.0278972546999999987
2.25599999999999978	-0.0472709087999999972	-0.020452267100000001
2.26399999999999979	-0.0500035944999999982	-0.0124364507000000006
2.2719999999999998	-0.0513947178000000032	-0.00404902039999999967
2.2799999999999998	-0.0513552009000000018	0.00438550099999999998
2.28799999999999981	-0.0499451214000000004	0.0127782487999999993
2.29599999999999982	-0.0471179191000000025	0.0209528185000000013
2.30399999999999983	-0.042924084199999997	0.0285941881999999988
2.31199999999999983	-0.0377178634000000026	0.0352394269999999968
2.31999999999999984	-0.0315400138999999968	0.040894205599999997
2.32799999999999985	-0.0243918384000000009	0.045554769299999999
2.33599999999999985	-0.0164919591999999997	0.0489192613000000026
2.34399999999999986	-0.00819106149999999922	0.0510058030999999967
2.35199999999999987	0.000395973700000000007	0.0516256281000000011
2.35999999999999988	0.00893912900000000052	0.0508214962999999978
2.36799999999999988	0.0172005114000000001	0.0486158870000000035
2.37599999999999989	0.0250321667999999983	0.0450090118999999997
2.3839999999999999	0.0321107869000000004	0.0402823595000000034
2.3919999999999999	0.0382631734000000029	0.0344212050000000033
2.39999999999999991	0.0432848495	0.0277749156999999997
2.40799999999999992	0.0472425532999999967	0.0202146300999999987
2.41599999999999993	0.0499495813999999982	0.0119407065000000003
2.42399999999999993	0.0511713546999999977	0.00358706060000000019
2.43199999999999994	0.0510524966999999982	-0.00487484879999999961
2.43999999999999995	0.0495158661	-0.0131627102000000003
2.44799999999999995	0.0466505534999999971	-0.0210890266999999992
2.45599999999999996	0.0425345297999999983	-0.0283732969999999987
2.46399999999999997	0.0373472924000000026	-0.0349441891000000018
2.47199999999999998	0.0310714942000000008	-0.0405902425999999997
2.47999999999999998	0.0240198011000000017	-0.0451470486000000032
2.48799999999999999	0.0162738767999999999	-0.0484857508999999992
2.496	0.00814288950000000011	-0.0504892111000000005
2.504	-0.000250746400000000016	-0.0511076199999999994
2.51200000000000001	-0.00896168810000000024	-0.0503013591999999995
2.52000000000000002	-0.0170856121000000014	-0.0481807820999999997
2.52800000000000002	-0.0246324379000000017	-0.0448156159000000012
2.53600000000000003	-0.0316338270000000032	-0.0401854186000000016
2.54400000000000004	-0.0378436158000000009	-0.0344205632999999983
2.55200000000000005	-0.0430078642000000025	-0.0276472302999999989
2.56000000000000005	-0.0469648540000000003	-0.0201498831999999996
2.56800000000000006	-0.0495990934999999966	-0.0121219788000000005
2.57600000000000007	-0.0509065728000000009	-0.00378365930000000008
2.58400000000000007	-0.0507894044000000017	0.00473160730000000019
2.59200000000000008	-0.049280053499999997	0.0130120552000000007
2.60000000000000009	-0.0463767989000000019	0.0208979000000000005
2.6080000000000001	-0.0423394600999999968	0.0281680425999999984
2.6160000000000001	-0.0372217934000000014	0.0345805463000000007
2.62400000000000011	-0.0311531219999999984	0.0401787815000000034
2.63200000000000012	-0.0243550537999999983	0.0445926367000000004
2.64000000000000012	-0.0164096256000000017	0.0481258576000000021
2.64800000000000013	-0.00809382080000000011	0.0501919608999999989
2.65600000000000014	0.000209185399999999998	0.0508510091999999983
2.66400000000000015	0.00850511060000000083	0.050220136999999998
2.67200000000000015	0.0165915708000000002	0.0481889256000000016
2.68000000000000016	0.0243846752000000007	0.0448930153999999998
2.68800000000000017	0.031476031699999997	0.0402892084999999997
2.69600000000000017	0.0377201595000000028	0.0346334863000000021
2.70400000000000018	0.0429667893000000023	0.0279559345000000015
2.71200000000000019	0.0470179902999999996	0.0204688196000000003
2.7200000000000002	0.0498046664999999972	0.0124455107000000006
2.7280000000000002	0.0512152078999999968	0.00400921820000000022
2.73600000000000021	0.0512608281999999971	-0.00449838719999999959
2.74400000000000022	0.0497323423000000028	-0.0129776037999999993
2.75199999999999978	0.0468654493000000005	-0.0211126207999999989
2.75999999999999979	0.0426125040999999968	-0.0286476940999999992
2.76799999999999979	0.0371765313999999972	-0.0353934973
2.7759999999999998	0.0309616573000000006	-0.040876894599999998
2.78399999999999981	0.0238133100000000007	-0.0453283103000000007
2.79199999999999982	0.0160131119999999995	-0.0485968485999999991
2.79999999999999982	0.00781622480000000036	-0.0505325016000000016
2.80799999999999983	-0.000674511900000000016	-0.0511237494000000015
2.81599999999999984	-0.00910139310000000062	-0.0503428773999999996
2.82399999999999984	-0.0173248564000000015	-0.0481606329
2.83199999999999985	-0.0250968248999999984	-0.0445675189999999999
2.83999999999999986	-0.0321079692999999972	-0.0397638578999999978
2.84799999999999986	-0.0382297083999999995	-0.0338507076000000018
2.85599999999999987	-0.0432766332999999989	-0.0270155442999999995
2.86399999999999988	-0.0470967945999999985	-0.0194406045
2.87199999999999989	-0.0495719885999999985	-0.0113654333
2.87999999999999989	-0.0507500687999999991	-0.0029962121999999999
2.8879999999999999	-0.0504536974999999985	0.00538323240000000008
2.89599999999999991	-0.048817471799999998	0.0135278898999999994
2.90399999999999991	-0.0459640019000000025	0.0211767103999999998
2.91199999999999992	-0.0419054721000000005	0.0282483866999999993
2.91999999999999993	-0.0364115933999999974	0.0349708061000000014
2.92799999999999994	-0.0300938913999999995	0.0404812219000000029
2.93599999999999994	-0.0229582569000000014	0.0448705457000000002
2.94399999999999995	-0.0153459930000000005	0.0479697800999999979
2.95199999999999996	-0.00725451969999999988	0.0498211131000000015
2.95999999999999996	0.000907642200000000022	0.0503111146999999995
2.96799999999999997	0.00915508100000000068	0.0494829375999999987
2.97599999999999998	0.0171630870000000005	0.0473174312000000027
2.98399999999999999	0.0246688728999999995	0.0439039603999999972
2.99199999999999999	0.0315541515000000022	0.0392341604000000024
3	0.0375760067999999989	0.0334620715000000027
3.00800000000000001	0.0425640756000000009	0.0268685551000000002
3.01600000000000001	0.046458823500000003	0.0194780599000000006
3.02400000000000002	0.0490131357000000017	0.0115396960999999999
3.03200000000000003	0.0502086163000000016	0.00326567030000000013
3.04000000000000004	0.0500209255000000005	-0.00506764829999999979
3.04800000000000004	0.0484817212000000011	-0.0132709561999999996
3.05600000000000005	0.0456022354999999976	-0.0210921981999999987
3.06400000000000006	0.0413749771000000016	-0.028377643000000001
3.07200000000000006	0.0360396868999999995	-0.0348190714999999998
3.08000000000000007	0.0298481815000000011	-0.0401742931000000011
3.08800000000000008	0.0228872047000000002	-0.0444605595000000034
3.09600000000000009	0.0152543472000000006	-0.0475873514999999997
3.10400000000000009	0.00727190059999999975	-0.0494225637999999995
3.1120000000000001	-0.000899478899999999978	-0.0498591328999999986
3.12000000000000011	-0.00912504240000000001	-0.0489659430999999992
3.12800000000000011	-0.0170183185999999986	-0.0468097550000000015
3.13600000000000012	-0.0244652136000000006	-0.0433430388999999985
3.14400000000000013	-0.0312611412000000019	-0.0386799822999999987
3.15200000000000014	-0.0371316953000000033	-0.0329880170000000014
3.16000000000000014	-0.0420499235000000027	-0.0264478931999999993
3.16800000000000015	-0.0457922745000000006	-0.0192097837
3.17600000000000016	-0.0483384581999999965	-0.0113970549000000001
3.18400000000000016	-0.0495699642999999981	-0.00330174859999999995
3.19200000000000017	-0.0494124853999999974	0.00485402960000000036
3.20000000000000018	-0.047949947100000001	0.0129123537000000004
3.20800000000000018	-0.0451635094999999973	0.0206452511000000012
3.21600000000000019	-0.0411581130999999975	0.0278343783999999983
3.2240000000000002	-0.0359666237999999999	0.0342133463000000027
3.23200000000000021	-0.0298673415999999997	0.0396632989999999991
3.24000000000000021	-0.0229110956000000004	0.0440099778999999969
3.24800000000000022	-0.0154689887000000002	0.0471136279000000033
3.25599999999999978	-0.0075288776999999996	0.0489900880000000011
3.26399999999999979	0.0010418707000000001	0.0494655864999999986
3.2719999999999998	0.00923568070000000026	0.0485157158999999991
3.2799999999999998	0.0171319259000000008	0.0462719425000000031
3.28799999999999981	0.0244746150999999995	0.042729515400000001
3.29599999999999982	0.0311179551000000006	0.0380890430999999974
3.30399999999999983	0.0367814290999999988	0.0324193762999999968
3.31199999999999983	0.0415726058000000023	0.0259004489000000011
3.31999999999999984	0.0451222558999999981	0.0187127108999999986
3.32799999999999985	0.0474650710999999989	0.0110877001000000003
3.33599999999999985	0.0485602940999999982	0.00319614650000000014
3.34399999999999986	0.0483919907999999996	-0.00474542200000000001
3.35199999999999987	0.0469109836999999988	-0.0124362915999999997
3.35999999999999988	0.0442617354000000018	-0.0198974222000000006
3.36799999999999988	0.0404040244000000021	-0.0267861271000000012
3.37599999999999989	0.035540760099999999	-0.032994138499999999
3.3839999999999999	0.0297149126000000006	-0.0382965124000000032
3.3919999999999999	0.0231019109000000014	-0.0426356589999999994
3.39999999999999991	0.0158946135999999995	-0.0458582817000000031
3.40799999999999992	0.00821858219999999952	-0.0479421874000000026
3.41599999999999993	0.00026724209999999998	-0.0486625042999999993
3.42399999999999993	-0.00770997569999999979	-0.0481208414999999973
3.43199999999999994	-0.0155098071999999997	-0.0462271508999999997
3.43999999999999995	-0.0229900749000000008	-0.043114752499999999
3.44799999999999995	-0.0298573315000000006	-0.0387638448999999968
3.45599999999999996	-0.035832942700000002	-0.0333168230000000024
3.46399999999999997	-0.0408132765000000022	-0.0271033128000000012
3.47199999999999998	-0.0447234263000000007	-0.0200939647000000013
3.47999999999999998	-0.0474932157000000008	-0.0124401284000000001
3.48799999999999999	-0.048910176100000001	-0.00444925110000000002
3.496	-0.0489787040999999992	0.00364269240000000003
3.504	-0.0476836008000000033	0.0117161273999999999
3.51200000000000001	-0.0451010898000000007	0.019453558499999999
3.52000000000000002	-0.0412653341000000021	0.0266046872000000011
3.52800000000000002	-0.0363577043000000016	0.0330108108999999997
3.53600000000000003	-0.0303729207000000001	0.0385342988999999997
3.54400000000000004	-0.0236376054000000009	0.0429879347000000009
3.55200000000000005	-0.0162629478000000001	0.0462839571000000019
3.56000000000000005	-0.00840800470000000084	0.0482776545000000029
3.56800000000000006	-0.000377431000000000012	0.0490231080000000027
3.57600000000000007	0.00763807000000000028	0.0484352254999999982
3.58400000000000007	0.0154534184000000002	0.0465584963000000018
3.59200000000000008	0.0228625423000000001	0.0434036689999999989
3.60000000000000009	0.0296923275000000007	0.0390766488999999967
3.6080000000000001	0.035691524500000002	0.033719882399999998
3.6160000000000001	0.0407813610000000021	0.0274783549999999994
3.62400000000000011	0.0447915501000000008	0.0204056240999999985
3.63200000000000012	0.047599992100000002	0.0127571704999999997
3.64000000000000012	0.0491043031000000033	0.00480152730000000041
3.64800000000000013	0.0493160397000000014	-0.00331414500000000011
3.65600000000000014	0.0481125601	-0.0114355306000000004
3.66400000000000015	0.0455984344999999999	-0.0192159254000000002
3.67200000000000015	0.0419370594999999985	-0.0264553644000000004
3.68000000000000016	0.0372803755999999986	-0.0327794075000000032
3.68800000000000017	0.0315248184000000015	-0.0383859703000000024
3.69600000000000017	0.0243527686999999993	-0.0433371654999999967
3.70400000000000018	0.0165176484999999991	-0.0468591048999999968
3.71200000000000019	0.00846055970000000011	-0.0489527795000000016
3.7200000000000002	0.000255805099999999988	-0.0497328756999999982
3.7280000000000002	-0.00793390000000000067	-0.0490832241999999974
3.73600000000000021	-0.0159081000000000014	-0.0470434101000000021
3.74400000000000022	-0.023416696800000001	-0.0437536062999999975
3.75199999999999978	-0.0303739396000000002	-0.0392244560999999992
3.75999999999999979	-0.0363697097999999969	-0.0336753783000000029
3.76799999999999979	-0.0414539042999999968	-0.0272278295999999996
3.7759999999999998	-0.0452925537000000017	-0.0200009851000000002
3.78399999999999981	-0.0479517814999999986	-0.0122676728000000006
3.79199999999999982	-0.0492743043000000019	-0.00424757219999999987
3.79999999999999982	-0.0492613506999999978	0.00382048789999999989
3.80799999999999983	-0.0479254022000000016	0.0118268389000000008
3.81599999999999984	-0.0453327443999999996	0.0195177506999999993
3.82399999999999984	-0.0415293050000000025	0.0266493502000000014
3.83199999999999985	-0.0365974957000000031	0.0331095297000000011
3.83999999999999986	-0.0307348380999999983	0.0386042242000000022
3.84799999999999986	-0.0239540040999999988	0.0431783379000000023
3.85599999999999987	-0.0165376029000000001	0.0465540998999999997
3.86399999999999988	-0.00869896359999999987	0.0486366577999999966
3.87199999999999989	-0.000521327799999999979	0.0494626514000000017
3.87999999999999989	0.00763768349999999988	0.0488959819000000032
3.8879999999999999	0.0155484047000000007	0.0469537135000000008
3.89599999999999991	0.0231311233000000005	0.0438434608999999989
3.90399999999999991	0.0300834417999999992	0.0394226276000000028
3.91199999999999992	0.0362615976000000007	0.0339248303000000001
3.91999999999999993	0.0413872231000000021	0.027478424500000001
3.92799999999999994	0.0454299591000000003	0.0202311722000000013
3.93599999999999994	0.0481551548000000024	0.0124272098000000001
3.94399999999999995	0.0495217869000000033	0.00422912969999999968
3.95199999999999996	0.0495298336000000033	-0.00398277210000000034
3.95999999999999996	0.0482331164999999992	-0.0120615141000000002
3.96799999999999997	0.0455668943000000007	-0.0198513797999999991
3.97599999999999998	0.0416689235999999977	-0.0270522059000000009
3.98399999999999999	0.0365765610000000005	-0.0335432943999999997
3.99199999999999999	0.0305567087999999987	-0.0390691007999999992
4	0.0236387199000000006	-0.0435328313999999994
4.00800000000000001	0.0161497159000000001	-0.0467752947999999988
4.01600000000000001	0.00816556430000000069	-0.0487025797999999996
4.02400000000000002	0.000120919300000000006	-0.0493833700000000028
4.03200000000000003	-0.00804451890000000037	-0.0486758601000000027
4.04000000000000004	-0.0159231248999999984	-0.0466117621000000024
4.04800000000000004	-0.0232812075000000014	-0.0433671015999999993
4.05600000000000005	-0.0300510467000000003	-0.0389284667999999986
4.06400000000000006	-0.0360111290999999972	-0.033477843799999997
4.07200000000000006	-0.0409915761000000031	-0.0271159808999999995
4.08000000000000007	-0.0449113364000000015	-0.0200023101000000002
4.08800000000000008	-0.0476053274000000012	-0.0124428418999999995
4.09600000000000009	-0.0490029629999999966	-0.00454560720000000019
4.10400000000000009	-0.0491011064999999983	0.00355899010000000019
4.1120000000000001	-0.0478913364999999994	0.0115759641000000007
4.12000000000000011	-0.0453843173999999988	0.0193149874999999985
4.12800000000000011	-0.041695656400000003	0.0265155977000000008
4.13600000000000012	-0.0367367607999999971	0.0330584491999999994
4.14400000000000013	-0.0308936666000000013	0.0386980320000000003
4.15200000000000014	-0.0240415331000000017	0.0433656498000000029
4.16000000000000014	-0.0165394280999999997	0.0467606875000000019
4.16800000000000015	-0.00859715529999999922	0.0489165928999999999
4.17600000000000016	-0.0003723016	0.0496559463999999978
4.18400000000000016	0.00788632669999999973	0.0490920747000000018
4.19200000000000017	0.0159245777000000012	0.0471143358999999984
4.20000000000000018	0.0234882432000000016	0.0437923757999999982
4.20800000000000018	0.0303787818999999987	0.0393437686000000023
4.21600000000000019	0.0364809372000000007	0.0337532898000000026
4.2240000000000002	0.041508037400000003	0.0272397621999999999
4.23200000000000021	0.045419456599999998	0.0200708034
4.24000000000000021	0.0480037052000000034	0.0125296569
4.24800000000000022	0.0493516384000000016	0.00474241600000000017
4.25600000000000023	0.0494793104999999983	-0.00334277419999999981
4.26400000000000023	0.0480671890999999976	-0.0119995938999999992
4.27200000000000024	0.0452499235999999985	-0.0200235767000000002
4.28000000000000025	0.041356625000000001	-0.0271533800999999991
4.28800000000000026	0.0362730193000000006	-0.0335857450000000002
4.29600000000000026	0.0302016950999999985	-0.0390535897000000021
4.30400000000000027	0.0234416325000000002	-0.0434435457000000025
4.31200000000000028	0.0159999795999999986	-0.0466598173999999977
4.32000000000000028	0.0081712998999999998	-0.0487043035999999985
4.32800000000000029	6.4670099999999996e-05	-0.0493992950999999972
4.3360000000000003	-0.00808171830000000042	-0.0487386563000000023
4.34400000000000031	-0.015974538600000001	-0.0467571353000000023
4.35200000000000031	-0.0234836068999999988	-0.0435306748000000021
4.36000000000000032	-0.0303318030000000009	-0.0390810855000000013
4.36800000000000033	-0.0363904841000000021	-0.0335791718000000017
4.37600000000000033	-0.0414204343999999974	-0.0270955904000000011
4.38400000000000034	-0.0453424907000000016	-0.0198305959000000011
4.39200000000000035	-0.0480373518999999971	-0.0120234443
4.40000000000000036	-0.0493515796000000007	-0.0039425780000000004
4.40800000000000036	-0.0493062297999999968	0.00429708910000000006
4.41600000000000037	-0.0478784197000000009	0.0123627901999999994
4.42400000000000038	-0.0451547315999999976	0.0201029630000000015
4.43200000000000038	-0.0412248487999999982	0.027288242800000001
4.44000000000000039	-0.0361204180000000014	0.0337192041999999984
4.4480000000000004	-0.0300233136000000005	0.0391699781999999969
4.45600000000000041	-0.0231299639000000015	0.0435532390000000005
4.46400000000000041	-0.0156209991999999992	0.0467046971999999991
4.47200000000000042	-0.00769980530000000021	0.048561769400000003
4.48000000000000043	0.000436270599999999983	0.049109288299999998
4.48800000000000043	0.00843823079999999996	0.0483394748999999985
4.49600000000000044	0.016300016300000001	0.046179861400000001
4.50399999999999956	0.0235930237000000001	0.0429055362999999981
4.51199999999999957	0.0302991930999999999	0.0383797858999999977
4.51999999999999957	0.0361513946999999988	0.0328806716000000013
4.52799999999999958	0.0409957863000000033	0.0264914657000000012
4.53599999999999959	0.0447512144000000028	0.0194376401999999983
4.54399999999999959	0.0472983380000000023	0.0118451948000000001
4.5519999999999996	0.0486175197000000003	0.00395509510000000009
4.55999999999999961	0.0485814571000000028	-0.0040555662999999997
4.56799999999999962	0.0472611620999999968	-0.0119782924999999995
4.57599999999999962	0.0446553536999999973	-0.0195548406999999994
4.58399999999999963	0.0407667724999999995	-0.0267345725000000013
4.59199999999999964	0.0357952636000000018	-0.0330809847000000032
4.59999999999999964	0.0298683182999999984	-0.0385151680999999968
4.60799999999999965	0.0231779943000000009	-0.042931793900000001
4.61599999999999966	0.015907824000000001	-0.0461651249
4.62399999999999967	0.00821153359999999936	-0.0481433369
4.63199999999999967	0.000208257100000000002	-0.0488715897000000024
4.63999999999999968	-0.00776540270000000005	-0.0483104805000000026
4.64799999999999969	-0.0155970111000000005	-0.0463623490999999985
4.65599999999999969	-0.0229924718000000007	-0.0431559809000000016
4.6639999999999997	-0.0297782458999999999	-0.0387557247000000007
4.67199999999999971	-0.0357908211000000018	-0.0333871670999999967
4.67999999999999972	-0.0407666355000000022	-0.0270160350999999986
4.68799999999999972	-0.044657907400000002	-0.0199200890999999998
4.69599999999999973	-0.0473208876000000001	-0.0123198271999999994
4.70399999999999974	-0.0487009088999999992	-0.00432730340000000036
4.71199999999999974	-0.0487148333000000031	0.0037071230000000001
4.71999999999999975	-0.0474799878999999994	0.0116777440000000003
4.72799999999999976	-0.0448971877000000005	0.0192768360999999999
4.73599999999999977	-0.0410643632999999966	0.0263705130999999995
4.74399999999999977	-0.0361903122999999993	0.0327992245000000016
4.75199999999999978	-0.0302604895999999991	0.0382833217999999989
4.75999999999999979	-0.0235652210999999986	0.0427423883000000032
4.76799999999999979	-0.0162339446000000012	0.046055528200000001
4.7759999999999998	-0.0084255775999999994	0.0480569596999999987
4.78399999999999981	-0.000404898400000000026	0.0487759113999999966
4.79199999999999982	0.00767160880000000017	0.0481855001000000005
4.79999999999999982	0.0155190116000000003	0.0462473248000000031
4.80799999999999983	0.0229833919999999983	0.0431256792999999972
4.81599999999999984	0.0297646038000000009	0.0387523468999999982
4.82399999999999984	0.0357289530000000008	0.0333445414999999981
4.83199999999999985	0.0408117652000000025	0.0270295319000000006
4.83999999999999986	0.0447081501000000034	0.0199948981999999997
4.84799999999999986	0.0474218469000000017	0.0123363850999999997
4.85599999999999987	0.0488246307999999976	0.00436349070000000006
4.86399999999999988	0.0489413104000000002	-0.00379617260000000021
4.87199999999999989	0.0476681465000000013	-0.0118087560999999997
4.87999999999999989	0.0450275044000000013	-0.0195246391999999991
4.8879999999999999	0.0412831326000000012	-0.0266189263000000016
4.89599999999999991	0.0363722721999999998	-0.0330833949000000002
4.90399999999999991	0.0303998484999999999	-0.0386806558999999994
4.91199999999999992	0.0236144424000000012	-0.0431558100000000028
4.91999999999999993	0.0162380023999999998	-0.0464333798000000006
4.92799999999999994	0.00829171580000000012	-0.0485018489999999997
4.93599999999999994	0.000177917099999999991	-0.0491610649000000025
4.94399999999999995	-0.00796017899999999952	-0.048512259000000002
4.95199999999999996	-0.0158604921000000017	-0.0465251827000000007
4.95999999999999996	-0.0233600622000000001	-0.0431902681999999996
4.96799999999999997	-0.0300923765000000003	-0.0387796236000000002
4.97599999999999998	-0.0360711829999999997	-0.0332893687999999965
4.98399999999999999	-0.0410491984000000004	-0.0268379169999999993
4.99199999999999999	-0.0449010025000000021	-0.0197153478000000014
5	-0.0474857041999999993	-0.0120536707999999992
5.00800000000000001	-0.0487917744000000014	-0.00412722009999999962
5.01600000000000001	-0.0488029263000000005	0.00388991909999999996
5.02400000000000002	-0.0475070442000000009	0.0117854411000000003
5.03200000000000003	-0.045095905700000001	0.0192067465
5.04000000000000004	-0.0413319977999999991	0.0263034782999999987
5.04800000000000004	-0.0362073877999999974	0.0330599375999999986
5.05600000000000005	-0.0300348661999999995	0.0386951041999999967
5.06400000000000006	-0.0231290434000000003	0.0431895102000000031
5.07200000000000006	-0.0156708948000000015	0.0464516213000000025
5.08000000000000007	-0.0078160898000000003	0.0483585755000000006
5.08800000000000008	0.000224748599999999998	0.0490314820000000012
5.09600000000000009	0.0082802342000000001	0.0483341352999999974
5.10400000000000009	0.0161458189999999988	0.0463027540000000015
5.1120000000000001	0.0235798220000000003	0.0430101608000000024
5.12000000000000011	0.0303552791000000002	0.0385403240000000008
5.12800000000000011	0.0362843159000000026	0.0330106476999999995
5.13600000000000012	0.0412667337000000023	0.0265279895000000016
5.14400000000000013	0.0450414588000000032	0.0193275796999999999
5.15200000000000014	0.0476388095999999983	0.0116708612000000003
5.16000000000000014	0.0488789191000000012	0.00361674049999999997
5.16800000000000015	0.0488115157999999966	-0.0044578663999999997
5.17600000000000016	0.0473533090999999975	-0.0124169912999999993
5.18400000000000016	0.0446413396999999976	-0.0201028835000000017
5.19200000000000017	0.0406817267999999982	-0.0271024833000000007
5.20000000000000018	0.0356502595999999977	-0.0334203372999999984
5.20800000000000018	0.0295869895999999986	-0.0387698605000000029
5.21600000000000019	0.0227942440999999996	-0.0430731041999999967
5.2240000000000002	0.0154187171999999994	-0.0461958698999999987
5.23200000000000021	0.00755523989999999993	-0.048099578300000001
5.24000000000000021	-0.000355444300000000001	-0.0486338870000000006
5.24800000000000022	-0.00837180830000000022	-0.0478731909000000011
5.25600000000000023	-0.0161075286999999984	-0.0458564714000000012
5.26400000000000023	-0.0233607226000000015	-0.0425779607000000004
5.27200000000000024	-0.0300232710000000007	-0.0381531744000000034
5.28000000000000025	-0.0358485227000000031	-0.0327135438000000014
5.28800000000000026	-0.0407254030000000003	-0.0263896165999999988
5.29600000000000026	-0.0444844180999999991	-0.019340211999999999
5.30400000000000027	-0.047063284599999998	-0.0118397268000000003
5.31200000000000028	-0.0483825759999999966	-0.00398860419999999983
5.32000000000000028	-0.0484151120000000032	0.00400002820000000016
5.32800000000000029	-0.0471041705000000005	0.0119041058999999998
5.3360000000000003	-0.0445288299999999984	0.0194947434000000003
5.34400000000000031	-0.0407365120999999969	0.0265435325999999992
5.35200000000000031	-0.0358893018999999966	0.0329132783000000012
5.36000000000000032	-0.0299757398999999994	0.0384102616000000022
5.36800000000000033	-0.0232555038000000006	0.0428379866000000026
5.37600000000000033	-0.0158798558999999999	0.0460792521999999968
5.38400000000000034	-0.00809800540000000027	0.0481218485000000015
5.39200000000000035	9.41480000000000005e-06	0.0487233621000000006
5.40000000000000036	0.00807837049999999939	0.0480948448000000015
5.40800000000000036	0.0159318975000000002	0.0460834694000000003
5.41600000000000037	0.0233489324000000012	0.0427958302000000027
5.42400000000000038	0.0301639432000000013	0.0383035477000000027
5.43200000000000038	0.0360572936999999996	0.0327259235999999981
5.44000000000000039	0.040974583600000003	0.0263325293000000009
5.4480000000000004	0.0446640201000000001	0.0192181852000000014
5.45600000000000041	0.0472583696000000025	0.0115237689000000001
5.46400000000000041	0.0484491160000000004	0.00353893849999999989
5.47200000000000042	0.0483671900999999987	-0.00448641169999999985
5.48000000000000043	0.0469195324999999996	-0.0123085322999999993
5.48800000000000043	0.0442487662999999989	-0.0198454854999999993
5.49600000000000044	0.0403429895000000024	-0.0268156228999999989
5.50399999999999956	0.035431973399999997	-0.0330296777999999971
5.51199999999999957	0.0295627418000000003	-0.0383517987000000019
5.51999999999999957	0.0228672427999999997	-0.0426196486999999985
5.52799999999999958	0.0155544724999999995	-0.045848313100000003
5.53599999999999959	0.00780191330000000027	-0.0477566721000000013
5.54399999999999959	-0.000118008699999999994	-0.0483933231000000033
5.5519999999999996	-0.00804294300000000031	-0.0477478770000000011
5.55999999999999961	-0.0157390724000000017	-0.0457586925999999977
5.56799999999999962	-0.0230744875000000009	-0.0425865490000000013
5.57599999999999962	-0.0297555603999999987	-0.0381750140000000002
5.58399999999999963	-0.0355909194999999984	-0.032822191700000003
5.59199999999999964	-0.040560271299999999	-0.0265262318000000011
5.59999999999999964	-0.0443533447999999997	-0.0194813581999999999
5.60799999999999965	-0.0469964652999999982	-0.0119534766000000004
5.61599999999999966	-0.0483261878999999978	-0.00407758199999999973
5.62399999999999967	-0.0483370937000000001	0.00397140049999999967
5.63199999999999967	-0.0470560427000000017	0.0119032948999999999
5.63999999999999968	-0.0444139761000000022	0.0195159165000000009
5.64799999999999969	-0.0406136699999999976	0.026555725799999999
5.65599999999999969	-0.0356483901999999978	0.0328497971000000014
5.6639999999999997	-0.0297625926999999998	0.0383395907000000022
5.67199999999999971	-0.0230640806999999996	0.0427066456999999969
5.67999999999999972	-0.0157602093000000013	0.0459423081999999969
5.68799999999999972	-0.0080124381999999994	0.0478812313000000003
5.69599999999999973	-1.67649999999999996e-06	0.0485866870999999978
5.70399999999999974	0.00798472249999999939	0.0478652752000000015
5.71199999999999974	0.0157195814999999996	0.0458963776000000032
5.71999999999999975	0.0231018672000000008	0.0427642295000000006
5.72799999999999976	0.0297970920999999986	0.0383040525999999992
5.73599999999999977	0.0356941773999999989	0.0329118607999999979
5.74399999999999977	0.0406358934999999991	0.0265746474999999996
5.75199999999999978	0.0444461301000000017	0.0195375277000000014
5.75999999999999979	0.0470209752999999966	0.0119451724000000006
5.76799999999999979	0.0484079414000000013	0.00401863989999999994
5.7759999999999998	0.0483754856999999983	-0.00401195350000000013
5.78399999999999981	0.047078988799999999	-0.0119364303000000001
5.79199999999999982	0.0444152594999999983	-0.019553121100000001
5.79999999999999982	0.0405279456999999982	-0.026587175099999999
5.80799999999999983	0.0355754886999999978	-0.0328747840999999985
5.81599999999999984	0.0296385428000000006	-0.0383500842000000022
5.82399999999999984	0.0228449501999999985	-0.0427243955999999994
5.83199999999999985	0.0154715165000000009	-0.0458691338999999976
5.83999999999999986	0.00773198189999999962	-0.0477755142000000008
5.84799999999999986	-0.000335355999999999979	-0.0483792653000000017
5.85599999999999987	-0.0082478893000000001	-0.0476242493999999988
5.86399999999999988	-0.0159663261000000008	-0.0455209483000000026
5.87199999999999989	-0.0232772746999999995	-0.0422557825999999997
5.87999999999999989	-0.0298929178999999996	-0.0378615726999999985
5.8879999999999999	-0.0356687268000000016	-0.0324293485999999978
5.89599999999999991	-0.0404817717000000021	-0.0260611876000000006
5.90399999999999991	-0.044197450800000003	-0.0190855226000000017
5.91199999999999992	-0.0467068016000000003	-0.0114904637
5.91999999999999993	-0.0479935881999999994	-0.00366202470000000007
5.92799999999999994	-0.0479139608999999966	0.00421028249999999982
5.93599999999999994	-0.0466000049999999999	0.0120414305999999999
5.94399999999999995	-0.044002493400000002	0.0194733436000000017
5.95199999999999996	-0.0401769694999999996	0.0264435784999999986
5.95999999999999996	-0.0353525401999999975	0.0326963382000000011
5.96799999999999997	-0.0295509398999999999	0.0380527188999999974
5.97599999999999998	-0.0229384475999999983	0.0423789893999999973
5.98399999999999999	-0.0157092212999999994	0.0455542556999999973
5.99199999999999999	-0.00796491679999999924	0.0475787214999999972
6	-7.56263999999999981e-05	0.0482715848000000031
6.00800000000000001	0.00785783039999999981	0.0476166260999999966
6.01600000000000001	0.0155920682999999994	0.0456790898999999972
6.02400000000000002	0.0228985028999999993	0.0425388899000000015
6.03200000000000003	0.0296009809999999984	0.0382506896999999998
6.04000000000000004	0.0354318318000000007	0.0328560504000000031
6.04800000000000004	0.0404357124999999984	0.0266536121000000015
6.05600000000000005	0.0442800146000000006	0.0195759795
6.06400000000000006	0.0468471579999999999	0.0120503202000000007
6.07200000000000006	0.0482271215999999989	0.00416500460000000013
6.08000000000000007	0.0482381742999999988	-0.00386932330000000014
6.08800000000000008	0.0469775192999999994	-0.0117752553000000006
6.09600000000000009	0.0444016549999999982	-0.0193565103999999988
6.10400000000000009	0.0406475301000000025	-0.0264011647000000002
6.1120000000000001	0.0357057911000000019	-0.032788542900000002
6.12000000000000011	0.0298234126999999995	-0.0382317896000000032
6.12800000000000011	0.0230616413999999992	-0.0426409831000000017
6.13600000000000012	0.0157067014999999997	-0.0458616770999999979
6.14400000000000013	0.00796829599999999971	-0.0477897340000000004
6.15200000000000014	2.42384999999999984e-05	-0.0484431064999999994
6.16000000000000014	-0.00792045819999999921	-0.0478355801999999983
6.16800000000000015	-0.0156434867000000005	-0.0459082794000000016
6.17600000000000016	-0.0230544864999999988	-0.0427406734999999996
6.18400000000000016	-0.0300228142999999989	-0.0381965839999999987
6.19200000000000017	-0.0360040998000000015	-0.0325664582999999966
6.20000000000000018	-0.0409580237999999999	-0.0261535250000000004
6.20800000000000018	-0.0447453795000000015	-0.0189922512000000009
6.21600000000000019	-0.0472498631999999988	-0.0113063917999999992
6.2240000000000002	-0.0484594903999999993	-0.00333267039999999995
6.23200000000000021	-0.0483761498999999984	0.00477043979999999986
6.24000000000000021	-0.0468339220000000001	0.0127181807999999993
6.24800000000000022	-0.0441239074000000023	0.0202534156000000014
6.25600000000000023	-0.0401202884999999967	0.0272653523000000002
6.26400000000000023	-0.0350392677000000013	0.0334530198999999986
6.27200000000000024	-0.0289685774000000007	0.0388321127999999988
6.28000000000000025	-0.0221876252999999996	0.0430503440999999987
6.28800000000000026	-0.0147372667999999991	0.046050682699999998
6.29600000000000026	-0.00694368169999999996	0.0477782333000000003
6.30400000000000027	0.00101987299999999992	0.0482181834000000031
6.31200000000000028	0.00889889009999999918	0.0473534814000000012
6.32000000000000028	0.0165502312000000013	0.0452132161000000019
6.32800000000000029	0.0237288717999999989	0.0418164863999999983
6.3360000000000003	0.0302417583000000011	0.0372905934999999966
6.34400000000000031	0.0359008327999999974	0.0318275602000000005
6.35200000000000031	0.0405996536000000005	0.0254627883000000006
6.36000000000000032	0.0441850222000000001	0.0184828806000000012
6.36800000000000033	0.0465805758999999972	0.0110280138999999996
6.37600000000000033	0.0477400816999999991	0.00321655470000000018
6.38400000000000034	0.0475888589999999972	-0.00460811150000000041
6.39200000000000035	0.0461967037000000011	-0.0122791025999999994
6.40000000000000036	0.0435917139999999967	-0.0196890104999999996
6.40800000000000036	0.0397975512999999975	-0.0265228248999999985
6.41600000000000037	0.034904706399999999	-0.0327111383999999991
6.42400000000000038	0.0290528621000000001	-0.0379457053000000002
6.43200000000000038	0.0224253135999999999	-0.0422344274000000033
6.44000000000000039	0.0152809363000000007	-0.0453907714000000018
6.4480000000000004	0.0076206030000000001	-0.0472657740999999978
6.45600000000000041	-0.000235120499999999993	-0.0479588734999999988
6.46400000000000041	-0.00815239040000000081	-0.0472798564000000004
6.47200000000000042	-0.0158383255000000001	-0.0453253236000000018
6.48000000000000043	-0.0230574953999999992	-0.0421124145000000005
6.48800000000000043	-0.0297317500000000012	-0.0377858261000000029
6.49600000000000044	-0.0355956412	-0.0323680601999999998
6.50399999999999956	-0.0404401461999999989	-0.0260695810999999993
6.51199999999999957	-0.0443104760000000014	-0.0189732846999999989
6.51999999999999957	-0.0467871960000000031	-0.0114094494000000005
6.52799999999999958	-0.0480663258999999982	-0.0034940892000000002
6.53599999999999959	-0.0479768312000000002	0.00447897750000000004
6.54399999999999959	-0.0465697345000000013	0.0124448413000000004
6.5519999999999996	-0.0438366258000000009	0.0199103841000000011
6.55999999999999961	-0.039908844899999997	0.0269124742999999993
6.56799999999999962	-0.034907352400000001	0.0331309290000000034
6.57599999999999962	-0.0289554633000000013	0.0384195820000000007
6.58399999999999963	-0.0222205315000000014	0.0426537442999999974
6.59199999999999964	-0.0149414601999999994	0.0457513921000000032
6.59999999999999964	-0.00716460419999999983	0.0474849013
6.60799999999999965	0.000737364400000000038	0.0479634951999999976
6.61599999999999966	0.00861458539999999939	0.0471902132999999988
6.62399999999999967	0.0162100363000000011	0.0451596350999999979
6.63199999999999967	0.0233873767000000003	0.0418316415999999969
6.63999999999999968	0.0299485549000000004	0.0374101608000000016
6.64799999999999969	0.0356377345999999984	0.0319500741999999976
6.65599999999999969	0.0404048954000000016	0.0256387894999999984
6.6639999999999997	0.0440537214000000024	0.0186821434000000001
6.67199999999999971	0.0465280219000000009	0.0111141069000000002
6.67999999999999972	0.0477530411999999987	0.00331733629999999982
6.68799999999999972	0.0476191215000000001	-0.00452391970000000018
6.69599999999999973	0.0462253368000000026	-0.0123260313999999996
6.70399999999999974	0.0435589875000000001	-0.0197388821000000006
6.71199999999999974	0.0396996870999999987	-0.026635291299999999
6.71999999999999975	0.0347640234999999978	-0.0328930632000000028
6.72799999999999976	0.0289028596000000006	-0.0381528797000000031
6.73599999999999977	0.0222381463000000008	-0.0423277864999999989
6.74399999999999977	0.0149966816000000006	-0.0455197046999999966
6.75199999999999978	0.00730516990000000012	-0.0472914742999999971
6.75999999999999979	-0.000625026199999999948	-0.0478954774999999985
6.76799999999999979	-0.00847803570000000076	-0.0471712973999999993
6.7759999999999998	-0.0161659536000000013	-0.0451678174999999987
6.78399999999999981	-0.0233980488000000014	-0.0418923487999999997
6.79199999999999982	-0.0300062003999999986	-0.037451050700000002
6.79999999999999982	-0.0357742959000000027	-0.0320601736999999998
6.80799999999999983	-0.0405527694000000008	-0.0257082575999999993
6.81599999999999984	-0.0442241945000000011	-0.018672653899999999
6.82399999999999984	-0.046699429700000003	-0.0111204071000000002
6.83199999999999985	-0.0479649636000000004	-0.00341315389999999981
6.83999999999999986	-0.0478904580999999982	0.00449504229999999998
6.84799999999999986	-0.0465184220999999981	0.0122384977999999995
6.85599999999999987	-0.0438703807000000029	0.0197475181
6.86399999999999988	-0.0401155077999999984	0.0266441832999999989
6.87199999999999989	-0.0352491311999999987	0.0328288156999999997
6.87999999999999989	-0.0293572890000000017	0.0381888368000000006
6.8879999999999999	-0.0226825789	0.0425713236999999967
6.89599999999999991	-0.0153481499	0.0457032631000000023
6.90399999999999991	-0.00759295090000000009	0.0476346854000000014
6.91199999999999992	0.000468512600000000018	0.0483164149000000001
6.91999999999999993	0.00844311359999999969	0.0475470036999999998
6.92799999999999994	0.0162614625000000006	0.0455229111000000006
6.93599999999999994	0.0235643783999999988	0.0421785676000000012
6.94399999999999995	0.0302581843999999989	0.0376466339999999983
6.95199999999999996	0.0360892203000000023	0.0321267057000000009
6.95999999999999996	0.0409371304000000005	0.0257491972999999985
6.96799999999999997	0.0445984329999999998	0.018690713099999999
6.97599999999999998	0.0470363868999999976	0.0109920898000000003
6.98399999999999999	0.0481976730000000034	0.00305651120000000011
6.99199999999999999	0.0480390440999999974	-0.0049244285000000004
7	0.0465512074000000026	-0.0127693991000000003
7.00800000000000001	0.0438342488999999974	-0.020281365400000001
7.01600000000000001	0.0398198846000000009	-0.0271825995999999993
7.02400000000000002	0.0348060857000000029	-0.0333514644000000027
7.03200000000000003	0.0287941097000000007	-0.0385752446000000027
7.04000000000000004	0.0220082646000000007	-0.0427459672999999998
7.04800000000000004	0.0146423614999999993	-0.0457824569999999986
7.05600000000000005	0.00691593999999999976	-0.0475132752000000033
7.06400000000000006	-0.000973496600000000006	-0.0480048807000000022
7.07200000000000006	-0.00886977570000000055	-0.0471432078999999976
7.08000000000000007	-0.0164755442000000009	-0.0449717577999999979
7.08800000000000008	-0.0236487283000000013	-0.0416294197000000032
7.09600000000000009	-0.0300886664999999998	-0.0371545276000000008
7.10400000000000009	-0.0357460006000000011	-0.0317169086000000031
7.1120000000000001	-0.0404357024000000023	-0.0253702792000000017
7.12000000000000011	-0.0440404322000000001	-0.0184234854999999996
7.12800000000000011	-0.0464229689000000001	-0.0109548939000000001
7.13600000000000012	-0.0475275340999999976	-0.00318665349999999997
7.14400000000000013	-0.0474125977000000032	0.00463786319999999995
7.15200000000000014	-0.0459451329999999991	0.0123742893000000007
7.16000000000000014	-0.0433066826000000002	0.0197040217999999989
7.16800000000000015	-0.0395437525000000012	0.0265871022999999984
7.17600000000000016	-0.0346611790000000003	0.0326774182000000024
7.18400000000000016	-0.0288595780000000003	0.0379547907999999989
7.19200000000000017	-0.0222158988999999994	0.0421826999999999966
7.20000000000000018	-0.0149859871000000006	0.045261275099999998
7.20800000000000018	-0.00736039460000000034	0.0471365643000000029
7.21600000000000019	0.000513102500000000043	0.0477242089000000022
7.2240000000000002	0.00835832660000000033	0.0470130382000000027
7.23200000000000021	0.0160284979999999987	0.0450811086999999971
7.24000000000000021	0.0232688510000000001	0.0418218782999999969
7.24800000000000022	0.0298739010999999992	0.0374769964999999983
7.25600000000000023	0.0356530076000000015	0.0320383301999999995
7.26400000000000023	0.0404694843999999984	0.0256911909999999986
7.27200000000000024	0.0442044454000000003	0.0186646672999999999
7.28000000000000025	0.0468119590000000002	0.0111227418000000005
7.28800000000000026	0.0480179509000000018	0.00319096689999999981
7.29600000000000026	0.0479333934000000031	-0.0047714868000000004
7.30400000000000027	0.0464526514999999973	-0.0126603843000000008
7.31200000000000028	0.0437682312000000004	-0.0202162367999999988
7.32000000000000028	0.0398150557999999988	-0.0272136304999999988
7.32800000000000029	0.0347850062999999973	-0.0333834896999999978
7.3360000000000003	0.0287834808000000004	-0.0386780742999999969
7.34400000000000031	0.0220352509999999988	-0.042916296399999998
7.35200000000000031	0.0145514753	-0.045974353699999998
7.36000000000000032	0.00680161350000000036	-0.0477409457999999967
7.36800000000000033	-0.00116111290000000004	-0.0481894209000000018
7.37600000000000033	-0.00909747489999999936	-0.0473290946999999976
7.38400000000000034	-0.0167642547999999995	-0.045159623900000001
7.39200000000000035	-0.023934217800000001	-0.0417484337999999983
7.40000000000000036	-0.0305088051000000013	-0.0372408518999999966
7.40800000000000036	-0.0361997897999999999	-0.0316975334999999997
7.41600000000000037	-0.040902382000000001	-0.0252885407999999985
7.42400000000000038	-0.0445124979999999976	-0.0181732341000000013
7.43200000000000038	-0.0468969786	-0.0105887402999999998
7.44000000000000039	-0.0479494909999999969	-0.00272522170000000013
7.4480000000000004	-0.0477338262000000027	0.00518801340000000014
7.45600000000000041	-0.0461905503000000009	0.0130135580999999993
7.46400000000000041	-0.0434243160999999989	0.0204053712999999991
7.47200000000000042	-0.0393931595999999981	0.0271888171999999997
7.48000000000000043	-0.0343408566999999984	0.0332274003000000012
7.48800000000000043	-0.0284682295999999987	0.0385235444999999996
7.49600000000000044	-0.0217500361000000017	0.0426104365000000013
7.50399999999999956	-0.0144302076999999994	0.0455947444999999993
7.51199999999999957	-0.00676203169999999975	0.0473137115000000011
7.51999999999999957	0.00105690170000000009	0.0477686682000000029
7.52799999999999958	0.00886031269999999933	0.0469946939999999966
7.53599999999999959	0.0164623110000000003	0.0449061808000000007
7.54399999999999959	0.0236019883000000014	0.0415499383999999999
7.5519999999999996	0.0301034186999999988	0.0371441741999999978
7.55999999999999961	0.0357962617999999996	0.0317025842000000016
7.56799999999999962	0.0405417445999999987	0.0254009678000000003
7.57599999999999962	0.0442215775999999991	0.0183956741999999999
7.58399999999999963	0.0467412191000000019	0.0108150550000000005
7.59199999999999964	0.0479192784000000011	0.00298304709999999999
7.59999999999999964	0.0477956538999999986	-0.00489793510000000043
7.60799999999999965	0.0463654702000000016	-0.0127435898999999995
7.61599999999999966	0.0436411867000000009	-0.0202443276000000005
7.62399999999999967	0.0397546033999999979	-0.027268440599999999
7.63199999999999967	0.034687143099999998	-0.0334607811999999977
7.63999999999999968	0.0287062746999999993	-0.0387783203000000021
7.64799999999999969	0.0218794078000000003	-0.0430564342000000003
7.65599999999999969	0.0144749326000000005	-0.0461052923999999975
7.6639999999999997	0.00659458069999999986	-0.0478608997000000008
7.67199999999999971	-0.00137816760000000001	-0.0483566524999999997
7.67999999999999972	-0.00946885939999999975	-0.0474324964000000029
7.68799999999999972	-0.0171144397000000011	-0.0452156483000000012
7.69599999999999973	-0.024408070300000001	-0.0417566675999999984
7.70399999999999974	-0.0309671328000000017	-0.0371220681999999969
7.71199999999999974	-0.0366719983000000013	-0.0314541357999999979
7.71999999999999975	-0.0413852529000000025	-0.0249705518999999987
7.72799999999999976	-0.044885976000000001	-0.0177958925000000004
7.73599999999999977	-0.0471755744999999976	-0.0101119686999999996
7.74399999999999977	-0.0481907883000000023	-0.00222331790000000014
7.75199999999999978	-0.0478364765999999969	0.00579664270000000009
7.75999999999999979	-0.0462036289000000017	0.0135606618999999998
7.76799999999999979	-0.0433274755999999983	0.0209606056999999991
7.7759999999999998	-0.0393857020000000016	0.0277582829000000003
7.78399999999999981	-0.0342525278000000016	0.0338946889999999987
7.79199999999999982	-0.0282176682999999984	0.0390337196999999969
7.79999999999999982	-0.0214781063000000008	0.0431259860999999994
7.80799999999999983	-0.0140866587000000008	0.0460994498999999988
7.81599999999999984	-0.00631068670000000005	0.0478195650000000014
7.82399999999999984	0.00164580739999999992	0.0482013717999999966
7.83199999999999985	0.00953094430000000006	0.0472738986999999972
7.83999999999999986	0.0172432947000000017	0.0451125729000000017
7.84799999999999986	0.0244347541999999987	0.0416734713000000007
7.85599999999999987	0.0309440762000000001	0.0371215110999999973
7.86399999999999988	0.0366708942999999996	0.0314674441999999999
7.87199999999999989	0.0414147978	0.0249978775000000014
7.87999999999999989	0.0450406877999999997	0.0177791594000000011
7.8879999999999999	0.0473737067999999983	0.0100943762999999992
7.89599999999999991	0.0484264958999999981	0.00211576729999999984
7.90399999999999991	0.0480847396999999968	-0.0059880224000000001
7.91199999999999992	0.046383418400000001	-0.0139859310000000001
7.91999999999999993	0.0433725183999999972	-0.0215399848999999997
7.92799999999999994	0.0392251477999999987	-0.0284421364999999995
7.93599999999999994	0.0339980496999999979	-0.0344950639999999989
7.94399999999999995	0.0278452042000000011	-0.0395504226999999972
7.95199999999999996	0.0208816986000000017	-0.0436229393999999979
7.95999999999999996	0.0134262197999999999	-0.0463821752000000004
7.96799999999999997	0.0054903482999999996	-0.0479338698000000007
7.97599999999999998	-0.00255852340000000018	-0.0481514113999999965
7.98399999999999999	-0.0104976179000000006	-0.0469951860000000013
7.99199999999999999	-0.0181118205000000004	-0.044609652399999998
8	-0.0251909500000000001	-0.0409617938000000001
8.00799999999999912	-0.0316084141999999971	-0.0362054367999999974
8.01600000000000001	-0.0371305758999999971	-0.030483435100000001
8.02399999999999913	-0.0416729838000000005	-0.0238828100999999987
8.03200000000000003	-0.0450202325	-0.0167290915999999991
8.03999999999999915	-0.0471439022999999985	-0.00906136519999999925
8.04800000000000004	-0.0479890429000000007	-0.00114785879999999992
8.05599999999999916	-0.0475198422999999967	0.00679322109999999993
8.06400000000000006	-0.0457985929999999986	0.0145413222999999994
8.07199999999999918	-0.0427490106999999994	0.0219068101000000001
8.08000000000000007	-0.0385470612999999976	0.0287262850000000007
8.08799999999999919	-0.0332382726000000003	0.0347127391000000007
8.09600000000000009	-0.0270030474999999985	0.0397367025999999998
8.1039999999999992	-0.0201054592999999997	0.0436359440999999973
8.1120000000000001	-0.0125366459000000006	0.0464112976999999996
8.11999999999999922	-0.00467473509999999978	0.0478170260999999999
8.12800000000000011	0.00329579409999999993	0.0478737441999999985
8.13599999999999923	0.0111697674000000007	0.0466290592999999975
8.14400000000000013	0.0186932967000000005	0.0440509351000000007
8.15199999999999925	0.0256897030000000012	0.0403102352000000025
8.16000000000000014	0.0319381478999999982	0.0355083652999999971
8.16799999999999926	0.0372628698000000008	0.0296366162000000002
8.17600000000000016	0.0415282339000000028	0.0230924193
8.18399999999999928	0.0446819857000000029	0.0158590755
8.19200000000000017	0.0465962934999999967	0.00832351240000000006
8.19999999999999929	0.0471888332999999965	0.0005895939
8.20800000000000018	0.0465559226000000007	-0.00717231799999999958
8.2159999999999993	0.0446780303999999989	-0.0146345547999999995
8.2240000000000002	0.0416066350999999973	-0.0217135647000000001
8.23199999999999932	0.0375277027999999999	-0.0281857790999999989
8.24000000000000021	0.0324072234999999986	-0.0338561422000000015
8.24799999999999933	0.0264566247999999983	-0.0387140100000000001
8.25600000000000023	0.0197646230999999999	-0.0424159638999999991
8.26399999999999935	0.0126057966999999996	-0.0451161640000000003
8.27200000000000024	0.00510749749999999964	-0.0466045762999999988
8.27999999999999936	-0.00256521170000000021	-0.0468483557999999981
8.28800000000000026	-0.0101723221000000006	-0.0458588986999999976
8.29599999999999937	-0.0175868695000000012	-0.0436735871000000012
8.30400000000000027	-0.0245132123	-0.0402969821999999978
8.31199999999999939	-0.0308771109000000009	-0.0357448487999999995
8.32000000000000028	-0.0363847611999999973	-0.0302183616000000002
8.3279999999999994	-0.0409842600000000015	-0.0238021736000000005
8.3360000000000003	-0.0443717917000000031	-0.0167500982999999985
8.34399999999999942	-0.0466228632999999976	-0.00914534690000000025
8.35200000000000031	-0.0475445063999999987	-0.00131947050000000006
8.35999999999999943	-0.0471211765000000005	0.00652764460000000019
8.36800000000000033	-0.045422545100000003	0.0143201700999999997
8.37599999999999945	-0.0424338569999999984	0.0216689371000000006
8.38400000000000034	-0.0382407302000000032	0.0284090666000000013
8.39199999999999946	-0.0329802657999999985	0.0343666887000000018
8.40000000000000036	-0.0267942767999999991	0.0393009339000000013
8.40799999999999947	-0.0199230695000000013	0.0431686115999999967
8.41600000000000037	-0.0124615135000000002	0.0457883640999999994
8.42399999999999949	-0.00472224219999999983	0.0471995918000000028
8.43200000000000038	0.00303861689999999993	0.0472785713999999968
8.4399999999999995	0.0107904960000000001	0.046058117099999997
8.4480000000000004	0.0181795104000000013	0.043635082399999997
8.45599999999999952	0.0250474047000000012	0.0400258583000000015
8.46400000000000041	0.0312553025999999998	0.035408717800000003
8.47199999999999953	0.0366810621000000017	0.0298097477
8.48000000000000043	0.0410409737999999982	0.0234010130999999996
8.48799999999999955	0.0443680420000000034	0.0163779619000000015
8.49600000000000044	0.0464754869000000015	0.00887246950000000062
8.50399999999999956	0.047362653400000003	0.00118345499999999992
8.51200000000000045	0.0469789915999999988	-0.00662347309999999998
8.51999999999999957	0.0453079226000000015	-0.0142953539999999997
8.52800000000000047	0.0424610596999999979	-0.021539908600000001
8.53599999999999959	0.0383891972000000026	-0.0282395930000000003
8.54400000000000048	0.0332149071000000032	-0.0342798202999999996
8.5519999999999996	0.0271717365000000016	-0.0393528532999999972
8.5600000000000005	0.0202200374000000016	-0.0435000273000000007
8.56799999999999962	0.0127068463999999992	-0.046293446299999999
8.57600000000000051	0.0047974669000000001	-0.0478722009000000018
8.58399999999999963	-0.00327390640000000017	-0.0479856357000000011
8.59200000000000053	-0.0112925266	-0.0467662174999999986
8.59999999999999964	-0.0189535013999999995	-0.0441817924999999972
8.60800000000000054	-0.0260254886999999983	-0.0403096353000000004
8.61599999999999966	-0.0323923916000000006	-0.0353418091000000031
8.62400000000000055	-0.0377781137999999989	-0.0293451544000000002
8.63199999999999967	-0.0420181404000000008	-0.0226075089
8.64000000000000057	-0.0451018558	-0.0153181058000000005
8.64799999999999969	-0.0468514641999999981	-0.00756508489999999957
8.65600000000000058	-0.0473123044999999992	0.000272482799999999999
8.6639999999999997	-0.0464935667999999969	0.00804026159999999927
8.6720000000000006	-0.0443889803999999999	0.0155459022999999991
8.67999999999999972	-0.0411629526999999981	0.0225136350999999985
8.68800000000000061	-0.0368164145999999998	0.0289032209999999998
8.69599999999999973	-0.031497396300000001	0.0344795509000000028
8.70400000000000063	-0.0254380430000000005	0.0391083781000000005
8.71199999999999974	-0.0187012533999999994	0.0426374709000000018
8.72000000000000064	-0.0114912222999999994	0.0450791301999999977
8.72799999999999976	-0.00404407299999999959	0.0463201882000000009
8.73600000000000065	0.00357500420000000018	0.0464151206999999996
8.74399999999999977	0.0111582281000000005	0.0452208809999999975
8.75200000000000067	0.0183392606999999985	0.0428498907999999984
8.75999999999999979	0.0251653971999999983	0.0393200619000000015
8.76800000000000068	0.0313063660000000021	0.0347533544999999999
8.7759999999999998	0.0366845816000000019	0.0292197818999999984
8.7840000000000007	0.0410613589999999987	0.0227291750000000008
8.79199999999999982	0.0443917110000000004	0.0157241665999999988
8.80000000000000071	0.0464789673	0.00815054360000000075
8.80799999999999983	0.0471721126000000032	0.000333588700000000027
8.81600000000000072	0.0466710972999999987	-0.00756741740000000003
8.82399999999999984	0.0447190885999999982	-0.0152709726999999996
8.83200000000000074	0.041582396100000002	-0.0225177777000000016
8.83999999999999986	0.0371848699000000005	-0.0291542880000000004
8.84800000000000075	0.0317719548000000018	-0.0349695616999999986
8.85599999999999987	0.0255045352999999989	-0.0396166075999999992
8.86400000000000077	0.0184533423000000016	-0.0432800819999999975
8.87199999999999989	0.0109426052000000003	-0.045588855999999997
8.88000000000000078	0.00320615420000000019	-0.0466503649999999992
8.8879999999999999	-0.00447783059999999969	-0.0463632055999999987
8.8960000000000008	-0.0120835731999999994	-0.044844442499999998
8.90399999999999991	-0.0192184513000000015	-0.0420407305999999995
8.91200000000000081	-0.0256906029000000015	-0.0382362393000000023
8.91999999999999993	-0.0314728661000000035	-0.0334048897999999969
8.92800000000000082	-0.0363699556999999979	-0.027772111700000001
8.93599999999999994	-0.0403320336999999987	-0.021480530099999999
8.94400000000000084	-0.0431645026000000015	-0.0146298929999999997
8.95199999999999996	-0.0448676438999999969	-0.00744202590000000042
8.96000000000000085	-0.0454326665000000032	-7.79888999999999946e-05
8.96799999999999997	-0.0448213765999999972	0.00720383420000000017
8.97600000000000087	-0.0430820999999999982	0.0143557404000000007
8.98399999999999999	-0.0402551995999999995	0.0212319124999999984
8.99200000000000088	-0.0363165983000000026	0.0275425465000000008
9	-0.0314526053999999999	0.0331349691000000016
