1	-0.0295627676999999991	-0.0905812440999999996
1.00800000000000001	-0.0441236236000000018	-0.0844390727000000063
1.01600000000000001	-0.0573237991999999974	-0.0759710521999999999
1.02400000000000002	-0.0688691282000000043	-0.0656585954999999999
1.03200000000000003	-0.0786620046999999961	-0.0534942914999999991
1.04000000000000004	-0.0865325383999999975	-0.039591000799999998
1.04800000000000004	-0.0919259813000000009	-0.0245803305999999985
1.05600000000000005	-0.0947076166999999969	-0.00941284950000000065
1.06400000000000006	-0.0949829764999999965	0.0063052875999999999
1.07200000000000006	-0.0927009820999999956	0.0219605044000000006
1.08000000000000007	-0.0877655454000000057	0.0370288615999999973
1.08800000000000008	-0.0804301020000000033	0.0510348944000000027
1.09600000000000009	-0.0710802271999999985	0.0633305168999999946
1.10400000000000009	-0.059710610499999997	0.0741344927999999931
1.1120000000000001	-0.046624377699999997	0.0829763869999999987
1.12000000000000011	-0.0319702701999999978	0.0896261559999999985
1.12799999999999989	-0.0167238611999999988	0.0936235187999999996
1.1359999999999999	-0.000962290899999999959	0.0950598710000000041
1.14399999999999991	0.0143913928999999993	0.0939407824000000058
1.15199999999999991	0.0296840911999999985	0.0902679752999999974
1.15999999999999992	0.0441913572000000032	0.084075990500000003
1.16799999999999993	0.0575154090999999978	0.0754405160999999935
1.17599999999999993	0.0691428988999999994	0.0649267394999999969
1.18399999999999994	0.0788921513000000046	0.0524772964999999994
1.19199999999999995	0.0862401648000000048	0.0389781994999999978
1.19999999999999996	0.0914518368999999998	0.0241276576000000013
1.20799999999999996	0.0941801242000000066	0.0087697053999999993
1.21599999999999997	0.0942281429000000059	-0.0071031343999999998
1.22399999999999998	0.0917110763999999939	-0.0222995720000000001
1.23199999999999998	0.0866859127000000063	-0.0371066489999999985
1.23999999999999999	0.0794271710000000047	-0.050681052499999997
1.248	0.0699694039000000045	-0.0630252787000000064
1.25600000000000001	0.0585806544000000012	-0.0735779847000000015
1.26400000000000001	0.0454484716999999996	-0.082284990200000005
1.27200000000000002	0.0311045838999999998	-0.0886703590999999985
1.28000000000000003	0.0163106670000000009	-0.0924608103000000014
1.28800000000000003	0.000983549100000000046	-0.0938309638000000001
1.29600000000000004	-0.0142382386999999992	-0.0927469481999999984
1.30400000000000005	-0.0293737953999999996	-0.0890537024999999982
1.31200000000000006	-0.0436063055999999991	-0.0830272928999999937
1.32000000000000006	-0.0565596313000000031	-0.0748689859999999985
1.32800000000000007	-0.0682995277999999956	-0.0642562777000000029
1.33600000000000008	-0.0778433555000000027	-0.052401900199999997
1.34400000000000008	-0.0853992338999999961	-0.0389449700999999968
1.35200000000000009	-0.0906936418999999966	-0.0242981388000000006
1.3600000000000001	-0.0934601810999999977	-0.00904628359999999979
1.3680000000000001	-0.0936731127000000052	0.00667287309999999977
1.37599999999999989	-0.0913190776000000065	0.0219100916999999985
1.3839999999999999	-0.0865176066999999993	0.0365433465999999985
1.3919999999999999	-0.078933769599999995	0.0507278121999999998
1.39999999999999991	-0.069527037599999994	0.0629727493000000055
1.40799999999999992	-0.0582216184000000012	0.073486778700000005
1.41599999999999993	-0.0452910413000000012	0.0819704958000000011
1.42399999999999993	-0.0312300666999999997	0.0882241098000000057
1.43199999999999994	-0.0160378884999999999	0.0921032865000000062
1.43999999999999995	-0.00053968600000000005	0.0933790783999999957
1.44799999999999995	0.0147602707999999992	0.0921088961999999983
1.45599999999999996	0.0295621966	0.0883600333000000016
1.46399999999999997	0.0439993389999999984	0.0820304936999999984
1.47199999999999998	0.0566815784000000017	0.0736624751999999938
1.47999999999999998	0.0678668183000000064	0.0634115388000000002
1.48799999999999999	0.0773130682999999957	0.0512905692999999982
1.496	0.0845650686999999956	0.0378823662000000033
1.504	0.0895787125000000045	0.0234764646
1.51200000000000001	0.0921149187000000064	0.00834051360000000012
1.52000000000000002	0.0922010869000000066	-0.00688473000000000036
1.52800000000000002	0.089779179099999995	-0.0218104791999999999
1.53600000000000003	0.0850121694999999983	-0.0361105988999999988
1.54400000000000004	0.0777609804999999932	-0.0497538063000000017
1.55200000000000005	0.0684535587000000001	-0.0618497158000000033
1.56000000000000005	0.0575615380999999968	-0.0720956465999999935
1.56800000000000006	0.0449445166999999993	-0.0805766041000000044
1.57600000000000007	0.0311370751000000015	-0.0867886100999999965
1.58400000000000007	0.0166459790000000017	-0.0907556241000000014
1.59200000000000008	0.00125497679999999993	-0.0922157103000000034
1.60000000000000009	-0.0139858549000000006	-0.0911913003999999944
1.6080000000000001	-0.0287158547999999993	-0.0876538458999999992
1.6160000000000001	-0.0427214710999999983	-0.0817656316999999938
1.62400000000000011	-0.0555207285999999994	-0.0736899362999999946
1.6319999999999999	-0.0670083613999999939	-0.063410721500000003
1.6399999999999999	-0.0766048196999999931	-0.0513425550999999994
1.64799999999999991	-0.0838838155000000002	-0.0383052834000000009
1.65599999999999992	-0.0890187110000000004	-0.0239951199000000004
1.66399999999999992	-0.0917375760000000012	-0.00900167049999999955
1.67199999999999993	-0.0919467835999999983	0.00620903340000000022
1.67999999999999994	-0.0896406535999999948	0.0211761396000000011
1.68799999999999994	-0.0847951044000000015	0.0358966089000000016
1.69599999999999995	-0.077677051600000005	0.0493332100000000023
1.70399999999999996	-0.0685343828000000016	0.0613497661000000014
1.71199999999999997	-0.0575955460999999988	0.0717116958999999971
1.71999999999999997	-0.0450849145000000034	0.0801035989999999976
1.72799999999999998	-0.0313181831000000008	0.0863898471999999945
1.73599999999999999	-0.0162922360000000016	0.0903998389000000013
1.74399999999999999	-0.00152621960000000009	0.0918360223999999947
1.752	0.0135586218000000001	0.0908232082000000052
1.76000000000000001	0.0283362522999999998	0.0873375816000000055
1.76800000000000002	0.0423164742999999968	0.0814446573000000007
1.77600000000000002	0.0550460918000000021	0.0734286439000000068
1.78400000000000003	0.0662949775000000047	0.063460846500000001
1.79200000000000004	0.0758579067000000051	0.0516362702000000007
1.80000000000000004	0.0833770474000000011	0.0381743698000000034
1.80800000000000005	0.0885779513999999935	0.0240523321999999984
1.81600000000000006	0.0913186935000000061	0.00916806090000000032
1.82400000000000007	0.0915433397999999982	-0.00595421499999999968
1.83200000000000007	0.089378259099999996	-0.0208540255999999993
1.84000000000000008	0.0847734499000000058	-0.0352820254
1.84800000000000009	0.0776553564000000002	-0.0489755332999999987
1.85600000000000009	0.0684730679000000036	-0.0610842755000000001
1.8640000000000001	0.0577303017000000002	-0.0714157854000000009
1.87200000000000011	0.0450896754000000011	-0.0799677572999999975
1.87999999999999989	0.031151518999999999	-0.0863130695000000059
1.8879999999999999	0.0164261776000000012	-0.0902644843999999974
1.89599999999999991	0.00142322929999999992	-0.0916782030999999942
1.90399999999999991	-0.0136108515999999995	-0.0906975738000000004
1.91199999999999992	-0.0280898971999999983	-0.0872583670999999977
1.91999999999999993	-0.0425101695000000002	-0.0811950523999999951
1.92799999999999994	-0.0553047025999999983	-0.0729587448999999971
1.93599999999999994	-0.0665176828000000053	-0.0628696881999999957
1.94399999999999995	-0.0758867418000000044	-0.0510534639999999998
1.95199999999999996	-0.0831984067000000049	-0.0379261665999999983
1.95999999999999996	-0.0882616174000000059	-0.0237820969999999986
1.96799999999999997	-0.090906658200000004	-0.00893864270000000079
1.97599999999999998	-0.0910669716000000046	0.00627435250000000014
1.98399999999999999	-0.0885971625000000068	0.0215874274000000012
1.99199999999999999	-0.0840363940000000004	0.0354329011999999985
2	-0.077007075199999997	0.0487493187999999966
2.00800000000000001	-0.0678008791999999971	0.0608181290999999999
2.01600000000000001	-0.0568813345999999997	0.071131193199999998
2.02400000000000002	-0.0444204758999999991	0.0794702473999999992
2.03200000000000003	-0.0307882036000000012	0.0856080230000000053
2.04000000000000004	-0.0163896141000000016	0.0894668017999999954
2.04800000000000004	-0.00157211690000000001	0.0909381821000000007
2.05600000000000005	0.0134341213000000008	0.0899326876000000053
2.06400000000000006	0.0284983497000000016	0.0862957985000000066
2.07200000000000006	0.0423506385999999971	0.0803668807999999985
2.08000000000000007	0.054831782699999998	0.0724163359000000034
2.08800000000000008	0.0658839888999999956	0.0624077259000000023
2.09600000000000009	0.0752647337999999971	0.0507333311000000009
2.10400000000000009	0.0825674670000000055	0.0376139584000000013
2.1120000000000001	0.0875854999999999967	0.0235264493999999998
2.12000000000000011	0.0902297477000000014	0.00876542769999999992
2.12800000000000011	0.0903902418000000069	-0.00621955129999999991
2.13600000000000012	0.0880072801000000016	-0.0213452420000000004
2.14400000000000013	0.0834874012999999998	-0.0350129418000000026
2.15200000000000014	0.0766415282000000031	-0.048143739900000003
2.16000000000000014	0.0676043139999999987	-0.0600558645000000002
2.16800000000000015	0.0566651717999999971	-0.0703466927999999991
2.17600000000000016	0.0442245531000000011	-0.0787026465999999952
2.18400000000000016	0.0305508357000000008	-0.0848928379999999982
2.19200000000000017	0.0161669938000000013	-0.0887137459999999961
2.20000000000000018	0.00142143819999999998	-0.0901045557000000052
2.20800000000000018	-0.0132568527000000002	-0.0891381573000000066
2.21600000000000019	-0.027389760400000001	-0.0857649488999999987
2.2240000000000002	-0.0415961898000000024	-0.079826863299999995
2.23200000000000021	-0.0541928350000000017	-0.0718041507999999939
2.24000000000000021	-0.0652007919999999935	-0.0619262797999999975
2.24800000000000022	-0.0744164192000000002	-0.0504551072000000017
2.25599999999999978	-0.0816425389000000057	-0.0376576808999999971
2.26399999999999979	-0.0866164335000000063	-0.0238087600999999996
2.2719999999999998	-0.0893961094000000067	-0.00938150440000000072
2.2799999999999998	-0.0896863630999999994	0.00534114680000000001
2.28799999999999981	-0.0876602177999999954	0.0199549197000000005
2.29599999999999982	-0.0831065111999999967	0.0342540799999999993
2.30399999999999983	-0.0761856894000000062	0.0476422079999999984
2.31199999999999983	-0.0671404929000000011	0.0596775245000000024
2.31999999999999984	-0.0568964385000000003	0.069610394000000006
2.32799999999999985	-0.0448429537000000003	0.0779620612000000018
2.33599999999999985	-0.0313564557000000008	0.0843663503000000037
2.34399999999999986	-0.0170166368999999998	0.0883977893999999959
2.35199999999999987	-0.0021719889	0.0899506803999999965
2.35999999999999988	0.0127190594999999993	0.0890836564000000025
2.36799999999999988	0.0272912953999999985	0.0857343205000000025
2.37599999999999989	0.0411162450000000027	0.0800348622999999953
2.3839999999999999	0.0537691281000000007	0.0721209777999999996
2.3919999999999999	0.0648818959999999945	0.0622629566999999967
2.39999999999999991	0.074120166500000001	0.0509530507999999965
2.40799999999999992	0.0812255258999999979	0.0384616919999999987
2.41599999999999993	0.0866334386999999956	0.0239127800999999994
2.42399999999999993	0.0893380411999999957	0.00907758390000000005
2.43199999999999994	0.0895502521000000051	-0.00576804819999999965
2.43999999999999995	0.0874006264000000005	-0.020274841200000001
2.44799999999999995	0.0828612346999999944	-0.0342596252999999989
2.45599999999999996	0.0761153955000000021	-0.0472877942999999981
2.46399999999999997	0.0673193126000000003	-0.0590242337999999991
2.47199999999999998	0.0567491590000000004	-0.0692575178000000014
2.47999999999999998	0.044687748200000002	-0.0776067604999999966
2.48799999999999999	0.0314424848000000035	-0.0838202222999999969
2.496	0.0173173767999999992	-0.0878498515000000063
2.504	0.00266400110000000008	-0.0895507103000000027
2.51200000000000001	-0.0123184655000000004	-0.0887330714999999964
2.52000000000000002	-0.0269197140000000008	-0.0854076493999999936
2.52800000000000002	-0.0403890408999999992	-0.080055354499999995
2.53600000000000003	-0.0527998958000000032	-0.0725548324999999994
2.54400000000000004	-0.0640310112000000015	-0.0629638185000000045
2.55200000000000005	-0.0736208074999999962	-0.0516037023999999997
2.56000000000000005	-0.0811575498000000062	-0.0387279748000000021
2.56800000000000006	-0.0865329794999999957	-0.0248399527000000009
2.57600000000000007	-0.0895040785000000005	-0.0101542655000000006
2.58400000000000007	-0.0900219030000000003	0.00476282269999999969
2.59200000000000008	-0.0880112729000000066	0.0196608389000000015
2.60000000000000009	-0.0836865415999999973	0.0339745119999999984
2.6080000000000001	-0.076979234399999999	0.047285722199999998
2.6160000000000001	-0.0682980465999999953	0.0593201008999999987
2.62400000000000011	-0.0576675731000000011	0.0696937514000000036
2.63200000000000012	-0.0456224887999999995	0.0781187291000000061
2.64000000000000012	-0.032033381100000001	0.0846394245000000045
2.64800000000000013	-0.0169239066000000001	0.0887890801999999951
2.65600000000000014	-0.0019037081999999999	0.0903971850999999993
2.66400000000000015	0.0131234850000000007	0.0895715415999999987
2.67200000000000015	0.027784255800000001	0.0862322992999999954
2.68000000000000016	0.041745366300000003	0.0803915305999999968
2.68800000000000017	0.0544483283000000012	0.0722960593000000068
2.69600000000000017	0.0655297826000000028	0.0621950755999999966
2.70400000000000018	0.0748482325999999948	0.0505025030999999985
2.71200000000000019	0.0819914364000000062	0.0374326743999999975
2.7200000000000002	0.0869215264000000043	0.023393030799999999
2.7280000000000002	0.0894578733000000043	0.00877908829999999966
2.73600000000000021	0.0895953555000000013	-0.00598354199999999968
2.74400000000000022	0.0872115680999999976	-0.0206380848000000013
2.75199999999999978	0.0825352354999999982	-0.0348041938000000009
2.75999999999999979	0.0755063039000000019	-0.0479647238999999989
2.76799999999999979	0.0663775994000000008	-0.0598033067999999973
2.7759999999999998	0.0556653883000000002	-0.0697313284000000005
2.78399999999999981	0.0437341903000000032	-0.0776923176999999993
2.79199999999999982	0.0304721644000000014	-0.0837711339999999971
2.79999999999999982	0.0162989663999999999	-0.0875147116999999974
2.80799999999999983	0.0017205597	-0.0889797018999999995
2.81599999999999984	-0.0129013293999999997	-0.0880741429999999936
2.82399999999999984	-0.0272628728000000008	-0.0847344498999999945
2.83199999999999985	-0.0409112230999999979	-0.079003105000000004
2.83999999999999986	-0.0534132537999999976	-0.0712097825999999934
2.84799999999999986	-0.0643646288999999983	-0.0614206662000000014
2.85599999999999987	-0.0735498029999999969	-0.0499260436999999987
2.86399999999999988	-0.0807890876000000036	-0.0370674461999999996
2.87199999999999989	-0.0856902595000000045	-0.0231858825000000011
2.87999999999999989	-0.0882371363999999991	-0.00875374869999999937
2.8879999999999999	-0.0884573704999999932	0.00591419030000000026
2.89599999999999991	-0.0861748440000000004	0.0202415443999999986
2.90399999999999991	-0.081732895599999994	0.0338803708999999981
2.91199999999999992	-0.0752899357000000047	0.0463120850999999972
2.91999999999999993	-0.066467710499999999	0.0581818320000000028
2.92799999999999994	-0.0556381700000000007	0.068522411500000005
2.93599999999999994	-0.0434318475000000023	0.0768252271999999986
2.94399999999999995	-0.0303331504000000016	0.0828825224999999999
2.95199999999999996	-0.0165150355999999984	0.0866632754999999977
2.95999999999999996	-0.00221302050000000017	0.088251977800000006
2.96799999999999997	0.0121751068999999996	0.0875056346000000068
2.97599999999999998	0.0262790182000000004	0.0843991317000000046
2.98399999999999999	0.0397598556999999991	0.0790409492000000019
2.99199999999999999	0.0521774580000000029	0.0715091288000000019
3	0.063265864000000005	0.0620998181999999968
3.00800000000000001	0.0726721825000000016	0.0508772617000000024
3.01600000000000001	0.0801821882999999985	0.0382309979000000008
3.02400000000000002	0.0854290391000000066	0.0244677304999999998
3.03200000000000003	0.0883333473000000036	0.0100406782
3.04000000000000004	0.0888429151999999972	-0.00478812560000000005
3.04800000000000004	0.0868646222999999995	-0.0193996285999999997
3.05600000000000005	0.0823810142000000051	-0.0335325053000000012
3.06400000000000006	0.0756749307999999982	-0.0467741576999999992
3.07200000000000006	0.0666944285999999942	-0.0587341346000000014
3.08000000000000007	0.0560192207999999983	-0.0689303099000000002
3.08800000000000008	0.0440535436000000016	-0.0770974856999999958
3.09600000000000009	0.0308510633999999999	-0.0831529968000000036
3.10400000000000009	0.0167813940999999994	-0.0870487769999999939
3.1120000000000001	0.00229066290000000004	-0.0885736347000000007
3.12000000000000011	-0.0122899273999999992	-0.0876308201000000064
3.12800000000000011	-0.0265506112000000009	-0.0844072404999999942
3.13600000000000012	-0.0400749330000000001	-0.0788759443999999948
3.14400000000000013	-0.0524547689999999983	-0.0710791317000000061
3.15200000000000014	-0.0634439918000000019	-0.0615245005999999969
3.16000000000000014	-0.0726966420000000058	-0.0502083722999999982
3.16800000000000015	-0.0799191645000000006	-0.0376248305999999991
3.17600000000000016	-0.0850358454999999985	-0.0239107302999999986
3.18400000000000016	-0.0878775898000000028	-0.00962229310000000011
3.19200000000000017	-0.0882696820000000021	0.00487107990000000025
3.20000000000000018	-0.0862888089999999941	0.0194080145999999988
3.20800000000000018	-0.0819024089000000011	0.033377281100000003
3.21600000000000019	-0.0753371332999999976	0.0464071827000000006
3.2240000000000002	-0.0666331146999999957	0.0581478812000000012
3.23200000000000021	-0.0561714228000000024	0.0683493490999999981
3.24000000000000021	-0.0440971102999999989	0.0767056953999999958
3.24800000000000022	-0.0309760424000000006	0.0828314797999999963
3.25599999999999978	-0.0174851510000000009	0.0867055832000000054
3.26399999999999979	-0.00214859260000000015	0.0883859830999999957
3.2719999999999998	0.0129762213999999997	0.0872974502999999957
3.2799999999999998	0.0273894080999999984	0.083775609900000006
3.28799999999999981	0.0407874609999999971	0.0779580901999999965
3.29599999999999982	0.0529386864999999984	0.070088077700000001
3.30399999999999983	0.0635632153000000033	0.0603692372000000019
3.31199999999999983	0.0724285040999999991	0.0490923694000000022
3.31999999999999984	0.079352443100000003	0.0365253713999999993
3.32799999999999985	0.0840932481000000037	0.0230342411999999996
3.33599999999999985	0.0865706051000000032	0.00901555059999999998
3.34399999999999986	0.0867425446999999933	-0.00513896389999999974
3.35199999999999987	0.0846797605000000064	-0.0190486004000000007
3.35999999999999988	0.0804455763999999962	-0.0324909150999999966
3.36799999999999988	0.0740929149999999953	-0.0450849275999999979
3.37599999999999989	0.0657917930000000012	-0.0564875779000000022
3.3839999999999999	0.0557918631999999998	-0.0664029993000000013
3.3919999999999999	0.0442452205000000015	-0.0746579759000000065
3.39999999999999991	0.0315228737999999967	-0.0809428601999999942
3.40799999999999992	0.0179343743	-0.0851404112999999962
3.41599999999999993	0.00380153000000000001	-0.0870517056999999955
3.42399999999999993	-0.0105567990000000004	-0.086642114800000003
3.43199999999999994	-0.0247157312000000004	-0.0838843016999999969
3.43999999999999995	-0.0383185066999999976	-0.0787351359000000028
3.44799999999999995	-0.0509626985000000005	-0.071359551800000004
3.45599999999999996	-0.0621429256999999971	-0.0620716414000000022
3.46399999999999997	-0.0715168404999999979	-0.0509957544000000026
3.47199999999999998	-0.0790050313999999948	-0.0387094436999999986
3.47999999999999998	-0.0843227284000000049	-0.0252105178999999999
3.48799999999999999	-0.0873968717999999978	-0.0109358831
3.496	-0.0880100879000000058	0.00367741170000000003
3.504	-0.0861243968000000026	0.0181443459999999987
3.51200000000000001	-0.0819174327000000008	0.0321763242000000019
3.52000000000000002	-0.0753662103999999944	0.0451996945999999997
3.52800000000000002	-0.066841302800000002	0.0569988363000000012
3.53600000000000003	-0.0565190599000000016	0.0671810005000000043
3.54400000000000004	-0.0446035941999999991	0.0755283461000000045
3.55200000000000005	-0.0315723005999999987	0.0817803010999999941
3.56000000000000005	-0.0177953560999999996	0.0858139780999999935
3.56800000000000006	-0.00347389830000000011	0.0875054717000000037
3.57600000000000007	0.0108682225999999996	0.0868668231000000041
3.58400000000000007	0.0249422779999999983	0.0839744330000000011
3.59200000000000008	0.0383037228000000021	0.0788234965000000065
3.60000000000000009	0.0507161995000000032	0.071494584900000005
3.6080000000000001	0.0618079154000000033	0.0622673763999999977
3.6160000000000001	0.0712079916000000063	0.0513726603999999989
3.62400000000000011	0.0788489086999999977	0.0390567595999999975
3.63200000000000012	0.0842110177000000015	0.025664728500000001
3.64000000000000012	0.0874591329999999945	0.0114291800000000006
3.64800000000000013	0.0882575067999999963	-0.00316994040000000013
3.65600000000000014	0.0865914299000000026	-0.0177375942000000016
3.66400000000000015	0.0825798144000000067	-0.0318164212000000002
3.67200000000000015	0.0763143669999999941	-0.0449490731000000004
3.68000000000000016	0.0683280267999999968	-0.0566429313999999989
3.68800000000000017	0.0585550379000000024	-0.0668178707000000038
3.69600000000000017	0.0464611680999999985	-0.0758234267000000017
3.70400000000000018	0.0321575387000000018	-0.0828295446999999935
3.71200000000000019	0.0176003043000000012	-0.0870401622000000069
3.7200000000000002	0.00286903580000000009	-0.0887496393000000022
3.7280000000000002	-0.0117681838999999996	-0.0879216832000000031
3.73600000000000021	-0.0260494102000000012	-0.0847224064000000054
3.74400000000000022	-0.039610164199999999	-0.0792010774999999945
3.75199999999999978	-0.0520718938999999992	-0.0715336171999999965
3.75999999999999979	-0.0631001018000000025	-0.0619554942999999969
3.76799999999999979	-0.0723458336000000063	-0.0507381925000000011
3.7759999999999998	-0.0796591584999999935	-0.0381367310000000001
3.78399999999999981	-0.0848098208999999992	-0.0245526959999999989
3.79199999999999982	-0.087647599399999998	-0.010306908
3.79999999999999982	-0.0880966212000000026	0.00402576949999999996
3.80799999999999983	-0.0862348262999999976	0.0182912317999999983
3.81599999999999984	-0.0821143124000000002	0.0321937258999999976
3.82399999999999984	-0.0757515997999999996	0.0451902601999999987
3.83199999999999985	-0.0672926618000000004	0.0569943891000000008
3.83999999999999986	-0.0571111440000000026	0.0673013313999999974
3.84799999999999986	-0.0452728240999999976	0.0758330195999999956
3.85599999999999987	-0.0321180772999999989	0.0823191107999999977
3.86399999999999988	-0.0181683537999999985	0.0865495220000000037
3.87199999999999989	-0.0036355443999999998	0.0884365072000000002
3.87999999999999989	0.0110169032000000007	0.0878483171000000035
3.8879999999999999	0.0254513477000000016	0.0848835329999999971
3.89599999999999991	0.0392049967000000013	0.0794801252999999958
3.90399999999999991	0.051804853900000003	0.0719530797000000055
3.91199999999999992	0.0630783815999999969	0.0623478325999999999
3.91999999999999993	0.0725714799999999938	0.0510211425999999996
3.92799999999999994	0.0800071336999999966	0.0382755419000000013
3.93599999999999994	0.0852325971000000016	0.0244292501000000009
3.94399999999999995	0.0880493915999999988	0.00989049089999999992
3.95199999999999996	0.0883085071000000027	-0.00493227950000000009
3.95999999999999996	0.0863076606000000024	-0.0192640024000000007
3.96799999999999997	0.0819358845999999946	-0.033081440400000002
3.97599999999999998	0.0753433968999999981	-0.0460078245999999969
3.98399999999999999	0.0667467456999999986	-0.0576585869999999973
3.99199999999999999	0.0563604932000000003	-0.0677855918999999973
4	0.044437764400000003	-0.0760268018000000018
4.00800000000000001	0.0313545509	-0.0822057940999999931
4.01600000000000001	0.0173929682999999988	-0.0861921719999999975
4.02400000000000002	0.00302072649999999979	-0.0878026117999999994
4.03200000000000003	-0.0114229339999999992	-0.0870565697000000027
4.04000000000000004	-0.0255380434999999996	-0.0839941042000000027
4.04800000000000004	-0.0389468034000000005	-0.0786343802000000064
4.05600000000000005	-0.0512865553000000016	-0.0711606018999999951
4.06400000000000006	-0.0622774099999999983	-0.0617653094999999971
4.07200000000000006	-0.0715986807000000003	-0.050724545599999997
4.08000000000000007	-0.079046961900000004	-0.0383095208999999978
4.08800000000000008	-0.0843023521999999997	-0.0248207728999999995
4.09600000000000009	-0.0872980490000000026	-0.0106757199999999997
4.10400000000000009	-0.0879029744999999946	0.00382094439999999987
4.1120000000000001	-0.0861265305000000064	0.0182264798999999984
4.12000000000000011	-0.0819709606999999979	0.0321854201000000006
4.12800000000000011	-0.0756304141000000013	0.0453162023999999983
4.13600000000000012	-0.0671387984000000049	0.0571854472999999974
4.14400000000000013	-0.0568031023999999995	0.0675578344999999969
4.15200000000000014	-0.0448601505000000012	0.0760506789000000016
4.16000000000000014	-0.0316323136000000033	0.0824507198000000024
4.16800000000000015	-0.0175799415000000014	0.0865147123000000046
4.17600000000000016	-0.00300161449999999984	0.0882562390000000002
4.18400000000000016	0.0116632443000000002	0.0875097737999999958
4.19200000000000017	0.0259272299000000012	0.0843869926999999964
4.20000000000000018	0.0395220276999999967	0.0788784966999999948
4.20800000000000018	0.0519538350999999982	0.071225867499999998
4.21600000000000019	0.0629308932000000043	0.0616574219000000021
4.2240000000000002	0.0722660012999999934	0.0504310821999999978
4.23200000000000021	0.0794713803000000052	0.0380088066000000002
4.24000000000000021	0.084534704799999999	0.0247510005999999998
4.24800000000000022	0.0874157566999999996	0.0108611638999999999
4.25600000000000023	0.0881171147999999932	-0.0030786927999999999
4.26400000000000023	0.0864493016000000003	-0.017667248
4.27200000000000024	0.0818185441000000013	-0.0327148543999999999
4.28000000000000025	0.0750899119000000004	-0.0460298324999999994
4.28800000000000026	0.0662845060000000069	-0.0579410435999999987
4.29600000000000026	0.0558160456000000027	-0.0680626020999999942
4.30400000000000027	0.0438687147999999999	-0.0763378933999999953
4.31200000000000028	0.030769464199999999	-0.0824776561999999991
4.32000000000000028	0.0168116367000000003	-0.086427129500000005
4.32800000000000029	0.00235244960000000015	-0.0880233945999999989
4.3360000000000003	-0.0121607415000000007	-0.0872442652999999985
4.34400000000000031	-0.0263512356000000017	-0.0840506146000000037
4.35200000000000031	-0.0398223156999999994	-0.078536019700000001
4.36000000000000032	-0.0522614281	-0.0708420079000000036
4.36800000000000033	-0.0631934308000000056	-0.0612831241000000027
4.37600000000000033	-0.0724022906000000022	-0.0499504391000000006
4.38400000000000034	-0.0796692739999999983	-0.0372341696999999999
4.39200000000000035	-0.0845986338999999976	-0.0234522586000000012
4.40000000000000036	-0.087285618199999998	-0.0091797618000000001
4.40800000000000036	-0.0875320957000000066	0.00532602820000000008
4.41600000000000037	-0.0853408393999999931	0.0196831555000000005
4.42400000000000038	-0.0808568758999999998	0.033405489699999999
4.43200000000000038	-0.0741489565000000017	0.0462062827999999981
4.44000000000000039	-0.0654752727000000034	0.0576842941999999997
4.4480000000000004	-0.0550339935999999974	0.0676211421000000035
4.45600000000000041	-0.0431286807999999994	0.075695634100000006
4.46400000000000041	-0.0301089114999999984	0.0816493139000000062
4.47200000000000042	-0.0162536520000000004	0.0853926645000000067
4.48000000000000043	-0.00203267590000000015	0.0868374068999999971
4.48800000000000043	0.0121513361	0.0859465038000000042
4.49600000000000044	0.0260772451000000002	0.0827274605000000024
4.50399999999999956	0.039272704999999998	0.0772598886000000068
4.51199999999999957	0.0514492090000000027	0.0697217754000000051
4.51999999999999957	0.0621473168999999992	0.060378515100000002
4.52799999999999958	0.0711832206999999939	0.0493155067999999988
4.53599999999999959	0.0782899729000000044	0.0369503179000000015
4.54399999999999959	0.0832283770000000062	0.0236549838000000012
4.5519999999999996	0.0859349652999999991	0.00963450790000000036
4.55999999999999961	0.0863144495000000012	-0.00458887099999999958
4.56799999999999962	0.0843875095999999936	-0.0186725184999999988
4.57599999999999962	0.0800868873000000064	-0.0323019746999999996
4.58399999999999963	0.0736192306999999962	-0.0451441918999999983
4.59199999999999964	0.0651397549999999936	-0.0567468827000000009
4.59999999999999964	0.0548666313999999974	-0.0666576170999999967
4.60799999999999965	0.0430012233999999965	-0.074730767399999995
4.61599999999999966	0.0302431859999999983	-0.0806987859000000002
4.62399999999999967	0.0168164789999999988	-0.0845464910000000014
4.63199999999999967	0.00287599969999999998	-0.0861357967999999974
4.63999999999999968	-0.0111408471000000002	-0.0854965018999999937
4.64799999999999969	-0.0249159699000000012	-0.0825536761999999952
4.65599999999999969	-0.0379875240000000017	-0.0774028885999999972
4.6639999999999997	-0.0501506030000000019	-0.0701847743999999968
4.67199999999999971	-0.0610020518999999997	-0.0610115655999999978
4.67999999999999972	-0.0702169656000000003	-0.050248543100000001
4.68799999999999972	-0.0775359800999999987	-0.0380409322000000022
4.69599999999999973	-0.0827348274000000022	-0.0248004187000000001
4.70399999999999974	-0.0856995957000000058	-0.0109001597999999998
4.71199999999999974	-0.0863643897999999965	0.00335920900000000015
4.71999999999999975	-0.084705570899999999	0.0175041631999999989
4.72799999999999976	-0.0806774804000000012	0.0312073190000000007
4.73599999999999977	-0.074525191399999996	0.0440337879000000029
4.74399999999999977	-0.0662061745000000063	0.0557625455999999978
4.75199999999999978	-0.056150647300000002	0.0658724428000000001
4.75999999999999979	-0.0445067924000000018	0.0742762668000000043
4.76799999999999979	-0.0316551564999999965	0.0806415984000000002
4.7759999999999998	-0.0178999081999999983	0.0847463688999999937
4.78399999999999981	-0.00364558879999999979	0.0865431789999999979
4.79199999999999982	0.0107546185000000002	0.0859371307000000029
4.79999999999999982	0.0247885621999999993	0.0829764246999999955
4.80799999999999983	0.0381947598999999999	0.0777478375999999943
4.81599999999999984	0.0504657804000000001	0.0703382344999999992
4.82399999999999984	0.0613395000999999995	0.0610684740999999989
4.83199999999999985	0.0705373195999999952	0.0501542461000000009
4.83999999999999986	0.0778669230999999989	0.0378479738999999982
4.84799999999999986	0.0830318013999999938	0.0245390364999999999
4.85599999999999987	0.0859474610999999972	0.0105861591000000008
4.86399999999999988	0.0865622570000000036	-0.00369240179999999994
4.87199999999999989	0.0848257823999999938	-0.0178490201000000015
4.87999999999999989	0.0807816484000000029	-0.0315678331999999992
4.8879999999999999	0.074619364699999996	-0.0444060609000000023
4.89599999999999991	0.066384443200000004	-0.0560651616000000033
4.90399999999999991	0.0562643432999999984	-0.0662783631000000012
4.91199999999999992	0.0446327998999999989	-0.0746462070000000061
4.91999999999999993	0.031844958399999998	-0.0809827991999999969
4.92799999999999994	0.0180130901000000003	-0.085236435499999999
4.93599999999999994	0.00369276529999999987	-0.0870968807999999983
4.94399999999999995	-0.0108264124000000007	-0.0865529106000000048
4.95199999999999996	-0.024954001600000001	-0.0835906059999999979
4.95999999999999996	-0.0384810722000000008	-0.0783170140999999986
4.96799999999999997	-0.0509039548999999994	-0.0708146008999999965
4.97599999999999998	-0.0618895023999999974	-0.0614051665999999982
4.98399999999999999	-0.0711805799999999933	-0.0502812909999999988
4.99199999999999999	-0.0785288888999999962	-0.0377923257999999984
5	-0.0835777117000000014	-0.0242912654999999991
5.00800000000000001	-0.0864196532999999961	-0.0101861924999999999
5.01600000000000001	-0.0868243925	0.0041142920000000003
5.02400000000000002	-0.0849078912000000019	0.0182553415999999989
5.03200000000000003	-0.0808379515000000048	0.0316329247999999966
5.04000000000000004	-0.0748723421000000028	0.0439406630999999992
5.04800000000000004	-0.0667453481000000043	0.0554967598999999978
5.05600000000000005	-0.0558062335000000034	0.0664373352000000028
5.06400000000000006	-0.0434275805000000001	0.0749731666999999963
5.07200000000000006	-0.0302555328999999998	0.0811702259999999981
5.08000000000000007	-0.0164227418999999993	0.0849908303999999948
5.08800000000000008	-0.00236691159999999996	0.0864787136000000067
5.09600000000000009	0.0118126116999999996	0.0857097814000000041
5.10400000000000009	0.0257072198000000002	0.082639375000000001
5.1120000000000001	0.038900417700000002	0.0773475916000000013
5.12000000000000011	0.0511092372999999989	0.0699076549999999991
5.12800000000000011	0.061913750699999999	0.0606294024999999986
5.13600000000000012	0.0710749457999999973	0.049612737300000001
5.14400000000000013	0.0783100530000000045	0.0372512394999999982
5.15200000000000014	0.0833922626999999972	0.0238500752999999989
5.16000000000000014	0.0861820823999999985	0.00980244010000000041
5.16800000000000015	0.0866548537000000063	-0.00458481510000000037
5.17600000000000016	0.0847299546000000042	-0.0188481349000000006
5.18400000000000016	0.0804100135999999965	-0.0325536599999999982
5.19200000000000017	0.0739319244999999958	-0.0453265496000000018
5.20000000000000018	0.0654074412999999938	-0.0569094491999999966
5.20800000000000018	0.0550976128000000009	-0.0668696627999999932
5.21600000000000019	0.0431971496999999996	-0.0750204024999999997
5.2240000000000002	0.0301619369999999998	-0.0810366094999999953
5.23200000000000021	0.0164086490000000008	-0.0847912636999999941
5.24000000000000021	0.00217004610000000016	-0.0862158576999999954
5.24800000000000022	-0.0120360663000000003	-0.0853125468999999942
5.25600000000000023	-0.0258729239999999985	-0.0820745870000000044
5.26400000000000023	-0.0388700646999999982	-0.0766592849999999937
5.27200000000000024	-0.0509054499999999979	-0.0691372784000000018
5.28000000000000025	-0.0614409252000000031	-0.0597766174000000025
5.28800000000000026	-0.0702831322000000008	-0.0488860136000000001
5.29600000000000026	-0.0772795386000000029	-0.036741290599999997
5.30400000000000027	-0.0822523983999999958	-0.0236029123999999986
5.31200000000000028	-0.0848852063000000018	-0.00987880569999999986
5.32000000000000028	-0.0853898951000000017	0.00406771279999999964
5.32800000000000029	-0.0836084379999999933	0.0179205379999999997
5.3360000000000003	-0.0796022898000000034	0.0313610659999999999
5.34400000000000031	-0.0734224213999999931	0.0439719978999999969
5.35200000000000031	-0.0652540595000000029	0.0554287018000000006
5.36000000000000032	-0.0553964133000000025	0.0654482886999999958
5.36800000000000033	-0.0438791243000000025	0.0737213059000000059
5.37600000000000033	-0.0312203277999999994	0.080029637400000006
5.38400000000000034	-0.0176542825	0.0841634282000000011
5.39200000000000035	-0.00350060069999999978	0.0859167509000000051
5.40000000000000036	0.0107751068999999994	0.0854041195999999947
5.40800000000000036	0.0247780579000000008	0.0824847435999999934
5.41600000000000037	0.0381607123999999978	0.0772673554999999956
5.42400000000000038	0.0505277634000000017	0.0697901372999999992
5.43200000000000038	0.0613575286000000025	0.0604549601000000034
5.44000000000000039	0.0705529805999999954	0.0493913955999999987
5.4480000000000004	0.0777195264000000025	0.0369764019999999985
5.45600000000000041	0.0827747518999999987	0.0236019961999999993
5.46400000000000041	0.0854378954000000052	0.00952634400000000083
5.47200000000000042	0.0858293301000000036	-0.00469068390000000005
5.48000000000000043	0.0837634783999999938	-0.0187389740999999999
5.48800000000000043	0.0794647202999999996	-0.0322496975000000005
5.49600000000000044	0.0729798494999999992	-0.0448157325999999981
5.50399999999999956	0.0646580806000000008	-0.0560359692000000006
5.51199999999999957	0.054633960799999999	-0.0657650584000000066
5.51999999999999957	0.0430917040000000015	-0.0737178188000000012
5.52799999999999958	0.0304423961999999992	-0.0796841731000000053
5.53599999999999959	0.0170079079000000008	-0.0836147091000000037
5.54399999999999959	0.00299122919999999983	-0.0852540616999999945
5.5519999999999996	-0.0110069417999999995	-0.0845496810999999959
5.55999999999999961	-0.0247063058999999995	-0.0816081475000000056
5.56799999999999962	-0.0377949876999999976	-0.0764386809999999944
5.57599999999999962	-0.0497729915000000023	-0.0692781907000000058
5.58399999999999963	-0.0604864388000000003	-0.0601338437000000017
5.59199999999999964	-0.0695725405000000019	-0.0494315010000000027
5.59999999999999964	-0.0767510182000000069	-0.0373494015999999984
5.60799999999999965	-0.0818650157000000017	-0.0242844501000000004
5.61599999999999966	-0.0847350379999999986	-0.0105165250000000005
5.62399999999999967	-0.0853898612999999945	0.00356276509999999989
5.63199999999999967	-0.083641633600000001	0.0175678681999999996
5.63999999999999968	-0.079622636400000002	0.0311707602000000014
5.64799999999999969	-0.0734372850999999993	0.0438242469999999967
5.65599999999999969	-0.0651882866000000061	0.0552785606999999998
5.6639999999999997	-0.0552083537999999985	0.0652445053999999997
5.67199999999999971	-0.0437541835000000018	0.0734516431000000053
5.67999999999999972	-0.0310383098000000003	0.0796097857000000048
5.68799999999999972	-0.0175718516000000005	0.0836843057000000029
5.69599999999999973	-0.00354497279999999981	0.0854675322999999959
5.70399999999999974	0.0104980939999999995	0.0848896534000000008
5.71199999999999974	0.0242330062999999984	0.0820239400000000035
5.71999999999999975	0.0373515759999999974	0.0768957987999999981
5.72799999999999976	0.0495765837999999973	0.0697240373999999941
5.73599999999999977	0.0603489252000000004	0.0606398329000000028
5.74399999999999977	0.0694961778999999974	0.0499255847999999988
5.75199999999999978	0.076799300900000006	0.0378415780000000007
5.75999999999999979	0.0819653466999999969	0.0246940691000000004
5.76799999999999979	0.0849130549000000068	0.0108554511999999995
5.7759999999999998	0.0855829907999999945	-0.00324215099999999997
5.78399999999999981	0.0838901692999999976	-0.017361140399999999
5.79199999999999982	0.0798375463000000063	-0.0310127842000000008
5.79999999999999982	0.0734946716999999999	-0.0438196688999999973
5.80799999999999983	0.0652144095000000007	-0.0554040027000000032
5.81599999999999984	0.055130237399999997	-0.0653703600999999968
5.82399999999999984	0.0434749312999999984	-0.0735907217000000002
5.83199999999999985	0.0306851087000000015	-0.0797007289999999979
5.83999999999999986	0.0170793173999999985	-0.0835635824999999971
5.84799999999999986	0.00311785449999999994	-0.0852090243999999997
5.85599999999999987	-0.0110876393000000004	-0.0844038685000000066
5.86399999999999988	-0.0248301063999999995	-0.0813136834000000031
5.87199999999999989	-0.0378695817000000018	-0.0760005126000000003
5.87999999999999989	-0.0497632043000000024	-0.0686448134000000043
5.8879999999999999	-0.0602962499000000013	-0.0594602580000000019
5.89599999999999991	-0.069085467400000003	-0.0486813294000000008
5.90399999999999991	-0.0760562901000000069	-0.0366414665999999986
5.91199999999999992	-0.0809734269000000062	-0.0237554718000000005
5.91999999999999993	-0.0837811678999999948	-0.0101771770000000008
5.92799999999999994	-0.0842416421999999943	0.00361677049999999979
5.93599999999999994	-0.0825199055000000042	0.0172923656000000016
5.94399999999999995	-0.078592279000000001	0.0304919132000000016
5.95199999999999996	-0.0725856244000000067	0.0429239414999999999
5.95999999999999996	-0.0646813021999999987	0.0541913960999999972
5.96799999999999997	-0.0550098192999999985	0.064118763199999998
5.97599999999999998	-0.0438402405999999967	0.0722708742999999959
5.98399999999999999	-0.0314994588999999992	0.0785805492999999966
5.99199999999999999	-0.0181840973000000003	0.0827437322000000031
6	-0.00437998350000000022	0.0847157203999999997
6.00800000000000001	0.00952301269999999978	0.0843413754000000015
6.01600000000000001	0.0233086178999999984	0.0817425804000000006
6.02400000000000002	0.0363923421999999969	0.0768717505000000023
6.03200000000000003	0.0486044497999999978	0.0698938833000000009
6.04000000000000004	0.0595355060000000019	0.0609862286999999989
6.04800000000000004	0.0687679369000000068	0.0503926579999999999
6.05600000000000005	0.0761906646999999937	0.0383817238999999977
6.06400000000000006	0.0814775705999999933	0.0253229781000000008
6.07200000000000006	0.0845666023000000017	0.0115273741999999992
6.08000000000000007	0.0852492413999999948	-0.00258513819999999991
6.08800000000000008	0.0836742270000000038	-0.0166099788000000012
6.09600000000000009	0.0797921105999999936	-0.0302043994999999996
6.10400000000000009	0.0737766049000000007	-0.0429638689000000004
6.1120000000000001	0.0656267210999999934	-0.0545303112000000006
6.12000000000000011	0.0557452742000000001	-0.0645789942000000033
6.12800000000000011	0.0443616956000000007	-0.0728335915999999972
6.13600000000000012	0.0317039778999999994	-0.0791652206999999969
6.14400000000000013	0.0181800600999999992	-0.0833103790999999982
6.15200000000000014	0.00426968380000000008	-0.0851802420000000032
6.16000000000000014	-0.00974108029999999972	-0.0847250058999999972
6.16800000000000015	-0.0234652644000000014	-0.0820682830000000058
6.17600000000000016	-0.0364288076000000016	-0.0771922354999999977
6.18400000000000016	-0.0485868153000000025	-0.0703592152999999998
6.19200000000000017	-0.0598137866000000018	-0.0613386869000000015
6.20000000000000018	-0.0694475321000000007	-0.0502282803999999986
6.20800000000000018	-0.076977016199999998	-0.0378772524999999999
6.21600000000000019	-0.0821530374999999979	-0.0245486499000000004
6.2240000000000002	-0.0851938601000000045	-0.0105371048000000005
6.23200000000000021	-0.0858044845	0.00369680800000000021
6.24000000000000021	-0.0839420808999999934	0.0178642136000000014
6.24800000000000022	-0.0798390702000000008	0.0315888720999999983
6.25600000000000023	-0.0734774212000000038	0.0443786883999999979
6.26400000000000023	-0.065096711700000004	0.0559484792999999994
6.27200000000000024	-0.0548322215000000002	0.0659569819000000029
6.28000000000000025	-0.0431407591000000021	0.0740246984000000052
6.28800000000000026	-0.0303024476999999987	0.0800566879000000065
6.29600000000000026	-0.0166163432000000014	0.0838669397000000039
6.30400000000000027	-0.00253398170000000006	0.0853649149000000051
6.31200000000000028	0.0116139925999999994	0.0844175791999999953
6.32000000000000028	0.0252661861999999987	0.081235366200000006
6.32800000000000029	0.0381654910000000028	0.0758381422999999943
6.3360000000000003	0.0500435420000000034	0.0684493748000000041
6.34400000000000031	0.0604435494999999989	0.0592508150999999997
6.35200000000000031	0.0692245154000000057	0.0485062072999999996
6.36000000000000032	0.0761401959999999933	0.0365081512999999996
6.36800000000000033	0.0810070160000000011	0.0235799979
6.37600000000000033	0.0836952702999999992	0.0101004661999999999
6.38400000000000034	0.0842283399999999988	-0.00363412639999999981
6.39200000000000035	0.0824048104000000003	-0.0172832472999999986
6.40000000000000036	0.0785857759999999961	-0.0305043262999999988
6.40800000000000036	0.0725657769000000036	-0.0429372103000000005
6.41600000000000037	0.0646041316999999976	-0.0542809214000000012
6.42400000000000038	0.0549028183000000031	-0.0641348634000000056
6.43200000000000038	0.0438012674999999976	-0.072364249699999994
6.44000000000000039	0.0313678401999999967	-0.0786093852000000065
6.4480000000000004	0.018113554300000001	-0.0827804733999999987
6.45600000000000041	0.00422331780000000014	-0.084767245000000005
6.46400000000000041	-0.0097538846000000002	-0.0844037044999999958
6.47200000000000042	-0.0236117952000000006	-0.0817245063999999938
6.48000000000000043	-0.0368172916000000031	-0.0767965599999999998
6.48800000000000043	-0.0490492120000000018	-0.0697193348000000046
6.49600000000000044	-0.0600058138000000019	-0.0606420926999999971
6.50399999999999956	-0.0692494455000000064	-0.0499217175999999985
6.51199999999999957	-0.0766065227999999931	-0.0376554902000000025
6.51999999999999957	-0.0818244481000000023	-0.0244176611000000016
6.52799999999999958	-0.0846302394999999957	-0.0105102258999999996
6.53599999999999959	-0.0852644471000000015	0.00368308410000000013
6.54399999999999959	-0.0833649748999999995	0.0178076443000000015
6.5519999999999996	-0.0792005179000000031	0.0313006186999999977
6.55999999999999961	-0.0728370143999999969	0.0439283149000000012
6.56799999999999962	-0.0645293566000000041	0.0553263229999999967
6.57599999999999962	-0.0544760529000000021	0.0652073179000000058
6.58399999999999963	-0.042958529199999998	0.0731419033000000052
6.59199999999999964	-0.0303725577000000004	0.0790865939999999962
6.59999999999999964	-0.0169396136000000003	0.0829413447000000026
6.60799999999999965	-0.00307639999999999997	0.0845515550000000005
6.61599999999999966	0.0107591092000000003	0.0838469805999999956
6.62399999999999967	0.0243190195000000005	0.0809223641999999993
6.63199999999999967	0.0371609695000000018	0.0758877131999999982
6.63999999999999968	0.0490322636000000006	0.0686966829999999945
6.64799999999999969	0.0596475434999999971	0.0598255852999999976
6.65599999999999969	0.0686093299000000018	0.0491847636000000005
6.6639999999999997	0.0757310271000000007	0.0373004556999999987
6.67199999999999971	0.0808978674000000036	0.0243222197000000015
6.67999999999999972	0.0838440510000000028	0.0107117299999999992
6.68799999999999972	0.0845244192000000061	-0.00322703699999999987
6.69599999999999973	0.0828612296000000026	-0.0170469554999999988
6.70399999999999974	0.0789552899999999974	-0.0305070898000000014
6.71199999999999974	0.0728564765999999975	-0.0430384699000000009
6.71999999999999975	0.0648351694000000034	-0.0545384567000000015
6.72799999999999976	0.0549569549000000004	-0.0644583566999999968
6.73599999999999977	0.0435609288000000025	-0.0727067858000000067
6.74399999999999977	0.0309885501000000015	-0.078906388600000002
6.75199999999999978	0.0176372041000000014	-0.0829481544999999959
6.75999999999999979	0.00365568870000000006	-0.084776700999999996
6.76799999999999979	-0.0103644796000000004	-0.0842048848999999988
6.7759999999999998	-0.0241076611000000003	-0.0813764636000000041
6.78399999999999981	-0.0373243581999999977	-0.0762902371999999995
6.79199999999999982	-0.0492939952000000028	-0.0690684649999999956
6.79999999999999982	-0.0600448984999999991	-0.0600311816999999984
6.80799999999999983	-0.0691020843999999995	-0.0492951344000000027
6.81599999999999984	-0.0762872628999999997	-0.0372574643000000011
6.82399999999999984	-0.0814756335000000054	-0.0242500871000000014
6.83199999999999985	-0.0843298111999999933	-0.0106386833999999996
6.83999999999999986	-0.0849818729999999994	0.0032728156999999999
6.84799999999999986	-0.0833203658000000041	0.0171760871000000009
6.85599999999999987	-0.0793767991000000062	0.0305491505000000003
6.86399999999999988	-0.0734191502000000051	0.0430966626000000019
6.87199999999999989	-0.0654733318000000064	0.0544940625000000026
6.87999999999999989	-0.0557415906000000017	0.0644918002000000046
6.8879999999999999	-0.0444495025000000016	0.0728107025000000047
6.89599999999999991	-0.0319763753999999997	0.0791347629999999969
6.90399999999999991	-0.018522339799999999	0.0834177418000000004
6.91199999999999992	-0.00438139779999999982	0.0853649830000000054
6.91999999999999993	0.00995716320000000071	0.0849816449000000002
6.92799999999999994	0.0240484000999999989	0.082127607500000005
6.93599999999999994	0.0373926696999999988	0.0769873657000000045
6.94399999999999995	0.0497060219000000011	0.0697544851999999937
6.95199999999999996	0.060559284300000002	0.0604923131000000003
6.95999999999999996	0.0698102292999999985	0.049537430200000003
6.96799999999999997	0.0770685321999999978	0.0373259641999999989
6.97599999999999998	0.0821960709999999956	0.0240151849000000001
6.98399999999999999	0.0849534802000000006	0.0100414450999999991
6.99199999999999999	0.0854320439999999987	-0.00405942150000000029
7	0.0835075690999999981	-0.0181222917000000011
7.00800000000000001	0.0793199163999999957	-0.0316234411999999979
7.01600000000000001	0.0729698894000000015	-0.0442297492000000014
7.02400000000000002	0.0646630970999999971	-0.0556203733999999991
7.03200000000000003	0.0546033480999999973	-0.0653833558999999953
7.04000000000000004	0.0431011950000000019	-0.0734474727999999966
7.04800000000000004	0.0304452004999999984	-0.0793991022999999962
7.05600000000000005	0.0169853082000000002	-0.0832810952000000021
7.06400000000000006	0.00302875970000000003	-0.084903487400000005
7.07200000000000006	-0.0109295885999999998	-0.0841165553000000066
7.08000000000000007	-0.0245920251000000013	-0.0811696105999999973
7.08800000000000008	-0.0374858351999999978	-0.0759735282999999956
7.09600000000000009	-0.0493918646000000017	-0.0687497915999999987
7.10400000000000009	-0.0599373601000000034	-0.0597013134999999986
7.1120000000000001	-0.0689079432999999963	-0.0490261884999999981
7.12000000000000011	-0.0759246452000000016	-0.0371207969000000026
7.12800000000000011	-0.0808933089999999966	-0.0242216066000000008
7.13600000000000012	-0.0837454636999999946	-0.0106370249999999996
7.14400000000000013	-0.0843371665000000048	0.00318321520000000016
7.15200000000000014	-0.0826820345999999956	0.0169062594999999996
7.16000000000000014	-0.078798562399999994	0.0302424726999999983
7.16800000000000015	-0.0727539583000000045	0.0427905744000000032
7.17600000000000016	-0.0647883038999999966	0.0541032505999999996
7.18400000000000016	-0.0550523000999999998	0.0639702407000000001
7.19200000000000017	-0.0438178940999999975	0.0722058948000000034
7.20000000000000018	-0.0313767079000000018	0.0784631915000000013
7.20800000000000018	-0.018039226299999999	0.0825879902999999971
7.21600000000000019	-0.00419997759999999991	0.0845101362000000023
7.2240000000000002	0.00978356910000000024	0.0840813593000000054
7.23200000000000021	0.0235081008000000008	0.0813377891999999963
7.24000000000000021	0.0366091216999999969	0.0763979357000000026
7.24800000000000022	0.0487625859000000023	0.0693652560999999945
7.25600000000000023	0.059581399799999997	0.0604040314000000023
7.26400000000000023	0.0687981091000000045	0.0497228904999999985
7.27200000000000024	0.0761750944999999985	0.0377219048999999987
7.28000000000000025	0.0813365335999999967	0.0246042630000000012
7.28800000000000026	0.0843750590000000023	0.0107564797
7.29600000000000026	0.0851125449000000034	-0.00339104910000000018
7.30400000000000027	0.0834224179999999982	-0.0174256386999999992
7.31200000000000028	0.0794328291000000047	-0.0310201620999999983
7.32000000000000028	0.073198782599999998	-0.0437206472999999984
7.32800000000000029	0.0649723848000000048	-0.0552085782999999983
7.3360000000000003	0.0549689192000000007	-0.0652291140000000047
7.34400000000000031	0.0433680629999999984	-0.0734181126999999961
7.35200000000000031	0.0306777878999999996	-0.0795844468999999943
7.36000000000000032	0.0170686804000000011	-0.0835526929999999973
7.36800000000000033	0.00313167969999999986	-0.0852003442
7.37600000000000033	-0.0109825328	-0.0845483122999999975
7.38400000000000034	-0.0247269199000000016	-0.0815079234999999958
7.39200000000000035	-0.0377913946000000001	-0.076264817700000001
7.40000000000000036	-0.0498410930999999974	-0.0690299756000000014
7.40800000000000036	-0.0604489370000000012	-0.0598727574999999984
7.41600000000000037	-0.0694182772000000031	-0.0491589649999999989
7.42400000000000038	-0.0765302838999999957	-0.0370770901000000014
7.43200000000000038	-0.0815611400000000042	-0.0239259411000000005
7.44000000000000039	-0.0843211236000000058	-0.0101736692000000007
7.4480000000000004	-0.0848395192000000048	0.00383727110000000021
7.45600000000000041	-0.0830020191000000046	0.0177425927999999983
7.46400000000000041	-0.0789135722000000039	0.0311163398000000001
7.47200000000000042	-0.0726537134000000001	0.0436901973999999985
7.48000000000000043	-0.0644937250999999961	0.0549399342999999998
7.48800000000000043	-0.0545511915999999999	0.0647931701999999998
7.49600000000000044	-0.0432304886999999999	0.0728108474000000033
7.50399999999999956	-0.0306747308999999989	0.078948834999999995
7.51199999999999957	-0.0173742877999999989	0.0828989229999999994
7.51999999999999957	-0.00349974659999999996	0.084594022899999996
7.52799999999999958	0.0103567389000000006	0.0840291336
7.53599999999999959	0.0240448252000000015	0.0811623446999999998
7.54399999999999959	0.0370602469000000032	0.0762069976000000066
7.5519999999999996	0.0490494589999999966	0.0691011666999999941
7.55999999999999961	0.0597604904999999992	0.0601746771999999985
7.56799999999999962	0.0689241892999999939	0.0495495933
7.57599999999999962	0.0762179246999999949	0.0375873183999999999
7.58399999999999963	0.0814024403999999979	0.0245909230999999985
7.59199999999999964	0.0844325224999999957	0.0108372472000000004
7.59999999999999964	0.0851067226999999982	-0.00328678739999999992
7.60799999999999965	0.0835188991000000019	-0.0173275342999999991
7.61599999999999966	0.0795883339000000023	-0.0309007136000000009
7.62399999999999967	0.0734092025000000065	-0.0436460104999999987
7.63199999999999967	0.0651759603999999965	-0.055331688900000002
7.63999999999999968	0.0551671852999999976	-0.0653953109000000032
7.64799999999999969	0.0435645537000000013	-0.0736867328000000016
7.65599999999999969	0.0307982667000000002	-0.0799429459000000064
7.6639999999999997	0.017113138600000001	-0.0839412999999999965
7.67199999999999971	0.00295391280000000022	-0.0856297448000000044
7.67999999999999972	-0.0112676867999999993	-0.0849571459999999973
7.68799999999999972	-0.0252246251999999997	-0.0818821678999999969
7.69599999999999973	-0.0384288820999999989	-0.0766272379000000059
7.70399999999999974	-0.0505077319999999996	-0.0690961590999999986
7.71199999999999974	-0.0612210298	-0.0597734263000000016
7.71999999999999975	-0.0701977480000000043	-0.0488616922000000009
7.72799999999999976	-0.0771893218999999964	-0.036540721800000002
7.73599999999999977	-0.082180432100000006	-0.0232949609999999994
7.74399999999999977	-0.084774853799999994	-0.00947510070000000086
7.75199999999999978	-0.0851425739000000043	0.00461973849999999971
7.75999999999999979	-0.0832003516999999942	0.0185614950999999986
7.76799999999999979	-0.0789838137999999967	0.0318885527999999974
7.7759999999999998	-0.0726734245999999945	0.0444259846999999972
7.78399999999999981	-0.0644554175000000007	0.0557546993000000018
7.79199999999999982	-0.0544615925000000028	0.0655560795999999973
7.79999999999999982	-0.0429984240000000004	0.0735745116999999976
7.80799999999999983	-0.0303668604999999987	0.079694761899999994
7.81599999999999984	-0.0169366921999999989	0.0836074775999999936
7.82399999999999984	-0.00297753800000000006	0.0853456855000000042
7.83199999999999985	0.0111058175999999998	0.0847131388000000041
7.83999999999999986	0.0249258205999999989	0.0818084627999999953
7.84799999999999986	0.0380973365000000022	0.0766914182
7.85599999999999987	0.0501673875000000005	0.0693943669999999985
7.86399999999999988	0.0609952004999999992	0.0602128145000000031
7.87199999999999989	0.0701459771000000065	0.0493376796000000034
7.87999999999999989	0.0774043835000000069	0.0370175333999999967
7.8879999999999999	0.0825977311999999964	0.023695131500000001
7.89599999999999991	0.0854194989000000016	0.00969937000000000056
7.90399999999999991	0.0858351289000000017	-0.00473858360000000041
7.91199999999999992	0.0838200107000000028	-0.0190636840999999987
7.91999999999999993	0.0794367148999999967	-0.0328755704999999995
7.92799999999999994	0.0727730676999999992	-0.0457201605000000025
7.93599999999999994	0.0641042680000000059	-0.0571956995000000024
7.94399999999999995	0.0537756803000000033	-0.0669438990000000012
7.95199999999999996	0.042122518099999999	-0.0747559161999999944
7.95999999999999996	0.0294464070000000008	-0.0805545668000000048
7.96799999999999997	0.0159139581000000002	-0.0841924448999999964
7.97599999999999998	0.00178294960000000002	-0.085626802599999996
7.98399999999999999	-0.0123969991999999998	-0.0847016376000000043
7.99199999999999999	-0.0263090311999999993	-0.0814122379000000035
8	-0.039426107600000003	-0.0758983416999999966
8.00799999999999912	-0.0514496664000000034	-0.0682866127999999933
8.01600000000000001	-0.062040140399999999	-0.0588079167999999985
8.02399999999999913	-0.0709122672000000037	-0.0477046968000000016
8.03200000000000003	-0.0778162810999999954	-0.03532888
8.03999999999999915	-0.0826297374999999945	-0.0219390427999999992
8.04800000000000004	-0.0851157634000000024	-0.00798343519999999973
8.05599999999999916	-0.0852613864999999943	0.00618464640000000038
8.06400000000000006	-0.0831059085000000058	0.0202388103
8.07199999999999918	-0.0785544435000000013	0.0337573377000000008
8.08000000000000007	-0.0718012648000000003	0.0463271788000000004
8.08799999999999919	-0.0631179498000000033	0.0575930355000000005
8.09600000000000009	-0.0526703878999999972	0.0673132476999999951
8.1039999999999992	-0.0407161024999999968	0.0751256659999999937
8.1120000000000001	-0.0276905603	0.0806961588999999951
8.11999999999999922	-0.0138622893000000004	0.0840813136999999933
8.12800000000000011	0.000285762800000000008	0.0850495250999999952
8.13599999999999923	0.0143005931999999995	0.0837369498000000018
8.14400000000000013	0.027874885700000001	0.080050418799999995
8.15199999999999925	0.0405681659000000014	0.074204930500000002
8.16000000000000014	0.0521055952000000003	0.0663171310000000014
8.16799999999999926	0.0621633872000000032	0.056781274399999998
8.17600000000000016	0.0704869810999999985	0.0457280102000000022
8.18399999999999928	0.076804619399999996	0.0334968512999999982
8.19200000000000017	0.0811034159999999976	0.0204416208999999988
8.19999999999999929	0.0831885629999999932	0.00692187930000000024
8.20800000000000018	0.083045056000000006	-0.00668911690000000003
8.2159999999999993	0.0807307745999999993	-0.0201410432
8.2240000000000002	0.0763618719000000029	-0.032983127299999998
8.23199999999999932	0.0699825498000000018	-0.0448642794999999997
8.24000000000000021	0.0617646261999999988	-0.0556428666000000002
8.24799999999999933	0.0519039165000000011	-0.0650026063000000015
8.25600000000000023	0.0406621345000000023	-0.0725877072999999984
8.26399999999999935	0.0283457993999999998	-0.0782874550000000058
8.27200000000000024	0.0151578398999999992	-0.0819534385999999976
8.27999999999999936	0.00161268419999999993	-0.0833974975000000007
8.28800000000000026	-0.0120779020999999993	-0.082691653599999998
8.29599999999999937	-0.0254916477999999995	-0.0797310177999999981
8.30400000000000027	-0.0383647888000000006	-0.0745839165999999942
8.31199999999999939	-0.0502042910999999994	-0.0674171501999999978
8.32000000000000028	-0.0607209022000000029	-0.0582627340999999979
8.3279999999999994	-0.0696123887999999941	-0.0473986301999999998
8.3360000000000003	-0.0765802324000000034	-0.0352424635000000014
8.34399999999999942	-0.0813993008000000046	-0.0220309397999999997
8.35200000000000031	-0.0840081008999999934	-0.00832408630000000017
8.35999999999999943	-0.0842508071000000053	0.00575990100000000043
8.36800000000000033	-0.0821109076999999993	0.0196011490999999996
8.37599999999999945	-0.0777001358000000003	0.0329377984000000026
8.38400000000000034	-0.0710957554000000019	0.0452997786
8.39199999999999946	-0.0625522206999999941	0.056449374400000002
8.40000000000000036	-0.0523674188000000027	0.0659000611000000042
8.40799999999999947	-0.0407739847000000016	0.0735255546999999954
8.41600000000000037	-0.0280549731999999996	0.0791650748999999931
8.42399999999999949	-0.0147093332000000007	0.0826215066999999997
8.43200000000000038	-0.00101346060000000009	0.0838756350999999983
8.4399999999999995	0.0127692061999999992	0.0828286260000000024
8.4480000000000004	0.0260820421999999989	0.0795600578999999947
8.45599999999999952	0.0387530686000000027	0.0742428002999999948
8.46400000000000041	0.0503854758000000028	0.0669920549000000004
8.47199999999999953	0.0606407137000000013	0.0579258008999999977
8.48000000000000043	0.0693656356000000029	0.0472813897000000025
8.48799999999999955	0.076300731699999999	0.0352631701999999991
8.49600000000000044	0.0811598453999999997	0.0223064889000000009
8.50399999999999956	0.0838749186999999952	0.00876700069999999942
8.51200000000000045	0.084292841800000004	-0.00511680740000000026
8.51999999999999957	0.0824572243000000066	-0.019003312599999999
8.52800000000000047	0.0783926598000000002	-0.0323866531999999971
8.53599999999999959	0.0721266390000000063	-0.0450219233000000024
8.54400000000000048	0.0637408433999999968	-0.0563600135000000002
8.5519999999999996	0.0536315626000000018	-0.0662663998000000004
8.5600000000000005	0.0419520348999999973	-0.0743851346999999941
8.56799999999999962	0.0289934963999999989	-0.0804672198999999977
8.57600000000000051	0.0151450052000000005	-0.084310926199999997
8.58399999999999963	0.000823969300000000019	-0.0856727221000000011
8.59200000000000053	-0.0135714887999999999	-0.0845380416999999967
8.59999999999999964	-0.0274974496000000013	-0.0810345541999999974
8.60800000000000054	-0.0406970987000000034	-0.0752056978999999931
8.61599999999999966	-0.0526574828000000023	-0.067210145900000004
8.62400000000000055	-0.0630064466000000017	-0.0574016815000000027
8.63199999999999967	-0.0714927815999999994	-0.0460438204999999989
8.64000000000000057	-0.077956758000000001	-0.033466669999999997
8.64799999999999969	-0.0821643427999999981	-0.0201027710999999998
8.65600000000000058	-0.0842423263999999977	-0.0062575303000000004
8.6639999999999997	-0.0839069229999999944	0.00765259490000000028
8.6720000000000006	-0.081366524400000001	0.0212650006000000003
8.67999999999999972	-0.0766791564000000037	0.0343026518000000002
8.68800000000000061	-0.0698572826999999952	0.0463894092999999966
8.69599999999999973	-0.0611592739999999996	0.0571238688999999994
8.70400000000000063	-0.0509973489999999974	0.0663225954999999978
8.71199999999999974	-0.0393985996000000005	0.0737386453000000025
8.72000000000000064	-0.0268007526000000017	0.0791324003000000026
8.72799999999999976	-0.0133883899000000004	0.0824852355000000037
8.73600000000000065	0.000339416799999999992	0.0835661228000000034
8.74399999999999977	0.0140414092000000004	0.0824353480999999999
8.75200000000000067	0.027429475200000001	0.079050400899999998
8.75999999999999979	0.0401172319000000013	0.0735485077000000015
8.76800000000000068	0.0517144991999999998	0.0659657265999999964
8.7759999999999998	0.0619807911000000017	0.0565980675000000016
8.7840000000000007	0.0705352249999999931	0.0455899745999999995
8.79199999999999982	0.0772305890999999967	0.0332848014000000011
8.80000000000000071	0.0816966970999999931	0.0200373494000000013
8.80799999999999983	0.0838527810000000012	0.00621834619999999966
8.81600000000000072	0.0837269548999999974	-0.0078295514000000007
8.82399999999999984	0.0812141370000000057	-0.0216449709000000011
8.83200000000000074	0.0763336750000000036	-0.0348139823999999987
8.83999999999999986	0.0694575020999999987	-0.0469883082000000021
8.84800000000000075	0.060530637800000002	-0.0577444644000000007
8.85599999999999987	0.0500834541000000008	-0.066780468400000001
8.86400000000000077	0.0381973571000000026	-0.0740277414999999939
8.87199999999999989	0.0254275126000000004	-0.079063646200000004
8.88000000000000078	0.0119910667000000005	-0.081976091299999998
8.8879999999999999	-0.00162592740000000002	-0.0825422967999999979
8.8960000000000008	-0.0151083940000000007	-0.0809084181999999985
8.90399999999999991	-0.0280274452000000007	-0.0771661614999999967
8.91200000000000081	-0.0402057200000000003	-0.0713101639000000009
8.91999999999999993	-0.0510654881000000005	-0.0636825954
8.92800000000000082	-0.0606582875999999993	-0.0543645394000000018
8.93599999999999994	-0.0684414458000000003	-0.0437697120999999967
8.94400000000000084	-0.0745584341999999956	-0.0320662213999999973
8.95199999999999996	-0.0787093120999999979	-0.0195435038999999984
8.96000000000000085	-0.080824617200000004	-0.00656995909999999982
8.96799999999999997	-0.0808500070000000015	0.00661371230000000043
8.97600000000000087	-0.078646632300000005	0.0196480100999999983
8.98399999999999999	-0.0745145581999999973	0.0321817277000000027
8.99200000000000088	-0.0683148284999999938	0.0439761497000000015
9	-0.0603161550000000032	0.0546237392000000002
