1.00000000000000006e-09	0.881887093999999983	-0.268178773199999998
1.00800000000000003e-09	0.604197347900000015	-0.692665239400000021
1.01600000000000001e-09	0.145445712899999996	-0.904591156900000026
1.02399999999999998e-09	-0.347149205299999986	-0.845705961800000017
1.03199999999999995e-09	-0.739566276799999978	-0.538177448300000028
1.04000000000000013e-09	-0.913626576299999993	-0.0642034570999999998
1.0480000000000001e-09	-0.8099129303	0.428009689199999988
1.05600000000000008e-09	-0.462127084899999985	0.789866775499999951
1.06400000000000005e-09	0.0226405819999999994	0.914001105099999989
1.07200000000000002e-09	0.500322513299999994	0.76518849379999998
1.07999999999999999e-09	0.829962291299999988	0.384143174099999984
1.08800000000000017e-09	0.907082635700000028	-0.109752625699999995
1.09600000000000014e-09	0.711894056200000014	-0.569025478200000046
1.10400000000000012e-09	0.307142621800000015	-0.855464503099999996
1.11200000000000009e-09	-0.1867920951	-0.888785013899999976
1.12000000000000006e-09	-0.630184994000000054	-0.656197531300000025
1.12799999999999983e-09	-0.883308555800000006	-0.227045112399999999
1.1359999999999998e-09	-0.870709920300000051	0.275459989299999986
1.14399999999999998e-09	-0.595160450600000002	0.690198874400000051
1.15199999999999995e-09	-0.142316082099999991	0.898629986400000025
1.15999999999999992e-09	0.350353606500000025	0.838924209199999993
1.1679999999999999e-09	0.741822807799999984	0.526876936600000012
1.17599999999999987e-09	0.909256584600000028	0.0567092727000000005
1.18399999999999984e-09	0.800148592300000017	-0.433740244200000014
1.19200000000000002e-09	0.453029728099999973	-0.785535716399999973
1.19999999999999999e-09	-0.0268984508000000011	-0.905597871699999946
1.20799999999999996e-09	-0.498549185999999978	-0.759112907100000012
1.21599999999999994e-09	-0.828765681299999946	-0.380423800400000012
1.22399999999999991e-09	-0.905460963599999946	0.116274192700000001
1.23199999999999988e-09	-0.704135227199999991	0.575833450199999985
1.24000000000000006e-09	-0.293245456000000015	0.855399230700000013
1.24800000000000003e-09	0.19508943279999999	0.880822649800000024
1.25600000000000001e-09	0.629407188900000025	0.647508986099999961
1.26399999999999998e-09	0.878544367199999954	0.220010799199999996
1.27199999999999995e-09	0.86093544919999998	-0.282641440000000022
1.28000000000000013e-09	0.583450811499999999	-0.69128241300000004
1.2880000000000001e-09	0.133257743499999998	-0.893763721200000028
1.29600000000000007e-09	-0.355487665700000011	-0.832464942700000043
1.30400000000000005e-09	-0.744559494200000005	-0.517975820400000009
1.31200000000000002e-09	-0.904639598499999975	-0.044480871499999998
1.31999999999999999e-09	-0.789043727699999975	0.436189057400000024
1.32800000000000017e-09	-0.439384457200000023	0.782927105099999965
1.33600000000000014e-09	0.0336466166999999997	0.896812913099999998
1.34400000000000012e-09	0.499893807999999995	0.749422985499999972
1.35200000000000009e-09	0.823785429700000016	0.371753223399999999
1.36000000000000006e-09	0.895550887399999995	-0.119785570899999999
1.36800000000000003e-09	0.694087819399999972	-0.574165031599999987
1.3759999999999998e-09	0.289736709699999984	-0.851772584600000049
1.38399999999999998e-09	-0.199952702799999993	-0.878381513999999974
1.39199999999999995e-09	-0.634834015300000054	-0.640217678700000015
1.39999999999999992e-09	-0.876933217100000051	-0.202863346599999994
1.40799999999999989e-09	-0.849852471700000001	0.286066954200000001
1.41599999999999987e-09	-0.572501067699999977	0.687293764700000032
1.42399999999999984e-09	-0.127647965000000002	0.886489223700000051
1.43200000000000002e-09	0.360006125499999996	0.822973462999999961
1.43999999999999999e-09	0.742965576599999955	0.506885325800000008
1.44799999999999996e-09	0.89686220959999996	0.037132125600000003
1.45599999999999994e-09	0.77963215269999997	-0.438157910099999992
1.46399999999999991e-09	0.433122031500000004	-0.780176824099999999
1.47199999999999988e-09	-0.0461978685999999972	-0.89008769430000001
1.48000000000000006e-09	-0.504939190899999946	-0.733775504000000023
1.48800000000000003e-09	-0.814574883499999958	-0.357033033499999986
1.496e-09	-0.879580555400000019	0.124029885399999998
1.50399999999999998e-09	-0.68475624749999997	0.566651110599999952
1.51199999999999995e-09	-0.282113403099999993	0.844618159599999974
1.51999999999999992e-09	0.20702123859999999	0.867253063199999952
1.5280000000000001e-09	0.633059817399999947	0.626215846699999967
1.53600000000000007e-09	0.864720040799999978	0.198801807999999997
1.54400000000000004e-09	0.838042896699999984	-0.282606226700000018
1.55200000000000002e-09	0.561423170800000038	-0.682208902099999959
1.55999999999999999e-09	0.124086676699999995	-0.876405800799999968
1.56799999999999996e-09	-0.356621069100000021	-0.812383228499999999
1.57600000000000014e-09	-0.732613935599999988	-0.502657752800000024
1.58400000000000011e-09	-0.887475650199999966	-0.0408940761000000028
1.59200000000000009e-09	-0.774818044099999992	0.434203799399999979
1.60000000000000006e-09	-0.427913350299999995	0.77750275329999996
1.60800000000000003e-09	0.0457039366000000016	0.88548819990000005
1.616e-09	0.503927030199999959	0.727709313099999977
1.62400000000000018e-09	0.809377274499999966	0.354078928700000017
1.63199999999999995e-09	0.874229231399999973	-0.122902560300000005
1.63999999999999992e-09	0.676709345599999956	-0.567320668100000036
1.64799999999999989e-09	0.283753389700000025	-0.839147220900000046
1.65599999999999986e-09	-0.201585212300000011	-0.865232395199999949
1.66399999999999984e-09	-0.629783146500000002	-0.62779170959999997
1.67200000000000002e-09	-0.865248066200000054	-0.199228898900000007
1.67999999999999999e-09	-0.83803832069999995	0.285592497000000001
1.68799999999999996e-09	-0.560033157000000004	0.683419369300000024
1.69599999999999993e-09	-0.117170114300000003	0.875831963400000024
1.70399999999999991e-09	0.36039246060000002	0.808213169399999987
1.71199999999999988e-09	0.7325205454	0.499014990499999977
1.72000000000000006e-09	0.886246612099999997	0.0387577107000000032
1.72800000000000003e-09	0.774250366900000042	-0.434181475599999978
1.736e-09	0.427496581699999989	-0.778281497699999991
1.74399999999999997e-09	-0.0494965332999999993	-0.885802001700000008
1.75199999999999995e-09	-0.50640500629999996	-0.726797549399999965
1.75999999999999992e-09	-0.811455475499999968	-0.349476872699999996
1.7680000000000001e-09	-0.872191713199999996	0.1286306069
1.77600000000000007e-09	-0.675622673699999954	0.566662335299999986
1.78400000000000004e-09	-0.27860396879999999	0.838859040999999972
1.79200000000000002e-09	0.20461450610000001	0.86200293920000004
1.79999999999999999e-09	0.633927381699999959	0.621143231499999948
1.80799999999999996e-09	0.866291156900000026	0.192186517499999987
1.81600000000000014e-09	0.836694707699999984	-0.2931527035
1.82400000000000011e-09	0.556201481200000014	-0.689094746999999952
1.83200000000000008e-09	0.110144334799999993	-0.877896034299999961
1.84000000000000006e-09	-0.368113998499999984	-0.803435652699999947
1.84800000000000003e-09	-0.735726795599999983	-0.488180901200000017
1.856e-09	-0.881756455200000011	-0.0239795897999999993
1.86400000000000018e-09	-0.766397319099999974	0.439222516200000024
1.87200000000000015e-09	-0.419785965400000016	0.778268374699999987
1.87999999999999971e-09	0.0561235061999999993	0.882536881000000051
1.8880000000000001e-09	0.513928511399999954	0.718504450399999994
1.89600000000000007e-09	0.814282201699999986	0.339085653599999981
1.90400000000000004e-09	0.869440232500000021	-0.139582705800000012
1.91200000000000001e-09	0.666584596900000048	-0.573523465499999996
1.91999999999999999e-09	0.26194503819999998	-0.838505605399999965
1.92799999999999996e-09	-0.220368141699999992	-0.849881466200000046
1.93599999999999993e-09	-0.634850131600000034	-0.607871415099999979
1.9439999999999999e-09	-0.860897468100000007	-0.182982179900000014
1.95199999999999988e-09	-0.827912557300000018	0.298481857299999986
1.95999999999999985e-09	-0.545268051099999984	0.689124149399999997
1.96799999999999982e-09	-0.100856534100000006	0.871207633100000045
1.97599999999999979e-09	0.373003661300000011	0.7920916348
1.98400000000000018e-09	0.734964654999999967	0.474052782900000025
1.99200000000000015e-09	0.87367285029999997	0.0180189356000000009
2.00000000000000012e-09	0.753046127199999971	-0.442402601499999992
2.0080000000000001e-09	0.406454451599999989	-0.77260323519999996
2.01600000000000007e-09	-0.0610805895999999987	-0.8714899599
2.02400000000000004e-09	-0.511837963700000009	-0.709704739999999945
2.03200000000000001e-09	-0.809858225000000043	-0.332305755899999999
2.03999999999999999e-09	-0.861410155099999963	0.145297666800000003
2.04799999999999996e-09	-0.653961593899999971	0.574806558799999978
2.05599999999999993e-09	-0.256858665900000005	0.829827160000000008
2.0639999999999999e-09	0.222694821200000004	0.839054048399999974
2.07199999999999988e-09	0.632187107300000051	0.596642895799999962
2.08000000000000026e-09	0.852490952100000032	0.175517605599999987
2.08800000000000023e-09	0.817376883799999954	-0.29941527309999999
2.09600000000000021e-09	0.536711455199999965	-0.684773589399999993
2.10400000000000018e-09	0.0952382405999999959	-0.864547960699999951
2.11200000000000015e-09	-0.374828581400000027	-0.784439511300000003
2.12000000000000012e-09	-0.730844983999999975	-0.468310102100000014
2.1280000000000001e-09	-0.865271266699999986	-0.0131861853000000001
2.13600000000000007e-09	-0.739119473599999965	0.444380177300000012
2.14400000000000004e-09	-0.400077720000000026	0.763453535200000033
2.15200000000000001e-09	0.0567124581000000016	0.86171470530000005
2.15999999999999999e-09	0.503209441800000046	0.704418460800000035
2.16799999999999996e-09	0.800982634499999957	0.332366770899999997
2.17600000000000034e-09	0.855110653600000048	-0.142081623600000012
2.18400000000000032e-09	0.649709606699999997	-0.571764776800000041
2.19200000000000029e-09	0.250593826299999989	-0.826847527600000021
2.20000000000000026e-09	-0.221126578299999987	-0.834299363099999969
2.20800000000000023e-09	-0.625549054599999987	-0.5941943207
2.21600000000000021e-09	-0.844461990600000045	-0.17908110490000001
2.22400000000000018e-09	-0.813109633599999992	0.293157195799999992
2.23200000000000015e-09	-0.534162401300000034	0.680637446199999996
2.24000000000000012e-09	-0.095086863100000002	0.861508112999999964
2.2480000000000001e-09	0.373555299000000007	0.78332873550000004
2.25599999999999965e-09	0.730529232600000022	0.468512361799999999
2.26399999999999963e-09	0.866312213599999992	0.0127998656999999995
2.2719999999999996e-09	0.741697057400000026	-0.443606178399999995
2.27999999999999998e-09	0.398224496300000008	-0.764994038999999959
2.28799999999999996e-09	-0.0608942565000000005	-0.860009074699999987
2.29599999999999993e-09	-0.505325761100000048	-0.700023999100000016
2.3039999999999999e-09	-0.800949345699999982	-0.327881447599999987
2.31199999999999987e-09	-0.854869267099999997	0.14722136890000001
2.31999999999999985e-09	-0.650389945899999988	0.574119754100000046
2.32799999999999982e-09	-0.253026336100000027	0.82954276969999996
2.33599999999999979e-09	0.221665261400000008	0.837851728600000012
2.34399999999999976e-09	0.630203998000000043	0.594589631900000026
2.35199999999999974e-09	0.848427746000000038	0.172245484000000004
2.35999999999999971e-09	0.81057565340000004	-0.300764996700000009
2.36799999999999968e-09	0.530317783300000012	-0.681872240799999974
2.37600000000000007e-09	0.0922227865999999952	-0.859434122799999978
2.38400000000000004e-09	-0.375167448299999984	-0.781042591299999978
2.39200000000000001e-09	-0.732550217300000028	-0.465633520600000017
2.39999999999999998e-09	-0.867810027999999956	-0.00973677180000000024
2.40799999999999996e-09	-0.742189657599999997	0.445901834399999975
2.41599999999999993e-09	-0.396052509699999999	0.768023266000000038
2.4239999999999999e-09	0.073300311600000001	0.859483180300000038
2.43199999999999987e-09	0.515885754699999977	0.692955794299999983
2.43999999999999985e-09	0.804862823600000055	0.318420593600000024
2.44799999999999982e-09	0.852673460100000002	-0.153243529999999989
2.45599999999999979e-09	0.644378991600000006	-0.579058804999999954
2.46399999999999976e-09	0.243061652500000003	-0.831502623999999968
2.47200000000000015e-09	-0.231934860800000003	-0.834620578300000027
2.48000000000000012e-09	-0.636694008099999986	-0.586209942999999956
2.48800000000000009e-09	-0.848408354200000048	-0.162867692400000014
2.49600000000000007e-09	-0.805811683199999962	0.306690244499999987
2.50400000000000004e-09	-0.523785056300000051	0.683412450599999999
2.51200000000000001e-09	-0.0843350944000000047	0.857693354000000019
2.51999999999999998e-09	0.383190873599999982	0.773178969099999946
2.52799999999999996e-09	0.734102439399999973	0.45349711840000001
2.53599999999999993e-09	0.862802292000000026	0.00244438460000000017
2.5439999999999999e-09	0.734381795699999951	-0.451063214099999998
2.55199999999999987e-09	0.385705467400000002	-0.769128435499999985
2.56000000000000026e-09	-0.0777735749000000032	-0.856126793599999991
2.56800000000000023e-09	-0.516907098400000042	-0.685660820800000015
2.5760000000000002e-09	-0.799821122500000037	-0.310217832999999998
2.58400000000000018e-09	-0.843019495600000002	0.15756387220000001
2.59200000000000015e-09	-0.633839239099999951	0.578570749499999981
2.60000000000000012e-09	-0.233546585899999992	0.82658758160000001
2.60800000000000009e-09	0.237742921100000004	0.825677135600000001
2.61600000000000007e-09	0.636093879799999984	0.576474397000000027
2.62400000000000004e-09	0.842547201599999962	0.155535833300000009
2.63200000000000001e-09	0.797294731399999956	-0.308536177099999975
2.63999999999999998e-09	0.517847002300000026	-0.678524792299999957
2.64799999999999995e-09	0.0781832207000000001	-0.849521664099999962
2.65600000000000034e-09	-0.384014554399999986	-0.761602790900000048
2.66400000000000031e-09	-0.728777851699999979	-0.444847699900000004
2.67200000000000029e-09	-0.854755327400000042	0.00617971990000000006
2.68000000000000026e-09	-0.723001473499999991	0.455678179999999988
2.68800000000000023e-09	-0.374356281999999985	0.767068677499999962
2.6960000000000002e-09	0.0848106753999999935	0.848127233699999983
2.70400000000000018e-09	0.517127498100000027	0.675983459300000034
2.71200000000000015e-09	0.793801903800000042	0.303407190400000026
2.72000000000000012e-09	0.834242183199999987	-0.158092873500000008
2.72800000000000009e-09	0.627714707899999946	-0.571721418400000014
2.73600000000000006e-09	0.234744765599999988	-0.817089316300000035
2.74400000000000004e-09	-0.231263084000000008	-0.819716814800000027
2.7519999999999996e-09	-0.630754401799999975	-0.574019983799999967
2.75999999999999998e-09	-0.838489307499999947	-0.152797344299999999
2.76799999999999995e-09	-0.790731158000000045	0.313200339900000013
2.77599999999999993e-09	-0.505595372299999957	0.681203401200000003
2.7839999999999999e-09	-0.074748042400000006	0.843698330000000052
2.79199999999999987e-09	0.377357937099999985	0.75843324379999999
2.79999999999999984e-09	0.71893947970000005	0.447902462300000026
2.80799999999999982e-09	0.847582898500000015	0.00312604660000000015
2.81599999999999979e-09	0.72328778699999996	-0.444204723500000009
2.82399999999999976e-09	0.380856892300000027	-0.760566804999999957
2.83199999999999973e-09	-0.0791371614999999973	-0.848352561999999977
2.83999999999999971e-09	-0.515740031200000004	-0.67796759129999995
2.84799999999999968e-09	-0.794193931300000044	-0.302925549299999985
2.85600000000000006e-09	-0.83315179319999999	0.159896803899999995
2.86400000000000004e-09	-0.624443519900000021	0.573539475000000021
2.87200000000000001e-09	-0.229792387399999992	0.817086200899999948
2.87999999999999998e-09	0.235069057899999989	0.816929503200000018
2.88799999999999995e-09	0.630725838100000047	0.570992261200000017
2.89599999999999993e-09	0.837531394600000034	0.153192300899999995
2.9039999999999999e-09	0.794304855200000048	-0.309802560599999999
2.91199999999999987e-09	0.514281702599999946	-0.680662362600000015
2.91999999999999984e-09	0.0824493803999999941	-0.847739241099999985
2.92799999999999982e-09	-0.383765574700000001	-0.759294254700000004
2.93599999999999979e-09	-0.727006565499999979	-0.438691653999999986
2.94399999999999976e-09	-0.849731137200000042	0.00902655360000000073
2.95200000000000015e-09	-0.720423793899999998	0.454740752799999981
2.96000000000000012e-09	-0.374132822500000017	0.767285566099999983
2.96800000000000009e-09	0.0863875149999999981	0.84980455070000005
2.97600000000000006e-09	0.520923153599999966	0.676267544899999962
2.98400000000000004e-09	0.798731770199999969	0.300900445800000027
2.99200000000000001e-09	0.836983845500000045	-0.164691697299999995
2.99999999999999998e-09	0.624199041400000043	-0.580559000399999969
3.00799999999999995e-09	0.224740789599999991	-0.820809711100000006
3.01599999999999992e-09	-0.239527729500000008	-0.815629801199999949
3.0239999999999999e-09	-0.632698976100000032	-0.569083901800000014
3.03199999999999987e-09	-0.839724739200000014	-0.150877945099999994
3.03999999999999984e-09	-0.793965862600000016	0.317048410599999997
3.04800000000000023e-09	-0.505243667100000016	0.689241236400000012
3.0560000000000002e-09	-0.0647592481999999942	0.849801122300000045
3.06400000000000017e-09	0.39165091959999998	0.754397186499999983
3.07200000000000015e-09	0.730166930799999947	0.434520384799999992
3.08000000000000012e-09	0.849792662599999971	-0.0159909670999999996
3.08800000000000009e-09	0.71392947139999996	-0.460997708700000008
3.09600000000000006e-09	0.366135820300000026	-0.766495644699999978
3.10400000000000003e-09	-0.0905097787000000015	-0.844775004499999982
3.11200000000000001e-09	-0.521835510800000013	-0.67204673199999998
3.11999999999999998e-09	-0.799126178199999981	-0.295175787600000017
3.12799999999999995e-09	-0.833547237100000005	0.172543442500000005
3.13599999999999992e-09	-0.614641125999999982	0.585472900500000004
3.14400000000000031e-09	-0.213648061400000006	0.818545409599999996
3.15200000000000028e-09	0.24782472089999999	0.80806496849999998
3.16000000000000025e-09	0.636327930400000019	0.557613042700000006
3.16800000000000023e-09	0.836043080800000005	0.138407929699999988
3.1760000000000002e-09	0.783226760000000022	-0.32429405109999998
3.18400000000000017e-09	0.4935579665	-0.688191192300000032
3.19200000000000014e-09	0.0571048128000000016	-0.844453302499999947
3.20000000000000012e-09	-0.397070603199999983	-0.746438144800000036
3.20800000000000009e-09	-0.729765483200000009	-0.424063017099999995
3.21600000000000006e-09	-0.841480208699999954	0.0234893363000000001
3.22400000000000003e-09	-0.701761829900000023	0.460322992799999997
3.23200000000000001e-09	-0.356245724900000005	0.75900269279999999
3.24000000000000039e-09	0.0950622078000000065	0.834048140699999996
3.24800000000000036e-09	0.519444895999999989	0.66180244509999997
3.25599999999999992e-09	0.790525297199999977	0.292552174599999992
3.2639999999999999e-09	0.8256334273	-0.165862756700000002
3.27199999999999987e-09	0.606383793699999951	-0.584042199300000009
3.27999999999999984e-09	0.20136608319999999	-0.815122601600000052
3.28799999999999981e-09	-0.258235712200000023	-0.796630673500000053
3.29599999999999979e-09	-0.636596007700000022	-0.541504469100000052
3.30399999999999976e-09	-0.825305689699999956	-0.128321616999999999
3.31199999999999973e-09	-0.771052965700000037	0.323137406000000016
3.3199999999999997e-09	-0.487324355499999973	0.680683170000000004
3.32799999999999967e-09	-0.056205542499999997	0.836886124099999962
3.33600000000000006e-09	0.393736929000000013	0.741366926600000031
3.34400000000000003e-09	0.725446300300000013	0.422204395200000027
3.35200000000000001e-09	0.837652795400000039	-0.0238200647999999987
3.35999999999999998e-09	0.69744015309999996	-0.460073574099999993
3.36799999999999995e-09	0.351083228899999988	-0.755038951099999966
3.37599999999999992e-09	-0.0954970368000000042	-0.825425609299999974
3.38399999999999989e-09	-0.513022269899999994	-0.654317549700000001
3.39199999999999987e-09	-0.782252233999999991	-0.28884414759999999
3.39999999999999984e-09	-0.819897512299999964	0.167050557200000005
3.40799999999999981e-09	-0.609179487799999975	0.576416687799999994
3.41599999999999978e-09	-0.212072028400000001	0.811564724499999945
3.42399999999999976e-09	0.248281546800000003	0.800039094199999967
3.43200000000000014e-09	0.631867993600000011	0.548172322999999961
3.44000000000000011e-09	0.823915652900000017	0.132073980000000007
3.44800000000000009e-09	0.768709299700000015	-0.320363188099999974
3.45600000000000006e-09	0.485784978300000003	-0.675882486400000038
3.46400000000000003e-09	0.0609528147999999978	-0.831977010599999955
3.472e-09	-0.386598851399999999	-0.743368174999999964
3.47999999999999998e-09	-0.72334250550000001	-0.429136435599999977
3.48799999999999995e-09	-0.840851527200000004	0.0184754027000000008
3.49599999999999992e-09	-0.702802130200000041	0.458233082999999985
3.50399999999999989e-09	-0.355842672799999982	0.757516201399999978
3.51199999999999987e-09	0.0952862706000000004	0.831034007299999988
3.51999999999999984e-09	0.518371919999999986	0.657193890199999964
3.52800000000000022e-09	0.787121065599999947	0.285843622899999983
3.5360000000000002e-09	0.820026036100000022	-0.171109494400000006
3.54400000000000017e-09	0.608346805199999952	-0.577739763800000028
3.55200000000000014e-09	0.213204898199999993	-0.814175425700000011
3.56000000000000011e-09	-0.250882045499999984	-0.805853472599999954
3.56800000000000009e-09	-0.640086338799999988	-0.549764322899999991
3.57600000000000006e-09	-0.830860946299999958	-0.127572345000000004
3.58400000000000003e-09	-0.771099226799999982	0.326274960999999974
3.592e-09	-0.486252908300000009	0.68127416289999998
3.59999999999999998e-09	-0.0564296010999999972	0.837048586999999955
3.60799999999999995e-09	0.394222376500000027	0.743083498299999978
3.61599999999999992e-09	0.727977320399999961	0.423281817299999974
3.62400000000000031e-09	0.841844917299999995	-0.0243474616999999997
3.63200000000000028e-09	0.703269194800000053	-0.464783145100000017
3.64000000000000025e-09	0.352327872200000003	-0.766931248699999957
3.64800000000000022e-09	-0.107338776999999996	-0.836968785800000004
3.6560000000000002e-09	-0.531883122200000003	-0.651686292499999986
3.66400000000000017e-09	-0.792194028099999947	-0.273935043300000014
3.67200000000000014e-09	-0.818198073799999981	0.180308108599999989
3.68000000000000011e-09	-0.607195892499999945	0.581303842299999984
3.68800000000000009e-09	-0.214681807199999991	0.816244094099999984
3.69600000000000006e-09	0.24461682509999999	0.809413816800000019
3.70400000000000003e-09	0.643591157699999972	0.546694689800000022
3.712e-09	0.834186318899999946	0.116250297500000002
3.72000000000000039e-09	0.768087762800000018	-0.3429790962
3.72800000000000036e-09	0.470879948699999995	-0.696153030900000025
3.73600000000000033e-09	0.0334544308999999984	-0.837462008000000036
3.74400000000000031e-09	-0.409779276000000026	-0.727674712699999948
3.75199999999999945e-09	-0.729334672899999981	-0.40528189240000001
3.75999999999999942e-09	-0.835752169000000045	0.0366769376000000008
3.7679999999999994e-09	-0.693671871499999981	0.473640110399999981
3.7760000000000002e-09	-0.337302102900000011	0.770472830700000055
3.78400000000000017e-09	0.122207131199999999	0.829897676099999981
3.79200000000000014e-09	0.538052055099999982	0.637256770599999967
3.80000000000000011e-09	0.788630841999999999	0.260680244399999983
3.80800000000000008e-09	0.807354157100000025	-0.189265850799999996
3.81600000000000006e-09	0.589000999499999955	-0.584339558799999992
3.82400000000000003e-09	0.195197395200000012	-0.807729390700000049
3.832e-09	-0.259046381800000003	-0.791185010399999999
3.83999999999999997e-09	-0.638312004200000005	-0.53692728150000002
3.84799999999999995e-09	-0.827025833800000054	-0.1188549614
3.85599999999999992e-09	-0.764509306600000049	0.337526948800000004
3.86399999999999989e-09	-0.468925300900000008	0.689717089499999991
3.87199999999999986e-09	-0.033249632799999998	0.830019940899999975
3.87999999999999984e-09	0.406918314499999989	0.719780501599999956
3.88799999999999981e-09	0.72153164000000003	0.397800925999999999
3.89599999999999978e-09	0.822010537399999963	-0.0385221498000000023
3.90399999999999975e-09	0.681663812399999958	-0.463874589599999998
3.91199999999999973e-09	0.337037356800000021	-0.756396247199999983
3.9199999999999997e-09	-0.115026768200000004	-0.822937644000000024
3.92799999999999967e-09	-0.534644224699999948	-0.636141765500000012
3.93599999999999964e-09	-0.787011025600000025	-0.254999745599999994
3.94399999999999962e-09	-0.798249639200000027	0.197431486099999998
3.95199999999999959e-09	-0.574334377100000015	0.58374101970000003
3.95999999999999956e-09	-0.183044711400000004	0.796935557800000027
3.96800000000000036e-09	0.260216910500000009	0.776733083999999963
3.97600000000000033e-09	0.629360333900000013	0.526625467699999961
3.9840000000000003e-09	0.813489873199999991	0.118958849300000002
3.99200000000000028e-09	0.757104434499999979	-0.326691098700000015
4.00000000000000025e-09	0.472204330800000016	-0.678921425800000033
4.00800000000000022e-09	0.0408087914999999968	-0.826361223499999964
4.01600000000000019e-09	-0.401404590100000014	-0.719968731000000028
4.02400000000000017e-09	-0.715653031700000053	-0.398898388100000001
4.03200000000000014e-09	-0.815694478700000003	0.0332876293000000031
4.04000000000000011e-09	-0.679505914900000008	0.454317408899999997
4.04800000000000008e-09	-0.34219575499999999	0.746386552399999958
4.05600000000000006e-09	0.1032726697	0.817925596699999979
4.06400000000000003e-09	0.520728948699999972	0.641056833099999945
4.072e-09	0.78090611369999996	0.269578295400000001
4.07999999999999997e-09	0.806606186400000036	-0.183456929800000001
4.08799999999999995e-09	0.588191150899999959	-0.582689998700000045
4.09599999999999992e-09	0.190960699099999992	-0.804149833199999997
4.10399999999999989e-09	-0.260414911000000027	-0.780596919199999961
4.11199999999999986e-09	-0.628114981500000003	-0.527254396699999961
4.11999999999999983e-09	-0.8118295029	-0.122256858900000001
4.12799999999999981e-09	-0.759116344499999984	0.323302696599999995
4.13599999999999978e-09	-0.476492777599999973	0.67869578230000005
4.14399999999999975e-09	-0.0443922323000000008	0.829174692499999977
4.15199999999999972e-09	0.400207728599999979	0.725963996900000019
4.16000000000000052e-09	0.722089908199999964	0.405752770500000026
4.1680000000000005e-09	0.827781223899999974	-0.0359533516000000025
4.17600000000000047e-09	0.683457693299999947	-0.467636985900000024
4.18400000000000044e-09	0.333067510399999989	-0.755781675000000042
4.19200000000000041e-09	-0.1124695951	-0.816028210899999995
4.20000000000000039e-09	-0.522417032600000053	-0.637668714799999981
4.20800000000000036e-09	-0.783425881700000049	-0.270471825900000018
4.21600000000000033e-09	-0.812788228499999987	0.185829010500000003
4.2240000000000003e-09	-0.590719061399999967	0.59055133169999996
4.23200000000000028e-09	-0.188548472800000005	0.811324818999999975
4.24000000000000025e-09	0.263332057399999986	0.78760731719999999
4.24800000000000022e-09	0.634992902999999997	0.534306381900000016
4.25600000000000019e-09	0.821693576200000053	0.124363986400000001
4.26400000000000016e-09	0.766545761499999978	-0.324147482799999997
4.27200000000000014e-09	0.479113412100000025	-0.681722890900000045
4.28000000000000011e-09	0.0379986487999999997	-0.831195782200000011
4.28800000000000008e-09	-0.410686377599999985	-0.725287045399999997
4.29600000000000005e-09	-0.735173972200000025	-0.397095651400000027
4.30400000000000003e-09	-0.833528017400000043	0.054086986699999999
4.312e-09	-0.676353735099999964	0.484605764800000005
4.31999999999999997e-09	-0.320057216500000019	0.763926700099999967
4.32799999999999994e-09	0.126183132799999986	0.817336236000000049
4.33599999999999992e-09	0.536657379300000015	0.631629549799999968
4.34400000000000072e-09	0.790816538299999983	0.255753386400000005
4.35200000000000069e-09	0.807707954700000008	-0.200388695499999991
4.36000000000000066e-09	0.58033811710000005	-0.596636205300000055
4.36800000000000063e-09	0.178675344200000003	-0.813110806600000013
4.37600000000000061e-09	-0.277572866299999998	-0.784911750300000044
4.38400000000000058e-09	-0.649681008299999974	-0.518481149199999991
4.39200000000000055e-09	-0.822370257100000002	-0.097239837699999998
4.40000000000000052e-09	-0.748488556800000038	0.347316408000000021
4.40800000000000049e-09	-0.455894255899999989	0.686789103399999989
4.41600000000000047e-09	-0.028457872700000001	0.825951243400000035
4.42400000000000044e-09	0.412764928400000009	0.719503791399999981
4.43200000000000041e-09	0.731860704300000053	0.392595241300000009
4.44000000000000038e-09	0.82791101460000005	-0.0539953473999999975
4.44800000000000036e-09	0.673479534100000055	-0.481906172799999977
4.45600000000000033e-09	0.317790162099999995	-0.763326914900000042
4.4640000000000003e-09	-0.132271444500000002	-0.814883522599999965
4.47200000000000027e-09	-0.540301743400000034	-0.621742908300000008
4.48000000000000025e-09	-0.784786520399999965	-0.244429014700000002
4.48800000000000022e-09	-0.795715964799999953	0.203533810799999992
4.49600000000000019e-09	-0.570931504499999964	0.591718053999999993
4.50399999999999934e-09	-0.173805459400000001	0.805277314400000055
4.51199999999999931e-09	0.278070803300000002	0.77623031769999995
4.51999999999999928e-09	0.646037554199999975	0.511554370399999958
4.52799999999999925e-09	0.816695864099999946	0.0929695933000000002
4.53599999999999923e-09	0.740696802700000045	-0.350064319499999999
4.5439999999999992e-09	0.444970671500000026	-0.68452719569999998
4.552e-09	0.0207282851000000004	-0.81465997840000004
4.55999999999999997e-09	-0.408914726100000014	-0.705692655000000002
4.56799999999999994e-09	-0.720492707400000043	-0.387060659899999993
4.57599999999999991e-09	-0.818857431900000043	0.0517596842999999973
4.58399999999999989e-09	-0.667454418099999947	0.478493681200000021
4.59199999999999986e-09	-0.311967629700000026	0.75849970830000002
4.59999999999999983e-09	0.135662055000000004	0.806885222100000021
4.6079999999999998e-09	0.540062006099999992	0.612848822699999962
4.61599999999999978e-09	0.780164900199999956	0.235550219700000008
4.62399999999999975e-09	0.785688254500000016	-0.209338511300000002
4.63199999999999972e-09	0.559517114499999968	-0.587923659800000054
4.63999999999999969e-09	0.170791756300000014	-0.793480714999999948
4.64799999999999967e-09	-0.270003631799999977	-0.768174325000000047
4.65599999999999964e-09	-0.636141855400000011	-0.513406078399999966
4.66399999999999961e-09	-0.812344922700000027	-0.0996140053999999969
4.67199999999999958e-09	-0.740384405100000031	0.343767442400000012
4.67999999999999956e-09	-0.44736855339999998	0.679175508499999969
4.68799999999999953e-09	-0.0252978672000000009	0.811464303000000053
4.6959999999999995e-09	0.404100415099999999	0.704939029199999956
4.70399999999999947e-09	0.715157473600000038	0.387697590199999997
4.71199999999999944e-09	0.81244375499999999	-0.0467967632000000008
4.71999999999999942e-09	0.666993612600000008	-0.46643544440000001
4.72799999999999939e-09	0.323790764200000025	-0.74864335780000002
4.73599999999999936e-09	-0.1195568937	-0.809881620400000002
4.74400000000000016e-09	-0.53152155720000005	-0.624617688599999998
4.75200000000000013e-09	-0.780115214499999987	-0.247577610499999989
4.76000000000000011e-09	-0.790262145499999957	0.199802232800000007
4.76800000000000008e-09	-0.566909672400000009	0.582957926399999993
4.77600000000000005e-09	-0.17792490829999999	0.79462734140000002
4.78400000000000002e-09	0.267753573899999986	0.771800949800000025
4.792e-09	0.636526943899999975	0.515175626200000014
4.79999999999999997e-09	0.812979378900000049	0.101595137599999996
4.80799999999999994e-09	0.744884280700000012	-0.342412680600000019
4.81599999999999991e-09	0.452817707000000014	-0.685211284199999993
4.82399999999999989e-09	0.0219186692000000009	-0.822221886300000038
4.83199999999999986e-09	-0.416132541700000025	-0.707937679299999956
4.83999999999999983e-09	-0.724740299499999963	-0.380509170499999994
4.8479999999999998e-09	-0.814514400299999997	0.0556472639000000005
4.85599999999999977e-09	-0.665611241400000053	0.474590068600000026
4.86399999999999975e-09	-0.318036092599999987	0.756443517500000051
4.87199999999999972e-09	0.130229673800000001	0.812161872699999954
4.87999999999999969e-09	0.540093076200000022	0.620846619699999991
4.88799999999999966e-09	0.785214570800000011	0.243272629800000001
4.89599999999999964e-09	0.796269343099999971	-0.205854565299999986
4.90399999999999961e-09	0.568552787100000012	-0.595617508100000026
4.91199999999999958e-09	0.167967841000000007	-0.805749526399999971
4.91999999999999955e-09	-0.28112013130000002	-0.77139068079999995
4.92799999999999953e-09	-0.642872004799999952	-0.507909961800000032
4.93600000000000033e-09	-0.814457077799999984	-0.0958178846000000001
4.9440000000000003e-09	-0.745575976799999984	0.348150518099999973
4.95200000000000027e-09	-0.449725035399999973	0.691834587400000034
4.96000000000000024e-09	-0.0149382088	0.824462318499999958
4.96800000000000022e-09	0.421408655000000021	0.70651806819999996
4.97600000000000019e-09	0.729021524900000051	0.378886659999999986
4.98400000000000016e-09	0.819747704500000007	-0.0615631757000000002
4.99200000000000013e-09	0.664677228499999995	-0.485349692700000002
5.0000000000000001e-09	0.307714421999999987	-0.762753975700000031
5.00800000000000008e-09	-0.139390502500000013	-0.809582572499999986
5.01600000000000005e-09	-0.544250149400000049	-0.615795608200000011
5.02400000000000002e-09	-0.78839088700000004	-0.237051586099999989
5.03199999999999999e-09	-0.796112000900000005	0.213385936999999998
5.03999999999999997e-09	-0.564124911499999993	0.598266792500000033
5.04799999999999994e-09	-0.168537031899999995	0.801257403499999965
5.05599999999999991e-09	0.273360705699999984	0.770356418500000029
5.06399999999999988e-09	0.645858577599999983	0.501656383599999978
5.07199999999999986e-09	0.81554670539999996	0.0794674316999999936
5.07999999999999983e-09	0.73407423049999998	-0.366601714400000001
5.0879999999999998e-09	0.429804779799999981	-0.699114538300000032
5.09599999999999977e-09	-0.00310479920000000017	-0.820521962900000013
5.10399999999999975e-09	-0.434863997700000005	-0.695415588899999992
5.11199999999999972e-09	-0.736299246099999971	-0.36100196200000001
5.12000000000000052e-09	-0.813743149999999971	0.082086951199999994
5.12800000000000049e-09	-0.645717107199999973	0.495936993800000003
5.13600000000000046e-09	-0.28910972330000001	0.758656501000000039
5.14400000000000043e-09	0.150357927400000008	0.79726142209999995
5.15200000000000041e-09	0.54712771189999998	0.600845441699999983
5.16000000000000038e-09	0.784515541700000041	0.223338229299999996
5.16800000000000035e-09	0.784615481000000003	-0.224881245600000002
5.17600000000000032e-09	0.547167795699999959	-0.605225584599999977
5.1840000000000003e-09	0.1449983517	-0.801294853899999993
5.19200000000000027e-09	-0.297746888099999996	-0.755207773800000037
5.20000000000000024e-09	-0.648014417499999995	-0.484814647300000012
5.20800000000000021e-09	-0.803861929800000041	-0.0729922702999999951
5.21600000000000019e-09	-0.722956260999999989	0.358694912300000002
5.22400000000000016e-09	-0.427908151600000008	0.686037899799999962
5.23200000000000013e-09	-0.00239064669999999998	0.810256236299999988
5.2400000000000001e-09	0.426278808299999978	0.690150060300000034
5.24800000000000008e-09	0.726316196500000011	0.361065074500000027
5.25600000000000005e-09	0.807172055600000049	-0.0759547693000000024
5.26400000000000002e-09	0.645676889199999993	-0.489839207900000018
5.27199999999999999e-09	0.28896337179999998	-0.755402453700000032
5.27999999999999996e-09	-0.152061242900000004	-0.791060495999999946
5.28799999999999994e-09	-0.54153392180000004	-0.591493159300000015
5.29599999999999991e-09	-0.770021116600000055	-0.221755583000000006
5.30399999999999988e-09	-0.774772878299999967	0.214406549499999988
5.31200000000000068e-09	-0.548590858800000025	0.593205347099999947
5.32000000000000065e-09	-0.153189325399999993	0.795512894899999989
5.32800000000000063e-09	0.290490127599999981	0.755744019700000047
5.3360000000000006e-09	0.643748682000000017	0.488175757599999982
5.34400000000000057e-09	0.803519972100000035	0.0768439521999999958
5.35200000000000054e-09	0.723685763500000023	-0.357880204699999982
5.36000000000000052e-09	0.425379178999999996	-0.684493061800000024
5.36800000000000049e-09	0.00135825339999999994	-0.803906799499999991
5.37600000000000046e-09	-0.418614690199999973	-0.683988298800000005
5.38400000000000043e-09	-0.715141415299999972	-0.3650074928
5.39200000000000041e-09	-0.804033514000000005	0.0654502032999999955
5.40000000000000038e-09	-0.650161560699999974	0.483509339599999977
5.40800000000000035e-09	-0.2952674354	0.754602264099999975
5.41600000000000032e-09	0.148546430899999998	0.794090065300000036
5.42400000000000029e-09	0.542954896400000053	0.594634856200000006
5.43200000000000027e-09	0.773170505800000019	0.220717791899999988
5.44000000000000024e-09	0.774658132899999963	-0.219386291600000005
5.44800000000000021e-09	0.543263559300000032	-0.59485036619999998
5.45600000000000018e-09	0.14847085430000001	-0.791499565900000035
5.46400000000000016e-09	-0.289855272399999975	-0.751803684800000038
5.47200000000000013e-09	-0.642580293800000035	-0.488026970900000023
5.4800000000000001e-09	-0.806094876199999977	-0.0761123159999999993
5.48800000000000007e-09	-0.725496594700000053	0.362508155399999976
5.49600000000000005e-09	-0.423762454700000013	0.690046318800000003
5.50399999999999919e-09	0.00284831419999999986	0.807347764400000001
5.51199999999999916e-09	0.425352995700000014	0.684487190599999962
5.51999999999999996e-09	0.721059126600000044	0.361375911900000013
5.52799999999999994e-09	0.804314629900000022	-0.0714149372000000005
5.53599999999999991e-09	0.646284392899999949	-0.485314191800000017
5.54399999999999988e-09	0.293119061299999983	-0.753485425699999989
5.55199999999999985e-09	-0.147973635900000011	-0.795124393199999946
5.55999999999999983e-09	-0.54534969710000003	-0.598198840599999948
5.5679999999999998e-09	-0.779664941399999978	-0.220289552599999994
5.57599999999999977e-09	-0.778312636899999966	0.224873902900000006
5.58399999999999974e-09	-0.541684876900000001	0.600767981199999968
5.59199999999999971e-09	-0.144050535000000007	0.794762590399999969
5.59999999999999969e-09	0.294582925200000012	0.750610935999999951
5.60799999999999966e-09	0.64510643270000001	0.48427797680000001
5.61599999999999963e-09	0.804201184299999983	0.0726017231000000013
5.6239999999999996e-09	0.722548264900000015	-0.362270289199999984
5.63199999999999958e-09	0.422943183700000003	-0.689514944400000052
5.63999999999999955e-09	-0.0040615088000000004	-0.808716215799999971
5.64799999999999952e-09	-0.429306792400000026	-0.685109459500000018
5.65599999999999949e-09	-0.725973158399999985	-0.356114712599999994
5.66399999999999947e-09	-0.80450620269999995	0.0803422907999999936
5.67199999999999944e-09	-0.640129372099999983	0.492873869099999973
5.67999999999999941e-09	-0.283943687499999986	0.754534764900000043
5.68799999999999938e-09	0.154665226900000008	0.789414838799999963
5.69599999999999936e-09	0.545152563899999998	0.590389567999999976
5.70399999999999933e-09	0.774363214700000024	0.216497623700000003
5.71200000000000013e-09	0.773432862499999985	-0.222270344600000003
5.7200000000000001e-09	0.540707023099999962	-0.596139865100000055
5.72800000000000007e-09	0.145878810500000011	-0.792721485099999956
5.73600000000000004e-09	-0.293756094099999976	-0.751129168199999975
5.74400000000000002e-09	-0.64558789459999999	-0.483652311399999979
5.75199999999999999e-09	-0.802637826600000048	-0.0697611572000000069
5.75999999999999996e-09	-0.717495522500000038	0.363196486599999979
5.76799999999999993e-09	-0.41801304789999999	0.684408297399999976
5.77599999999999991e-09	0.0029897827000000001	0.800082853699999985
5.78399999999999988e-09	0.421689947299999979	0.67947913900000001
5.79199999999999985e-09	0.716814426400000038	0.357166893799999996
5.79999999999999982e-09	0.798706282100000053	-0.0738225963999999957
5.8079999999999998e-09	0.640945497000000031	-0.484574614000000015
5.81599999999999977e-09	0.288998792299999974	-0.750657329799999995
5.82399999999999974e-09	-0.151757209199999993	-0.790497081199999951
5.83199999999999971e-09	-0.545658030699999963	-0.590404602200000017
5.83999999999999969e-09	-0.774018150900000035	-0.213098646000000003
5.84799999999999966e-09	-0.76896746370000002	0.225489680500000012
5.85599999999999963e-09	-0.535229032499999979	0.59411921099999998
5.8639999999999996e-09	-0.14373300859999999	0.78726229950000004
5.87199999999999957e-09	0.293507966700000011	0.746491054000000043
5.87999999999999955e-09	0.644193778700000053	0.480113619300000016
5.88799999999999952e-09	0.800962196700000018	0.0679545718000000021
5.89600000000000032e-09	0.716169745600000018	-0.36448128959999998
5.90400000000000029e-09	0.416443374099999986	-0.687779981299999954
5.91200000000000026e-09	-0.00982515850000000024	-0.80384598780000005
5.92000000000000024e-09	-0.432119940599999974	-0.67597731569999997
5.92800000000000021e-09	-0.720829515499999962	-0.345682286599999999
5.93600000000000018e-09	-0.792779014399999982	0.0823214651000000047
5.94400000000000015e-09	-0.633429360399999974	0.484672977599999999
5.95200000000000013e-09	-0.286883029999999983	0.747692924500000022
5.9600000000000001e-09	0.151009411700000012	0.789587968600000023
5.96800000000000007e-09	0.547115314899999983	0.591557054699999973
5.97600000000000004e-09	0.776021057300000039	0.213345167199999991
5.98400000000000002e-09	0.771470786199999981	-0.226623899399999995
5.99199999999999999e-09	0.536714851800000003	-0.598589358699999963
5.99999999999999996e-09	0.140258424699999995	-0.792298560999999957
6.00799999999999993e-09	-0.298102761300000019	-0.746623155400000016
6.0159999999999999e-09	-0.645213053099999989	-0.477108583600000025
6.02399999999999988e-09	-0.798442554299999996	-0.0678664540000000066
6.03199999999999985e-09	-0.717081858300000041	0.360717903399999984
6.03999999999999982e-09	-0.421861021599999997	0.685804164100000002
6.04799999999999979e-09	0.00352255380000000015	0.807370005200000018
6.05599999999999977e-09	0.429804950000000019	0.683899506599999985
6.06399999999999974e-09	0.725204463800000032	0.354131726899999999
6.07199999999999971e-09	0.802770796300000034	-0.0808306399999999953
6.07999999999999968e-09	0.639817350299999976	-0.491444108099999999
6.08800000000000048e-09	0.285143164999999976	-0.755562520499999946
6.09600000000000046e-09	-0.155941713600000004	-0.79226619119999997
6.10400000000000043e-09	-0.549969472499999945	-0.591252815000000043
6.1120000000000004e-09	-0.779547461499999983	-0.212421692200000012
6.12000000000000037e-09	-0.774801569299999993	0.230595431200000006
6.12800000000000035e-09	-0.536401893099999971	0.604735577599999963
6.13600000000000032e-09	-0.136117741699999989	0.796002335800000016
6.14400000000000029e-09	0.303758622799999989	0.747330871499999994
6.15200000000000026e-09	0.651931053800000049	0.476074941500000015
6.16000000000000023e-09	0.805621275999999997	0.0611852857000000014
6.16800000000000021e-09	0.717673313399999957	-0.372992951299999986
6.17600000000000018e-09	0.413270118299999989	-0.6951887135
6.18400000000000015e-09	-0.0144101453999999993	-0.808584556500000051
6.19200000000000012e-09	-0.436255707800000003	-0.681486715599999959
6.2000000000000001e-09	-0.73011120389999995	-0.348719897100000009
6.20800000000000007e-09	-0.803015515000000013	0.0937753927000000015
6.21600000000000004e-09	-0.629250285400000053	0.504440093899999997
6.22400000000000001e-09	-0.268306231800000017	0.759806941899999977
6.23199999999999999e-09	0.172211960400000003	0.788130897000000052
6.23999999999999996e-09	0.563134990600000052	0.579806699200000053
6.24799999999999993e-09	0.784655168699999961	0.193331564700000014
6.2559999999999999e-09	0.766345995500000043	-0.250265706600000026
6.26399999999999988e-09	0.517878801399999977	-0.614553322799999968
6.27199999999999985e-09	0.116989195399999996	-0.793851979399999963
6.28000000000000065e-09	-0.317490822900000025	-0.736279080999999946
6.28800000000000062e-09	-0.657399635800000048	-0.458271105000000012
6.29600000000000059e-09	-0.798454424300000021	-0.0435159462000000025
6.30400000000000056e-09	-0.701897114200000005	0.381847358999999997
6.31200000000000054e-09	-0.397562438100000026	0.694043887299999995
6.32000000000000051e-09	0.0280460041999999986	0.802155281799999953
6.32800000000000048e-09	0.449073916399999995	0.666555220300000029
6.33600000000000045e-09	0.732854307199999999	0.326560204799999976
6.34400000000000043e-09	0.791010034599999967	-0.108978228100000005
6.3520000000000004e-09	0.613698006599999957	-0.505738157499999952
6.36000000000000037e-09	0.258156208300000023	-0.750906627300000018
6.36800000000000034e-09	-0.174163256300000013	-0.774944514700000031
6.37600000000000032e-09	-0.556057309299999969	-0.567944581799999959
6.38400000000000029e-09	-0.771522114699999984	-0.19078619329999999
6.39200000000000026e-09	-0.757277624500000024	0.243304700200000001
6.40000000000000023e-09	-0.517062407199999963	0.60646088170000001
6.40800000000000021e-09	-0.118938747400000003	0.79010227030000002
6.41600000000000018e-09	0.318673319499999996	0.732319384199999979
6.42400000000000015e-09	0.655186651700000011	0.449789767999999979
6.43200000000000012e-09	0.787803367099999985	0.0377390640000000027
6.4400000000000001e-09	0.688060375700000004	-0.376738183299999974
6.44800000000000007e-09	0.391133019299999996	-0.679265286599999962
6.45600000000000004e-09	-0.0209110903999999986	-0.786899983800000036
6.46400000000000001e-09	-0.434024435099999994	-0.662308658099999947
6.47200000000000081e-09	-0.721095371400000018	-0.333476637999999992
6.48000000000000078e-09	-0.788272130800000026	0.0995982190000000017
6.48800000000000076e-09	-0.615090489299999987	0.499648001499999994
6.49600000000000073e-09	-0.259532481300000006	0.746903923600000019
6.50399999999999987e-09	0.172013949500000013	0.770818277399999974
6.51199999999999985e-09	0.552053995399999997	0.564063340999999996
6.51999999999999982e-09	0.76515528960000001	0.18832386009999999
6.52799999999999979e-09	0.747910560999999974	-0.240682590199999991
6.53599999999999976e-09	0.510784157200000033	-0.596338345299999961
6.54399999999999974e-09	0.1235216289	-0.777603227499999994
6.55199999999999971e-09	-0.305432337100000006	-0.730800042699999985
6.55999999999999968e-09	-0.649181314500000051	-0.460172252700000006
6.56799999999999965e-09	-0.794186429699999974	-0.0439630010000000016
6.57599999999999963e-09	-0.693035134000000053	0.381128292199999996
6.5839999999999996e-09	-0.387956903199999981	0.683815992500000025
6.59199999999999957e-09	0.0253984808999999992	0.784655511400000005
6.59999999999999954e-09	0.432471650099999994	0.657290667699999998
6.60799999999999951e-09	0.716866460600000033	0.333022259499999973
6.61599999999999949e-09	0.786214336799999969	-0.0949128674999999977
6.62399999999999946e-09	0.618726653399999993	-0.494720138099999984
6.63199999999999943e-09	0.26661578079999998	-0.747045006500000053
6.6399999999999994e-09	-0.167303106099999987	-0.777808466500000018
6.64799999999999938e-09	-0.555660549299999973	-0.572657178000000044
6.65599999999999935e-09	-0.773112804599999981	-0.189797376099999998
6.66399999999999932e-09	-0.752600334799999993	0.245370515300000008
6.67200000000000012e-09	-0.510851348199999999	0.599719114799999953
6.68000000000000009e-09	-0.123333409899999996	0.778729958100000008
6.68800000000000007e-09	0.303964450800000008	0.73181864969999999
6.69600000000000004e-09	0.647671938899999966	0.463839618499999995
6.70400000000000001e-09	0.797229682500000036	0.0506357568000000008
6.71199999999999998e-09	0.703808405099999979	-0.379025857799999977
6.71999999999999996e-09	0.397838530700000026	-0.693420439900000019
6.72799999999999993e-09	-0.0282487610999999986	-0.799885746700000011
6.7359999999999999e-09	-0.446891786199999974	-0.663823487399999967
6.74399999999999987e-09	-0.728924503699999948	-0.326255448299999973
6.75199999999999984e-09	-0.788558825299999988	0.106248696399999995
6.75999999999999982e-09	-0.61535904050000001	0.503053839400000036
6.76799999999999979e-09	-0.260987005300000019	0.752486737799999972
6.77599999999999976e-09	0.175259773199999996	0.780021090500000014
6.78399999999999973e-09	0.562807838500000046	0.570710464000000028
6.79199999999999971e-09	0.779904218099999991	0.1863455745
6.79999999999999968e-09	0.760330213100000041	-0.253600430799999998
6.80799999999999965e-09	0.511882841599999971	-0.615838525000000025
6.81599999999999962e-09	0.109693127400000007	-0.793470036899999953
6.8239999999999996e-09	-0.325354008299999997	-0.731883228599999991
6.83199999999999957e-09	-0.66154944910000002	-0.450593265099999973
6.83999999999999954e-09	-0.79933442499999996	-0.0351044735999999982
6.84799999999999951e-09	-0.697628407099999959	0.389782659400000009
6.85599999999999949e-09	-0.388410279999999997	0.698562805799999964
6.86400000000000029e-09	0.036684609600000001	0.798216226900000048
6.87200000000000026e-09	0.449864184	0.659826264899999959
6.88000000000000023e-09	0.72937104340000003	0.325244085999999988
6.8880000000000002e-09	0.792293841100000007	-0.106503297600000005
6.89600000000000017e-09	0.618928914000000052	-0.506420574900000031
6.90400000000000015e-09	0.259633087200000001	-0.756784599800000013
6.91200000000000012e-09	-0.178297299999999992	-0.779966885799999954
6.92000000000000009e-09	-0.564029872099999996	-0.567240516000000028
6.92800000000000006e-09	-0.779100541200000052	-0.182553954500000004
6.93600000000000004e-09	-0.756406864899999976	0.257988151100000007
6.94400000000000001e-09	-0.504034419200000028	0.617078196899999987
6.95199999999999998e-09	-0.1030352343	0.787824845299999965
6.95999999999999995e-09	0.325125263300000023	0.724180345499999989
6.96799999999999993e-09	0.659134825600000029	0.446830095900000002
6.9759999999999999e-09	0.798057875899999991	0.0310010062000000003
6.98399999999999987e-09	0.693857076200000034	-0.397025588799999996
6.99199999999999984e-09	0.378332042899999998	-0.702641332999999979
6.99999999999999982e-09	-0.0484996271999999992	-0.794251950900000003
7.00799999999999979e-09	-0.4579368667	-0.649221924100000014
7.01599999999999976e-09	-0.731085995399999966	-0.311654425600000007
7.02399999999999973e-09	-0.785203953400000043	0.120219497600000003
7.03199999999999971e-09	-0.602855847800000011	0.514366942899999957
7.03999999999999968e-09	-0.243060623000000003	0.752728774299999959
7.04799999999999965e-09	0.186571429499999997	0.768357813700000003
7.05600000000000045e-09	0.563974718099999994	0.557861133499999995
7.06400000000000042e-09	0.77611691709999997	0.176817339299999987
7.07200000000000039e-09	0.752010790399999962	-0.261405577100000008
7.08000000000000037e-09	0.498341998299999978	-0.617540388200000012
7.08800000000000034e-09	0.0987167575999999963	-0.783334406499999969
7.09600000000000031e-09	-0.324313218000000014	-0.717357034299999974
7.10400000000000028e-09	-0.652004633	-0.442580532299999996
7.11200000000000026e-09	-0.789532479300000034	-0.0348830956999999983
7.12000000000000023e-09	-0.690856484999999965	0.386937699899999987
7.1280000000000002e-09	-0.38372307830000002	0.693241462100000039
7.13600000000000017e-09	0.0386273006999999988	0.79157933700000005
7.14400000000000015e-09	0.449586414499999976	0.653112741800000007
7.15200000000000012e-09	0.727016506200000023	0.317909318699999999
7.16000000000000009e-09	0.784040384800000045	-0.114550130700000002
7.16800000000000006e-09	0.602450608499999984	-0.509220727999999956
7.17600000000000003e-09	0.244389907099999998	-0.745701016900000013
7.18400000000000001e-09	-0.179870438599999988	-0.761057487700000035
7.19199999999999998e-09	-0.550970969600000027	-0.556516678699999989
7.19999999999999995e-09	-0.76487796880000003	-0.186305438600000012
7.20799999999999992e-09	-0.752582925699999961	0.246542911599999998
7.2159999999999999e-09	-0.508660016700000051	0.609758835900000018
7.22399999999999987e-09	-0.108056083100000005	0.785833827799999995
7.23199999999999984e-09	0.322380432400000028	0.723052901400000003
7.23999999999999981e-09	0.653526287299999953	0.444324507099999988
7.24800000000000061e-09	0.789797103900000019	0.0331232429000000023
7.25600000000000059e-09	0.687966092399999951	-0.38869012679999998
7.26400000000000056e-09	0.378752030100000026	-0.691110838099999958
7.27200000000000053e-09	-0.0401228636999999971	-0.785180075900000052
7.2800000000000005e-09	-0.44608394039999999	-0.648194828199999962
7.28800000000000048e-09	-0.722271515500000016	-0.319356394799999999
7.29600000000000045e-09	-0.786790308800000004	0.111185436499999998
7.30400000000000042e-09	-0.609206669400000012	0.513279391500000015
7.31200000000000039e-09	-0.243392189300000006	0.756887105600000054
7.32000000000000036e-09	0.191511359900000011	0.767865464400000031
7.32800000000000034e-09	0.564932028600000025	0.552099639100000039
7.33600000000000031e-09	0.771634678299999988	0.174269576499999995
7.34400000000000028e-09	0.749655368400000022	-0.258975451099999976
7.35200000000000025e-09	0.500398313499999969	-0.616561723100000014
7.36000000000000023e-09	0.0998389387999999989	-0.787121213499999972
7.3680000000000002e-09	-0.328539732400000006	-0.721345151900000037
7.37600000000000017e-09	-0.659636558600000034	-0.441546612999999977
7.38400000000000014e-09	-0.795310915199999968	-0.0275414405000000001
7.39200000000000012e-09	-0.690182492699999983	0.398038673999999981
7.40000000000000009e-09	-0.373785630199999996	0.701823413700000009
7.40800000000000006e-09	0.0512585693000000009	0.789550607699999962
7.41600000000000003e-09	0.455405103099999986	0.643681645999999996
7.42400000000000001e-09	0.724575198299999945	0.311946414399999983
7.43199999999999998e-09	0.78318220390000004	-0.114272434699999995
7.44000000000000078e-09	0.607584124199999964	-0.511468802
7.44800000000000075e-09	0.245842038799999996	-0.756509618299999964
7.45600000000000072e-09	-0.190016138299999998	-0.771991484800000016
7.46399999999999987e-09	-0.56835703280000005	-0.556493337899999996
7.47200000000000067e-09	-0.777496109500000032	-0.173459336699999994
7.47999999999999981e-09	-0.75180040299999995	0.264413598600000022
7.48800000000000061e-09	-0.497197771000000011	0.621404367999999985
7.49599999999999976e-09	-0.0943885923000000043	0.786699935200000033
7.5039999999999989e-09	0.330556909899999973	0.716638490799999972
7.5119999999999997e-09	0.65604268720000003	0.438130076300000004
7.51999999999999885e-09	0.791417918800000009	0.0294339831000000017
7.52799999999999965e-09	0.691302954900000044	-0.39369719580000001
7.53599999999999879e-09	0.379053291700000017	-0.700782352599999991
7.54399999999999959e-09	-0.0484190391999999997	-0.794767392799999972
7.55200000000000039e-09	-0.459956287899999983	-0.649371051599999971
7.55999999999999954e-09	-0.733810401700000003	-0.309745521299999993
7.56800000000000034e-09	-0.786651220899999948	0.124707223899999997
7.57599999999999948e-09	-0.600489096300000025	0.521059337399999989
7.58400000000000028e-09	-0.234455505300000006	0.756133914399999996
7.59199999999999943e-09	0.19576712160000001	0.764025969299999996
7.60000000000000023e-09	0.566484936800000005	0.549205353800000018
7.60799999999999937e-09	0.773619926499999999	0.171509296199999994
7.61600000000000017e-09	0.751054163599999991	-0.264053877100000001
7.62399999999999932e-09	0.497631793900000008	-0.623311241599999954
7.63200000000000011e-09	0.0918664730999999984	-0.791065233900000053
7.63999999999999926e-09	-0.337891296800000018	-0.719067185100000006
7.64800000000000006e-09	-0.665303479800000042	-0.433971931600000027
7.6559999999999992e-09	-0.794493589699999947	-0.0183584622000000017
7.664e-09	-0.684488645700000009	0.403763142999999991
7.67199999999999915e-09	-0.368106078599999997	0.702249993000000017
7.67999999999999995e-09	0.0554253762000000011	0.789427137000000001
7.68799999999999909e-09	0.460572230999999999	0.644245415300000013
7.69599999999999989e-09	0.73257428570000005	0.307975046600000024
7.70399999999999904e-09	0.78824646009999999	-0.125730465000000013
7.71199999999999984e-09	0.602993462000000036	-0.525336166300000018
7.71999999999999898e-09	0.233119259800000006	-0.763572027199999948
7.72799999999999978e-09	-0.203531106600000011	-0.769537164099999949
7.73600000000000058e-09	-0.576460703900000038	-0.547678053599999992
7.74399999999999973e-09	-0.778578237700000009	-0.163653724899999992
7.75200000000000053e-09	-0.749679724000000047	0.270934509099999998
7.75999999999999967e-09	-0.495367444499999976	0.626380465500000039
7.76800000000000047e-09	-0.0911042410999999969	0.79397644639999998
7.77599999999999962e-09	0.341674113200000018	0.723797789599999963
7.78400000000000042e-09	0.6726752654	0.435212396000000001
7.79199999999999956e-09	0.801686829600000039	0.0146566834000000003
7.80000000000000036e-09	0.688245692800000031	-0.410807527700000008
7.80799999999999951e-09	0.3673520173	-0.710383442699999978
7.81600000000000031e-09	-0.0610831427000000024	-0.796042816799999997
7.82399999999999945e-09	-0.469831142400000012	-0.645190587500000023
7.83200000000000025e-09	-0.739540504799999998	-0.302624310600000002
7.8399999999999994e-09	-0.789411433199999957	0.131793729599999992
7.8480000000000002e-09	-0.602117738300000038	0.529598949399999963
7.85599999999999934e-09	-0.232310303500000009	0.767988798199999989
7.86400000000000014e-09	0.207659767999999995	0.77499452719999995
7.87199999999999929e-09	0.585201170599999987	0.548781307800000007
7.88000000000000009e-09	0.786544930699999978	0.157399073
7.88799999999999923e-09	0.750780346200000004	-0.281138291099999993
7.89600000000000003e-09	0.489442851999999984	-0.634839958699999984
7.90399999999999918e-09	0.0801143302000000002	-0.797378490099999948
7.91199999999999997e-09	-0.354138294600000014	-0.718935942400000028
7.91999999999999912e-09	-0.680919012800000001	-0.422430537399999972
7.92799999999999992e-09	-0.800658091500000002	0.00115092160000000005
7.93600000000000072e-09	-0.67827236769999999	0.423759996899999991
7.94399999999999986e-09	-0.35204796100000002	0.717684029199999962
7.95200000000000066e-09	0.0796971073999999946	0.796156323900000018
7.95999999999999981e-09	0.486699942900000015	0.636678600999999955
7.96800000000000061e-09	0.747492113900000033	0.28835860969999999
7.97599999999999975e-09	0.787501433400000006	-0.146670736800000007
7.98400000000000055e-09	0.592466015199999974	-0.539304680199999997
7.9919999999999997e-09	0.218328985499999989	-0.770703714199999945
8.0000000000000005e-09	-0.222369176000000002	-0.768785845599999962
8.00799999999999964e-09	-0.594404258099999971	-0.53263334920000005
8.01600000000000044e-09	-0.782896612900000011	-0.137590580099999998
8.02399999999999959e-09	-0.735925406100000012	0.293359782800000024
8.03200000000000039e-09	-0.472982850100000018	0.635389490799999956
8.03999999999999953e-09	-0.0686958352999999938	0.791215233299999987
8.04800000000000033e-09	0.360992372700000008	0.710802659599999997
8.05599999999999948e-09	0.683759733100000044	0.411803526600000025
8.06400000000000028e-09	0.796812519599999991	-0.0132092142999999992
8.07199999999999942e-09	0.667481576000000021	-0.431327277499999995
8.08000000000000022e-09	0.338803596799999995	-0.716651025100000005
8.08799999999999937e-09	-0.090179182699999999	-0.786317311799999974
8.09600000000000017e-09	-0.489928318500000015	-0.618467043700000052
8.10399999999999931e-09	-0.739050815799999983	-0.268198424599999985
8.11200000000000011e-09	-0.769370600999999987	0.157792975400000007
8.11999999999999926e-09	-0.574773274999999972	0.539325262400000005
8.12800000000000006e-09	-0.20452061760000001	0.765145291099999958
8.1359999999999992e-09	0.233191323400000011	0.758284180800000041
8.144e-09	0.598481683699999989	0.51702899449999995
8.15199999999999915e-09	0.776219548499999967	0.122674009700000003
8.15999999999999995e-09	0.722301528699999973	-0.300668482399999992
8.16799999999999909e-09	0.457522423299999981	-0.633833383499999958
8.17599999999999989e-09	0.0567104886999999988	-0.779419237399999965
8.18399999999999904e-09	-0.360955574700000004	-0.691934727100000035
8.19199999999999984e-09	-0.668757439499999995	-0.39988148010000002
8.19999999999999898e-09	-0.78080657649999996	0.00882933080000000009
8.20799999999999978e-09	-0.662843249599999962	0.420607540999999974
8.21599999999999893e-09	-0.338986798099999986	0.711647141699999985
8.22399999999999972e-09	0.0926704505000000012	0.780191130600000005
8.23199999999999887e-09	0.486377404399999991	0.607084193199999955
8.23999999999999967e-09	0.725324578499999983	0.262226227300000003
8.24799999999999881e-09	0.754684574600000047	-0.1509446921
8.25599999999999961e-09	0.568866460600000012	-0.525065991299999979
8.26399999999999876e-09	0.208518837099999993	-0.750270948199999954
8.27199999999999956e-09	-0.219826677999999998	-0.748596285400000006
8.2799999999999987e-09	-0.581214819800000004	-0.520764512199999974
8.2879999999999995e-09	-0.769814990600000026	-0.137650107399999999
8.29599999999999865e-09	-0.729335168199999995	0.291014352199999993
8.30399999999999945e-09	-0.462452759300000016	0.635587522899999979
8.31199999999999859e-09	-0.0526042477999999966	0.778496453499999963
8.32000000000000105e-09	0.359395577700000024	0.68224784329999999
8.32800000000000019e-09	0.656539317500000053	0.395830167499999996
8.33600000000000099e-09	0.769676864200000033	-0.000350043000000000023
8.34400000000000014e-09	0.663119601500000044	-0.407114526899999996
8.35200000000000094e-09	0.349091122199999992	-0.702835945400000051
8.36000000000000008e-09	-0.0786249007	-0.781609069599999984
8.36800000000000088e-09	-0.478771519199999995	-0.619842969300000046
8.37600000000000003e-09	-0.732535566399999949	-0.274805137500000018
8.38400000000000083e-09	-0.767852003400000038	0.152297062900000002
8.39199999999999997e-09	-0.570526242100000025	0.535141863400000029
8.40000000000000077e-09	-0.201472372900000002	0.751569894199999977
8.40799999999999992e-09	0.219935710799999989	0.742307368400000001
8.41600000000000072e-09	0.573654616100000014	0.521168086800000041
8.42399999999999986e-09	0.767630591999999945	0.146565475400000006
8.43200000000000066e-09	0.73612489839999995	-0.283692858200000009
8.43999999999999981e-09	0.472743883500000017	-0.634641623900000007
8.44800000000000061e-09	0.0631454476000000015	-0.786449724000000017
8.45599999999999975e-09	-0.358398223100000024	-0.698395777500000037
8.46400000000000055e-09	-0.670646223899999949	-0.406722154000000002
8.4719999999999997e-09	-0.786032301099999997	0.00594536480000000013
8.4800000000000005e-09	-0.665684430300000018	0.419964834299999978
8.48799999999999964e-09	-0.344768817499999991	0.707592675100000013
8.49600000000000044e-09	0.0788367123000000003	0.78379298399999997
8.50399999999999959e-09	0.480670266899999976	0.627993386999999958
8.51200000000000038e-09	0.743483973300000045	0.280347984699999997
8.51999999999999953e-09	0.779824065899999974	-0.158293856700000013
8.52800000000000033e-09	0.575170407700000053	-0.545624663799999965
8.53599999999999947e-09	0.2008132366	-0.762956411699999948
8.54400000000000027e-09	-0.227435269500000009	-0.753507751799999959
8.55199999999999942e-09	-0.589040620100000023	-0.523915890299999965
8.56000000000000022e-09	-0.77920018329999996	-0.136651583100000001
8.56799999999999936e-09	-0.736319703199999953	0.295941236399999974
8.57600000000000016e-09	-0.470091482000000005	0.641406794300000027
8.58399999999999931e-09	-0.0603482040000000025	0.794665036699999994
8.59200000000000011e-09	0.370326545900000026	0.706992922099999976
8.59999999999999925e-09	0.688535248899999952	0.401749436199999976
8.60800000000000005e-09	0.793312880400000031	-0.0241746444000000005
8.6159999999999992e-09	0.658814926599999962	-0.435905678899999982
8.624e-09	0.332473363299999991	-0.715197857499999978
8.63199999999999914e-09	-0.0919075966999999966	-0.785795962200000031
8.63999999999999994e-09	-0.494851089700000024	-0.622220515999999946
8.64799999999999909e-09	-0.75152470360000001	-0.265040254600000025
8.65599999999999989e-09	-0.776042058699999981	0.174610432900000001
8.66399999999999903e-09	-0.564711698200000001	0.556497923999999977
8.67199999999999983e-09	-0.186221920499999999	0.768421910699999988
8.67999999999999898e-09	0.246786370300000002	0.749676918599999964
8.68800000000000143e-09	0.603817068300000037	0.504635506299999981
8.69599999999999892e-09	0.776765962399999954	0.110496048200000002
8.70400000000000138e-09	0.717485929600000016	-0.31217653179999999
8.71200000000000052e-09	0.448648838800000005	-0.642509596499999946
8.72000000000000132e-09	0.043282537900000001	-0.787286872799999982
8.72800000000000047e-09	-0.383905212300000021	-0.692401063000000039
8.73600000000000127e-09	-0.693839721499999951	-0.378875503800000013
8.74400000000000041e-09	-0.782130666300000055	0.0481662095000000012
8.75200000000000121e-09	-0.633115227100000011	0.447306033300000017
8.76000000000000036e-09	-0.305586500699999986	0.707201717200000024
8.76800000000000115e-09	0.106860914400000007	0.763279557399999975
8.7760000000000003e-09	0.492930235599999989	0.596833323000000027
8.7840000000000011e-09	0.735940587999999951	0.24795862099999999
8.79200000000000024e-09	0.756620635300000011	-0.178187820400000002
8.80000000000000104e-09	0.549116329700000017	-0.550696411100000005
8.80800000000000019e-09	0.174919628900000013	-0.758692626700000039
8.81600000000000099e-09	-0.255222711400000024	-0.734793778300000033
8.82400000000000013e-09	-0.601972587600000053	-0.483606155199999999
8.83200000000000093e-09	-0.757049377099999976	-0.0940174713000000023
8.84000000000000008e-09	-0.689992814599999948	0.308642472200000018
8.84800000000000088e-09	-0.433222045100000008	0.620455552899999985
8.85600000000000002e-09	-0.0482827932000000001	0.763661451800000002
8.86400000000000082e-09	0.36792640510000002	0.681005422000000027
8.87199999999999997e-09	0.677558649499999999	0.378693033299999982
8.88000000000000077e-09	0.769504142599999996	-0.0405785821999999977
8.88799999999999991e-09	0.627190706599999981	-0.434658508599999993
8.89600000000000071e-09	0.306701749299999993	-0.695703762499999989
8.90399999999999986e-09	-0.103261490999999997	-0.753178890900000009
8.91200000000000066e-09	-0.483182401500000025	-0.584471763899999996
8.9199999999999998e-09	-0.713142719899999999	-0.24296691170000001
8.9280000000000006e-09	-0.733112676500000005	0.160409311999999998
8.93599999999999975e-09	-0.54849004180000005	0.519151297800000022
8.94400000000000055e-09	-0.198126652699999989	0.739966047899999979
8.95199999999999969e-09	0.231554214899999999	0.739058399000000033
8.96000000000000049e-09	0.591993571299999966	0.495718101000000022
8.96799999999999964e-09	0.753601307299999967	0.103870449500000003
8.97600000000000044e-09	0.689294689499999946	-0.298595220400000028
8.98399999999999958e-09	0.4367285058	-0.610683550500000005
8.99200000000000038e-09	0.0557916555000000022	-0.755174436100000013
8.99999999999999953e-09	-0.353610300400000022	-0.676643754500000028
