1	-0.0974562154999999986	-0.285921547200000015
1.00800000000000001	-0.143249923899999992	-0.265463690299999999
1.01600000000000001	-0.185199027200000005	-0.237877301099999994
1.02400000000000002	-0.221226097399999988	-0.204632383100000009
1.03200000000000003	-0.251764613199999987	-0.165372019499999995
1.04000000000000004	-0.275908483599999976	-0.120680202400000006
1.04800000000000004	-0.292142451199999986	-0.0729125253000000029
1.05600000000000005	-0.299858495300000027	-0.0244087556999999997
1.06400000000000006	-0.299661267499999995	0.0253233894000000001
1.07200000000000006	-0.291268142600000002	0.0745223675000000058
1.08000000000000007	-0.274735219500000016	0.121822682400000007
1.08800000000000008	-0.250795310699999996	0.165200984500000009
1.09600000000000009	-0.220642108799999986	0.203286466299999996
1.10400000000000009	-0.184148930799999999	0.236530729599999989
1.1120000000000001	-0.142656689599999997	0.263414792399999986
1.12000000000000011	-0.0963022194999999942	0.283606554100000019
1.12799999999999989	-0.0484799559999999977	0.295454201299999997
1.1359999999999999	0.00101272829999999995	0.299333442000000005
1.14399999999999991	0.0489915091999999983	0.29533259919999999
1.15199999999999991	0.0968730777000000043	0.283504711399999998
1.15999999999999992	0.142305434600000003	0.263751320600000005
1.16799999999999993	0.184309415899999995	0.236321089600000006
1.17599999999999993	0.220711094999999996	0.202921001299999987
1.18399999999999994	0.251488243100000008	0.163371746000000012
1.19199999999999995	0.274765766600000017	0.120441278099999993
1.19999999999999996	0.291155186200000027	0.0731878180999999961
1.20799999999999996	0.2994238018	0.0241074743000000008
1.21599999999999997	0.299239692999999973	-0.0266560046999999994
1.22399999999999998	0.290594985199999989	-0.075278061199999996
1.23199999999999998	0.273974904299999988	-0.122314094799999995
1.23999999999999999	0.249868013500000014	-0.165611068299999997
1.248	0.218995615899999996	-0.204386910700000007
1.25600000000000001	0.181881720599999991	-0.237535444900000003
1.26400000000000001	0.1394394464	-0.264242901099999983
1.27200000000000002	0.0930515534999999949	-0.283585250399999989
1.28000000000000003	0.0457411440999999988	-0.294584544999999975
1.28800000000000003	-0.00317406490000000019	-0.297804998300000012
1.29600000000000004	-0.0513635881999999974	-0.293113971099999981
1.30400000000000005	-0.0991989006000000006	-0.280346103000000013
1.31200000000000006	-0.143841095199999991	-0.260184319399999975
1.32000000000000006	-0.184135302599999995	-0.233301862100000007
1.32800000000000007	-0.220614827799999996	-0.199057160300000008
1.33600000000000008	-0.24990496949999999	-0.160659606499999996
1.34400000000000008	-0.27284991019999999	-0.117738986599999998
1.35200000000000009	-0.288620003899999977	-0.0710841029000000013
1.3600000000000001	-0.296529882600000017	-0.0226850040000000017
1.3680000000000001	-0.296185166900000019	0.0269800380999999992
1.37599999999999989	-0.287940984999999983	0.0750090271999999947
1.3839999999999999	-0.271900030800000025	0.121059783099999999
1.3919999999999999	-0.247353768899999993	0.165590908499999995
1.39999999999999991	-0.216765442599999997	0.2040857633
1.40799999999999992	-0.18047657319999999	0.236797260399999987
1.41599999999999993	-0.138866870000000003	0.263313872900000023
1.42399999999999993	-0.0937229021000000051	0.282585016299999991
1.43199999999999994	-0.0451871731999999998	0.294164548799999981
1.43999999999999995	0.0045958294000000002	0.297450745600000011
1.44799999999999995	0.0536566987999999995	0.292331741300000003
1.45599999999999996	0.100765647400000005	0.279325071699999983
1.46399999999999997	0.146271609200000013	0.25801719070000001
1.47199999999999998	0.186612975300000011	0.229981197999999998
1.47999999999999998	0.22131283269999999	0.196096568199999988
1.48799999999999999	0.250339049599999974	0.156431606100000009
1.496	0.272159078800000009	0.112892220799999998
1.504	0.286481488900000025	0.0666729063000000011
1.51200000000000001	0.293053904199999993	0.0182570509999999998
1.52000000000000002	0.291680459499999989	-0.0299587826000000008
1.52800000000000002	0.282641120500000009	-0.0769309444000000064
1.53600000000000003	0.266155936900000001	-0.121694450900000001
1.54400000000000004	0.242157503699999999	-0.163706124400000014
1.55200000000000005	0.21171624280000001	-0.201534049399999998
1.56000000000000005	0.176481889100000011	-0.233025907700000007
1.56800000000000006	0.135925464999999995	-0.258867068600000028
1.57600000000000007	0.0918767803999999966	-0.277724116099999974
1.58400000000000007	0.0456779146000000011	-0.289126390899999974
1.59200000000000008	-0.0032252247999999999	-0.292853876600000007
1.60000000000000009	-0.0516514943999999976	-0.28844568869999998
1.6080000000000001	-0.0982823111999999999	-0.276199360599999999
1.6160000000000001	-0.142390150900000012	-0.256522257899999995
1.62400000000000011	-0.182690496600000002	-0.229710165699999996
1.6319999999999999	-0.218451242299999987	-0.196262674800000009
1.6399999999999999	-0.248256322499999987	-0.156704789799999994
1.64799999999999991	-0.270423448000000011	-0.114535776500000006
1.65599999999999992	-0.285525054100000009	-0.0683973711000000067
1.66399999999999992	-0.292820511399999983	-0.0202685202999999987
1.67199999999999993	-0.292026724700000018	0.0283695672999999988
1.67999999999999994	-0.283334744999999999	0.0757807669000000045
1.68799999999999994	-0.266259942199999988	0.122478903599999994
1.69599999999999995	-0.242242837900000008	0.164646704100000013
1.70399999999999996	-0.211903744199999994	0.202011386900000006
1.71199999999999997	-0.175901489599999988	0.233802599299999997
1.71999999999999997	-0.135155587699999996	0.259281555100000005
1.72799999999999998	-0.0907248256999999975	0.2778006737
1.73599999999999999	-0.0424286685999999968	0.288784664199999985
1.74399999999999999	0.00487379949999999958	0.291807575699999988
1.752	0.0523843204000000034	0.287002359200000001
1.76000000000000001	0.0989443403000000027	0.274238307600000009
1.76800000000000002	0.142591877899999997	0.254171034199999979
1.77600000000000002	0.182221042899999991	0.22736312589999999
1.78400000000000003	0.216842007199999992	0.194649096100000002
1.79200000000000004	0.245943670400000008	0.156346623699999993
1.80000000000000004	0.268593880000000007	0.112874611099999994
1.80800000000000005	0.283649967999999975	0.0674164678000000045
1.81600000000000006	0.291079551300000017	0.0199875672000000004
1.82400000000000007	0.290582034400000022	-0.0280567390000000007
1.83200000000000007	0.282295632299999988	-0.0753352201000000027
1.84000000000000008	0.266160788500000023	-0.121017724300000004
1.84800000000000009	0.242340042100000014	-0.163981709400000009
1.85600000000000009	0.211474721700000007	-0.202107181899999988
1.8640000000000001	0.176167353800000009	-0.233864137
1.87200000000000011	0.134690859100000004	-0.259928821500000018
1.87999999999999989	0.0893975003999999962	-0.2786295627
1.8879999999999999	0.0416950442000000032	-0.289493361399999982
1.89599999999999991	-0.00638402149999999988	-0.292077346100000024
1.90399999999999991	-0.0541944673000000002	-0.286898795599999978
1.91199999999999992	-0.0999151588999999951	-0.274019986400000026
1.91999999999999993	-0.144962039099999995	-0.252745959199999981
1.92799999999999994	-0.184755730099999987	-0.224855793100000007
1.93599999999999994	-0.218930768899999989	-0.191287496700000004
1.94399999999999995	-0.247098616399999998	-0.15272235449999999
1.95199999999999996	-0.268539300300000006	-0.110126573800000002
1.95999999999999996	-0.282746896600000019	-0.0646588604999999983
1.96799999999999997	-0.289374114999999987	-0.0173801124000000015
1.97599999999999998	-0.287991985499999992	0.0309688259
1.98399999999999999	-0.278314140300000012	0.0790208124999999956
1.99199999999999999	-0.262060123799999989	0.122497183199999998
2	-0.238281245000000003	0.16387780569999999
2.00800000000000001	-0.207714197200000006	0.201053802100000012
2.01600000000000001	-0.171784671199999989	0.232405657200000004
2.02400000000000002	-0.131308867100000004	0.257304673099999992
2.03200000000000003	-0.0874003024999999989	0.275288695999999999
2.04000000000000004	-0.0411565708000000002	0.285852190399999984
2.04800000000000004	0.00604581830000000021	0.288761349900000019
2.05600000000000005	0.0535756282999999972	0.283862596799999978
2.06400000000000006	0.101098552999999994	0.270495229700000006
2.07200000000000006	0.144275160000000013	0.25014453980000001
2.08000000000000007	0.183104579699999992	0.223175160600000005
2.08800000000000008	0.217253261100000011	0.190074223200000003
2.09600000000000009	0.245617803200000012	0.151630357800000004
2.10400000000000009	0.267219012799999989	0.108930753800000002
2.1120000000000001	0.281447830299999979	0.0633211788999999969
2.12000000000000011	0.287908891399999978	0.0160807807999999997
2.12800000000000011	0.286371141399999973	-0.0317134186000000012
2.13600000000000012	0.276600236300000024	-0.0795465761000000021
2.14400000000000013	0.260312983399999975	-0.122367624300000005
2.15200000000000014	0.23665257449999999	-0.163172366699999988
2.16000000000000014	0.206231866200000002	-0.199957818300000006
2.16800000000000015	0.170175660400000012	-0.230952087499999986
2.17600000000000016	0.129469481500000011	-0.255667258399999986
2.18400000000000016	0.0853167315000000065	-0.273329020500000019
2.19200000000000017	0.0391997409000000019	-0.283406808499999996
2.20000000000000018	-0.00763508409999999992	-0.285837939099999994
2.20800000000000018	-0.0539851891999999986	-0.280662843599999989
2.21600000000000019	-0.0983518619999999982	-0.26839928569999999
2.2240000000000002	-0.142582948300000012	-0.247661992999999997
2.23200000000000021	-0.181650059000000003	-0.220560305900000003
2.24000000000000021	-0.215310001400000006	-0.187968088100000014
2.24800000000000022	-0.243168398799999991	-0.150381870599999995
2.25599999999999978	-0.264537223799999999	-0.108538335200000002
2.26399999999999979	-0.278821655599999996	-0.0637809458999999968
2.2719999999999998	-0.285586080199999981	-0.0173152433000000015
2.2799999999999998	-0.284708018100000015	0.0297112198999999987
2.28799999999999981	-0.276044873299999993	0.0760029158999999954
2.29599999999999982	-0.259483879099999981	0.121075221199999999
2.30399999999999983	-0.235421049599999987	0.162854457199999997
2.31199999999999983	-0.204686274400000007	0.199979135199999991
2.31999999999999984	-0.170457737400000003	0.230005830599999989
2.32799999999999985	-0.130743436500000004	0.25483900869999998
2.33599999999999985	-0.0867475605999999955	0.272937581099999993
2.34399999999999986	-0.0404130706999999978	0.283538172500000019
2.35199999999999987	0.00715342680000000033	0.286203755100000012
2.35999999999999988	0.0544973592999999992	0.281054640700000025
2.36799999999999988	0.100339881399999997	0.268006432100000025
2.37599999999999989	0.14331330619999999	0.24752900189999999
2.3839999999999999	0.182244083899999992	0.220340748100000011
2.3919999999999999	0.215940963600000008	0.187179119100000013
2.39999999999999991	0.243284270800000008	0.149664369900000011
2.40799999999999992	0.263947196100000003	0.108878358300000005
2.41599999999999993	0.278582702399999993	0.0617867531000000011
2.42399999999999993	0.284624120799999991	0.0141990971000000004
2.43199999999999994	0.282913615800000018	-0.0328064210999999967
2.43999999999999995	0.273619148400000012	-0.0785285279000000058
2.44799999999999995	0.257023869700000018	-0.122089722900000003
2.45599999999999996	0.233537039400000007	-0.162294877799999987
2.46399999999999997	0.203831488000000005	-0.198236093599999996
2.47199999999999998	0.168560892500000004	-0.228902370999999993
2.47999999999999998	0.128879875499999991	-0.25346423899999998
2.48799999999999999	0.085707294500000003	-0.271242778899999981
2.496	0.0401570144999999976	-0.281715651000000011
2.504	-0.00679840449999999982	-0.284542492199999997
2.51200000000000001	-0.0544202919000000007	-0.279425148600000006
2.52000000000000002	-0.100530510200000006	-0.266237934000000009
2.52800000000000002	-0.142407742599999998	-0.246514402999999993
2.53600000000000003	-0.180506569899999997	-0.220350466699999997
2.54400000000000004	-0.214351412999999991	-0.187630410100000006
2.55200000000000005	-0.242399664500000001	-0.149484200799999994
2.56000000000000005	-0.263711729299999975	-0.107246398199999995
2.56800000000000006	-0.277747521100000005	-0.062006464499999997
2.57600000000000007	-0.283990348999999975	-0.0152326428999999992
2.58400000000000007	-0.282535833999999986	0.0319851438999999987
2.59200000000000008	-0.2731969816	0.0782925356000000044
2.60000000000000009	-0.25647193159999998	0.122209891200000004
2.6080000000000001	-0.232828400600000013	0.162552463499999994
2.6160000000000001	-0.203272587599999999	0.198067208599999989
2.62400000000000011	-0.168394956799999995	0.228426537499999999
2.63200000000000012	-0.129326403700000009	0.2525265498
2.64000000000000012	-0.0863718536000000064	0.270256142799999988
2.64800000000000013	-0.0383363133000000009	0.280910806100000021
2.65600000000000014	0.00886958699999999996	0.283383570799999984
2.66400000000000015	0.0552696447000000021	0.278195828300000003
2.67200000000000015	0.100255395600000005	0.265430767000000012
2.68000000000000016	0.1425579706	0.245551991500000011
2.68800000000000017	0.181030433600000012	0.218935812300000004
2.69600000000000017	0.214662872199999993	0.186322090100000004
2.70400000000000018	0.242388308299999994	0.148590267500000012
2.71200000000000019	0.2636167123	0.106682886500000004
2.7200000000000002	0.277675360599999976	0.0618586640000000007
2.7280000000000002	0.284107537999999993	0.0153278871999999993
2.73600000000000021	0.282743858700000017	-0.031594601299999997
2.74400000000000022	0.273598589100000011	-0.0779824202999999938
2.75199999999999978	0.256696953800000016	-0.122444163100000003
2.75999999999999979	0.232578764800000004	-0.16346150370000001
2.76799999999999979	0.201633421099999988	-0.200096116600000012
2.7759999999999998	0.166092762100000013	-0.230242428599999993
2.78399999999999981	0.126817585499999996	-0.253868271099999987
2.79199999999999982	0.0833306473999999991	-0.271014557099999998
2.79999999999999982	0.0376047341000000021	-0.280844081199999984
2.80799999999999983	-0.00916513270000000012	-0.283087573799999992
2.81599999999999984	-0.055769229699999999	-0.277598218900000027
2.82399999999999984	-0.100874500699999994	-0.264591648800000023
2.83199999999999985	-0.143344247000000008	-0.244233261099999988
2.83999999999999986	-0.181686600199999992	-0.217148675499999999
2.84799999999999986	-0.21499732290000001	-0.184128639399999988
2.85599999999999987	-0.242348802899999993	-0.145987434299999996
2.86399999999999988	-0.263076045400000014	-0.103914443499999995
2.87199999999999989	-0.276518057500000025	-0.0589538792999999978
2.87999999999999989	-0.282358576699999975	-0.0125307028999999993
2.8879999999999999	-0.280362673000000007	0.0341603377000000014
2.89599999999999991	-0.270814604000000014	0.079720798999999995
2.90399999999999991	-0.254194226000000023	0.122450427099999995
2.91199999999999992	-0.231588972700000006	0.161209404800000011
2.91999999999999993	-0.201496540700000004	0.197470003499999991
2.92799999999999994	-0.164622881299999996	0.228877345499999996
2.93599999999999994	-0.123912297699999993	0.253147056799999992
2.94399999999999995	-0.0806399819000000045	0.269994575399999992
2.95199999999999996	-0.0355865941000000005	0.279560756999999993
2.95999999999999996	0.0104672024000000002	0.28152081109999999
2.96799999999999997	0.0563234141999999979	0.27605937089999999
2.97599999999999998	0.100784610299999994	0.263192996000000012
2.98399999999999999	0.142546947199999996	0.243188795099999994
2.99199999999999999	0.180507904400000002	0.216612991499999991
3	0.213761094000000013	0.184104231899999998
3.00800000000000001	0.241285611900000002	0.146443039699999999
3.01600000000000001	0.262249404999999991	0.104627119800000001
3.02400000000000002	0.276137354800000012	0.0599206076000000018
3.03200000000000003	0.282237979299999997	0.0133281284
3.04000000000000004	0.280693094899999995	-0.033674391900000003
3.04800000000000004	0.27129163810000001	-0.0797839694000000016
3.05600000000000005	0.254144501199999984	-0.123611278699999994
3.06400000000000006	0.229873526599999989	-0.164140036600000011
3.07200000000000006	0.198799310300000004	-0.200184003999999999
3.08000000000000007	0.162691376400000004	-0.230113445
3.08800000000000008	0.1229881268	-0.253331054700000002
3.09600000000000009	0.0799496883999999963	-0.269771206900000005
3.10400000000000009	0.0346678804999999979	-0.279003265200000017
3.1120000000000001	-0.0116013852999999993	-0.280718598300000011
3.12000000000000011	-0.0575241381999999982	-0.274720043299999994
3.12800000000000011	-0.101953279100000002	-0.26129681170000002
3.13600000000000012	-0.1435476688	-0.240756489299999987
3.14400000000000013	-0.181104810700000007	-0.213759969200000011
3.15200000000000014	-0.213830874700000007	-0.180933739600000004
3.16000000000000014	-0.240562868099999994	-0.143234318500000013
3.16800000000000015	-0.260888308499999999	-0.101733362199999997
3.17600000000000016	-0.274054238800000016	-0.0572620615000000027
3.18400000000000016	-0.279751959400000028	-0.0114211007000000007
3.19200000000000017	-0.277900778299999984	0.034611160299999999
3.20000000000000018	-0.26833062299999999	0.0800871751999999992
3.20800000000000018	-0.25150621569999998	0.123217670200000004
3.21600000000000019	-0.227764447600000003	0.16290355179999999
3.2240000000000002	-0.197851281500000004	0.198138125199999987
3.23200000000000021	-0.162358116100000005	0.227976121000000004
3.24000000000000021	-0.122480434700000002	0.251563050700000013
3.24800000000000022	-0.0799233399999999955	0.268105584800000019
3.25599999999999978	-0.0363496306000000019	0.277495467900000015
3.26399999999999979	0.0120139915999999992	0.279538334700000002
3.2719999999999998	0.0596086674000000025	0.272991245699999996
3.2799999999999998	0.104534490100000002	0.258725562700000022
3.28799999999999981	0.145730885799999987	0.237600244500000002
3.29599999999999982	0.182569816100000004	0.210127680300000008
3.30399999999999983	0.214207607599999988	0.177183190299999987
3.31199999999999983	0.240038877699999986	0.139557608199999988
3.31999999999999984	0.259243115999999996	0.0981138966000000001
3.32799999999999985	0.271330279200000024	0.0541887199000000014
3.33599999999999985	0.276039650099999978	0.00909032830000000049
3.34399999999999986	0.273457179200000011	-0.0359495504000000021
3.35199999999999987	0.263628866600000011	-0.0797530365999999935
3.35999999999999988	0.246944391499999999	-0.121473970200000003
3.36799999999999988	0.223803240300000011	-0.159816534399999988
3.37599999999999989	0.194831261799999989	-0.194004526700000013
3.3839999999999999	0.160679003799999998	-0.22305295180000001
3.3919999999999999	0.122270159000000003	-0.246323672900000012
3.39999999999999991	0.080599682899999997	-0.26311016869999998
3.40799999999999992	0.0365014312999999979	-0.272961375299999975
3.41599999999999993	-0.00877554940000000068	-0.275633606099999984
3.42399999999999993	-0.0539494557999999971	-0.270806408100000007
3.43199999999999994	-0.0978492083999999984	-0.258644458899999985
3.43999999999999995	-0.139609171599999998	-0.239098572499999995
3.44799999999999995	-0.177637639200000003	-0.212805993500000012
3.45599999999999996	-0.210655736199999999	-0.180701814900000007
3.46399999999999997	-0.237582470099999998	-0.143530048500000007
3.47199999999999998	-0.25805182929999998	-0.102972569700000002
3.47999999999999998	-0.271594815699999992	-0.0591404780999999977
3.48799999999999999	-0.277623471999999982	-0.0135531964999999997
3.496	-0.27601482300000002	0.0324568720999999991
3.504	-0.266778371199999975	0.0776327938999999967
3.51200000000000001	-0.25013185910000002	0.120701515999999995
3.52000000000000002	-0.226684357599999997	0.160272367199999988
3.52800000000000002	-0.196993312899999995	0.195404275200000005
3.53600000000000003	-0.161953554100000008	0.225004757299999997
3.54400000000000004	-0.1225614748	0.248555732499999987
3.55200000000000005	-0.0799505610000000033	0.26517026199999999
3.56000000000000005	-0.0352490390000000028	0.274577936000000022
3.56800000000000006	0.0102248341	0.276625495900000018
3.57600000000000007	0.0554919546999999985	0.271250197099999979
3.58400000000000007	0.0992407562999999965	0.258483359700000026
3.59200000000000008	0.14021877960000001	0.238782431200000006
3.60000000000000009	0.177496000900000006	0.212540862299999994
3.6080000000000001	0.210010776499999996	0.1805889138
3.6160000000000001	0.236937933099999998	0.1438323829
3.62400000000000011	0.257540803500000026	0.103005835300000001
3.63200000000000012	0.271189078899999991	0.059438075600000001
3.64000000000000012	0.277666391700000015	0.0140017310999999995
3.64800000000000013	0.276315720799999998	-0.0320070322000000004
3.65600000000000014	0.267535638799999975	-0.0773012426999999946
3.66400000000000015	0.251381098999999997	-0.120431559199999996
3.67200000000000015	0.228499689700000008	-0.160053529899999991
3.68000000000000016	0.200372681299999994	-0.194783630099999994
3.68800000000000017	0.167200600000000005	-0.224425710299999998
3.69600000000000017	0.1271714803	-0.249711672200000012
3.70400000000000018	0.0803075275999999977	-0.268174047500000012
3.71200000000000019	0.0333660910000000005	-0.277756379900000017
3.7200000000000002	-0.0133619132000000005	-0.279263068599999997
3.7280000000000002	-0.0592072121999999978	-0.273056720400000008
3.73600000000000021	-0.103158705700000006	-0.259299341199999978
3.74400000000000022	-0.144420036700000004	-0.238460872699999993
3.75199999999999978	-0.181550186700000005	-0.211080978100000011
3.75999999999999979	-0.213581426399999996	-0.178247433499999997
3.76799999999999979	-0.239741716299999991	-0.1406614474
3.7759999999999998	-0.259428555800000016	-0.0992287151000000034
3.78399999999999981	-0.271954081199999975	-0.0552230599999999974
3.79199999999999982	-0.277236580999999982	-0.0100618571999999996
3.79999999999999982	-0.275095785300000006	0.0350033249000000005
3.80799999999999983	-0.265601344600000011	0.0793566809999999984
3.81599999999999984	-0.248984626900000006	0.121746497499999995
3.82399999999999984	-0.225691663200000003	0.1608847531
3.83199999999999985	-0.196344345499999989	0.195742080799999996
3.83999999999999986	-0.161562636199999998	0.225412455399999989
3.84799999999999986	-0.1223852042	0.248951299900000006
3.85599999999999987	-0.0795840691000000017	0.265861245999999996
3.86399999999999988	-0.0347003561999999974	0.275440773199999989
3.87199999999999989	0.0111721705000000001	0.277437126400000011
3.87999999999999989	0.056925591400000003	0.271886280099999988
3.8879999999999999	0.101172757899999993	0.258817877699999976
3.89599999999999991	0.142580639199999998	0.238490013199999989
3.90399999999999991	0.180138304199999988	0.211733323100000009
3.91199999999999992	0.212748179199999998	0.178999198199999987
3.91999999999999993	0.239512024900000009	0.141222310200000006
3.92799999999999994	0.259594559100000011	0.0996008523999999951
3.93599999999999994	0.272502361799999981	0.0551887802000000025
3.94399999999999995	0.27783377279999999	0.00895195839999999958
3.95199999999999996	0.275066700100000006	-0.0375294359999999994
3.95999999999999996	0.265251380599999975	-0.0819155829000000058
3.96799999999999997	0.248232843099999989	-0.1241260114
3.97599999999999998	0.224477123400000006	-0.162968088499999997
3.98399999999999999	0.194492259599999995	-0.197441256499999995
3.99199999999999999	0.15929998279999999	-0.226474378100000012
4	0.119791782299999996	-0.249374095699999992
4.00800000000000001	0.0771633657999999945	-0.265387389899999993
4.01600000000000001	0.0323805098999999999	-0.274205052299999974
4.02400000000000002	-0.0130329287999999995	-0.275575541699999982
4.03200000000000003	-0.0580561030999999991	-0.269508739599999991
4.04000000000000004	-0.101467436899999999	-0.256086737100000017
4.04800000000000004	-0.142017446900000011	-0.235932823000000014
4.05600000000000005	-0.178717845399999992	-0.209354998200000003
4.06400000000000006	-0.210570202900000003	-0.17720498970000001
4.07200000000000006	-0.236843758300000012	-0.140263407600000001
4.08000000000000007	-0.25680346599999998	-0.099490977199999997
4.08800000000000008	-0.269908884800000026	-0.0560181453000000024
4.09600000000000009	-0.275536871100000025	-0.0111370565000000008
4.10400000000000009	-0.273824004299999979	0.0343746789999999983
4.1120000000000001	-0.264672972200000023	0.0790555841000000065
4.12000000000000011	-0.248180535000000008	0.121692967200000002
4.12800000000000011	-0.22478163000000001	0.161000017100000004
4.13600000000000012	-0.195210894200000012	0.195984856900000004
4.14400000000000013	-0.160129171200000003	0.225647926999999998
4.15200000000000014	-0.120603952200000003	0.249016857499999994
4.16000000000000014	-0.0777693061999999991	0.265607876000000021
4.16800000000000015	-0.0327322863999999977	0.274793900400000013
4.17600000000000016	0.0131486234	0.276435335599999998
4.18400000000000016	0.0586398241000000015	0.270368023600000007
4.19200000000000017	0.102444849500000004	0.256934085599999973
4.20000000000000018	0.1433744307	0.236494247099999999
4.20800000000000018	0.180266997000000012	0.209599177800000008
4.21600000000000019	0.212361481299999988	0.176968609299999996
4.2240000000000002	0.238540109899999991	0.139582021199999989
4.23200000000000021	0.258151892699999996	0.0988493443000000027
4.24000000000000021	0.270749006000000014	0.0561092290999999979
4.24800000000000022	0.276343964800000008	0.0120508444999999995
4.25600000000000023	0.274965515400000027	-0.0319610297999999987
4.26400000000000023	0.266017885899999973	-0.0769046493000000025
4.27200000000000024	0.247898310499999996	-0.122980881700000003
4.28000000000000025	0.223257852899999998	-0.163057019299999995
4.28800000000000026	0.192769228500000001	-0.197943232800000007
4.29600000000000026	0.157378243400000006	-0.227038718499999986
4.30400000000000027	0.117969167200000002	-0.249753205000000006
4.31200000000000028	0.0756269638000000022	-0.265771934499999973
4.32000000000000028	0.0310947610999999999	-0.274767932900000011
4.32800000000000029	-0.0144173601999999998	-0.276211563699999996
4.3360000000000003	-0.0596796501000000021	-0.270349874800000001
4.34400000000000031	-0.103300792799999999	-0.257011039900000016
4.35200000000000031	-0.144301081500000011	-0.236562542200000003
4.36000000000000032	-0.181543765400000001	-0.209500005399999994
4.36800000000000033	-0.213742059900000003	-0.176859651300000004
4.37600000000000033	-0.240109681500000005	-0.139045996000000005
4.38400000000000034	-0.259850784599999995	-0.0973423072000000056
4.39200000000000035	-0.272352664999999994	-0.0528070372999999982
4.40000000000000036	-0.277299578099999999	-0.00704156369999999962
4.40800000000000036	-0.274507183499999974	0.038908714300000001
4.41600000000000037	-0.264144568000000024	0.0836563966999999964
4.42400000000000038	-0.246499073799999996	0.126106374100000002
4.43200000000000038	-0.222147484799999989	0.164963021600000009
4.44000000000000039	-0.1917468336	0.199202766100000012
4.4480000000000004	-0.156123249200000008	0.227975752199999993
4.45600000000000041	-0.116261795799999998	0.25046186669999998
4.46400000000000041	-0.0733463842000000033	0.266048153499999995
4.47200000000000042	-0.0284455412999999983	0.274247293299999972
4.48000000000000043	0.017098111400000001	0.274977027799999996
4.48800000000000043	0.0620915481999999991	0.268142786099999975
4.49600000000000044	0.105327455700000003	0.254139144500000025
4.50399999999999956	0.145751296000000002	0.233172899500000003
4.51199999999999957	0.181988362900000006	0.205769919699999998
4.51999999999999957	0.213242459400000001	0.172892490600000004
4.52799999999999958	0.238541279999999994	0.135294449499999997
4.53599999999999959	0.257435900399999973	0.0942011697000000037
4.54399999999999959	0.269230694400000026	0.0505961987999999988
4.5519999999999996	0.2736446186	0.00569379920000000032
4.55999999999999961	0.270665405299999995	-0.0393099664000000001
4.56799999999999962	0.260361504000000021	-0.0832188388000000001
4.57599999999999962	0.243006277599999987	-0.124949084700000004
4.58399999999999963	0.218794899900000006	-0.163417385100000007
4.59199999999999964	0.188510107199999999	-0.197383128099999999
4.59999999999999964	0.153299312999999993	-0.225766973199999998
4.60799999999999965	0.113718863399999995	-0.247856260999999994
4.61599999999999966	0.0715857679999999941	-0.262881598400000027
4.62399999999999967	0.0280895183999999992	-0.270997299999999997
4.63199999999999967	-0.0162206124999999986	-0.272007667100000017
4.63999999999999968	-0.0602475574999999999	-0.265847547100000026
4.64799999999999969	-0.102757405600000004	-0.252511717700000027
4.65599999999999969	-0.142626524300000002	-0.23235981289999999
4.6639999999999997	-0.178740268899999999	-0.2058182499
4.67199999999999971	-0.210103644099999987	-0.173794794899999994
4.67999999999999972	-0.235824445699999996	-0.136948980800000009
4.68799999999999972	-0.255170958000000003	-0.0963432602999999971
4.69599999999999973	-0.267614467700000025	-0.0531343426999999965
4.70399999999999974	-0.272738366700000012	-0.00837887499999999917
4.71199999999999974	-0.270503384700000016	0.0365609412999999966
4.71999999999999975	-0.260818836200000015	0.0805894778000000034
4.72799999999999976	-0.2441555433	0.122412580199999996
4.73599999999999977	-0.22068189769999999	0.16090868559999999
4.74399999999999977	-0.191138845599999996	0.19520116400000001
4.75199999999999978	-0.156342272599999998	0.224182263699999995
4.75999999999999979	-0.117185651599999996	0.246951075900000011
4.76799999999999979	-0.0747009195999999986	0.26299906340000001
4.7759999999999998	-0.0300500661000000016	0.271712119400000007
4.78399999999999981	0.0154780669999999999	0.272830873699999976
4.79199999999999982	0.0604761877000000031	0.266398084400000013
4.79999999999999982	0.103670504999999996	0.252623116300000006
4.80799999999999983	0.14394009499999999	0.231752556800000009
4.81599999999999984	0.18021670179999999	0.204622885899999996
4.82399999999999984	0.211274401400000006	0.172124119999999992
4.83199999999999985	0.236440073199999989	0.134900415500000009
4.83999999999999986	0.255450534999999979	0.0940259605999999998
4.84799999999999986	0.267324018800000007	0.0508712684000000026
4.85599999999999987	0.272044561299999987	0.00632792809999999963
4.86399999999999988	0.269431662700000019	-0.0383204311999999978
4.87199999999999989	0.259605299000000012	-0.0821168874000000049
4.87999999999999989	0.242760790400000009	-0.123648777500000001
4.8879999999999999	0.21946519619999999	-0.161740298599999999
4.89599999999999991	0.190282383199999988	-0.19565492009999999
4.90399999999999991	0.155558288900000008	-0.224448079699999997
4.91199999999999992	0.116650456099999994	-0.247201408600000005
4.91999999999999993	0.0744914881000000029	-0.263210464099999986
4.92799999999999994	0.0300443791999999987	-0.272093875799999996
4.93599999999999994	-0.0153371409000000007	-0.273437923299999996
4.94399999999999995	-0.0604469197999999985	-0.267162770300000019
4.95199999999999996	-0.103832581100000002	-0.253547800300000015
4.95999999999999996	-0.144450294300000004	-0.2328603484
4.96799999999999997	-0.180959681000000011	-0.205728523299999994
4.97599999999999998	-0.212403478899999998	-0.17295527120000001
4.98399999999999999	-0.238091777100000013	-0.13532657549999999
4.99199999999999999	-0.257107714099999995	-0.0939941841999999972
5	-0.269024058899999974	-0.0501195096000000007
5.00800000000000001	-0.273463436900000023	-0.00512660670000000037
5.01600000000000001	-0.270276689700000017	0.0397037514000000008
5.02400000000000002	-0.260038455300000027	0.0835612718000000032
5.03200000000000003	-0.243047077599999994	0.124182266999999999
5.04000000000000004	-0.220445372100000009	0.1607503505
5.04800000000000004	-0.191719439500000005	0.194274199700000011
5.05600000000000005	-0.153965517899999987	0.225153516299999995
5.06400000000000006	-0.112387777600000002	0.248040088999999991
5.07200000000000006	-0.0691216305999999975	0.263147100199999984
5.08000000000000007	-0.0247769577000000012	0.270783699900000008
5.08800000000000008	0.0196679586000000003	0.271136676600000015
5.09600000000000009	0.0637175244999999973	0.264334974900000019
5.10400000000000009	0.106066091599999995	0.25037026950000002
5.1120000000000001	0.145746892300000014	0.229774579899999998
5.12000000000000011	0.18159870219999999	0.202824577899999997
5.12800000000000011	0.212598260000000011	0.170276998000000013
5.13600000000000012	0.237866462299999998	0.133067585900000007
5.14400000000000013	0.256864396599999989	0.0921768280999999967
5.15200000000000014	0.268806991599999989	0.0484661441999999984
5.16000000000000014	0.273043731899999975	0.00341983959999999981
5.16800000000000015	0.269966006199999997	-0.0417073230999999989
5.17600000000000016	0.259348617499999989	-0.0858621963999999932
5.18400000000000016	0.24157369649999999	-0.127479114799999987
5.19200000000000017	0.217092184699999996	-0.16564679169999999
5.20000000000000018	0.186637747800000003	-0.199062491600000002
5.20800000000000018	0.150919410000000004	-0.227031242500000008
5.21600000000000019	0.111071244700000002	-0.248544000300000012
5.2240000000000002	0.0683854886999999967	-0.263111897799999994
5.23200000000000021	0.0239283931999999984	-0.270541760600000014
5.24000000000000021	-0.0209529216000000004	-0.270246270000000011
5.24800000000000022	-0.0651193602999999982	-0.262818150500000014
5.25600000000000023	-0.107217999699999997	-0.248142149700000009
5.26400000000000023	-0.146211287599999989	-0.227024368100000012
5.27200000000000024	-0.181185104200000002	-0.199734546699999987
5.28000000000000025	-0.211180561399999994	-0.16722259040000001
5.28800000000000026	-0.2354230551	-0.1303856142
5.29600000000000026	-0.253413704500000003	-0.0900982372999999948
5.30400000000000027	-0.2647403069	-0.0474335420999999965
5.31200000000000028	-0.268931622199999998	-0.00377762500000000017
5.32000000000000028	-0.265956401299999978	0.0400785793000000001
5.32800000000000029	-0.255990636900000013	0.0830694978999999972
5.3360000000000003	-0.239120148700000007	0.123718187800000004
5.34400000000000031	-0.215826041699999999	0.16128235560000001
5.35200000000000031	-0.186688462299999997	0.194610421799999989
5.36000000000000032	-0.152378099099999997	0.222924389100000009
5.36800000000000033	-0.113708339399999997	0.245175573400000013
5.37600000000000033	-0.0718873047000000015	0.260812167500000025
5.38400000000000034	-0.0278753989000000008	0.269248032999999998
5.39200000000000035	0.0170259785000000004	0.270360566999999996
5.40000000000000036	0.0617368775999999966	0.263982751299999985
5.40800000000000036	0.104616438399999997	0.250218854200000007
5.41600000000000037	0.144844231699999992	0.229491231800000001
5.42400000000000038	0.1812104571	0.202043739100000008
5.43200000000000038	0.212311912500000005	0.169129893499999989
5.44000000000000039	0.237311171600000009	0.131414966200000011
5.4480000000000004	0.255675366600000009	0.0900999657000000065
5.45600000000000041	0.266948014899999975	0.046311729599999997
5.46400000000000041	0.270656131500000008	0.00144976749999999998
5.47200000000000042	0.266985509100000018	-0.0432518797000000024
5.48000000000000043	0.255765580499999978	-0.0866633378000000038
5.48800000000000043	0.237742245299999988	-0.127447444900000012
5.49600000000000044	0.213385664199999991	-0.164431106500000007
5.50399999999999956	0.183529988000000005	-0.196896753400000013
5.51199999999999957	0.149031788199999987	-0.223881522599999994
5.51999999999999957	0.110340917499999996	-0.24492059490000001
5.52799999999999958	0.0687547792000000046	-0.259549514500000023
5.53599999999999959	0.0252962569000000012	-0.267186543200000015
5.54399999999999959	-0.0189772271999999985	-0.267754874199999993
5.5519999999999996	-0.0625819377000000066	-0.261076160399999979
5.55999999999999961	-0.1044652945	-0.247348733399999993
5.56799999999999962	-0.143698546099999991	-0.2268209484
5.57599999999999962	-0.179131549599999995	-0.200250462399999996
5.58399999999999963	-0.209608927	-0.168224818500000012
5.59199999999999964	-0.234423663100000013	-0.131655562199999993
5.59999999999999964	-0.252963181699999984	-0.0914008084999999998
5.60799999999999965	-0.264652809200000005	-0.0486495620000000004
5.61599999999999966	-0.269132933100000027	-0.00438205780000000024
5.62399999999999967	-0.2663216692	0.0400183226999999975
5.63199999999999967	-0.256147067800000017	0.0834675116000000022
5.63999999999999968	-0.238912002499999998	0.124621715999999993
5.64799999999999969	-0.215135945999999995	0.162209234499999994
5.65599999999999969	-0.185517779500000007	0.195391060799999988
5.6639999999999997	-0.150831635299999989	0.223296916200000001
5.67199999999999971	-0.112021621200000004	0.245138319900000012
5.67999999999999972	-0.0702695371000000013	0.26027450190000001
5.68799999999999972	-0.0264889856000000007	0.268197395999999977
5.69599999999999973	0.0179423785000000016	0.269090600899999977
5.70399999999999974	0.0618921336999999974	0.262442644000000003
5.71199999999999974	0.104125425499999993	0.248826379399999992
5.71999999999999975	0.143541453200000002	0.228483064300000011
5.72799999999999976	0.179303275099999992	0.201809478699999989
5.73599999999999977	0.210002387699999987	0.169594762499999996
5.74399999999999977	0.235184170299999995	0.132850575999999998
5.75199999999999978	0.253852105200000011	0.0922813341999999953
5.75999999999999979	0.265692225800000015	0.049281913400000002
5.76799999999999979	0.270341586600000017	0.0047830638999999996
5.7759999999999998	0.267451372000000021	-0.0400039219999999973
5.78399999999999981	0.257197072799999982	-0.0837148533000000028
5.79199999999999982	0.239800878800000006	-0.125182224000000009
5.79999999999999982	0.215632419999999991	-0.163237947299999991
5.80799999999999983	0.185484462600000011	-0.196623977799999988
5.81599999999999984	0.1502492151	-0.224607260400000008
5.82399999999999984	0.110684111599999996	-0.246342920599999987
5.83199999999999985	0.0683739317000000013	-0.261069433999999989
5.83999999999999986	0.0242378310000000013	-0.268574268100000013
5.84799999999999986	-0.0204432880000000004	-0.268632455900000011
5.85599999999999987	-0.0645227817000000037	-0.261218537899999992
5.86399999999999988	-0.106769790399999995	-0.246683527200000002
5.87199999999999989	-0.145878196099999996	-0.22537886339999999
5.87999999999999989	-0.180838441500000002	-0.198021451799999998
5.8879999999999999	-0.210635039100000004	-0.1653749209
5.89599999999999991	-0.234807307699999995	-0.128493456099999986
5.90399999999999991	-0.252523996600000022	-0.0881471884000000067
5.91199999999999992	-0.263459171699999994	-0.0455156187999999975
5.91999999999999993	-0.267238178599999987	-0.00176222979999999998
5.92799999999999994	-0.26382822119999999	0.041998300199999998
5.93599999999999994	-0.253382964799999999	0.0845789131999999944
5.94399999999999995	-0.236142182199999995	0.124903436600000001
5.95199999999999996	-0.21255178520000001	0.161866503599999989
5.95999999999999996	-0.183313398500000002	0.194606740800000011
5.96799999999999997	-0.148964889200000006	0.222044907600000008
5.97599999999999998	-0.110403546300000002	0.243472852699999992
5.98399999999999999	-0.0689534515999999931	0.258431061199999978
5.99199999999999999	-0.0251164421999999984	0.266428657899999977
6	0.0191568542000000001	0.267004082600000026
6.00800000000000001	0.062953203799999996	0.260479826999999997
6.01600000000000001	0.105221621799999998	0.246635595699999988
6.02400000000000002	0.144834111300000012	0.226166060400000007
6.03200000000000003	0.180141444600000006	0.199345002399999999
6.04000000000000004	0.210636879500000013	0.167020246499999997
6.04800000000000004	0.235416526999999987	0.130001768200000006
6.05600000000000005	0.253688191200000024	0.0893469845999999984
6.06400000000000006	0.265022678600000006	0.046272047400000002
6.07200000000000006	0.268964773099999999	0.00192813550000000005
6.08000000000000007	0.26541854920000002	-0.0425984448000000029
6.08800000000000008	0.254748794200000017	-0.0858364045999999992
6.09600000000000009	0.237084607100000011	-0.126564544299999998
6.10400000000000009	0.213140878799999989	-0.164024436999999995
6.1120000000000001	0.183066916899999987	-0.196945126800000009
6.12000000000000011	0.147927061500000012	-0.224324585699999995
6.12800000000000011	0.108951410200000001	-0.245468919499999993
6.13600000000000012	0.0669400368999999995	-0.260075769600000006
6.14400000000000013	0.0230033619000000016	-0.267524441900000021
6.15200000000000014	-0.0212150395000000012	-0.267713162299999974
6.16000000000000014	-0.0649387039000000055	-0.260686035400000016
6.16800000000000015	-0.106637216100000001	-0.246573388300000002
6.17600000000000016	-0.145297735600000005	-0.226009691799999995
6.18400000000000016	-0.180169216599999987	-0.199738871600000006
6.19200000000000017	-0.211560833100000012	-0.166897956300000011
6.20000000000000018	-0.237165016099999987	-0.128342545299999999
6.20800000000000018	-0.255463651800000024	-0.0864537147999999978
6.21600000000000019	-0.266377953800000011	-0.0425931615999999985
6.2240000000000002	-0.269829797199999999	0.00229746690000000005
6.23200000000000021	-0.265772469899999975	0.0471460901000000029
6.24000000000000021	-0.254139741400000008	0.0906371247000000019
6.24800000000000022	-0.235528023499999989	0.131418894000000008
6.25600000000000023	-0.210393570700000004	0.168573689299999996
6.26400000000000023	-0.17945239469999999	0.200988454799999994
6.27200000000000024	-0.143577866400000004	0.227725744799999991
6.28000000000000025	-0.103862108300000006	0.248014533300000006
6.28800000000000026	-0.0614571236999999979	0.261548979399999992
6.29600000000000026	-0.0174106012999999983	0.267814714399999987
6.30400000000000027	0.026940814300000001	0.266840446600000003
6.31200000000000028	0.0704870667000000034	0.258287462799999978
6.32000000000000028	0.112039662799999995	0.242975913900000007
6.32800000000000029	0.150165999900000013	0.22091405380000001
6.3360000000000003	0.184324710400000008	0.19310099389999999
6.34400000000000031	0.213205261899999998	0.16004592279999999
6.35200000000000031	0.236326401600000013	0.122853853099999993
6.36000000000000032	0.252978011599999997	0.0824085615999999993
6.36800000000000033	0.262913621300000011	0.0397876003999999978
6.37600000000000033	0.265722415300000014	-0.00366410130000000001
6.38400000000000034	0.261361783000000014	-0.0469492559000000004
6.39200000000000035	0.250105827900000022	-0.0890203802999999932
6.40000000000000036	0.232221168300000003	-0.128796558000000005
6.40800000000000036	0.208109578500000003	-0.164994254199999996
6.41600000000000037	0.178218270499999998	-0.1968324085
6.42400000000000038	0.143734361000000005	-0.223395302500000004
6.43200000000000038	0.105426898399999996	-0.244041346800000003
6.44000000000000039	0.0639430557000000011	-0.258344144300000023
6.4480000000000004	0.0205745399999999988	-0.265573425799999985
6.45600000000000041	-0.0234272311000000011	-0.265537712199999998
6.46400000000000041	-0.0668843875000000032	-0.258318130500000021
6.47200000000000042	-0.108690545	-0.24388188999999999
6.48000000000000043	-0.147591270400000002	-0.222775676000000006
6.48800000000000043	-0.182658952799999996	-0.195342878299999995
6.49600000000000044	-0.212519714100000007	-0.162563260799999998
6.50399999999999956	-0.236495880800000002	-0.125070417900000008
6.51199999999999957	-0.253882451899999972	-0.0839568873000000049
6.51999999999999957	-0.264299872200000008	-0.0406691460000000032
6.52799999999999958	-0.267334867400000009	0.00358316770000000019
6.53599999999999959	-0.262970082900000013	0.0479325379000000024
6.54399999999999959	-0.25131251440000002	0.0907993403999999976
6.5519999999999996	-0.232785689399999995	0.130920606299999992
6.55999999999999961	-0.207700676299999998	0.167607148799999994
6.56799999999999962	-0.177088284900000004	0.199517461700000009
6.57599999999999962	-0.141593957100000001	0.225908285300000011
6.58399999999999963	-0.102404366199999999	0.245970626999999997
6.59199999999999964	-0.0604976231000000017	0.259268452699999985
6.59999999999999964	-0.0169734206999999984	0.265442532800000019
6.60799999999999965	0.0268689840999999999	0.264578570000000013
6.61599999999999966	0.0697829583999999975	0.256253251399999993
6.62399999999999967	0.110871832200000006	0.241247793699999991
6.63199999999999967	0.148951157899999992	0.219610716900000003
6.63999999999999968	0.182948229699999992	0.192051061100000003
6.64799999999999969	0.211832454400000009	0.159465298000000005
6.65599999999999969	0.235026111300000007	0.122398384799999996
6.6639999999999997	0.251892327299999996	0.0820965409999999951
6.67199999999999971	0.261954866000000008	0.0396696155999999994
6.67999999999999972	0.26482384619999999	-0.00384533579999999991
6.68799999999999972	0.260594383599999979	-0.0473147405000000007
6.69599999999999973	0.24934219199999999	-0.089413392199999997
6.70399999999999974	0.231359659299999992	-0.12929566440000001
6.71199999999999974	0.207074647000000001	-0.165606562499999999
6.71999999999999975	0.176988858299999996	-0.197563689900000006
6.72799999999999976	0.142181519400000012	-0.224138952700000005
6.73599999999999977	0.103495839800000003	-0.244691269999999989
6.74399999999999977	0.0618184931999999979	-0.258502354499999976
6.75199999999999978	0.0182254098000000017	-0.265371069399999993
6.75999999999999979	-0.0258488046999999985	-0.264970590000000006
6.76799999999999979	-0.0692785667999999966	-0.257285917099999983
6.7759999999999998	-0.111030089799999995	-0.242337332900000008
6.78399999999999981	-0.149683182800000009	-0.220709329399999987
6.79199999999999982	-0.184185874999999999	-0.19297440460000001
6.79999999999999982	-0.213594411499999998	-0.159940677499999989
6.80799999999999983	-0.237114515100000006	-0.122522535700000004
6.81599999999999984	-0.254218466400000009	-0.0816100329000000041
6.82399999999999984	-0.264120378099999997	-0.0387223978000000024
6.83199999999999985	-0.26704950999999999	0.00502571890000000007
6.83999999999999986	-0.262654706899999979	0.0487375993999999979
6.84799999999999986	-0.251183122599999975	0.0913109629000000006
6.85599999999999987	-0.232895050699999995	0.131205106999999987
6.86399999999999988	-0.208388066300000008	0.167615237
6.87199999999999989	-0.178239004799999989	0.199396295000000001
6.87999999999999989	-0.143385152399999993	0.225911641100000005
6.8879999999999999	-0.104346560300000002	0.246489133100000007
6.89599999999999991	-0.0626147145000000016	0.260264309799999982
6.90399999999999991	-0.0188694015000000007	0.267060520799999979
6.91199999999999992	0.0258084111999999991	0.266640284299999974
6.91999999999999993	0.070061492000000003	0.258711104000000025
6.92799999999999994	0.112381320899999998	0.243449764699999988
6.93599999999999994	0.151270694399999989	0.221327416500000013
6.94399999999999995	0.1861243219	0.193042642600000008
6.95199999999999996	0.215663057600000013	0.15937207149999999
6.95999999999999996	0.239098469199999997	0.121445869999999997
6.96799999999999997	0.255836151000000012	0.0801931974999999936
6.97599999999999998	0.265490771100000023	0.0366452188999999984
6.98399999999999999	0.267875422799999985	-0.00785166290000000044
6.99199999999999999	0.262808432300000006	-0.0519217261999999971
7	0.250466756299999982	-0.0946353231999999961
7.00800000000000001	0.231344126799999994	-0.134627888400000006
7.01600000000000001	0.205837420500000007	-0.170846528800000008
7.02400000000000002	0.174786755099999996	-0.202239904199999987
7.03200000000000003	0.138940340800000006	-0.22797094879999999
7.04000000000000004	0.0994614382999999963	-0.247477923200000005
7.04800000000000004	0.0573911875999999974	-0.260206334500000025
7.05600000000000005	0.0136922099000000002	-0.265933643499999983
7.06400000000000006	-0.0302158029999999994	-0.264380747600000021
7.07200000000000006	-0.0732160882999999957	-0.255597568300000022
7.08000000000000007	-0.114084496100000002	-0.239871139799999994
7.08800000000000008	-0.151704627600000003	-0.217680262099999994
7.09600000000000009	-0.185183087999999996	-0.189759334199999991
7.10400000000000009	-0.213597565200000006	-0.156769127700000011
7.1120000000000001	-0.236203538699999993	-0.119575467599999999
7.12000000000000011	-0.252476294900000009	-0.0792785320999999932
7.12800000000000011	-0.261903489099999998	-0.0370244304000000024
7.13600000000000012	-0.264216238200000009	0.00636038409999999978
7.14400000000000013	-0.259600574099999981	0.0494847091999999975
7.15200000000000014	-0.248000869799999996	0.0913429198999999997
7.16000000000000014	-0.229636934300000012	0.130664448799999999
7.16800000000000015	-0.205229382300000013	0.166610759200000014
7.17600000000000016	-0.175212673699999988	0.197959125000000014
7.18400000000000016	-0.140354904499999988	0.224145204200000003
7.19200000000000017	-0.101700307099999998	0.244239645000000005
7.20000000000000018	-0.0601276551999999978	0.257817328899999976
7.20800000000000018	-0.0169022012000000013	0.264399761700000013
7.21600000000000019	0.0269134049	0.263814341499999994
7.2240000000000002	0.0701574202000000008	0.256062605499999985
7.23200000000000021	0.111541748199999999	0.241135927100000008
7.24000000000000021	0.150045365300000011	0.219630379099999995
7.24800000000000022	0.1844865802	0.191862920900000011
7.25600000000000023	0.213865566600000001	0.159011778900000011
7.26400000000000023	0.237429553099999996	0.121238405699999996
7.27200000000000024	0.254331903699999973	0.0802578641000000065
7.28000000000000025	0.264412400699999994	0.0368883316999999988
7.28800000000000026	0.267097056900000018	-0.00769990609999999989
7.29600000000000026	0.262199427200000001	-0.0519786416000000001
7.30400000000000027	0.249984800400000012	-0.0948613786000000042
7.31200000000000028	0.230766398499999997	-0.135105008400000004
7.32000000000000028	0.205115677299999993	-0.171498628399999992
7.32800000000000029	0.173780004399999993	-0.203005034100000009
7.3360000000000003	0.137697045500000004	-0.228960575700000002
7.34400000000000031	0.0979366603000000058	-0.248350523600000012
7.35200000000000031	0.0553138680000000021	-0.261101202099999985
7.36000000000000032	0.0115208845000000001	-0.266556215900000004
7.36800000000000033	-0.0324856285000000022	-0.264663057199999996
7.37600000000000033	-0.0755719215	-0.255420534500000018
7.38400000000000034	-0.116668169000000002	-0.239469414200000008
7.39200000000000035	-0.154324961600000005	-0.216812829600000007
7.40000000000000036	-0.187890716099999994	-0.188462989800000008
7.40800000000000036	-0.216114415599999998	-0.155051990100000009
7.41600000000000037	-0.238569707399999997	-0.117533284900000007
7.42400000000000038	-0.25460115350000001	-0.0766333114999999954
7.43200000000000038	-0.26363385319999999	-0.0335627003999999993
7.44000000000000039	-0.2654114058	0.0102010087999999995
7.4480000000000004	-0.260013458099999983	0.0538652453000000031
7.45600000000000041	-0.247580125300000009	0.0958089344000000037
7.46400000000000041	-0.228116061000000009	0.135109076100000003
7.47200000000000042	-0.202796033600000009	0.17070504319999999
7.48000000000000043	-0.172031541399999988	0.201658907299999995
7.48800000000000043	-0.136447203099999997	0.227080052700000007
7.49600000000000044	-0.0973269779000000002	0.246336681400000007
7.50399999999999956	-0.0555586191999999993	0.258862536099999985
7.51199999999999957	-0.0123661928000000001	0.264512185999999982
7.51999999999999957	0.0312018441000000007	0.262959494100000024
7.52799999999999958	0.0738728649000000015	0.254292419300000017
7.53599999999999959	0.114664464300000005	0.238762476899999992
7.54399999999999959	0.152405529000000012	0.216841487999999999
7.5519999999999996	0.185937870700000007	0.189004593800000009
7.55999999999999961	0.2147646728	0.15592204979999999
7.56799999999999962	0.237707007500000012	0.118647363300000003
7.57599999999999962	0.25431363899999998	0.0778462818000000001
7.58399999999999963	0.2639287736	0.0348682251999999984
7.59199999999999964	0.266392473000000019	-0.00923930780000000069
7.59999999999999964	0.261387014099999981	-0.0533595691999999983
7.60799999999999965	0.249176941699999988	-0.0960594381000000053
7.61599999999999966	0.229981831500000011	-0.136139063799999988
7.62399999999999967	0.204321836400000012	-0.172628842000000005
7.63199999999999967	0.172858981200000011	-0.204263564000000009
7.63999999999999968	0.13656454970000001	-0.230217868399999998
7.64799999999999969	0.0964781222999999966	-0.249765174400000012
7.65599999999999969	0.0537817298999999985	-0.262365592799999992
7.6639999999999997	0.00944903430000000079	-0.267583602799999987
7.67199999999999971	-0.0350767113000000005	-0.265517130599999984
7.67999999999999972	-0.0785200479999999951	-0.255875299
7.68799999999999972	-0.119828862100000003	-0.239463558500000007
7.69599999999999973	-0.157697156300000002	-0.216013686799999993
7.70399999999999974	-0.191131348799999989	-0.186920870200000006
7.71199999999999974	-0.219311171299999996	-0.152777852500000005
7.71999999999999975	-0.241387081599999997	-0.114413998599999997
7.72799999999999976	-0.256846257799999977	-0.0729926382000000012
7.73599999999999977	-0.265231027900000027	-0.0296397015999999985
7.74399999999999977	-0.266387870299999996	0.0144263520999999995
7.75199999999999978	-0.260266838499999986	0.0581235215999999985
7.75999999999999979	-0.24719288310000001	0.1000457924
7.76799999999999979	-0.227312604599999996	0.139419741799999997
7.7759999999999998	-0.201339987800000009	0.174734384500000006
7.78399999999999981	-0.169981953699999994	0.205584553400000009
7.79199999999999982	-0.133902626899999988	0.230797017500000007
7.79999999999999982	-0.0942860120999999968	0.249798205299999992
7.80799999999999983	-0.0519315431999999993	0.261997997799999993
7.81599999999999984	-0.00814523770000000029	0.267194782999999991
7.82399999999999984	0.0359983441000000029	0.265026501699999972
7.83199999999999985	0.079307477500000001	0.255668361700000013
7.83999999999999986	0.120532378400000001	0.239272881200000009
7.84799999999999986	0.158482699899999996	0.216251797800000006
7.85599999999999987	0.192136405399999988	0.187146638700000006
7.86399999999999988	0.220498039899999998	0.152846465799999998
7.87199999999999989	0.242888044199999986	0.114192219299999995
7.87999999999999989	0.258514028200000023	0.0723927137999999942
7.8879999999999999	0.266899669999999978	0.0283369078000000017
7.89599999999999991	0.268030497899999998	-0.0163383586999999997
7.90399999999999991	0.261408992700000009	-0.0608912118999999988
7.91199999999999992	0.247351204800000002	-0.103940053000000004
7.91999999999999993	0.226348476900000012	-0.143899245099999989
7.92799999999999994	0.198889396299999993	-0.179708731499999996
7.93599999999999994	0.16616262779999999	-0.210292017400000003
7.94399999999999995	0.129140790300000002	-0.234794304300000006
7.95199999999999996	0.0891720260000000015	-0.252507908800000014
7.95999999999999996	0.0470844674999999976	-0.26344850580000001
7.96799999999999997	0.00334995950000000018	-0.267511128499999973
7.97599999999999998	-0.0409110513000000009	-0.264326363100000017
7.98399999999999999	-0.0841912298000000031	-0.253713209200000012
7.99199999999999999	-0.125132612700000007	-0.236118241799999989
8	-0.162572955500000005	-0.211915443199999998
8.00799999999999912	-0.195551018699999996	-0.181879241800000008
8.01600000000000001	-0.223043530900000009	-0.146727580800000007
8.02399999999999913	-0.244326892699999992	-0.107642048899999995
8.03200000000000003	-0.258735217299999987	-0.0655487317999999958
8.03999999999999915	-0.265917210800000026	-0.0216932139999999989
8.04800000000000004	-0.265761246499999992	0.0227497455999999994
8.05599999999999916	-0.258296795000000023	0.0664037464999999993
8.06400000000000006	-0.24359639529999999	0.108287455199999993
8.07199999999999918	-0.222085537700000002	0.14713680039999999
8.08000000000000007	-0.194479549700000004	0.181935294500000011
8.08799999999999919	-0.161603409700000006	0.211592656200000007
8.09600000000000009	-0.1241228516	0.235423873499999992
8.1039999999999992	-0.0833216581999999956	0.252546768099999985
8.1120000000000001	-0.0402928904999999976	0.262702617000000027
8.11999999999999922	0.00403373780000000019	0.265428010800000003
8.12800000000000011	0.0478422286000000016	0.260780237500000012
8.13599999999999923	0.0902125990999999988	0.248961336899999996
8.14400000000000013	0.129933070300000009	0.230274483800000013
8.15199999999999925	0.165873020499999996	0.205259965099999997
8.16000000000000014	0.197036054799999999	0.174839412599999994
8.16799999999999926	0.222743336900000005	0.139792988300000004
8.17600000000000016	0.2422593683	0.101135306899999999
8.18399999999999928	0.255093449600000022	0.0598742799000000006
8.19200000000000017	0.261102815599999982	0.0171950433999999985
8.19999999999999929	0.259979298999999997	-0.0258611574999999989
8.20800000000000018	0.251835071999999993	-0.0680988520000000014
8.2159999999999993	0.237089436600000009	-0.108403531799999994
8.2240000000000002	0.215962893999999989	-0.145623260199999993
8.23199999999999932	0.188953420099999991	-0.178928088699999988
8.24000000000000021	0.157102129700000009	-0.207455593100000002
8.24799999999999933	0.120836564399999999	-0.230312583999999987
8.25600000000000023	0.0813989603999999978	-0.246906835099999999
8.26399999999999935	0.039804623499999997	-0.256791576399999999
8.27200000000000024	-0.00288425419999999979	-0.259721601999999996
8.27999999999999936	-0.0453598459000000009	-0.255648150399999996
8.28800000000000026	-0.0866445943999999968	-0.244692195800000012
8.29599999999999937	-0.125654699000000009	-0.227213858099999999
8.30400000000000027	-0.161118984999999992	-0.203529970700000007
8.31199999999999939	-0.192580338099999998	-0.174308723800000009
8.32000000000000028	-0.218670436500000009	-0.140353305699999986
8.3279999999999994	-0.238723667000000001	-0.102609895600000001
8.3360000000000003	-0.252536689300000006	-0.0619165879000000002
8.34399999999999942	-0.259355820999999986	-0.0196339349000000003
8.35200000000000031	-0.259314634599999982	0.0234735992999999983
8.35999999999999943	-0.252123310200000006	0.0659321343000000004
8.36800000000000033	-0.237967996200000004	0.106742138200000003
8.37599999999999945	-0.217162189700000008	0.144678538100000004
8.38400000000000034	-0.190233020000000003	0.178633466600000013
8.39199999999999946	-0.15810056950000001	0.207676272699999998
8.40000000000000036	-0.121553551499999996	0.230922179899999996
8.40799999999999947	-0.0816439021999999931	0.247836221699999998
8.41600000000000037	-0.0396734622000000023	0.25790241559999999
8.42399999999999949	0.00332094079999999993	0.2608191547
8.43200000000000038	0.046121046899999997	0.256569201400000002
8.4399999999999995	0.0876290225000000006	0.245472995100000008
8.4480000000000004	0.126852065699999988	0.2277501153
8.45599999999999952	0.162611070100000005	0.20388047849999999
8.46400000000000041	0.194039597400000013	0.174479638500000006
8.47199999999999953	0.220258251399999994	0.140263653999999988
8.48000000000000043	0.240646101100000009	0.102152741899999996
8.48799999999999955	0.25437919790000002	0.0610457817999999972
8.49600000000000044	0.261238502099999992	0.0181853675999999985
8.50399999999999956	0.260889036899999982	-0.0252433404000000014
8.51200000000000045	0.253384702199999978	-0.0681313248000000038
8.51999999999999957	0.238810724899999993	-0.109236586999999996
8.52800000000000047	0.217610224800000002	-0.147350948700000012
8.53599999999999959	0.190508011300000002	-0.181554459599999996
8.54400000000000048	0.157862269700000002	-0.210569847100000013
8.5519999999999996	0.120882234300000002	-0.233953844800000005
8.5600000000000005	0.0805309188000000037	-0.250929918699999976
8.56799999999999962	0.0375808031999999986	-0.261140047300000011
8.57600000000000051	-0.00655431329999999965	-0.264027409400000024
8.58399999999999963	-0.0506592415000000004	-0.259251799299999974
8.59200000000000053	-0.093404162900000004	-0.247092933399999992
8.59999999999999964	-0.133454349800000011	-0.227758523200000007
8.60800000000000054	-0.169700286199999995	-0.201901390600000008
8.61599999999999966	-0.200979388600000003	-0.17028185970000001
8.62400000000000055	-0.226259024899999994	-0.133984417699999997
8.63199999999999967	-0.244854855700000013	-0.0940165983000000038
8.64000000000000057	-0.256331137799999997	-0.0518539223000000007
8.64799999999999969	-0.260815722699999974	-0.00840790190000000048
8.65600000000000058	-0.257783421499999998	0.0348869471000000028
8.6639999999999997	-0.247709629399999992	0.0767671040999999971
8.6720000000000006	-0.230918762	0.116173565600000001
8.67999999999999972	-0.207971564899999989	0.152152206499999998
8.68800000000000061	-0.179577857499999993	0.183727677199999995
8.69599999999999973	-0.146500619400000004	0.210155960899999994
8.70400000000000063	-0.109930858300000003	0.23079883779999999
8.71199999999999974	-0.070624624299999994	0.245176772900000006
8.72000000000000064	-0.0295495900999999984	0.253114138400000022
8.72799999999999976	0.0121125607999999999	0.254414667500000025
8.73600000000000065	0.0535427913999999977	0.24898197620000001
8.74399999999999977	0.0935278865000000043	0.236899620599999999
8.75200000000000067	0.131145328199999994	0.218632118600000008
8.75999999999999979	0.165352578299999997	0.194314756100000013
8.76800000000000068	0.195278059599999998	0.164695610599999986
8.7759999999999998	0.220087855700000001	0.1304572279
8.7840000000000007	0.238930072399999999	0.0924521256000000041
8.79199999999999982	0.251275965400000023	0.0516649671000000005
8.80000000000000071	0.2566625622	0.00933284239999999932
8.80799999999999983	0.254841750799999989	-0.033425646199999999
8.81600000000000072	0.245840830099999991	-0.0755333418000000006
8.82399999999999984	0.229943064000000003	-0.115471015699999999
8.83200000000000074	0.207413192699999999	-0.152233381299999998
8.83999999999999986	0.178957548299999991	-0.184792320700000012
8.84800000000000075	0.1455054405	-0.21187737940000001
8.85599999999999987	0.107870112599999998	-0.232964072200000011
8.86400000000000077	0.0672078685000000037	-0.24708078859999999
8.87199999999999989	0.0248059456999999983	-0.254434600200000027
8.88000000000000078	-0.0178520776999999999	-0.254223241200000005
8.8879999999999999	-0.0598584644999999999	-0.246943237300000007
8.8960000000000008	-0.099731436100000001	-0.232646167999999987
8.90399999999999991	-0.136418004700000012	-0.21199141190000001
8.91200000000000081	-0.1688390169	-0.185753288099999997
8.91999999999999993	-0.196170338299999997	-0.154639679800000013
8.92800000000000082	-0.217752442900000009	-0.119866317599999994
8.93599999999999994	-0.233506583699999992	-0.0824647872000000004
8.94400000000000084	-0.242621162599999995	-0.0432633933000000012
8.95199999999999996	-0.245577527500000004	-0.00327294819999999998
8.96000000000000085	-0.242159567100000001	0.0363217168000000007
8.96799999999999997	-0.232717509699999991	0.074698089800000006
8.97600000000000087	-0.217335515099999987	0.111200411599999993
8.98399999999999999	-0.1964326344	0.14485169710000001
8.99200000000000088	-0.170507316500000006	0.174787077699999988
9	-0.140069879799999991	0.200371081000000006
