1	-0.00156373139999999998	-0.00531998699999999998
1.00800000000000001	-0.00236804110000000002	-0.00500849450000000022
1.01600000000000001	-0.00313800590000000001	-0.00457997849999999991
1.02400000000000002	-0.00388280000000000005	-0.00394357279999999963
1.03200000000000003	-0.00446990700000000039	-0.00324804789999999987
1.04000000000000004	-0.0049050986000000003	-0.00247802500000000002
1.04800000000000004	-0.00525588190000000031	-0.00161535289999999989
1.05600000000000005	-0.00545953349999999966	-0.000744855199999999956
1.06400000000000006	-0.00548988419999999963	0.000195084700000000013
1.07200000000000006	-0.00537998279999999957	0.00106724849999999998
1.08000000000000007	-0.00509780449999999979	0.00194304209999999989
1.08800000000000008	-0.00469499709999999983	0.00276707479999999985
1.09600000000000009	-0.00420420109999999989	0.00346695139999999994
1.10400000000000009	-0.00359011319999999988	0.00410947889999999962
1.1120000000000001	-0.00289498809999999985	0.00460431920000000001
1.12000000000000011	-0.00207013389999999992	0.00506941950000000009
1.12799999999999989	-0.00120713289999999996	0.00532438749999999961
1.1359999999999999	-0.000340761600000000014	0.00545434300000000039
1.14399999999999991	0.00051755270000000003	0.00544099310000000034
1.15199999999999991	0.0013978908	0.00526398900000000017
1.15999999999999992	0.0022741743	0.00496750070000000037
1.16799999999999993	0.00307378089999999979	0.00450837009999999986
1.17599999999999993	0.00377026979999999998	0.00393571040000000039
1.18399999999999994	0.00433788140000000016	0.00328779989999999998
1.19199999999999995	0.00480587830000000008	0.00250910649999999983
1.19999999999999996	0.00519529179999999972	0.00169123689999999991
1.20799999999999996	0.00538693389999999987	0.000850873900000000019
1.21599999999999997	0.00541437840000000021	-8.30605999999999955e-05
1.22399999999999998	0.00534251690000000015	-0.000968152599999999998
1.23199999999999998	0.00511184960000000011	-0.0018414681
1.23999999999999999	0.00473995319999999994	-0.00263650810000000011
1.248	0.00424246959999999979	-0.0034152837000000001
1.25600000000000001	0.00365912140000000012	-0.00402309300000000016
1.26400000000000001	0.00287949279999999983	-0.00456354400000000011
1.27200000000000002	0.0020838851999999998	-0.00503163209999999989
1.28000000000000003	0.00130874760000000007	-0.00526977130000000002
1.28800000000000003	0.000406178700000000008	-0.00542399820000000026
1.29600000000000004	-0.000465509099999999998	-0.00539733689999999985
1.30400000000000005	-0.00135322359999999996	-0.00524251250000000012
1.31200000000000006	-0.00222245889999999995	-0.00499241699999999986
1.32000000000000006	-0.00299570140000000006	-0.00454494289999999961
1.32800000000000007	-0.0037006169000000002	-0.0039772977999999997
1.33600000000000008	-0.00428140339999999973	-0.00333405090000000017
1.34400000000000008	-0.00480012250000000015	-0.0026327353999999999
1.35200000000000009	-0.00518239899999999986	-0.00178769080000000004
1.3600000000000001	-0.00540305070000000019	-0.000859669800000000027
1.3680000000000001	-0.00546753410000000006	5.82489999999999991e-06
1.37599999999999989	-0.0053546332999999998	0.000923351199999999949
1.3839999999999999	-0.00517093190000000001	0.00181037480000000007
1.3919999999999999	-0.00478219359999999989	0.00261305589999999985
1.39999999999999991	-0.00428583750000000041	0.00339049639999999992
1.40799999999999992	-0.00364491019999999997	0.00405240009999999987
1.41599999999999993	-0.00296543210000000008	0.00458713919999999969
1.42399999999999993	-0.00214906800000000007	0.00501296890000000033
1.43199999999999994	-0.00129670479999999992	0.00527913159999999961
1.43999999999999995	-0.000393948699999999998	0.00542456540000000025
1.44799999999999995	0.000476976599999999983	0.00540166479999999987
1.45599999999999996	0.00133054219999999995	0.00522415760000000031
1.46399999999999997	0.00221986949999999992	0.0048996246999999998
1.47199999999999998	0.00299270989999999995	0.0044666332000000003
1.47999999999999998	0.00364473599999999998	0.00396312570000000031
1.48799999999999999	0.00425360660000000026	0.00329501919999999979
1.496	0.00475760340000000014	0.00253794850000000011
1.504	0.0051132091000000001	0.00173430789999999991
1.51200000000000001	0.00532352250000000041	0.000835650600000000052
1.52000000000000002	0.00536208069999999978	-3.33663999999999996e-05
1.52800000000000002	0.00532169539999999969	-0.000872049099999999992
1.53600000000000003	0.00509024780000000027	-0.00174255520000000008
1.54400000000000004	0.00473761999999999968	-0.00258891799999999995
1.55200000000000005	0.00423887570000000026	-0.00330393790000000015
1.56000000000000005	0.00363476450000000013	-0.00393593539999999992
1.56800000000000006	0.00293069370000000008	-0.00444218319999999979
1.57600000000000007	0.00218009209999999983	-0.00491373920000000037
1.58400000000000007	0.00134936569999999996	-0.00522020579999999974
1.59200000000000008	0.00048663869999999998	-0.00534550409999999965
1.60000000000000009	-0.000460639700000000014	-0.00534844180000000006
1.6080000000000001	-0.00130147769999999991	-0.00524413590000000034
1.6160000000000001	-0.00212637919999999992	-0.0049224917
1.62400000000000011	-0.00289776240000000004	-0.00452542480000000039
1.6319999999999999	-0.00361308220000000017	-0.00394999539999999968
1.6399999999999999	-0.00420075480000000039	-0.00333746560000000017
1.64799999999999991	-0.00470230579999999978	-0.00262149539999999986
1.65599999999999992	-0.00508927380000000033	-0.00179227509999999989
1.66399999999999992	-0.00526385079999999988	-0.000898758600000000032
1.67199999999999993	-0.00537631140000000007	-5.30205999999999985e-05
1.67999999999999994	-0.00529713180000000033	0.000854534499999999955
1.68799999999999994	-0.00507756020000000013	0.0016913722999999999
1.69599999999999995	-0.00473733539999999977	0.00253012759999999984
1.70399999999999996	-0.00428279239999999981	0.0032620615999999999
1.71199999999999997	-0.00368255260000000017	0.00391235249999999975
1.71999999999999997	-0.00298286759999999993	0.00444716500000000032
1.72799999999999998	-0.00220138149999999982	0.00487917460000000022
1.73599999999999999	-0.00136865370000000008	0.00521249000000000018
1.74399999999999999	-0.000496488899999999989	0.00535507479999999987
1.752	0.000403367899999999998	0.00533456290000000003
1.76000000000000001	0.0012560135	0.00525193939999999988
1.76800000000000002	0.0021140184999999998	0.00494629470000000019
1.77600000000000002	0.00287977740000000017	0.00453065799999999991
1.78400000000000003	0.00355606380000000021	0.00404052839999999996
1.79200000000000004	0.00418849019999999964	0.00334341169999999993
1.80000000000000004	0.00469574780000000039	0.00257483850000000004
1.80800000000000005	0.00507338380000000016	0.00179914320000000008
1.81600000000000006	0.00529048950000000039	0.000935856400000000021
1.82400000000000007	0.00536950179999999989	8.40360000000000065e-05
1.83200000000000007	0.0052914240000000003	-0.000811138599999999973
1.84000000000000008	0.00510177890000000026	-0.0016595742000000001
1.84800000000000009	0.00474302030000000024	-0.0024898161999999998
1.85600000000000009	0.00427086220000000034	-0.00322315120000000012
1.8640000000000001	0.00367491609999999989	-0.00390224629999999994
1.87200000000000011	0.00299661119999999979	-0.00446373620000000033
1.87999999999999989	0.00223218549999999998	-0.00488266359999999996
1.8879999999999999	0.00139067820000000008	-0.00517453210000000038
1.89599999999999991	0.000538305899999999972	-0.00533789120000000006
1.90399999999999991	-0.000336416600000000014	-0.00536150289999999963
1.91199999999999992	-0.00126071179999999992	-0.00519756070000000018
1.91999999999999993	-0.00209991300000000013	-0.00492089429999999998
1.92799999999999994	-0.00287746959999999989	-0.00455076199999999986
1.93599999999999994	-0.00358961770000000005	-0.00400458360000000013
1.94399999999999995	-0.0041437770000000004	-0.00334578859999999992
1.95199999999999996	-0.0046574753	-0.00262002610000000016
1.95999999999999996	-0.00503144340000000016	-0.00181623630000000004
1.96799999999999997	-0.0052420501000000003	-0.000941062800000000053
1.97599999999999998	-0.00535883980000000006	-0.000100350299999999994
1.98399999999999999	-0.00528794869999999959	0.000818795599999999971
1.99199999999999999	-0.00509776929999999993	0.00165156890000000005
2	-0.00471303930000000013	0.0024340904
2.00800000000000001	-0.0042615858999999999	0.00321859259999999993
2.01600000000000001	-0.00367492170000000007	0.0038454743999999999
2.02400000000000002	-0.00299537720000000009	0.00438902209999999984
2.03200000000000003	-0.00226876050000000004	0.00481199269999999998
2.04000000000000004	-0.00141089639999999994	0.00510739169999999999
2.04800000000000004	-0.000568481799999999969	0.00529135969999999962
2.05600000000000005	0.000327874999999999987	0.00530003959999999965
2.06400000000000006	0.00120024879999999995	0.0051597717000000003
2.07200000000000006	0.00202631359999999984	0.00488720760000000039
2.08000000000000007	0.00279092740000000004	0.00447832620000000042
2.08800000000000008	0.00349140810000000013	0.00399119760000000035
2.09600000000000009	0.00410117460000000017	0.00335083629999999993
2.10400000000000009	0.00461324590000000007	0.00262607350000000021
2.1120000000000001	0.00496869460000000027	0.00179734639999999993
2.12000000000000011	0.00519615569999999985	0.000963940499999999998
2.12800000000000011	0.00532261749999999971	0.000103555999999999996
2.13600000000000012	0.00521541450000000042	-0.000728165400000000047
2.14400000000000013	0.00506482540000000037	-0.0015810593
2.15200000000000014	0.00469256009999999973	-0.00238738640000000016
2.16000000000000014	0.00425116330000000018	-0.00315973369999999988
2.16800000000000015	0.00370360609999999995	-0.00380891770000000001
2.17600000000000016	0.00296305329999999988	-0.00437210419999999999
2.18400000000000016	0.0022376525999999999	-0.00476817009999999999
2.19200000000000017	0.00139437239999999998	-0.00510691840000000036
2.20000000000000018	0.000605099000000000001	-0.00522608390000000016
2.20800000000000018	-0.000276494600000000001	-0.00524992159999999961
2.21600000000000019	-0.00113978290000000008	-0.00515117619999999957
2.2240000000000002	-0.00198913759999999997	-0.00484869350000000001
2.23200000000000021	-0.00278492959999999999	-0.00446504139999999959
2.24000000000000021	-0.00346598170000000016	-0.0040004843999999996
2.24800000000000022	-0.00400279430000000016	-0.0033345289000000001
2.25599999999999978	-0.00455409029999999989	-0.00265179919999999989
2.26399999999999979	-0.00490380799999999995	-0.00187186589999999999
2.2719999999999998	-0.00514365610000000039	-0.00107830240000000009
2.2799999999999998	-0.00523541529999999988	-0.000170771599999999996
2.28799999999999981	-0.00517056180000000001	0.000649866600000000016
2.29599999999999982	-0.0050257727999999998	0.00152485719999999997
2.30399999999999983	-0.00466663510000000017	0.00234525030000000021
2.31199999999999983	-0.00429028559999999979	0.00312021410000000009
2.31999999999999984	-0.00367760790000000014	0.00371083560000000021
2.32799999999999985	-0.00300355350000000012	0.00431154639999999957
2.33599999999999985	-0.00231515679999999991	0.00472089150000000023
2.34399999999999986	-0.00146376930000000007	0.00505035700000000011
2.35199999999999987	-0.000649121300000000002	0.00520406609999999985
2.35999999999999988	0.000246259100000000009	0.00525858460000000038
2.36799999999999988	0.00109142510000000007	0.00516737800000000025
2.37599999999999989	0.00193663110000000011	0.00489851419999999971
2.3839999999999999	0.0027267665	0.0045203359999999998
2.3919999999999999	0.00341692560000000011	0.00400304879999999978
2.39999999999999991	0.00403980030000000018	0.00337830560000000005
2.40799999999999992	0.00452711540000000009	0.00273909910000000008
2.41599999999999993	0.00491989409999999978	0.00185619749999999992
2.42399999999999993	0.00517916920000000003	0.00104324959999999999
2.43199999999999994	0.00525735260000000006	0.00020488639999999999
2.43999999999999995	0.00520030700000000037	-0.000674182399999999978
2.44799999999999995	0.00502076230000000033	-0.00151344960000000003
2.45599999999999996	0.00472684709999999977	-0.00226893549999999987
2.46399999999999997	0.00424546850000000024	-0.00303322100000000001
2.47199999999999998	0.00371841360000000004	-0.00369552539999999999
2.47999999999999998	0.00303201930000000005	-0.00422250429999999986
2.48799999999999999	0.0023263632000000002	-0.00466367609999999988
2.496	0.0015227951	-0.00496462290000000001
2.504	0.000695050300000000002	-0.00513665669999999967
2.51200000000000001	-0.000182231700000000006	-0.00523133630000000016
2.52000000000000002	-0.00103147890000000004	-0.00510079829999999981
2.52800000000000002	-0.00181946389999999999	-0.00486310689999999973
2.53600000000000003	-0.00261367190000000001	-0.00456058140000000032
2.54400000000000004	-0.00334177770000000001	-0.00402831690000000041
2.55200000000000005	-0.00390896409999999962	-0.0034444807
2.56000000000000005	-0.00445947390000000013	-0.00272702919999999981
2.56800000000000006	-0.0048384070000000003	-0.0019564996000000002
2.57600000000000007	-0.00508357950000000013	-0.00114895259999999995
2.58400000000000007	-0.00520655670000000001	-0.000284187100000000015
2.59200000000000008	-0.00519678900000000027	0.000585607000000000033
2.60000000000000009	-0.00503971150000000027	0.00142020779999999999
2.6080000000000001	-0.00470431570000000038	0.00220332030000000003
2.6160000000000001	-0.00430797909999999958	0.0029316924000000002
2.62400000000000011	-0.00379512869999999985	0.00362492659999999987
2.63200000000000012	-0.0032116699000000002	0.0041649323000000002
2.64000000000000012	-0.00242828599999999999	0.00463997480000000011
2.64800000000000013	-0.00163519440000000011	0.00500249569999999984
2.65600000000000014	-0.000810521199999999988	0.00523348339999999985
2.66400000000000015	9.34240999999999989e-05	0.00531320660000000021
2.67200000000000015	0.00096083119999999995	0.00522811469999999966
2.68000000000000016	0.00181198909999999999	0.00502727469999999978
2.68800000000000017	0.00262388519999999991	0.00466654610000000018
2.69600000000000017	0.00336877630000000008	0.00411086979999999991
2.70400000000000018	0.00399407259999999976	0.00352655499999999979
2.71200000000000019	0.00451915850000000029	0.00279120970000000003
2.7200000000000002	0.00490967120000000007	0.00198775249999999992
2.7280000000000002	0.00524253220000000034	0.00113723699999999993
2.73600000000000021	0.00532173300000000037	0.000248463799999999984
2.74400000000000022	0.00527475120000000033	-0.000608160200000000019
2.75199999999999978	0.00510153950000000016	-0.00149657590000000008
2.75999999999999979	0.00474784339999999999	-0.00230077720000000001
2.76799999999999979	0.00429562750000000038	-0.00305952309999999979
2.7759999999999998	0.00371184990000000001	-0.00370889389999999987
2.78399999999999981	0.00306097010000000013	-0.00424749270000000009
2.79199999999999982	0.00235387419999999979	-0.00473067179999999993
2.79999999999999982	0.00155636920000000001	-0.00506070469999999988
2.80799999999999983	0.000666870900000000053	-0.00520397909999999967
2.81599999999999984	-0.00018184439999999999	-0.00529559509999999976
2.82399999999999984	-0.00104710580000000005	-0.0051828283999999997
2.83199999999999985	-0.00190806440000000003	-0.00488510279999999995
2.83999999999999986	-0.00267766370000000007	-0.00451685240000000016
2.84799999999999986	-0.00340371840000000016	-0.00402904610000000014
2.85599999999999987	-0.0039584672999999999	-0.00338573420000000012
2.86399999999999988	-0.00449145000000000013	-0.00270897960000000002
2.87199999999999989	-0.00484314060000000032	-0.00192705890000000003
2.87999999999999989	-0.00510299780000000001	-0.0010995785000000001
2.8879999999999999	-0.00518942760000000013	-0.000262553500000000013
2.89599999999999991	-0.00517936730000000036	0.00058746619999999999
2.90399999999999991	-0.00500358869999999959	0.00140493100000000011
2.91199999999999992	-0.00471675619999999997	0.00216851009999999983
2.91999999999999993	-0.00430380529999999963	0.00294955629999999998
2.92799999999999994	-0.00372304440000000014	0.00358613060000000008
2.93599999999999994	-0.00308642629999999986	0.0041812319000000004
2.94399999999999995	-0.00230222769999999981	0.00459203980000000029
2.95199999999999996	-0.00157941380000000005	0.00494345260000000029
2.95999999999999996	-0.000729512400000000005	0.00510626929999999975
2.96799999999999997	0.0001177641	0.00519513639999999964
2.97599999999999998	0.00100443629999999993	0.00507277430000000005
2.98399999999999999	0.00176506379999999993	0.00484828820000000014
2.99199999999999999	0.00255435940000000011	0.0045367526
3	0.00327924030000000021	0.0040314779999999998
3.00800000000000001	0.00391267890000000004	0.00345285609999999984
3.01600000000000001	0.00443430339999999982	0.00275724169999999992
3.02400000000000002	0.00479655859999999958	0.00197187699999999992
3.03200000000000003	0.00507192510000000017	0.00116125049999999991
3.04000000000000004	0.00519101910000000031	0.000320557800000000016
3.04800000000000004	0.0051595603000000002	-0.000535295500000000039
3.05600000000000005	0.00502921280000000019	-0.00140666829999999991
3.06400000000000006	0.00475990589999999991	-0.00220682280000000005
3.07200000000000006	0.00426035310000000018	-0.00293379720000000021
3.08000000000000007	0.00373171739999999998	-0.00359225430000000012
3.08800000000000008	0.00312041559999999985	-0.00415551299999999957
3.09600000000000009	0.00240277230000000017	-0.0045994110999999999
3.10400000000000009	0.00160107410000000011	-0.00494260280000000021
3.1120000000000001	0.000768490099999999962	-0.00512139139999999958
3.12000000000000011	-0.000111492999999999998	-0.00515415449999999994
3.12800000000000011	-0.00096624419999999996	-0.00506584159999999995
3.13600000000000012	-0.00174376819999999999	-0.00485350560000000035
3.14400000000000013	-0.00250425639999999998	-0.00450535450000000021
3.15200000000000014	-0.00322405280000000009	-0.00403131070000000043
3.16000000000000014	-0.00385398570000000011	-0.00344879330000000001
3.16800000000000015	-0.00432980060000000017	-0.00276295449999999993
3.17600000000000016	-0.00477474530000000005	-0.00204870469999999995
3.18400000000000016	-0.00503894169999999971	-0.00120178550000000009
3.19200000000000017	-0.00514703209999999977	-0.000409100900000000005
3.20000000000000018	-0.0051372652999999999	0.00049125929999999996
3.20800000000000018	-0.00496938920000000034	0.00133607140000000001
3.21600000000000019	-0.00471234970000000003	0.00212492819999999995
3.2240000000000002	-0.00430858529999999986	0.00290019270000000003
3.23200000000000021	-0.00378210800000000017	0.0035738940000000002
3.24000000000000021	-0.00313503910000000009	0.00410989709999999998
3.24800000000000022	-0.00242359049999999994	0.0045463925000000004
3.25599999999999978	-0.00162153819999999991	0.00492568889999999999
3.26399999999999979	-0.000792855299999999964	0.00512558560000000041
3.2719999999999998	0.000123471799999999999	0.0051747462000000001
3.2799999999999998	0.000967807499999999953	0.00507519280000000034
3.28799999999999981	0.00180620249999999998	0.0048486791999999999
3.29599999999999982	0.00251914930000000014	0.00446398650000000025
3.30399999999999983	0.00322347170000000013	0.00399086750000000011
3.31199999999999983	0.00384695739999999994	0.00340843449999999985
3.31999999999999984	0.00435230100000000026	0.0027291949000000002
3.32799999999999985	0.00471994999999999967	0.00198488120000000004
3.33599999999999985	0.0049410922999999999	0.0011884202
3.34399999999999986	0.00505931609999999993	0.000387749099999999984
3.35199999999999987	0.00507104180000000036	-0.000497420000000000045
3.35999999999999988	0.00494882310000000023	-0.0012725080000000001
3.36799999999999988	0.00463085810000000032	-0.00202044729999999997
3.37599999999999989	0.00421890939999999999	-0.00279868130000000001
3.3839999999999999	0.00374779379999999997	-0.00341811389999999984
3.3919999999999999	0.0031293686999999998	-0.00401213289999999972
3.39999999999999991	0.0024240173000000002	-0.0044839770000000001
3.40799999999999992	0.00162637679999999996	-0.00477141309999999999
3.41599999999999993	0.000854579900000000041	-0.00502266069999999978
3.42399999999999993	6.69803999999999999e-05	-0.00513393390000000012
3.43199999999999994	-0.000818916099999999971	-0.00503714929999999998
3.43999999999999995	-0.00163893859999999993	-0.00483952190000000015
3.44799999999999995	-0.00240143020000000004	-0.00452046830000000024
3.45599999999999996	-0.00311049839999999987	-0.00407322290000000035
3.46399999999999997	-0.00377785130000000014	-0.0035086077999999998
3.47199999999999998	-0.00430841390000000039	-0.00284038170000000013
3.47999999999999998	-0.00469335649999999983	-0.00212825660000000002
3.48799999999999999	-0.00496806259999999986	-0.00134619480000000005
3.496	-0.00518754450000000027	-0.000452629099999999999
3.504	-0.00510020549999999975	0.0003466702
3.51200000000000001	-0.00499047460000000016	0.00123998430000000007
3.52000000000000002	-0.00472064179999999965	0.0020092208999999998
3.52800000000000002	-0.00432761340000000026	0.00278091640000000017
3.53600000000000003	-0.00381257580000000018	0.00345672280000000002
3.54400000000000004	-0.00314852600000000002	0.00403017759999999958
3.55200000000000005	-0.00247187549999999985	0.00446187470000000003
3.56000000000000005	-0.00169930519999999998	0.0048281315
3.56800000000000006	-0.000905258499999999993	0.00505183630000000019
3.57600000000000007	-3.14737999999999967e-05	0.00509653699999999994
3.58400000000000007	0.00077867609999999999	0.00503196090000000013
3.59200000000000008	0.00158756650000000006	0.00482673279999999965
3.60000000000000009	0.00236298710000000002	0.00449568060000000037
3.6080000000000001	0.00309146460000000014	0.00408791690000000034
3.6160000000000001	0.00371988599999999994	0.00352866879999999983
3.62400000000000011	0.0042523099	0.00286081520000000013
3.63200000000000012	0.00465401860000000042	0.00215076980000000013
3.64000000000000012	0.0049632751000000001	0.00133652440000000009
3.64800000000000013	0.00511280219999999969	0.00050961569999999996
3.65600000000000014	0.00514956439999999984	-0.000325715499999999975
3.66400000000000015	0.0050090454000000003	-0.00116676600000000007
3.67200000000000015	0.0047661572999999997	-0.00200995899999999996
3.68000000000000016	0.00441077220000000037	-0.0027002418000000002
3.68800000000000017	0.00387226970000000004	-0.00339300470000000005
3.69600000000000017	0.00324841090000000006	-0.00399448930000000004
3.70400000000000018	0.00253495019999999986	-0.00454595499999999996
3.71200000000000019	0.00173405749999999996	-0.00482052009999999961
3.7200000000000002	0.000903220399999999962	-0.00505715080000000011
3.7280000000000002	6.96983999999999966e-05	-0.00518002779999999965
3.73600000000000021	-0.000780348799999999992	-0.0050909537000000003
3.74400000000000022	-0.0015962347	-0.00483265289999999965
3.75199999999999978	-0.00239588550000000011	-0.0045800894999999996
3.75999999999999979	-0.00312109369999999994	-0.00412036289999999968
3.76799999999999979	-0.00372471270000000005	-0.0035452916000000001
3.7759999999999998	-0.00426199610000000013	-0.00288226620000000015
3.78399999999999981	-0.00465949900000000011	-0.00211918959999999983
3.79199999999999982	-0.00492759939999999966	-0.00131140800000000002
3.79999999999999982	-0.00510154999999999983	-0.000514213600000000006
3.80799999999999983	-0.00511899079999999975	0.000342313600000000002
3.81599999999999984	-0.00493486069999999992	0.00115368840000000007
3.82399999999999984	-0.00474568489999999989	0.0019813039000000001
3.83199999999999985	-0.00430097680000000003	0.00270211279999999984
3.83999999999999986	-0.00383090609999999984	0.00337685610000000016
3.84799999999999986	-0.00324437359999999982	0.00393288299999999987
3.85599999999999987	-0.00251128789999999994	0.00441986969999999969
3.86399999999999988	-0.00175086420000000005	0.00479542849999999975
3.87199999999999989	-0.000997403700000000027	0.00505064009999999994
3.87999999999999989	-0.000134274899999999991	0.00511951970000000013
3.8879999999999999	0.000681200100000000004	0.00508103780000000033
3.89599999999999991	0.0015189394000000001	0.00490256370000000021
3.90399999999999991	0.00235746650000000007	0.00456758450000000014
3.91199999999999992	0.00307672909999999987	0.00414048200000000002
3.91999999999999993	0.0036982384000000001	0.00357000340000000011
3.92799999999999994	0.00423795990000000022	0.00289676180000000014
3.93599999999999994	0.00466938820000000008	0.00218574730000000014
3.94399999999999995	0.00491748399999999974	0.00135428799999999993
3.95199999999999996	0.00508173759999999957	0.000537980999999999984
3.95999999999999996	0.00510481749999999995	-0.000325823499999999995
3.96799999999999997	0.00499800380000000027	-0.00113697020000000002
3.97599999999999998	0.00473246609999999988	-0.00191542649999999997
3.98399999999999999	0.00436149520000000002	-0.00269544970000000017
3.99199999999999999	0.00383175770000000011	-0.00336782939999999984
4	0.00324523219999999987	-0.00395493200000000041
4.00800000000000001	0.00256790000000000013	-0.00441439180000000042
4.01600000000000001	0.0018177200000000001	-0.00479108050000000025
4.02400000000000002	0.000988223699999999901	-0.00498189089999999998
4.03200000000000003	0.000134467400000000013	-0.00508598330000000019
4.04000000000000004	-0.000682802499999999994	-0.00507115950000000017
4.04800000000000004	-0.00153981239999999991	-0.00483725279999999962
4.05600000000000005	-0.0022736824000000001	-0.00457018340000000037
4.06400000000000006	-0.00303330750000000001	-0.00408981289999999983
4.07200000000000006	-0.00362859490000000005	-0.00353420450000000016
4.08000000000000007	-0.00416386630000000011	-0.00290405089999999991
4.08800000000000008	-0.00457010990000000002	-0.00219564270000000006
4.09600000000000009	-0.00487937959999999987	-0.00141237919999999992
4.10400000000000009	-0.00506628740000000018	-0.000586740500000000045
4.1120000000000001	-0.00508150249999999963	0.0002339803
4.12000000000000011	-0.00497186479999999972	0.00103406880000000002
4.12800000000000011	-0.00477741780000000022	0.00187931300000000008
4.13600000000000012	-0.0043879365999999996	0.00261808390000000009
4.14400000000000013	-0.00388776559999999983	0.00332239699999999994
4.15200000000000014	-0.00328744820000000017	0.00392134779999999978
4.16000000000000014	-0.0026539001999999999	0.00441153449999999968
4.16800000000000015	-0.00188197249999999994	0.00476843960000000039
4.17600000000000016	-0.00106790409999999998	0.00503107550000000004
4.18400000000000016	-0.000239299100000000007	0.00510418100000000017
4.19200000000000017	0.000623577900000000032	0.0050982292000000002
4.20000000000000018	0.0014724079000000001	0.00488994400000000023
4.20800000000000018	0.00228694529999999997	0.00460449359999999964
4.21600000000000019	0.00300350000000000009	0.00419123770000000024
4.2240000000000002	0.00362273429999999995	0.00363746580000000016
4.23200000000000021	0.0041994815000000003	0.00297296669999999987
4.24000000000000021	0.0046119081000000001	0.00226341390000000002
4.24800000000000022	0.00493078280000000015	0.00151317620000000004
4.25600000000000023	0.00513843249999999981	0.000656868199999999973
4.26400000000000023	0.00513026119999999974	-0.000226617000000000002
4.27200000000000024	0.00502174379999999979	-0.00109794720000000001
4.28000000000000025	0.00478033590000000001	-0.00189467970000000005
4.28800000000000026	0.0044114556999999997	-0.00271082670000000019
4.29600000000000026	0.00389139380000000021	-0.00337773909999999986
4.30400000000000027	0.0033023989000000001	-0.00396276199999999988
4.31200000000000028	0.00261038509999999982	-0.00445688990000000021
4.32000000000000028	0.00184087409999999997	-0.00484828380000000038
4.32800000000000029	0.00101318419999999994	-0.00505553770000000038
4.3360000000000003	0.000156554600000000007	-0.00514885439999999972
4.34400000000000031	-0.000687394400000000054	-0.00509660109999999968
4.35200000000000031	-0.0015295679	-0.00491556639999999982
4.36000000000000032	-0.00232235139999999998	-0.00462469010000000035
4.36800000000000033	-0.00304871400000000011	-0.00417280820000000014
4.37600000000000033	-0.00365951369999999989	-0.00363751640000000006
4.38400000000000034	-0.00425037829999999964	-0.00289915939999999981
4.39200000000000035	-0.00465330889999999997	-0.00219131640000000015
4.40000000000000036	-0.00493690150000000022	-0.00136439659999999991
4.40800000000000036	-0.00509754249999999978	-0.000541600600000000034
4.41600000000000037	-0.00513575079999999996	0.000302492899999999999
4.42400000000000038	-0.00498835069999999971	0.0011500414
4.43200000000000038	-0.00470576030000000034	0.00196160900000000001
4.44000000000000039	-0.00431029770000000007	0.00273836239999999996
4.4480000000000004	-0.00382657380000000005	0.00338234590000000002
4.45600000000000041	-0.00321176059999999991	0.00394445669999999964
4.46400000000000041	-0.00252341559999999998	0.0044509377999999997
4.47200000000000042	-0.00171536030000000008	0.00474596870000000039
4.48000000000000043	-0.000918607700000000017	0.0049783809
4.48800000000000043	-0.0001042256	0.00505866749999999993
4.49600000000000044	0.000727829300000000035	0.00498937840000000018
4.50399999999999956	0.00155311430000000007	0.00477306300000000013
4.51199999999999957	0.00228948089999999986	0.00448324009999999992
4.51999999999999957	0.00302209019999999991	0.00403696659999999968
4.52799999999999958	0.00360299479999999983	0.00348698559999999994
4.53599999999999959	0.0041029717000000002	0.00283843409999999996
4.54399999999999959	0.0045138171999999999	0.00214354870000000013
4.5519999999999996	0.00476879249999999973	0.00135967259999999991
4.55999999999999961	0.00495249160000000004	0.000546798000000000032
4.56799999999999962	0.0050061391000000002	-0.000265558700000000016
4.57599999999999962	0.00483400730000000008	-0.00108808800000000008
4.58399999999999963	0.00461941410000000011	-0.00185127149999999999
4.59199999999999964	0.00421908769999999964	-0.00262765030000000014
4.59999999999999964	0.00380108839999999991	-0.00326179469999999996
4.60799999999999965	0.00319389260000000003	-0.00381673889999999995
4.61599999999999966	0.00249452859999999997	-0.00428044490000000031
4.62399999999999967	0.0017837548999999999	-0.00461509889999999964
4.63199999999999967	0.00100591640000000006	-0.00483818329999999991
4.63999999999999968	0.000213872899999999997	-0.00492556179999999958
4.64799999999999969	-0.000591374700000000001	-0.00491721919999999965
4.65599999999999969	-0.00139063899999999994	-0.00475223680000000023
4.6639999999999997	-0.00215940319999999991	-0.00447219549999999973
4.67199999999999971	-0.00286234669999999979	-0.00402742800000000043
4.67999999999999972	-0.00348086089999999999	-0.00352104550000000016
4.68799999999999972	-0.00401999150000000027	-0.00290464369999999996
4.69599999999999973	-0.00437177140000000013	-0.0022153174999999998
4.70399999999999974	-0.00468263020000000019	-0.00144206270000000005
4.71199999999999974	-0.00488459859999999975	-0.00064891069999999996
4.71999999999999975	-0.00487217359999999981	0.0001272546
4.72799999999999976	-0.00482112919999999959	0.000967317999999999997
4.73599999999999977	-0.0045808378000000002	0.00172242599999999999
4.74399999999999977	-0.00431648289999999983	0.00243113500000000007
4.75199999999999978	-0.0037887114999999999	0.00306966599999999997
4.75999999999999979	-0.00328073249999999992	0.00364582429999999987
4.76799999999999979	-0.00259920509999999987	0.00412082640000000031
4.7759999999999998	-0.00190216179999999993	0.00451011729999999979
4.78399999999999981	-0.00117106299999999997	0.00478444950000000025
4.79199999999999982	-0.000339661899999999981	0.00493199299999999997
4.79999999999999982	0.000498725899999999975	0.00490849270000000022
4.80799999999999983	0.00127109940000000006	0.00478853860000000037
4.81599999999999984	0.0020021561999999998	0.00451749759999999986
4.82399999999999984	0.00276064690000000015	0.00416044239999999958
4.83199999999999985	0.00337525590000000006	0.00361919619999999994
4.83999999999999986	0.00391828550000000025	0.00297467869999999994
4.84799999999999986	0.0043619564999999999	0.00231606420000000012
4.85599999999999987	0.00468621169999999983	0.00157145380000000006
4.86399999999999988	0.00490464509999999961	0.000765876599999999958
4.87199999999999989	0.00500646259999999992	-4.6774299999999997e-05
4.87999999999999989	0.00491050219999999982	-0.000836227499999999996
4.8879999999999999	0.00474740140000000019	-0.00165260519999999998
4.89599999999999991	0.0043674025	-0.00239668310000000018
4.90399999999999991	0.00389480470000000021	-0.00307619529999999999
4.91199999999999992	0.00333328520000000014	-0.00370588739999999986
4.91999999999999993	0.00267636859999999992	-0.00423118809999999991
4.92799999999999994	0.00197241410000000006	-0.00457524039999999965
4.93599999999999994	0.00122522930000000009	-0.00485140920000000017
4.94399999999999995	0.000371003899999999994	-0.00499742719999999967
4.95199999999999996	-0.000497422399999999996	-0.00498529560000000004
4.95999999999999996	-0.00125904560000000007	-0.00485393070000000003
4.96799999999999997	-0.00206658340000000001	-0.00458299310000000008
4.97599999999999998	-0.0027785192999999998	-0.00420618139999999995
4.98399999999999999	-0.00341497840000000007	-0.00363865750000000017
4.99199999999999999	-0.00396332590000000005	-0.0030366579000000002
5	-0.00438615390000000015	-0.00236192499999999996
5.00800000000000001	-0.00472472629999999994	-0.00162285969999999996
5.01600000000000001	-0.0049470486999999997	-0.00078281729999999999
5.02400000000000002	-0.00502111079999999991	2.18295000000000017e-05
5.03200000000000003	-0.00490523950000000021	0.000856450099999999954
5.04000000000000004	-0.00473557420000000028	0.00162174150000000006
5.04800000000000004	-0.00436323500000000003	0.00238523460000000017
5.05600000000000005	-0.0039055518	0.00310282540000000016
5.06400000000000006	-0.0033435241000000001	0.00370620980000000008
5.07200000000000006	-0.0026533822999999998	0.00418302770000000042
5.08000000000000007	-0.00194736129999999999	0.00457679799999999998
5.08800000000000008	-0.00118651949999999998	0.00486245380000000036
5.09600000000000009	-0.000367942300000000003	0.00498811449999999983
5.10400000000000009	0.000479044799999999978	0.00500865450000000014
5.1120000000000001	0.0012677074	0.00481171449999999966
5.12000000000000011	0.00205390379999999999	0.00456739549999999987
5.12800000000000011	0.00278890249999999996	0.00422443359999999987
5.13600000000000012	0.00343622450000000005	0.00360973720000000008
5.14400000000000013	0.00401542270000000007	0.00301491209999999983
5.15200000000000014	0.00444855809999999963	0.00232171789999999992
5.16000000000000014	0.00474178300000000028	0.00153548040000000001
5.16800000000000015	0.00492736890000000042	0.000789748800000000003
5.17600000000000016	0.00498874500000000016	-7.9026300000000006e-05
5.18400000000000016	0.00492065539999999961	-0.000886498899999999977
5.19200000000000017	0.00471327070000000011	-0.0016761247
5.20000000000000018	0.00434730769999999971	-0.00246200840000000004
5.20800000000000018	0.00390253729999999986	-0.00310428869999999999
5.21600000000000019	0.00328353419999999991	-0.00369600630000000005
5.2240000000000002	0.00266679170000000019	-0.00419210979999999969
5.23200000000000021	0.00195265840000000005	-0.00455416539999999991
5.24000000000000021	0.00118681780000000001	-0.00480701059999999979
5.24800000000000022	0.000395809000000000005	-0.00496301700000000012
5.25600000000000023	-0.000460616699999999977	-0.00491821049999999985
5.26400000000000023	-0.00122244970000000004	-0.0047757212999999998
5.27200000000000024	-0.00204268549999999998	-0.00453372259999999978
5.28000000000000025	-0.00267795610000000003	-0.00416087700000000033
5.28800000000000026	-0.00334181199999999999	-0.00366777029999999999
5.29600000000000026	-0.00386668540000000005	-0.00301769150000000003
5.30400000000000027	-0.0043187942	-0.0023852843000000002
5.31200000000000028	-0.00467238810000000001	-0.00163287689999999999
5.32000000000000028	-0.00488885939999999988	-0.000803765100000000047
5.32800000000000029	-0.00499006049999999989	-2.10562000000000001e-05
5.3360000000000003	-0.00489566330000000029	0.000793888899999999954
5.34400000000000031	-0.00472753929999999989	0.00156377009999999995
5.35200000000000031	-0.00433674319999999974	0.00233427529999999991
5.36000000000000032	-0.00394872300000000034	0.00301264579999999983
5.36800000000000033	-0.00339960069999999982	0.0036419267
5.37600000000000033	-0.00278416259999999995	0.00410992619999999993
5.38400000000000034	-0.00204812579999999987	0.00454587220000000035
5.39200000000000035	-0.00124975720000000006	0.00482233140000000015
5.40000000000000036	-0.000432248299999999979	0.00497870239999999992
5.40800000000000036	0.000397233700000000005	0.00501350940000000033
5.41600000000000037	0.00121266530000000003	0.00481087210000000036
5.42400000000000038	0.00199847420000000015	0.00455973409999999978
5.43200000000000038	0.0027126708999999998	0.00418874210000000011
5.44000000000000039	0.00336912929999999989	0.0036450444999999998
5.4480000000000004	0.00391212810000000043	0.00303241559999999988
5.45600000000000041	0.00435976300000000001	0.00231578540000000003
5.46400000000000041	0.00468663920000000032	0.0016056969999999999
5.47200000000000042	0.0049342313000000004	0.000776578599999999978
5.48000000000000043	0.00494999380000000003	-2.22680000000000001e-06
5.48800000000000043	0.00484754000000000001	-0.000823179900000000036
5.49600000000000044	0.00466432220000000033	-0.00161107060000000002
5.50399999999999956	0.00436181290000000037	-0.00233761609999999986
5.51199999999999957	0.00389668040000000016	-0.00300866389999999984
5.51999999999999957	0.00337504610000000007	-0.00356758629999999986
5.52799999999999958	0.0027221849000000002	-0.00409210140000000003
5.53599999999999959	0.00200621869999999996	-0.0044501892999999999
5.54399999999999959	0.00125590529999999997	-0.00473917250000000043
5.5519999999999996	0.000443797099999999986	-0.00489653940000000024
5.55999999999999961	-0.0003377853	-0.00492409999999999983
5.56799999999999962	-0.0011630983000000001	-0.00477645030000000033
5.57599999999999962	-0.00191405250000000002	-0.00450954079999999966
5.58399999999999963	-0.00263899080000000019	-0.00416316210000000023
5.59199999999999964	-0.0032875011	-0.00367272670000000009
5.59999999999999964	-0.00387275009999999992	-0.00308097699999999993
5.60799999999999965	-0.00429232070000000032	-0.00241259329999999987
5.61599999999999966	-0.00469430720000000006	-0.00169518350000000002
5.62399999999999967	-0.00483484770000000043	-0.00088586079999999998
5.63199999999999967	-0.0049326502999999999	-9.21581999999999946e-05
5.63999999999999968	-0.00489249000000000021	0.000785611299999999964
5.64799999999999969	-0.00466037429999999978	0.0015690210999999999
5.65599999999999969	-0.00438843510000000003	0.00226418390000000021
5.6639999999999997	-0.0039650982999999999	0.00297530730000000005
5.67199999999999971	-0.00338881899999999995	0.00358194179999999978
5.67999999999999972	-0.00277578860000000016	0.00411875849999999988
5.68799999999999972	-0.00208883279999999994	0.0044964460000000003
5.69599999999999973	-0.00132585480000000006	0.00476886490000000014
5.70399999999999974	-0.000484306500000000002	0.00490818990000000017
5.71199999999999974	0.000308998500000000006	0.00492570580000000011
5.71999999999999975	0.00114312570000000007	0.0048228428999999998
5.72799999999999976	0.0018828721000000001	0.00455221009999999971
5.73599999999999977	0.00256199490000000004	0.00418405690000000011
5.74399999999999977	0.00326670619999999993	0.00368506410000000008
5.75199999999999978	0.00382590980000000001	0.00309589829999999981
5.75999999999999979	0.00434605680000000032	0.0024038076999999998
5.76799999999999979	0.00465901970000000016	0.00172748280000000008
5.7759999999999998	0.00485162349999999996	0.000886573999999999999
5.78399999999999981	0.00494512770000000036	2.98023000000000009e-05
5.79199999999999982	0.00483479980000000014	-0.000721311700000000001
5.79999999999999982	0.00465852729999999965	-0.00155301770000000009
5.80799999999999983	0.0043688666999999997	-0.00229034020000000015
5.81599999999999984	0.0038687458000000001	-0.00295592050000000007
5.82399999999999984	0.00335586189999999979	-0.00355697479999999991
5.83199999999999985	0.00267161199999999986	-0.00404647300000000008
5.83999999999999986	0.00195388159999999996	-0.00438266219999999991
5.84799999999999986	0.00124321119999999999	-0.00468850230000000031
5.85599999999999987	0.000430495900000000013	-0.00484661480000000023
5.86399999999999988	-0.000316108099999999983	-0.00481965560000000015
5.87199999999999989	-0.00112477299999999992	-0.00470731899999999974
5.87999999999999989	-0.00188653410000000007	-0.00443767160000000001
5.8879999999999999	-0.00259047990000000001	-0.00408097250000000016
5.89599999999999991	-0.0032030158999999999	-0.00355233139999999985
5.90399999999999991	-0.00372517739999999979	-0.00298460040000000015
5.91199999999999992	-0.0041596389000000001	-0.00238055460000000021
5.91999999999999993	-0.00448096219999999986	-0.00164318139999999999
5.92799999999999994	-0.00468261170000000039	-0.000898531600000000035
5.93599999999999994	-0.00480628799999999971	-0.000131189899999999989
5.94399999999999995	-0.00471039690000000025	0.000676158600000000042
5.95199999999999996	-0.00457765389999999998	0.00140452960000000005
5.95999999999999996	-0.00426742489999999957	0.00217527999999999992
5.96799999999999997	-0.00385229680000000012	0.00285414320000000003
5.97599999999999998	-0.00336045719999999992	0.0034517924000000001
5.98399999999999999	-0.00273840569999999998	0.00393326399999999968
5.99199999999999999	-0.00209591820000000007	0.00435089449999999985
6	-0.0013249449999999999	0.00459081190000000007
6.00800000000000001	-0.000617224500000000047	0.00478542850000000016
6.01600000000000001	0.000218009699999999987	0.00483502279999999986
6.02400000000000002	0.000973881799999999956	0.00470399569999999968
6.03200000000000003	0.00174345199999999994	0.00447416099999999994
6.04000000000000004	0.00245033260000000015	0.00415733519999999992
6.04800000000000004	0.00308076530000000017	0.00370357380000000021
6.05600000000000005	0.00364956089999999992	0.0031103805
6.06400000000000006	0.00412386349999999992	0.00244828699999999995
6.07200000000000006	0.0044998258000000001	0.0017809601999999999
6.08000000000000007	0.00475881299999999976	0.00106248400000000004
6.08800000000000008	0.00480422720000000039	0.000273000199999999982
6.09600000000000009	0.00482996949999999967	-0.000565798900000000042
6.10400000000000009	0.00461154540000000002	-0.00133683429999999995
6.1120000000000001	0.00431276019999999975	-0.0020697710000000002
6.12000000000000011	0.00398754339999999978	-0.00274753559999999994
6.12800000000000011	0.00345585659999999998	-0.00341177360000000009
6.13600000000000012	0.00285483540000000015	-0.00388990430000000012
6.14400000000000013	0.00218174120000000013	-0.00429978489999999994
6.15200000000000014	0.00140782689999999992	-0.00462560599999999999
6.16000000000000014	0.000650674999999999973	-0.0048298932000000001
6.16800000000000015	-0.000130438699999999995	-0.00484724459999999989
6.17600000000000016	-0.00093342550000000005	-0.00475799049999999987
6.18400000000000016	-0.00171402050000000008	-0.00451326680000000043
6.19200000000000017	-0.00245625839999999993	-0.00417918379999999978
6.20000000000000018	-0.00313067170000000004	-0.00370751710000000005
6.20800000000000018	-0.00368618990000000018	-0.0031466456000000002
6.21600000000000019	-0.00418788810000000032	-0.00245830069999999987
6.2240000000000002	-0.00449936479999999989	-0.00174866600000000007
6.23200000000000021	-0.00474109329999999971	-0.000998886600000000032
6.24000000000000021	-0.00485938690000000013	-0.000179614500000000013
6.24800000000000022	-0.00484148680000000015	0.000611981500000000002
6.25600000000000023	-0.00460319800000000019	0.00137678629999999995
6.26400000000000023	-0.00435340669999999957	0.00210463079999999997
6.27200000000000024	-0.00394124619999999988	0.00280792429999999994
6.28000000000000025	-0.00342806069999999994	0.00338942789999999985
6.28800000000000026	-0.00282528830000000012	0.00392612450000000019
6.29600000000000026	-0.00214319510000000012	0.0043027654000000002
6.30400000000000027	-0.00143605550000000005	0.0045934560000000001
6.31200000000000028	-0.000662244200000000052	0.00471905360000000017
6.32000000000000028	0.000146883699999999991	0.00478329109999999988
6.32800000000000029	0.000921099800000000041	0.00467683860000000021
6.3360000000000003	0.00164981570000000003	0.0044445496000000001
6.34400000000000031	0.00240158030000000005	0.00411080579999999977
6.35200000000000031	0.00299236229999999982	0.00370417770000000014
6.36000000000000032	0.00354361629999999997	0.00318239880000000018
6.36800000000000033	0.00404166920000000041	0.00252837450000000007
6.37600000000000033	0.00443014340000000024	0.0018611233
6.38400000000000034	0.00468001780000000013	0.00112834590000000009
6.39200000000000035	0.0048047773000000002	0.00037450500000000002
6.40000000000000036	0.00480824809999999981	-0.00044005470000000002
6.40800000000000036	0.00470495769999999987	-0.00125654489999999994
6.41600000000000037	0.00440615090000000004	-0.00195017980000000007
6.42400000000000038	0.00404076210000000029	-0.0026918183
6.43200000000000038	0.00353299890000000017	-0.00331606640000000003
6.44000000000000039	0.00291278990000000014	-0.00388269639999999985
6.4480000000000004	0.00229585710000000014	-0.00424263259999999986
6.45600000000000041	0.00151381169999999991	-0.00461766170000000014
6.46400000000000041	0.000742978799999999989	-0.00478496819999999976
6.47200000000000042	-5.94607999999999983e-05	-0.00490607879999999975
6.48000000000000043	-0.00083559309999999996	-0.00479268980000000042
6.48800000000000043	-0.00161568010000000001	-0.00456636029999999988
6.49600000000000044	-0.00233327650000000018	-0.00423842909999999976
6.50399999999999956	-0.00306914640000000016	-0.00383395420000000016
6.51199999999999957	-0.00361391329999999995	-0.00329155740000000021
6.51999999999999957	-0.00416181009999999976	-0.00261967350000000005
6.52799999999999958	-0.0044835036	-0.00189356500000000005
6.53599999999999959	-0.00473234710000000006	-0.00113682829999999999
6.54399999999999959	-0.00487978839999999962	-0.000338442799999999998
6.5519999999999996	-0.00483479599999999971	0.000467828899999999975
6.55999999999999961	-0.00469721630000000025	0.00125081660000000007
6.56799999999999962	-0.0044530415000000002	0.00204072960000000001
6.57599999999999962	-0.00403218320000000002	0.00270723860000000004
6.58399999999999963	-0.00349727450000000004	0.00332516909999999982
6.59199999999999964	-0.00293318469999999994	0.0038996549000000001
6.59999999999999964	-0.00223772600000000021	0.00433500489999999981
6.60799999999999965	-0.00154252379999999991	0.0045936941999999998
6.61599999999999966	-0.000743416400000000027	0.0047786679000000002
6.62399999999999967	8.1768599999999995e-05	0.00483844150000000035
6.63199999999999967	0.000867871200000000054	0.00479681119999999985
6.63999999999999968	0.00163790719999999993	0.00461389279999999992
6.64799999999999969	0.0023561328999999998	0.00427317499999999972
6.65599999999999969	0.00305762120000000002	0.00379244269999999984
6.6639999999999997	0.0035993510000000002	0.00325871990000000007
6.67199999999999971	0.0040733970000000003	0.0026083908000000002
6.67999999999999972	0.0044382340999999997	0.00187997059999999989
6.68799999999999972	0.00466490519999999964	0.00116362189999999997
6.69599999999999973	0.00483613890000000012	0.000384054400000000021
6.70399999999999974	0.0047889381	-0.000456450699999999977
6.71199999999999974	0.00464793689999999995	-0.00121350100000000008
6.71999999999999975	0.00437238260000000038	-0.00198158400000000021
6.72799999999999976	0.00402356019999999988	-0.00270971850000000002
6.73599999999999977	0.00354764369999999987	-0.00323182840000000009
6.74399999999999977	0.00295232579999999984	-0.00383378279999999983
6.75199999999999978	0.00227917780000000013	-0.0042697856000000001
6.75999999999999979	0.00159401890000000009	-0.00461241109999999989
6.76799999999999979	0.000803519499999999997	-0.00478705329999999998
6.7759999999999998	-5.47500000000000052e-07	-0.00488753249999999972
6.78399999999999981	-0.000837376199999999987	-0.00478117359999999988
6.79199999999999982	-0.00160297640000000002	-0.00454468629999999971
6.79999999999999982	-0.00233776040000000006	-0.00425936690000000041
6.80799999999999983	-0.00295036719999999981	-0.00381531319999999993
6.81599999999999984	-0.00360043219999999983	-0.00329635450000000021
6.82399999999999984	-0.00411617010000000019	-0.00269322829999999987
6.83199999999999985	-0.00441807530000000014	-0.00197858250000000017
6.83999999999999986	-0.00468611009999999988	-0.00122054090000000008
6.84799999999999986	-0.00487177320000000032	-0.00041510290000000002
6.85599999999999987	-0.00485823909999999991	0.000391937799999999973
6.86399999999999988	-0.00472694279999999988	0.00122223600000000003
6.87199999999999989	-0.00449883189999999988	0.00194866039999999998
6.87999999999999989	-0.00408904709999999977	0.00262660649999999982
6.8879999999999999	-0.00361319290000000019	0.00325233279999999998
6.89599999999999991	-0.00299583719999999996	0.00383706689999999996
6.90399999999999991	-0.0024099624	0.00429610030000000028
6.91199999999999992	-0.00158223080000000006	0.00461736520000000008
6.91999999999999993	-0.000835038299999999963	0.00479891809999999971
6.92799999999999994	-6.82938000000000067e-05	0.00490104689999999992
6.93599999999999994	0.000799820000000000023	0.00478723490000000033
6.94399999999999995	0.00156791820000000003	0.00465954229999999969
6.95199999999999996	0.00234152319999999994	0.00431919640000000011
6.95999999999999996	0.00296301090000000017	0.00387697839999999981
6.96799999999999997	0.00355844920000000006	0.00333607300000000016
6.97599999999999998	0.00406085229999999988	0.00266634490000000005
6.98399999999999999	0.0044589343	0.00195873189999999989
6.99199999999999999	0.00470513170000000022	0.00121141080000000006
7	0.00488783370000000009	0.000384862900000000011
7.00800000000000001	0.00484246739999999974	-0.000400538799999999981
7.01600000000000001	0.00472036510000000027	-0.00120393309999999995
7.02400000000000002	0.00449840810000000021	-0.00196776919999999992
7.03200000000000003	0.00410932469999999994	-0.00267282620000000018
7.04000000000000004	0.00360659149999999987	-0.00328003760000000017
7.04800000000000004	0.00301136159999999993	-0.00383135649999999991
7.05600000000000005	0.00232499109999999981	-0.00426081009999999989
7.06400000000000006	0.00163688760000000005	-0.00457042000000000039
7.07200000000000006	0.000782006799999999968	-0.00479258969999999968
7.08000000000000007	4.24403000000000009e-05	-0.00486675550000000012
7.08800000000000008	-0.000791003200000000043	-0.00478145519999999963
7.09600000000000009	-0.00155520659999999994	-0.00458133230000000013
7.10400000000000009	-0.00230164870000000013	-0.00429851000000000018
7.1120000000000001	-0.00294486230000000002	-0.00385091210000000021
7.12000000000000011	-0.00348856320000000015	-0.00329149860000000011
7.12800000000000011	-0.00398188419999999984	-0.00265627020000000014
7.13600000000000012	-0.00439648299999999964	-0.00198897760000000005
7.14400000000000013	-0.00466851939999999958	-0.00122744640000000001
7.15200000000000014	-0.00482578739999999992	-0.000439991700000000004
7.16000000000000014	-0.00480055210000000007	0.000321544400000000024
7.16800000000000015	-0.00471607710000000041	0.00113006320000000001
7.17600000000000016	-0.00447844939999999993	0.00184276230000000006
7.18400000000000016	-0.00411580549999999989	0.00256624800000000014
7.19200000000000017	-0.00355931180000000017	0.00321227169999999985
7.20000000000000018	-0.00306630349999999999	0.00373840269999999985
7.20800000000000018	-0.00238075530000000013	0.00421601619999999958
7.21600000000000019	-0.00164020529999999993	0.00449293930000000015
7.2240000000000002	-0.00086057359999999999	0.00476775029999999996
7.23200000000000021	-4.80578999999999994e-05	0.00484895910000000038
7.24000000000000021	0.000699885099999999951	0.00477555710000000019
7.24800000000000022	0.00153298109999999992	0.00459508810000000024
7.25600000000000023	0.00220345239999999998	0.00430728659999999978
7.26400000000000023	0.00292832879999999985	0.00388226220000000011
7.27200000000000024	0.0035200590999999999	0.00333092259999999982
7.28000000000000025	0.00406143140000000003	0.00272096220000000001
7.28800000000000026	0.00438640039999999964	0.00202068479999999986
7.29600000000000026	0.00471186800000000013	0.00130193819999999995
7.30400000000000027	0.00487901099999999994	0.000474882700000000006
7.31200000000000028	0.00486737699999999999	-0.000326813600000000004
7.32000000000000028	0.00472146619999999975	-0.00112177539999999991
7.32800000000000029	0.0044707137000000001	-0.00190448960000000008
7.3360000000000003	0.00411188009999999965	-0.00259736060000000015
7.34400000000000031	0.00366274360000000019	-0.00324889020000000001
7.35200000000000031	0.00305956970000000007	-0.00382137579999999996
7.36000000000000032	0.00235343500000000008	-0.00426156529999999981
7.36800000000000033	0.00165985429999999999	-0.00459392550000000018
7.37600000000000033	0.000877900399999999954	-0.00475116699999999972
7.38400000000000034	1.55779999999999989e-05	-0.00484651560000000023
7.39200000000000035	-0.000756983700000000048	-0.00484213119999999959
7.40000000000000036	-0.00147071640000000009	-0.00463252650000000026
7.40800000000000036	-0.00224145940000000004	-0.00427920319999999972
7.41600000000000037	-0.00293341150000000009	-0.00383670720000000003
7.42400000000000038	-0.00349983500000000019	-0.00331989429999999999
7.43200000000000038	-0.00399940399999999981	-0.00270320909999999985
7.44000000000000039	-0.00438306280000000034	-0.00202140729999999991
7.4480000000000004	-0.00464801980000000003	-0.0012738726000000001
7.45600000000000041	-0.00484352409999999969	-0.000469161399999999977
7.46400000000000041	-0.00483519259999999965	0.000289769599999999984
7.47200000000000042	-0.00471909729999999989	0.00110105370000000008
7.48000000000000043	-0.0044921481999999997	0.0018624701
7.48800000000000043	-0.00408663999999999989	0.00255255850000000008
7.49600000000000044	-0.0036243855000000001	0.00317251749999999987
7.50399999999999956	-0.0030663311999999999	0.00374243919999999982
7.51199999999999957	-0.00243249480000000016	0.00418163550000000012
7.51999999999999957	-0.00165546820000000007	0.00455808889999999994
7.52799999999999958	-0.000911170199999999952	0.00473753070000000002
7.53599999999999959	-0.000151772500000000004	0.00485770160000000006
7.54399999999999959	0.000656339699999999946	0.00483759080000000039
7.5519999999999996	0.0014086394999999999	0.00463501240000000012
7.55999999999999961	0.00216787929999999983	0.00431670030000000024
7.56799999999999962	0.00283315839999999982	0.0039232920999999997
7.57599999999999962	0.00345748059999999996	0.00343142730000000002
7.58399999999999963	0.00401550609999999988	0.00276823650000000004
7.59199999999999964	0.00436249439999999988	0.00213505350000000021
7.59999999999999964	0.00467200329999999976	0.0013692124
7.60799999999999965	0.00483697150000000041	0.000539537100000000015
7.61599999999999966	0.00491781459999999972	-0.000251823199999999991
7.62399999999999967	0.00475515279999999974	-0.00106687759999999992
7.63199999999999967	0.00450555779999999972	-0.00180597799999999997
7.63999999999999968	0.00415836730000000016	-0.00252116039999999986
7.64799999999999969	0.00368678600000000006	-0.00318129129999999982
7.65599999999999969	0.00312614149999999999	-0.00379255969999999984
7.6639999999999997	0.0024174353	-0.00426221010000000025
7.67199999999999971	0.0016993214999999999	-0.00458223330000000033
7.67999999999999972	0.000932537100000000027	-0.00478705069999999996
7.68799999999999972	0.00015425359999999999	-0.00488434999999999998
7.69599999999999973	-0.00066928669999999997	-0.0048204106999999996
7.70399999999999974	-0.00146796519999999996	-0.00464957019999999964
7.71199999999999974	-0.00224422590000000017	-0.00435520679999999976
7.71999999999999975	-0.00292194380000000004	-0.00396159489999999958
7.72799999999999976	-0.00349776999999999987	-0.00341098120000000006
7.73599999999999977	-0.00399437039999999983	-0.0027611977000000002
7.74399999999999977	-0.0044101406999999997	-0.00205207619999999997
7.75199999999999978	-0.00473153650000000033	-0.00130685409999999991
7.75999999999999979	-0.00483079660000000025	-0.000516530900000000052
7.76799999999999979	-0.00487873920000000006	0.000296471799999999976
7.7759999999999998	-0.00476623880000000017	0.00106299049999999994
7.78399999999999981	-0.0045009602000000001	0.00181907300000000004
7.79199999999999982	-0.00418102700000000035	0.0025500703999999999
7.79999999999999982	-0.00371133209999999995	0.00320661200000000018
7.80799999999999983	-0.00312422449999999984	0.00375107849999999987
7.81599999999999984	-0.00245353500000000018	0.00422370469999999981
7.82399999999999984	-0.00177776309999999995	0.00454859649999999997
7.83199999999999985	-0.000978878600000000071	0.00478396260000000031
7.83999999999999986	-0.000169713299999999987	0.00492100410000000012
7.84799999999999986	0.00064330590000000003	0.00484211679999999988
7.85599999999999987	0.00145322060000000006	0.00467214780000000003
7.86399999999999988	0.00217539719999999999	0.00439022870000000016
7.87199999999999989	0.00289302079999999989	0.00392762429999999989
7.87999999999999989	0.00354623140000000009	0.00342867770000000001
7.8879999999999999	0.00401191489999999998	0.00279097809999999998
7.89599999999999991	0.00444630520000000029	0.00208208050000000021
7.90399999999999991	0.00472306810000000001	0.00133376780000000008
7.91199999999999992	0.0048882763999999997	0.000543159299999999975
7.91999999999999993	0.00491929290000000033	-0.000287877100000000002
7.92799999999999994	0.00478222469999999966	-0.00105033509999999993
7.93599999999999994	0.00456933320000000014	-0.00188026670000000003
7.94399999999999995	0.00420681730000000038	-0.0025923303
7.95199999999999996	0.00368926309999999995	-0.00324966270000000019
7.95999999999999996	0.00305864989999999996	-0.00381435939999999994
7.96799999999999997	0.0023915948000000002	-0.00424290080000000024
7.97599999999999998	0.00168742510000000003	-0.00456732960000000038
7.98399999999999999	0.000900141399999999947	-0.00482863920000000009
7.99199999999999999	0.000126659200000000009	-0.00487957810000000033
8	-0.000739036800000000046	-0.00476871219999999967
8.00799999999999912	-0.00149191379999999993	-0.00463150579999999958
8.01600000000000001	-0.00226553609999999989	-0.00429733700000000003
8.02399999999999913	-0.00293452930000000006	-0.0038660573000000001
8.03200000000000003	-0.00355813729999999995	-0.00335769830000000021
8.03999999999999915	-0.00402794979999999969	-0.00269740879999999994
8.04800000000000004	-0.00440464250000000002	-0.00204919939999999995
8.05599999999999916	-0.00470881909999999997	-0.00128877500000000003
8.06400000000000006	-0.00481759179999999981	-0.000515850400000000017
8.07199999999999918	-0.00483587530000000043	0.000267482100000000019
8.08000000000000007	-0.00472040819999999979	0.00109715209999999993
8.08799999999999919	-0.00448997740000000017	0.00189122870000000003
8.09600000000000009	-0.00410740810000000036	0.00262332329999999999
8.1039999999999992	-0.00361358509999999992	0.0032556693000000002
8.1120000000000001	-0.00302787279999999987	0.0037955094
8.11999999999999922	-0.00238024829999999984	0.00427432799999999998
8.12800000000000011	-0.00161246270000000008	0.00459090069999999999
8.13599999999999923	-0.000865708500000000034	0.00479821190000000002
8.14400000000000013	-3.47683999999999973e-05	0.00483709770000000008
8.15199999999999925	0.000747044899999999967	0.00479286030000000002
8.16000000000000014	0.00149732430000000007	0.00460931450000000038
8.16799999999999926	0.00223085560000000011	0.00428215200000000001
8.17600000000000016	0.00289079009999999989	0.00381259669999999993
8.18399999999999928	0.00350724020000000008	0.00328427439999999992
8.19200000000000017	0.00399365880000000003	0.00265256830000000022
8.19999999999999929	0.00438858350000000032	0.00199066319999999979
8.20800000000000018	0.00459263260000000034	0.00123936870000000005
8.2159999999999993	0.00476008089999999974	0.000445103800000000026
8.2240000000000002	0.00477235979999999973	-0.000279054200000000002
8.23199999999999932	0.00467373040000000021	-0.00104132440000000008
8.24000000000000021	0.00441344549999999995	-0.00182474109999999998
8.24799999999999933	0.00405141609999999999	-0.00246142330000000001
8.25600000000000023	0.00358376479999999997	-0.00310462399999999984
8.26399999999999935	0.00301995670000000009	-0.00365769609999999981
8.27200000000000024	0.00238493430000000011	-0.00411411080000000009
8.27999999999999936	0.0017039596000000001	-0.00443794279999999968
8.28800000000000026	0.000941564500000000048	-0.00465930300000000006
8.29599999999999937	0.000169610699999999992	-0.00480228340000000021
8.30400000000000027	-0.000599857800000000029	-0.0047691258000000002
8.31199999999999939	-0.00140075820000000006	-0.00460237330000000042
8.32000000000000028	-0.00209449439999999983	-0.00428257289999999999
8.3279999999999994	-0.00278439940000000004	-0.00389330870000000008
8.3360000000000003	-0.00342013219999999984	-0.00338627750000000021
8.34399999999999942	-0.0039425424000000004	-0.00282227260000000001
8.35200000000000031	-0.0043527339	-0.00210476700000000001
8.35999999999999943	-0.00466497540000000016	-0.0013734718999999999
8.36800000000000033	-0.00479267050000000035	-0.000565607700000000002
8.37599999999999945	-0.00480795639999999965	0.000230224199999999997
8.38400000000000034	-0.00469099900000000038	0.00102241209999999992
8.39199999999999946	-0.00451739229999999995	0.00182068469999999995
8.40000000000000036	-0.00416019639999999982	0.00249487919999999983
8.40799999999999947	-0.00366517179999999989	0.00318607800000000017
8.41600000000000037	-0.00311943210000000014	0.00368891750000000006
8.42399999999999949	-0.0024067041	0.00418823540000000036
8.43200000000000038	-0.00173528659999999993	0.0045318232999999996
8.4399999999999995	-0.00093655460000000002	0.0047132106
8.4480000000000004	-0.000163788900000000007	0.00481617019999999989
8.45599999999999952	0.00062599680000000003	0.00474048029999999971
8.46400000000000041	0.00138355230000000002	0.00461285600000000025
8.47199999999999953	0.00210768379999999979	0.00433169430000000018
8.48000000000000043	0.00279522649999999978	0.00388210330000000013
8.48799999999999955	0.0033884929999999998	0.00339592630000000017
8.49600000000000044	0.00394415220000000032	0.00282229210000000015
8.50399999999999956	0.00428354589999999959	0.00208029789999999992
8.51200000000000045	0.00458321360000000025	0.0013997084999999999
8.51999999999999957	0.00476519360000000024	0.000623405200000000013
8.52800000000000047	0.00482821789999999997	-0.000181315300000000002
8.53599999999999959	0.00473856959999999997	-0.000981174399999999941
8.54400000000000048	0.00453150699999999972	-0.00178207069999999999
8.5519999999999996	0.0041714326999999999	-0.00246938409999999985
8.5600000000000005	0.00373077260000000003	-0.00313585469999999979
8.56799999999999962	0.00316368399999999994	-0.00373366929999999989
8.57600000000000051	0.0025111157999999998	-0.0041809480999999999
8.58399999999999963	0.00169437199999999998	-0.00455787680000000004
8.59200000000000053	0.000951500299999999974	-0.00481298369999999965
8.59999999999999964	0.000147595099999999992	-0.00486869289999999986
8.60800000000000054	-0.000635928199999999974	-0.00487569890000000023
8.61599999999999966	-0.00143247800000000005	-0.00463485269999999987
8.62400000000000055	-0.00225323640000000018	-0.00428746849999999975
8.63199999999999967	-0.00285337059999999981	-0.0038839953
8.64000000000000057	-0.00349386890000000011	-0.0033512962999999998
8.64799999999999969	-0.00395473260000000007	-0.00269834130000000004
8.65600000000000058	-0.00434394179999999987	-0.00201627740000000005
8.6639999999999997	-0.00459381399999999988	-0.00128636779999999991
8.6720000000000006	-0.00474252269999999969	-0.000475939600000000026
8.67999999999999972	-0.00474756229999999998	0.000267501000000000013
8.68800000000000061	-0.00459558339999999958	0.00106335679999999995
8.69599999999999973	-0.00438176099999999964	0.00172701899999999999
8.70400000000000063	-0.00402558560000000013	0.00245695289999999997
8.71199999999999974	-0.00356164540000000014	0.00306289050000000014
8.72000000000000064	-0.00302265180000000017	0.00362612410000000013
8.72799999999999976	-0.00236158379999999984	0.00403890440000000042
8.73600000000000065	-0.00167552020000000007	0.00440970739999999983
8.74399999999999977	-0.000952978600000000038	0.00459586289999999991
8.75200000000000067	-0.000188852499999999995	0.00473964750000000021
8.75999999999999979	0.000573260499999999978	0.00472438009999999985
8.76800000000000068	0.00134592200000000005	0.00452518060000000038
8.7759999999999998	0.00210406469999999991	0.0043066891999999999
8.7840000000000007	0.00276658049999999999	0.0038580105
8.79199999999999982	0.00337801409999999996	0.00336244200000000021
8.80000000000000071	0.00388497240000000013	0.0028143742999999998
8.80799999999999983	0.00432303899999999987	0.00209599779999999989
8.81600000000000072	0.00456734969999999987	0.0013722471999999999
8.82399999999999984	0.00481003560000000004	0.000561757800000000024
8.83200000000000074	0.00475920770000000035	-0.000212209799999999989
8.83999999999999986	0.00467314300000000026	-0.00100745099999999992
8.84800000000000075	0.00444121919999999979	-0.00177714759999999996
8.85599999999999987	0.00410418990000000015	-0.00248388219999999982
8.86400000000000077	0.00362629389999999992	-0.00310739980000000011
8.87199999999999989	0.00306026229999999989	-0.00368728179999999999
8.88000000000000078	0.00237824949999999999	-0.00410328259999999997
8.8879999999999999	0.00165865169999999994	-0.00443889880000000042
8.8960000000000008	0.000890049099999999996	-0.00462987399999999997
8.90399999999999991	0.000119277899999999999	-0.00470758139999999988
8.91200000000000081	-0.00062773859999999996	-0.00459373300000000002
8.91999999999999993	-0.00135128789999999993	-0.00441242690000000042
8.92800000000000082	-0.00209968150000000011	-0.00415036599999999995
8.93599999999999994	-0.00272784599999999992	-0.00376433750000000015
8.94400000000000084	-0.00325277180000000006	-0.00323168149999999987
8.95199999999999996	-0.00377476379999999983	-0.00268896480000000012
8.96000000000000085	-0.00412112100000000016	-0.00203359329999999987
8.96799999999999997	-0.00435693540000000028	-0.00134118449999999999
8.97600000000000087	-0.00454062599999999986	-0.000591827999999999972
8.98399999999999999	-0.00461600670000000043	0.000137430700000000012
8.99200000000000088	-0.00454766910000000031	0.00089382909999999999
9	-0.00439869090000000011	0.00159814810000000001
