1	-0.000705376500000000025	-0.00325921720000000009
1.00800000000000001	-0.00128980309999999999	-0.00306081049999999992
1.01600000000000001	-0.00181681000000000008	-0.00291180180000000016
1.02400000000000002	-0.00230217920000000019	-0.00257847259999999983
1.03200000000000003	-0.00276303770000000011	-0.0021666455000000002
1.04000000000000004	-0.0031475416	-0.00163058949999999995
1.04800000000000004	-0.00342939329999999987	-0.000965794200000000031
1.05600000000000005	-0.00356338199999999992	-0.000300818899999999987
1.06400000000000006	-0.00356953000000000001	0.0004188331
1.07200000000000006	-0.00336849920000000013	0.00107174820000000004
1.08000000000000007	-0.00301724579999999984	0.00171795480000000011
1.08800000000000008	-0.0025894020999999998	0.00218820519999999999
1.09600000000000009	-0.00209473879999999991	0.00251938919999999998
1.10400000000000009	-0.00156013079999999991	0.00280328079999999985
1.1120000000000001	-0.00107444510000000008	0.00291395429999999995
1.12000000000000011	-0.000530115099999999982	0.00296241839999999979
1.12799999999999989	-8.40429000000000013e-05	0.00291655769999999998
1.1359999999999999	0.000385358600000000021	0.00291443889999999997
1.14399999999999991	0.000796380399999999989	0.00277632419999999979
1.15199999999999991	0.00117344439999999997	0.0025437760999999998
1.15999999999999992	0.00148031159999999998	0.00233530870000000015
1.16799999999999993	0.00187533569999999991	0.00203794549999999994
1.17599999999999993	0.00207619499999999986	0.00172057180000000001
1.18399999999999994	0.0023613359999999999	0.00137128990000000002
1.19199999999999995	0.00249396960000000016	0.000962939199999999964
1.19999999999999996	0.00262771029999999978	0.000587619300000000047
1.20799999999999996	0.00267216710000000007	0.000134069099999999987
1.21599999999999997	0.00263233560000000017	-0.000262071099999999985
1.22399999999999998	0.00258712430000000021	-0.000698928700000000049
1.23199999999999998	0.00239260570000000014	-0.00110063369999999997
1.23999999999999999	0.00220508759999999988	-0.00147161819999999991
1.248	0.00196213060000000007	-0.00174353810000000002
1.25600000000000001	0.00165119360000000001	-0.00205751639999999982
1.26400000000000001	0.00128012019999999989	-0.00223834130000000013
1.27200000000000002	0.00091476909999999999	-0.00248079829999999987
1.28000000000000003	0.000506765399999999978	-0.00257721540000000002
1.28800000000000003	9.80313999999999979e-05	-0.00262833170000000005
1.29600000000000004	-0.000295798899999999984	-0.00261573709999999996
1.30400000000000005	-0.000754517899999999995	-0.00252145579999999998
1.31200000000000006	-0.00111173749999999997	-0.00241174769999999991
1.32000000000000006	-0.00149119339999999995	-0.00221225769999999983
1.32800000000000007	-0.00183801860000000006	-0.00193758660000000003
1.33600000000000008	-0.00207470439999999983	-0.00163165240000000007
1.34400000000000008	-0.00230357260000000003	-0.00127156059999999991
1.35200000000000009	-0.00250971359999999999	-0.000884137700000000031
1.3600000000000001	-0.00268009839999999982	-0.000471264400000000021
1.3680000000000001	-0.00270227770000000013	-1.12337000000000005e-05
1.37599999999999989	-0.00267086959999999997	0.000404692599999999995
1.3839999999999999	-0.00263377640000000014	0.000841526199999999953
1.3919999999999999	-0.00239870589999999998	0.00127893759999999994
1.39999999999999991	-0.00214402290000000008	0.00164931309999999994
1.40799999999999992	-0.00188027380000000007	0.00199885609999999984
1.41599999999999993	-0.00151589689999999996	0.00230446670000000004
1.42399999999999993	-0.00116901799999999997	0.0024913035
1.43199999999999994	-0.000720697500000000023	0.00268073819999999985
1.43999999999999995	-0.000250989399999999993	0.00270808190000000008
1.44799999999999995	0.000270325699999999993	0.00273555330000000005
1.45599999999999996	0.000646736500000000031	0.00269465470000000012
1.46399999999999997	0.0010977653	0.00252292949999999988
1.47199999999999998	0.00150451199999999995	0.00227542559999999996
1.47999999999999998	0.00181933110000000002	0.00206828329999999986
1.48799999999999999	0.00215451179999999985	0.00169126720000000006
1.496	0.0023587399999999998	0.00134212419999999995
1.504	0.0025517589999999998	0.000916816800000000041
1.51200000000000001	0.00270312509999999983	0.000484128599999999998
1.52000000000000002	0.00271673049999999984	8.31349999999999926e-06
1.52800000000000002	0.00263418090000000016	-0.000427305000000000003
1.53600000000000003	0.00255781039999999991	-0.000841194100000000004
1.54400000000000004	0.00240253129999999995	-0.00127366020000000009
1.55200000000000005	0.00218023569999999979	-0.00164095860000000007
1.56000000000000005	0.0018636821	-0.00198257680000000006
1.56800000000000006	0.00150296380000000001	-0.00225624969999999991
1.57600000000000007	0.00117585059999999997	-0.00244673730000000015
1.58400000000000007	0.000722074099999999992	-0.00259020249999999995
1.59200000000000008	0.000329314900000000021	-0.00269689290000000009
1.60000000000000009	-0.000161704599999999997	-0.00270192059999999979
1.6080000000000001	-0.00060836989999999997	-0.00266693189999999986
1.6160000000000001	-0.00101985570000000009	-0.0025196299000000001
1.62400000000000011	-0.0014318388	-0.00228638340000000004
1.6319999999999999	-0.00176271499999999998	-0.00207018390000000005
1.6399999999999999	-0.0020549002999999998	-0.00171223740000000005
1.64799999999999991	-0.00239787269999999992	-0.0013522924999999999
1.65599999999999992	-0.00254068680000000017	-0.000988453200000000099
1.66399999999999992	-0.00264952100000000017	-0.000537586699999999967
1.67199999999999993	-0.00267775390000000004	-7.8104900000000005e-05
1.67999999999999994	-0.00271008890000000013	0.000291013899999999995
1.68799999999999994	-0.0025713559999999999	0.000790710799999999971
1.69599999999999995	-0.00243359860000000013	0.00122772149999999993
1.70399999999999996	-0.00218783780000000004	0.00161231999999999999
1.71199999999999997	-0.0019200046000000001	0.00188733759999999999
1.71999999999999997	-0.00154831559999999997	0.00219949039999999983
1.72799999999999998	-0.00119875119999999992	0.00246053899999999987
1.73599999999999999	-0.000731410099999999972	0.0025954884000000001
1.74399999999999999	-0.000320740199999999982	0.00270804880000000006
1.752	0.000141666999999999997	0.00270124770000000018
1.76000000000000001	0.000553306699999999959	0.00263681419999999998
1.76800000000000002	0.000973581200000000016	0.00252571890000000002
1.77600000000000002	0.00134939629999999999	0.00233352389999999998
1.78400000000000003	0.0017484988999999999	0.00209609729999999999
1.79200000000000004	0.00205545840000000016	0.00177069120000000009
1.80000000000000004	0.00231991809999999984	0.00139707960000000006
1.80800000000000005	0.00251122639999999979	0.00100153799999999995
1.81600000000000006	0.0026343346000000001	0.000616259599999999957
1.82400000000000007	0.00269268499999999978	0.000167487099999999998
1.83200000000000007	0.00268360530000000003	-0.000303036600000000005
1.84000000000000008	0.00258292919999999994	-0.000729955700000000035
1.84800000000000009	0.0024128858999999999	-0.00115110530000000003
1.85600000000000009	0.00222100099999999979	-0.0015321117999999999
1.8640000000000001	0.0019200561000000001	-0.00189320520000000009
1.87200000000000011	0.0016374454000000001	-0.00216919140000000014
1.87999999999999989	0.00122171910000000005	-0.00241691300000000013
1.8879999999999999	0.00080141969999999996	-0.00254468799999999981
1.89599999999999991	0.000399221399999999979	-0.00266342299999999983
1.90399999999999991	-5.84065999999999974e-05	-0.00267949299999999981
1.91199999999999992	-0.000506622599999999963	-0.00263089200000000013
1.91999999999999993	-0.000921470699999999993	-0.00253843269999999999
1.92799999999999994	-0.00135239489999999991	-0.00234771460000000008
1.93599999999999994	-0.00167213129999999998	-0.00209644829999999999
1.94399999999999995	-0.00201506889999999994	-0.00177055450000000009
1.95199999999999996	-0.00229025699999999997	-0.00142753580000000001
1.95999999999999996	-0.00246511570000000017	-0.0010221373000000001
1.96799999999999997	-0.00262360659999999989	-0.000601441400000000004
1.97599999999999998	-0.0026848302000000001	-0.00014975089999999999
1.98399999999999999	-0.00265730400000000009	0.000265301899999999995
1.99199999999999999	-0.0026405834999999999	0.000690158500000000023
2	-0.00244138139999999998	0.00110112399999999998
2.00800000000000001	-0.00219057159999999987	0.00152168659999999995
2.01600000000000001	-0.0019436061000000001	0.00184136539999999989
2.02400000000000002	-0.00163196049999999996	0.00215420460000000005
2.03200000000000003	-0.00125394330000000009	0.00239567830000000015
2.04000000000000004	-0.000837754700000000038	0.00252866730000000017
2.04800000000000004	-0.000415960400000000023	0.00261942840000000017
2.05600000000000005	-2.84367000000000017e-05	0.00268524380000000019
2.06400000000000006	0.000464725299999999974	0.00265031600000000022
2.07200000000000006	0.000870897000000000034	0.00249679599999999991
2.08000000000000007	0.00133501910000000004	0.00232009629999999989
2.08800000000000008	0.00164435139999999998	0.0021300300999999998
2.09600000000000009	0.00195352499999999979	0.00178114799999999998
2.10400000000000009	0.0022517622000000001	0.00147565879999999997
2.1120000000000001	0.00241055770000000004	0.00106238420000000005
2.12000000000000011	0.00261355459999999991	0.000665002000000000041
2.12800000000000011	0.00260296780000000014	0.000246584599999999984
2.13600000000000012	0.00263685260000000006	-0.000206081699999999989
2.14400000000000013	0.00257689620000000003	-0.000645943300000000054
2.15200000000000014	0.00244322249999999984	-0.00105748309999999994
2.16000000000000014	0.00226230790000000017	-0.00144564679999999992
2.16800000000000015	0.00196529549999999989	-0.00175748510000000007
2.17600000000000016	0.00166954559999999991	-0.00205540470000000006
2.18400000000000016	0.00129874929999999997	-0.00231461040000000007
2.19200000000000017	0.000915739300000000043	-0.00245488050000000017
2.20000000000000018	0.000454006399999999991	-0.00260002740000000012
2.20800000000000018	3.09296000000000028e-05	-0.00260623730000000007
2.21600000000000019	-0.000384534600000000003	-0.0026344074999999998
2.2240000000000002	-0.000840686899999999976	-0.00249814750000000021
2.23200000000000021	-0.00121154519999999992	-0.00234898530000000015
2.24000000000000021	-0.00157268529999999998	-0.00213011329999999999
2.24800000000000022	-0.00186530440000000006	-0.00183195689999999991
2.25599999999999978	-0.00219943199999999986	-0.00149271990000000008
2.26399999999999979	-0.00236684360000000019	-0.00116405970000000008
2.2719999999999998	-0.00254255890000000019	-0.00075273400000000002
2.2799999999999998	-0.00263184109999999982	-0.000338128299999999979
2.28799999999999981	-0.0026392767000000001	9.82250000000000023e-05
2.29599999999999982	-0.0025535788999999998	0.000516597300000000035
2.30399999999999983	-0.00244254390000000002	0.000954587499999999967
2.31199999999999983	-0.00222789559999999991	0.00136803789999999999
2.31999999999999984	-0.00201925830000000001	0.00162614669999999999
2.32799999999999985	-0.00177349020000000003	0.00198845480000000002
2.33599999999999985	-0.00137472880000000003	0.00223817279999999992
2.34399999999999986	-0.000993504600000000076	0.00241996949999999985
2.35199999999999987	-0.000573125900000000048	0.0025857619000000001
2.35999999999999988	-0.000176662599999999998	0.00261360129999999979
2.36799999999999988	0.000251711399999999977	0.0026265911999999998
2.37599999999999989	0.000682469799999999949	0.00253087559999999991
2.3839999999999999	0.00112863239999999999	0.00235541750000000001
2.3919999999999999	0.00147203099999999995	0.00220121239999999984
2.39999999999999991	0.00179973310000000001	0.00190594810000000001
2.40799999999999992	0.00206156459999999988	0.00162418159999999992
2.41599999999999993	0.00234258420000000005	0.00126949950000000006
2.42399999999999993	0.00249959529999999996	0.00084408689999999995
2.43199999999999994	0.0026210678999999998	0.000456805600000000003
2.43999999999999995	0.00267729740000000006	6.1239000000000001e-05
2.44799999999999995	0.00259665310000000002	-0.000387516199999999981
2.45599999999999996	0.00249667930000000001	-0.00080136249999999997
2.46399999999999997	0.00236523700000000007	-0.00119055149999999993
2.47199999999999998	0.00214966860000000018	-0.00154150750000000007
2.47999999999999998	0.00189380210000000002	-0.00188466419999999994
2.48799999999999999	0.00159052970000000005	-0.00216878070000000017
2.496	0.0012207139000000001	-0.00236662850000000013
2.504	0.000807230399999999955	-0.00256818309999999996
2.51200000000000001	0.000388297899999999994	-0.00267785889999999985
2.52000000000000002	2.88344999999999998e-05	-0.00272556380000000013
2.52800000000000002	-0.000448074999999999982	-0.0027020751
2.53600000000000003	-0.000890304099999999999	-0.00261524999999999995
2.54400000000000004	-0.00131223579999999998	-0.0024795812999999999
2.55200000000000005	-0.00172115450000000008	-0.00223487170000000006
2.56000000000000005	-0.00203461260000000008	-0.00199313049999999981
2.56800000000000006	-0.00239280920000000015	-0.00161955150000000006
2.57600000000000007	-0.00265495480000000001	-0.00123815699999999993
2.58400000000000007	-0.00289427759999999999	-0.000810109000000000046
2.59200000000000008	-0.00300957270000000009	-0.000341446399999999998
2.60000000000000009	-0.0030792024000000002	0.000180144199999999989
2.6080000000000001	-0.00307188849999999979	0.000773488000000000018
2.6160000000000001	-0.0029775079999999998	0.00128912360000000008
2.62400000000000011	-0.00271906480000000004	0.00183219080000000009
2.63200000000000012	-0.00232923419999999997	0.00237009030000000015
2.64000000000000012	-0.00185438420000000001	0.00272497059999999994
2.64800000000000013	-0.0012702512999999999	0.00297324090000000013
2.65600000000000014	-0.000787415299999999962	0.00314419639999999985
2.66400000000000015	-0.000247277099999999991	0.00326063589999999988
2.67200000000000015	0.000271234100000000006	0.00327286090000000014
2.68000000000000016	0.000899069999999999969	0.00318945420000000006
2.68800000000000017	0.00147625129999999992	0.00298238890000000019
2.69600000000000017	0.00199756289999999991	0.00264422890000000008
2.70400000000000018	0.0024231433000000001	0.00224111329999999997
2.71200000000000019	0.00276453960000000009	0.00177602880000000008
2.7200000000000002	0.00301618610000000016	0.00119605160000000005
2.7280000000000002	0.00310002939999999994	0.00066200899999999997
2.73600000000000021	0.00316499720000000019	0.000115241800000000005
2.74400000000000022	0.00310593179999999998	-0.000415590900000000006
2.75199999999999978	0.00294930470000000005	-0.0008972699
2.75999999999999979	0.00271909869999999989	-0.00141832549999999996
2.76799999999999979	0.00242853379999999992	-0.00181421490000000006
2.7759999999999998	0.00205699509999999986	-0.00213008529999999998
2.78399999999999981	0.00169234110000000002	-0.00244508809999999981
2.79199999999999982	0.00122562689999999993	-0.0026342713000000002
2.79999999999999982	0.000810290399999999997	-0.0028383547000000002
2.80799999999999983	0.000327169799999999986	-0.00287174970000000007
2.81599999999999984	-0.000126153600000000011	-0.00288616920000000013
2.82399999999999984	-0.000622351999999999953	-0.00279678520000000005
2.83199999999999985	-0.00110154679999999996	-0.00264867240000000006
2.83999999999999986	-0.00148217319999999989	-0.00238278969999999998
2.84799999999999986	-0.0018604041	-0.00212554879999999995
2.85599999999999987	-0.00216744650000000013	-0.00183124690000000001
2.86399999999999988	-0.00241802960000000013	-0.00143258620000000008
2.87199999999999989	-0.00258718849999999998	-0.000995232399999999894
2.87999999999999989	-0.0027530126000000002	-0.000566068999999999991
2.8879999999999999	-0.00277144000000000001	-0.000150134599999999997
2.89599999999999991	-0.00273855590000000003	0.000288941199999999984
2.90399999999999991	-0.00263700040000000016	0.000743455800000000018
2.91199999999999992	-0.00250126469999999981	0.00115553339999999996
2.91999999999999993	-0.00226009919999999986	0.00156013000000000007
2.92799999999999994	-0.00194698669999999996	0.00187321839999999998
2.93599999999999994	-0.00159935619999999998	0.00217784820000000009
2.94399999999999995	-0.00125830889999999996	0.0023838192000000002
2.95199999999999996	-0.000843700699999999984	0.00257665899999999981
2.95999999999999996	-0.000418481599999999995	0.00268477180000000013
2.96799999999999997	4.24781000000000025e-05	0.00270579800000000014
2.97599999999999998	0.000470039700000000026	0.00266701219999999992
2.98399999999999999	0.000882898199999999976	0.00255821739999999992
2.99199999999999999	0.00127297320000000001	0.00239439319999999994
3	0.00166421550000000009	0.0021184747000000002
3.00800000000000001	0.00201965759999999999	0.00184767669999999994
3.01600000000000001	0.00230076409999999988	0.00147307839999999998
3.02400000000000002	0.00247764159999999982	0.00112144210000000009
3.03200000000000003	0.00260878590000000006	0.000662270500000000021
3.04000000000000004	0.00271209879999999987	0.00025617089999999999
3.04800000000000004	0.00269261830000000002	-0.000229470400000000011
3.05600000000000005	0.00264249639999999996	-0.000680530200000000005
3.06400000000000006	0.00244885500000000022	-0.00107049350000000001
3.07200000000000006	0.00223331199999999988	-0.00146776299999999997
3.08000000000000007	0.00196531410000000016	-0.00178351159999999998
3.08800000000000008	0.00170180659999999992	-0.00209377329999999983
3.09600000000000009	0.00129057489999999993	-0.0023659582000000001
3.10400000000000009	0.000923878500000000001	-0.00256461610000000007
3.1120000000000001	0.000455244500000000002	-0.0026383079999999998
3.12000000000000011	6.04515000000000022e-05	-0.00268808440000000001
3.12800000000000011	-0.000372593700000000024	-0.00266482089999999991
3.13600000000000012	-0.000784771200000000039	-0.00257336840000000006
3.14400000000000013	-0.0011943921000000001	-0.0023602724999999998
3.15200000000000014	-0.00160111790000000008	-0.00213430829999999979
3.16000000000000014	-0.00187489790000000003	-0.00185361230000000003
3.16800000000000015	-0.00215742250000000016	-0.00152220429999999998
3.17600000000000016	-0.00237707610000000014	-0.00112787229999999992
3.18400000000000016	-0.0025780954	-0.000718830999999999962
3.19200000000000017	-0.00264643700000000018	-0.000283008000000000012
3.20000000000000018	-0.00266273499999999984	0.000128570799999999999
3.20800000000000018	-0.00260655369999999997	0.000517433100000000011
3.21600000000000019	-0.00249807210000000009	0.000947341500000000044
3.2240000000000002	-0.00229815559999999985	0.00138772529999999991
3.23200000000000021	-0.00202805520000000003	0.00174975270000000006
3.24000000000000021	-0.00170856989999999993	0.00203420769999999992
3.24800000000000022	-0.00137835049999999993	0.00230798759999999983
3.25599999999999978	-0.00102446390000000007	0.00248868709999999988
3.26399999999999979	-0.000550387200000000015	0.00263446869999999986
3.2719999999999998	-7.39790000000000044e-05	0.00267051500000000004
3.2799999999999998	0.000353638400000000006	0.00261921210000000014
3.28799999999999981	0.000778854000000000048	0.00256325280000000008
3.29599999999999982	0.00118274690000000002	0.00240312599999999979
3.30399999999999983	0.00156128650000000001	0.00215189609999999996
3.31199999999999983	0.00191158920000000006	0.00190985690000000001
3.31999999999999984	0.00214993499999999995	0.0015618056999999999
3.32799999999999985	0.00237393769999999981	0.00117678069999999991
3.33599999999999985	0.00253426109999999993	0.000790654599999999997
3.34399999999999986	0.00265413649999999982	0.000345045599999999975
3.35199999999999987	0.00267640029999999989	-8.97417000000000017e-05
3.35999999999999988	0.00257279360000000007	-0.000473230299999999988
3.36799999999999988	0.00248115920000000021	-0.000941935899999999954
3.37599999999999989	0.00225822680000000017	-0.00127406419999999995
3.3839999999999999	0.00206393399999999991	-0.00166732370000000009
3.3919999999999999	0.00177123579999999997	-0.00195039359999999991
3.39999999999999991	0.00139280250000000001	-0.00223800140000000002
3.40799999999999992	0.00101339339999999994	-0.00245754210000000009
3.41599999999999993	0.000583848400000000012	-0.00254692039999999996
3.42399999999999993	0.000162420899999999989	-0.00263786419999999982
3.43199999999999994	-0.000309533800000000021	-0.00263011149999999982
3.43999999999999995	-0.000661675400000000052	-0.00259808839999999984
3.44799999999999995	-0.00113308539999999996	-0.0024410816000000001
3.45599999999999996	-0.0014891024000000001	-0.00220513959999999983
3.46399999999999997	-0.00187346530000000004	-0.0019555986
3.47199999999999998	-0.00214132729999999983	-0.00158941599999999996
3.47999999999999998	-0.00235459569999999993	-0.00124431790000000008
3.48799999999999999	-0.00252992699999999996	-0.00081251540000000001
3.496	-0.00268885640000000002	-0.000392720599999999982
3.504	-0.00266698590000000006	7.21760000000000015e-06
3.51200000000000001	-0.00263086290000000018	0.000498583199999999994
3.52000000000000002	-0.00249018899999999986	0.000912816400000000024
3.52800000000000002	-0.00235413029999999995	0.00131627669999999993
3.53600000000000003	-0.00209430269999999995	0.00170393369999999995
3.54400000000000004	-0.0017743666999999999	0.00200527270000000002
3.55200000000000005	-0.00143950910000000009	0.00226914980000000009
3.56000000000000005	-0.00104254239999999995	0.00248197699999999979
3.56800000000000006	-0.000657452700000000015	0.00259176100000000015
3.57600000000000007	-0.000178876799999999988	0.00267640460000000005
3.58400000000000007	0.000252098100000000005	0.00261823650000000008
3.59200000000000008	0.000675104300000000041	0.00255740120000000001
3.60000000000000009	0.0011035655000000001	0.00242212310000000002
3.6080000000000001	0.0014592037999999999	0.00217603049999999998
3.6160000000000001	0.00183419940000000004	0.00193043059999999989
3.62400000000000011	0.00209177250000000016	0.00163583429999999996
3.63200000000000012	0.00229573789999999982	0.00128836189999999989
3.64000000000000012	0.00253923369999999992	0.000848712099999999981
3.64800000000000013	0.00262770260000000019	0.000421863300000000017
3.65600000000000014	0.00264754680000000003	2.29607999999999988e-05
3.66400000000000015	0.00262143870000000005	-0.000431616699999999977
3.67200000000000015	0.00254564040000000019	-0.00089663480000000005
3.68000000000000016	0.00237069119999999993	-0.0012697730999999999
3.68800000000000017	0.00213162369999999983	-0.00161162650000000007
3.69600000000000017	0.00186624129999999992	-0.00196000930000000007
3.70400000000000018	0.0014594419	-0.00225704510000000009
3.71200000000000019	0.00107332520000000004	-0.0024454244
3.7200000000000002	0.000666969599999999991	-0.00261340770000000012
3.7280000000000002	0.000204193199999999988	-0.00266393350000000001
3.73600000000000021	-0.000227075599999999991	-0.00263088060000000014
3.74400000000000022	-0.000673621400000000035	-0.00255902320000000018
3.75199999999999978	-0.00111012760000000002	-0.00241951329999999997
3.75999999999999979	-0.00144085429999999998	-0.00222468260000000017
3.76799999999999979	-0.00175974529999999994	-0.00198334160000000021
3.7759999999999998	-0.00212945510000000018	-0.00164600620000000006
3.78399999999999981	-0.00234384450000000005	-0.00124618699999999995
3.79199999999999982	-0.00253485450000000018	-0.000864857700000000039
3.79999999999999982	-0.00262539410000000011	-0.000430488900000000011
3.80799999999999983	-0.00265030359999999989	7.26409999999999962e-06
3.81599999999999984	-0.00263112909999999988	0.000417897499999999981
3.82399999999999984	-0.00253028529999999984	0.000856109699999999993
3.83199999999999985	-0.00236792710000000017	0.0012478414000000001
3.83999999999999986	-0.00212459040000000012	0.00162761070000000006
3.84799999999999986	-0.00183281840000000008	0.00192521599999999999
3.85599999999999987	-0.00146656379999999999	0.00220880920000000001
3.86399999999999988	-0.0010998847	0.00242400570000000015
3.87199999999999989	-0.000699446900000000034	0.00260249759999999983
3.87999999999999989	-0.000270088299999999973	0.00269634049999999993
3.8879999999999999	0.000201168399999999997	0.00265819849999999981
3.89599999999999991	0.000680152800000000004	0.00261037440000000008
3.90399999999999991	0.00107786249999999991	0.00246551850000000005
3.91199999999999992	0.00144460760000000008	0.00223997499999999995
3.91999999999999993	0.0018102871999999999	0.00201271670000000014
3.92799999999999994	0.0021101856999999999	0.00167715810000000002
3.93599999999999994	0.00238789799999999984	0.0013233953000000001
3.94399999999999995	0.00255440719999999993	0.000889557099999999947
3.95199999999999996	0.00265469800000000004	0.000438063700000000005
3.95999999999999996	0.00270073299999999987	-5.64869999999999981e-06
3.96799999999999997	0.0026877143	-0.000397542000000000023
3.97599999999999998	0.00257649899999999989	-0.000822003800000000026
3.98399999999999999	0.00236043189999999995	-0.00125013540000000001
3.99199999999999999	0.00212323889999999982	-0.00164122449999999989
4	0.00182983439999999994	-0.0019348061000000001
4.00800000000000001	0.00149009579999999993	-0.00219858859999999979
4.01600000000000001	0.00109489640000000007	-0.0024724501999999998
4.02400000000000002	0.00071323329999999996	-0.0025683377000000002
4.03200000000000003	0.000233732800000000006	-0.00267085200000000004
4.04000000000000004	-0.000218192900000000009	-0.0026534130999999999
4.04800000000000004	-0.000637062999999999996	-0.00259439649999999985
4.05600000000000005	-0.00103736710000000001	-0.00244632530000000016
4.06400000000000006	-0.00143884690000000001	-0.00225316699999999993
4.07200000000000006	-0.00177456449999999991	-0.00199600379999999994
4.08000000000000007	-0.00207732559999999986	-0.00166784719999999993
4.08800000000000008	-0.00237175949999999993	-0.00127725600000000005
4.09600000000000009	-0.0025389115999999998	-0.000876925299999999964
4.10400000000000009	-0.00266284280000000017	-0.000474922300000000012
4.1120000000000001	-0.00267770669999999999	-2.16315000000000012e-05
4.12000000000000011	-0.00267978520000000013	0.000409654500000000026
4.12800000000000011	-0.00259691119999999999	0.00088410050000000003
4.13600000000000012	-0.00242650299999999999	0.00130967540000000008
4.14400000000000013	-0.00214018169999999992	0.00167132900000000004
4.15200000000000014	-0.00184072420000000003	0.00200951989999999985
4.16000000000000014	-0.00146374479999999995	0.00228762590000000004
4.16800000000000015	-0.00106672319999999996	0.0025226707000000001
4.17600000000000016	-0.000674663000000000042	0.00264754060000000008
4.18400000000000016	-0.000214628099999999999	0.00272723819999999995
4.19200000000000017	0.000231278499999999998	0.00271391389999999996
4.20000000000000018	0.000733605400000000049	0.0026477193999999999
4.20800000000000018	0.0010991671000000001	0.00247122740000000002
4.21600000000000019	0.00151487129999999998	0.00224567339999999982
4.2240000000000002	0.0018870066999999999	0.0019465725000000001
4.23200000000000021	0.00218074040000000016	0.00163125760000000009
4.24000000000000021	0.00241582859999999984	0.00127585419999999995
4.24800000000000022	0.00261852530000000012	0.000838374900000000002
4.25600000000000023	0.00270796069999999995	0.000432150099999999994
4.26400000000000023	0.00275194430000000019	-9.91557999999999968e-05
4.27200000000000024	0.00269156020000000003	-0.000579050000000000007
4.28000000000000025	0.0025382483	-0.00103925879999999999
4.28800000000000026	0.0023015777000000002	-0.00143687510000000004
4.29600000000000026	0.00200464330000000007	-0.00176235080000000004
4.30400000000000027	0.00170168519999999994	-0.00208064300000000008
4.31200000000000028	0.00136839860000000004	-0.0023577533999999999
4.32000000000000028	0.00095593570000000001	-0.0025551917999999999
4.32800000000000029	0.000444281400000000012	-0.00267392809999999993
4.3360000000000003	1.33527000000000001e-05	-0.00270511699999999994
4.34400000000000031	-0.000461643900000000007	-0.00261195890000000003
4.35200000000000031	-0.000842611999999999962	-0.00250471779999999989
4.36000000000000032	-0.00127883829999999991	-0.0023272509999999998
4.36800000000000033	-0.00164238980000000001	-0.00204702469999999996
4.37600000000000033	-0.00193219219999999996	-0.00172215129999999999
4.38400000000000034	-0.00219964679999999982	-0.0013527674999999999
4.39200000000000035	-0.00236078720000000011	-0.000965348899999999969
4.40000000000000036	-0.0024592049999999999	-0.000565364600000000045
4.40800000000000036	-0.00247499779999999989	-0.000170955500000000013
4.41600000000000037	-0.00246863330000000013	0.000298831299999999993
4.42400000000000038	-0.00232917269999999982	0.000630945099999999977
4.43200000000000038	-0.00219857330000000021	0.00101484030000000003
4.44000000000000039	-0.00201111030000000008	0.00133063959999999998
4.4480000000000004	-0.00171556180000000005	0.00162981179999999995
4.45600000000000041	-0.00140209680000000008	0.00186722030000000005
4.46400000000000041	-0.0011279122999999999	0.0020740012999999999
4.47200000000000042	-0.000780683000000000006	0.00220520550000000018
4.48000000000000043	-0.000423179199999999995	0.00226072570000000013
4.48800000000000043	-7.82118999999999957e-05	0.0022844228000000002
4.49600000000000044	0.000301172599999999983	0.00225462610000000006
4.50399999999999956	0.000704402900000000005	0.00220528040000000014
4.51199999999999957	0.00102983619999999997	0.00203981199999999979
4.51999999999999957	0.00127145389999999995	0.0018396641
4.52799999999999958	0.00157886570000000006	0.00162401819999999993
4.53599999999999959	0.00179906800000000002	0.00133952050000000003
4.54399999999999959	0.00200114870000000014	0.00104288439999999992
4.5519999999999996	0.00210125440000000002	0.000690072899999999998
4.55999999999999961	0.00218873690000000003	0.000367758199999999999
4.56799999999999962	0.00222835540000000014	-1.63476999999999994e-05
4.57599999999999962	0.00219576900000000019	-0.00038759580000000002
4.58399999999999963	0.00213801349999999998	-0.000685142300000000015
4.59199999999999964	0.00193734770000000009	-0.00103573339999999997
4.59999999999999964	0.00178776520000000004	-0.00133775759999999995
4.60799999999999965	0.00152160329999999995	-0.00157562999999999996
4.61599999999999966	0.0012738122000000001	-0.0018204451
4.62399999999999967	0.000944504100000000016	-0.00200385210000000001
4.63199999999999967	0.000640095600000000018	-0.00208382719999999997
4.63999999999999968	0.000257068899999999981	-0.00218516860000000012
4.64799999999999969	-9.59444999999999959e-05	-0.00218587479999999982
4.65599999999999969	-0.000402810100000000008	-0.00212301299999999998
4.6639999999999997	-0.000753799700000000006	-0.00203194560000000005
4.67199999999999971	-0.00104414809999999999	-0.00190961179999999992
4.67999999999999972	-0.00131638900000000006	-0.00170453069999999991
4.68799999999999972	-0.00152464729999999995	-0.00145649709999999999
4.69599999999999973	-0.00175102479999999995	-0.00121849440000000001
4.70399999999999974	-0.00193483629999999999	-0.000941777700000000001
4.71199999999999974	-0.00201694849999999992	-0.000624418800000000013
4.71999999999999975	-0.0020844886	-0.0003013623
4.72799999999999976	-0.00214474530000000009	-1.28261000000000007e-05
4.73599999999999977	-0.00215444479999999999	0.000297762300000000021
4.74399999999999977	-0.0021413325999999999	0.000647639200000000052
4.75199999999999978	-0.00196174199999999983	0.000978623700000000101
4.75999999999999979	-0.00184559650000000008	0.0013225941000000001
4.76799999999999979	-0.00163021210000000006	0.0016036545000000001
4.7759999999999998	-0.00139352810000000003	0.00189645429999999999
4.78399999999999981	-0.00105181260000000005	0.00210453149999999993
4.79199999999999982	-0.000724257200000000029	0.0022341965000000001
4.79999999999999982	-0.000309477200000000019	0.00237164050000000012
4.80799999999999983	5.45786999999999997e-05	0.00243064759999999996
4.81599999999999984	0.000469979400000000009	0.0024157953999999998
4.82399999999999984	0.00089971319999999997	0.00235004990000000019
4.83199999999999985	0.00126154710000000005	0.00217193100000000021
4.83999999999999986	0.0016079833	0.00193652379999999995
4.84799999999999986	0.00197705419999999986	0.00168658840000000007
4.85599999999999987	0.00223670550000000003	0.00132438559999999996
4.86399999999999988	0.00242513260000000019	0.000909860399999999994
4.87199999999999989	0.00257178410000000017	0.000502979399999999998
4.87999999999999989	0.00265954539999999984	-8.02810000000000027e-06
4.8879999999999999	0.00261007800000000005	-0.000429902500000000026
4.89599999999999991	0.0024985328000000002	-0.000862984799999999964
4.90399999999999991	0.00232135350000000013	-0.00126647780000000007
4.91199999999999992	0.00207296640000000001	-0.00159321089999999994
4.91999999999999993	0.00181133940000000005	-0.00193826729999999991
4.92799999999999994	0.00137628509999999991	-0.00223119540000000019
4.93599999999999994	0.0010096781	-0.00244395730000000018
4.94399999999999995	0.000634764599999999997	-0.0025922543000000001
4.95199999999999996	0.000176760000000000008	-0.00270704270000000002
4.95999999999999996	-0.000330426499999999991	-0.00269576819999999993
4.96799999999999997	-0.000785770800000000036	-0.00254507639999999999
4.97599999999999998	-0.00120643209999999994	-0.00240083410000000016
4.98399999999999999	-0.00161331990000000008	-0.0021670283999999998
4.99199999999999999	-0.00188976570000000009	-0.00186005850000000011
5	-0.002202739	-0.00150680879999999994
5.00800000000000001	-0.00241627139999999992	-0.00112068600000000008
5.01600000000000001	-0.00254288800000000009	-0.000697813000000000036
5.02400000000000002	-0.00263180419999999981	-0.000243221499999999989
5.03200000000000003	-0.00262309990000000014	0.000148564999999999998
5.04000000000000004	-0.00256450920000000004	0.000570515399999999982
5.04800000000000004	-0.00242443390000000002	0.0010442219
5.05600000000000005	-0.00223191439999999991	0.00138411039999999995
5.06400000000000006	-0.00188713969999999994	0.0017410844999999999
5.07200000000000006	-0.00160984850000000005	0.00202883969999999997
5.08000000000000007	-0.00123293589999999998	0.00227313519999999998
5.08800000000000008	-0.000863879700000000036	0.00249463799999999998
5.09600000000000009	-0.000414146899999999984	0.00257274000000000001
5.10400000000000009	4.81058000000000028e-05	0.00258105169999999981
5.1120000000000001	0.000420621700000000005	0.0025463673
5.12000000000000011	0.000870472800000000012	0.00243019839999999987
5.12800000000000011	0.00125818770000000004	0.00228012089999999994
5.13600000000000012	0.00159654710000000006	0.00202753650000000009
5.14400000000000013	0.0019115518000000001	0.00171318540000000002
5.15200000000000014	0.00215919579999999988	0.00135967259999999991
5.16000000000000014	0.00235874399999999986	0.00100424960000000001
5.16800000000000015	0.00251529989999999979	0.000602990800000000027
5.17600000000000016	0.0025447769000000002	0.000193493700000000007
5.18400000000000016	0.00255362989999999984	-0.000230273900000000004
5.19200000000000017	0.00247037219999999983	-0.000686607299999999988
5.20000000000000018	0.0023488837000000002	-0.00106414539999999998
5.20800000000000018	0.00209071089999999984	-0.00144763610000000001
5.21600000000000019	0.00182538370000000011	-0.00177228280000000008
5.2240000000000002	0.00153230560000000007	-0.00201049360000000012
5.23200000000000021	0.00113933549999999995	-0.00226916169999999981
5.24000000000000021	0.000734631799999999969	-0.00239362400000000001
5.24800000000000022	0.000337856900000000021	-0.00247815610000000006
5.25600000000000023	-8.06557999999999944e-05	-0.00253010989999999988
5.26400000000000023	-0.000509283499999999977	-0.00241586179999999989
5.27200000000000024	-0.000874704799999999967	-0.00232456289999999994
5.28000000000000025	-0.00123572900000000008	-0.00212647329999999992
5.28800000000000026	-0.00157228199999999993	-0.00185714619999999991
5.29600000000000026	-0.00188146990000000007	-0.00156893380000000006
5.30400000000000027	-0.00208222579999999989	-0.00128859599999999993
5.31200000000000028	-0.00227944870000000013	-0.000942461499999999969
5.32000000000000028	-0.00237140349999999996	-0.000499009799999999967
5.32800000000000029	-0.00238787669999999995	-0.000105542200000000001
5.3360000000000003	-0.00237309650000000006	0.000249310799999999985
5.34400000000000031	-0.00225548190000000003	0.000644287400000000034
5.35200000000000031	-0.0021640963	0.00100750329999999997
5.36000000000000032	-0.00190635099999999992	0.0013301814999999999
5.36800000000000033	-0.00172369230000000008	0.00165995349999999999
5.37600000000000033	-0.00142808759999999996	0.0018779065000000001
5.38400000000000034	-0.00106354010000000001	0.00207051279999999989
5.39200000000000035	-0.000714308299999999972	0.00221657819999999993
5.40000000000000036	-0.000348650700000000013	0.00233199009999999997
5.40800000000000036	8.92700000000000046e-07	0.00231207529999999991
5.41600000000000037	0.000391144000000000008	0.00232907639999999994
5.42400000000000038	0.000745600799999999965	0.00220549900000000009
5.43200000000000038	0.00109866010000000004	0.00204733450000000022
5.44000000000000039	0.00146468279999999998	0.00183119610000000003
5.4480000000000004	0.00169216960000000008	0.00158529999999999999
5.45600000000000041	0.00195061650000000002	0.00129748020000000001
5.46400000000000041	0.00213050910000000008	0.000930569199999999974
5.47200000000000042	0.00225347069999999984	0.000556501300000000038
5.48000000000000043	0.00233008739999999992	0.000199569199999999987
5.48800000000000043	0.00231486429999999991	-0.000185145900000000012
5.49600000000000044	0.00226341020000000006	-0.000516872699999999948
5.50399999999999956	0.00213894970000000004	-0.000869283199999999951
5.51199999999999957	0.00194412309999999989	-0.00122291809999999996
5.51999999999999957	0.00174329109999999993	-0.00157909020000000008
5.52799999999999958	0.0014853237	-0.00183582740000000008
5.53599999999999959	0.00117503940000000004	-0.0020172571000000002
5.54399999999999959	0.00079505859999999995	-0.00216603059999999998
5.5519999999999996	0.000454107999999999996	-0.00226473410000000005
5.55999999999999961	0.000103163400000000002	-0.00230691319999999991
5.56799999999999962	-0.000307411800000000003	-0.00230543679999999996
5.57599999999999962	-0.000682200499999999948	-0.00213032870000000015
5.58399999999999963	-0.00104858579999999994	-0.00207367959999999992
5.59199999999999964	-0.00137293079999999991	-0.00185738310000000003
5.59999999999999964	-0.00164381899999999992	-0.00163728300000000001
5.60799999999999965	-0.00188721859999999996	-0.00129920889999999992
5.61599999999999966	-0.00206747670000000019	-0.00097820950000000002
5.62399999999999967	-0.00221564059999999983	-0.000637939300000000013
5.63199999999999967	-0.00227004559999999982	-0.000267853300000000019
5.63999999999999968	-0.00232595730000000013	0.000125079
5.64799999999999969	-0.0022454679	0.000518867199999999964
5.65599999999999969	-0.00214464159999999985	0.000879056900000000003
5.6639999999999997	-0.00198017600000000016	0.00118018019999999993
5.67199999999999971	-0.00171654519999999994	0.00146728149999999992
5.67999999999999972	-0.00147912429999999995	0.00175250860000000005
5.68799999999999972	-0.00111816299999999993	0.00196703080000000009
5.69599999999999973	-0.000771020999999999989	0.00211298900000000001
5.70399999999999974	-0.000451953099999999981	0.00224748819999999981
5.71199999999999974	-4.04925999999999992e-05	0.00223709120000000015
5.71999999999999975	0.000316799499999999995	0.00219969220000000012
5.72799999999999976	0.000673415899999999998	0.0021515849000000001
5.73599999999999977	0.00104142189999999993	0.00196587610000000012
5.74399999999999977	0.00131476560000000006	0.00177521490000000009
5.75199999999999978	0.0015625337999999999	0.00151175570000000007
5.75999999999999979	0.00176927959999999989	0.00124389979999999997
5.76799999999999979	0.0019635586	0.000924167399999999964
5.7759999999999998	0.00204781819999999993	0.000583537999999999982
5.78399999999999981	0.00209811649999999987	0.000210219700000000009
5.79199999999999982	0.00213310189999999997	-7.08361999999999978e-05
5.79999999999999982	0.0020654963000000001	-0.000423656500000000019
5.80799999999999983	0.00193813139999999997	-0.000754802200000000015
5.81599999999999984	0.00179900080000000009	-0.00100251969999999991
5.82399999999999984	0.0016127591000000001	-0.00127899440000000001
5.83199999999999985	0.00134575449999999996	-0.00153916750000000009
5.83999999999999986	0.0011115299999999999	-0.00167386219999999999
5.84799999999999986	0.000850265599999999993	-0.00187537300000000006
5.85599999999999987	0.000520671899999999984	-0.00193975890000000007
5.86399999999999988	0.000240437699999999997	-0.00199040769999999983
5.87199999999999989	-7.70750999999999967e-05	-0.00195709470000000017
5.87999999999999989	-0.000350986000000000017	-0.00193254759999999994
5.8879999999999999	-0.000698357900000000018	-0.00188096620000000004
5.89599999999999991	-0.000928307500000000022	-0.00174166199999999994
5.90399999999999991	-0.00123120510000000001	-0.00164207989999999994
5.91199999999999992	-0.00147328730000000009	-0.00142066650000000007
5.91999999999999993	-0.00170849190000000001	-0.0011551771000000001
5.92799999999999994	-0.00184261449999999997	-0.000907677900000000053
5.93599999999999994	-0.00196986759999999992	-0.000618215599999999963
5.94399999999999995	-0.00206827010000000013	-0.000293105200000000007
5.95199999999999996	-0.00210399329999999985	2.93613999999999998e-05
5.95999999999999996	-0.00203495789999999987	0.000391363700000000008
5.96799999999999997	-0.00197731769999999994	0.000736653899999999964
5.97599999999999998	-0.00183828880000000004	0.00101500180000000002
5.98399999999999999	-0.00165011619999999993	0.00130501979999999998
5.99199999999999999	-0.00148738910000000002	0.00160195210000000005
6	-0.00116512749999999991	0.00183373559999999995
6.00800000000000001	-0.000885464599999999965	0.00198503489999999998
6.01600000000000001	-0.000483346299999999997	0.0021460311000000001
6.02400000000000002	-0.000219297399999999999	0.0022061314999999998
6.03200000000000003	0.000207262100000000002	0.00218480470000000006
6.04000000000000004	0.000551313199999999958	0.00212952389999999979
6.04800000000000004	0.000918237199999999984	0.00205480090000000016
6.05600000000000005	0.00121278890000000011	0.00188978939999999993
6.06400000000000006	0.0015223757000000001	0.0016493364999999999
6.07200000000000006	0.0017833701999999999	0.00136762030000000005
6.08000000000000007	0.00200104670000000005	0.0011117169000000001
6.08800000000000008	0.00217227560000000019	0.000686672399999999961
6.09600000000000009	0.00226680629999999978	0.000345708000000000018
6.10400000000000009	0.0022718498000000001	-4.51210999999999973e-05
6.1120000000000001	0.00225770290000000019	-0.000421828199999999974
6.12000000000000011	0.00217698009999999983	-0.000766487900000000031
6.12800000000000011	0.00201314150000000015	-0.0010979656
6.13600000000000012	0.00179776169999999996	-0.00139893830000000006
6.14400000000000013	0.00155684300000000003	-0.00166044700000000001
6.15200000000000014	0.00130871450000000005	-0.00190320659999999994
6.16000000000000014	0.000950285999999999948	-0.00211173589999999987
6.16800000000000015	0.000571897099999999956	-0.002205659
6.17600000000000016	0.000201741399999999993	-0.00226350749999999984
6.18400000000000016	-0.000151337400000000006	-0.0023149793000000001
6.19200000000000017	-0.000555030400000000004	-0.0022555005999999999
6.20000000000000018	-0.000906876199999999996	-0.00210997729999999996
6.20800000000000018	-0.0012811926	-0.0019452731
6.21600000000000019	-0.0015610553000000001	-0.00174118319999999995
6.2240000000000002	-0.00182350489999999997	-0.00146298559999999997
6.23200000000000021	-0.00201867990000000009	-0.00116059140000000002
6.24000000000000021	-0.00216579399999999997	-0.000819289500000000017
6.24800000000000022	-0.0023265263999999999	-0.000434259700000000012
6.25600000000000023	-0.00233298179999999987	-4.75043999999999987e-05
6.26400000000000023	-0.00234648309999999994	0.000313131199999999981
6.27200000000000024	-0.00223957770000000021	0.000678418200000000036
6.28000000000000025	-0.0021477839000000002	0.00100442970000000006
6.28800000000000026	-0.00196855960000000014	0.00135615010000000001
6.29600000000000026	-0.00175163899999999993	0.00166498889999999993
6.30400000000000027	-0.00145292199999999994	0.00190857489999999999
6.31200000000000028	-0.00115115170000000002	0.00217435289999999993
6.32000000000000028	-0.000821726399999999973	0.00236407610000000015
6.32800000000000029	-0.0004084154	0.00248893119999999985
6.3360000000000003	-5.29329000000000027e-05	0.00254148469999999991
6.34400000000000031	0.000431667400000000027	0.00256182509999999981
6.35200000000000031	0.000889709799999999977	0.0025262434999999998
6.36000000000000032	0.00129072410000000007	0.0023393378000000002
6.36800000000000033	0.00172240239999999997	0.00205300730000000002
6.37600000000000033	0.00206968379999999995	0.0017447942000000001
6.38400000000000034	0.00237601510000000002	0.0013406589999999999
6.39200000000000035	0.00260303990000000001	0.000924812000000000008
6.40000000000000036	0.00271511340000000004	0.000437388600000000022
6.40800000000000036	0.00274123430000000005	-2.36451000000000017e-05
6.41600000000000037	0.0026602014999999998	-0.000516996900000000017
6.42400000000000038	0.00251659180000000015	-0.0010138069
6.43200000000000038	0.00231641420000000021	-0.00139926279999999991
6.44000000000000039	0.00203606409999999979	-0.00173055639999999998
6.4480000000000004	0.00169543220000000004	-0.00205622469999999996
6.45600000000000041	0.00135574700000000003	-0.00231150799999999988
6.46400000000000041	0.00091291959999999998	-0.00248665940000000014
6.47200000000000042	0.000477618600000000008	-0.00257462900000000015
6.48000000000000043	2.69336999999999993e-05	-0.00261680450000000009
6.48800000000000043	-0.000367563099999999984	-0.00260361280000000021
6.49600000000000044	-0.000825419500000000041	-0.00245126880000000021
6.50399999999999956	-0.0011884866999999999	-0.00227686680000000006
6.51199999999999957	-0.00154074469999999995	-0.00208395970000000005
6.51999999999999957	-0.00189144700000000009	-0.00178093260000000003
6.52799999999999958	-0.00209828059999999988	-0.00141903069999999997
6.53599999999999959	-0.00233561100000000002	-0.00104914929999999997
6.54399999999999959	-0.00243019420000000017	-0.000684807500000000013
6.5519999999999996	-0.00253278179999999985	-0.000219923300000000009
6.55999999999999961	-0.00251779070000000002	0.000157618900000000003
6.56799999999999962	-0.00244757179999999979	0.000591654200000000011
6.57599999999999962	-0.00233692149999999979	0.000985811000000000066
6.58399999999999963	-0.0021077979000000001	0.0013785360999999999
6.59199999999999964	-0.0018840955999999999	0.00167421900000000001
6.59999999999999964	-0.00153504610000000001	0.00196083399999999984
6.60799999999999965	-0.00121639129999999993	0.00217739200000000022
6.61599999999999966	-0.000856631300000000053	0.00236856339999999988
6.62399999999999967	-0.000478684200000000014	0.00241083949999999986
6.63199999999999967	-3.29641999999999986e-05	0.00249661169999999995
6.63999999999999968	0.000343996000000000004	0.00251711769999999994
6.64799999999999969	0.000759023600000000042	0.00239656919999999994
6.65599999999999969	0.00115730910000000006	0.00218644969999999984
6.6639999999999997	0.00146907640000000007	0.0019928038999999999
6.67199999999999971	0.00180971879999999993	0.00169874809999999996
6.67999999999999972	0.00202571739999999993	0.001395601
6.68799999999999972	0.00225606029999999994	0.00104864400000000005
6.69599999999999973	0.00241748280000000015	0.000666990199999999969
6.70399999999999974	0.00247505720000000019	0.000262982600000000026
6.71199999999999974	0.00245353279999999986	-0.000149672100000000006
6.71999999999999975	0.00242038319999999998	-0.000555682699999999964
6.72799999999999976	0.00232072599999999995	-0.000931898199999999974
6.73599999999999977	0.00211551589999999998	-0.00131760119999999991
6.74399999999999977	0.00187271019999999994	-0.00166717259999999996
6.75199999999999978	0.00162227339999999995	-0.00192667480000000002
6.75999999999999979	0.00122792249999999995	-0.00216866269999999983
6.76799999999999979	0.000867982199999999958	-0.00231017369999999981
6.7759999999999998	0.000490846100000000003	-0.00245414040000000019
6.78399999999999981	7.48372999999999958e-05	-0.00245302299999999992
6.79199999999999982	-0.00032746050000000002	-0.0024470147999999998
6.79999999999999982	-0.000773918399999999986	-0.00235947700000000002
6.80799999999999983	-0.00110884640000000006	-0.00222304970000000018
6.81599999999999984	-0.00149156440000000005	-0.00203399180000000002
6.82399999999999984	-0.00174217149999999999	-0.00170944729999999989
6.83199999999999985	-0.0020328757999999998	-0.00140393690000000003
6.83999999999999986	-0.00225051249999999982	-0.00109110400000000008
6.84799999999999986	-0.00239466600000000016	-0.000712290800000000028
6.85599999999999987	-0.00244621200000000013	-0.000308768500000000017
6.86399999999999988	-0.00248086569999999987	8.14243999999999992e-05
6.87199999999999989	-0.00243491949999999997	0.000558467199999999951
6.87999999999999989	-0.00228930220000000007	0.000921824600000000004
6.8879999999999999	-0.00210910800000000016	0.0012608369999999999
6.89599999999999991	-0.0018856458999999999	0.00161195910000000008
6.90399999999999991	-0.0015838693	0.00190626240000000007
6.91199999999999992	-0.00129235219999999994	0.00211799909999999978
6.91999999999999993	-0.000901383200000000027	0.00233604770000000019
6.92799999999999994	-0.000486996800000000013	0.00246416030000000006
6.93599999999999994	-9.30468999999999985e-05	0.00248210599999999998
6.94399999999999995	0.000300831400000000021	0.00247278430000000011
6.95199999999999996	0.000725421899999999947	0.00240410569999999994
6.95999999999999996	0.00111974439999999991	0.00220630629999999999
6.96799999999999997	0.00146817049999999993	0.00203247779999999982
6.97599999999999998	0.00175716900000000005	0.00172851790000000003
6.98399999999999999	0.00205255529999999985	0.00141979569999999998
6.99199999999999999	0.00224871049999999986	0.00107028869999999999
7	0.00239080720000000007	0.000671134100000000022
7.00800000000000001	0.0024727248999999998	0.000308629700000000011
7.01600000000000001	0.0024357570000000002	-0.000126204000000000013
7.02400000000000002	0.00238644290000000021	-0.000539300799999999992
7.03200000000000003	0.00229068740000000015	-0.000886494999999999948
7.04000000000000004	0.00212321649999999999	-0.0012545198
7.04800000000000004	0.0018744667	-0.00159564740000000009
7.05600000000000005	0.00155702240000000006	-0.0018661890999999999
7.06400000000000006	0.00124439980000000004	-0.00213013579999999985
7.07200000000000006	0.000838911400000000047	-0.00231298500000000004
7.08000000000000007	0.000493304099999999999	-0.0024061327999999999
7.08800000000000008	8.28063000000000003e-05	-0.00243639349999999998
7.09600000000000009	-0.000310813699999999975	-0.00241710169999999986
7.10400000000000009	-0.000690630900000000002	-0.00233426119999999987
7.1120000000000001	-0.00104257299999999998	-0.00220737659999999981
7.12000000000000011	-0.00140411659999999995	-0.00199937119999999986
7.12800000000000011	-0.00173690549999999991	-0.00172680399999999997
7.13600000000000012	-0.00194796950000000009	-0.00144783840000000004
7.14400000000000013	-0.00215243269999999993	-0.00109551130000000007
7.15200000000000014	-0.002299204	-0.000721584000000000049
7.16000000000000014	-0.0023858779000000001	-0.000368306200000000008
7.16800000000000015	-0.0024343733999999998	6.25680999999999948e-05
7.17600000000000016	-0.00240769760000000008	0.000475289500000000004
7.18400000000000016	-0.00231568000000000008	0.00080245900000000005
7.19200000000000017	-0.00209236610000000005	0.00120800149999999995
7.20000000000000018	-0.00189525970000000007	0.0015413041000000001
7.20800000000000018	-0.00160334449999999999	0.00181821640000000002
7.21600000000000019	-0.00129930299999999992	0.00204402209999999997
7.2240000000000002	-0.000921370300000000017	0.00223682579999999985
7.23200000000000021	-0.000565718800000000049	0.00233795209999999995
7.24000000000000021	-0.000148393800000000002	0.00243406420000000017
7.24800000000000022	0.00020756560000000001	0.00246272169999999999
7.25600000000000023	0.000646103899999999958	0.0023720477000000002
7.26400000000000023	0.00100035389999999992	0.00219197819999999988
7.27200000000000024	0.00138005849999999993	0.00202196059999999993
7.28000000000000025	0.00168593059999999997	0.00178126200000000004
7.28800000000000026	0.00193476470000000008	0.0014063223000000001
7.29600000000000026	0.00221635250000000016	0.00112895370000000005
7.30400000000000027	0.00230124199999999978	0.000753100300000000031
7.31200000000000028	0.00243917999999999999	0.000376454699999999992
7.32000000000000028	0.00241132490000000015	-5.84174000000000008e-05
7.32800000000000029	0.00241102519999999987	-0.000416440199999999977
7.3360000000000003	0.0023059965	-0.000844655399999999956
7.34400000000000031	0.00213286279999999996	-0.00116385769999999993
7.35200000000000031	0.00183810940000000002	-0.00150870600000000007
7.36000000000000032	0.00164484390000000009	-0.00181454870000000005
7.36800000000000033	0.00132904000000000008	-0.00205322890000000013
7.37600000000000033	0.000965268600000000017	-0.00217617539999999995
7.38400000000000034	0.000589534699999999978	-0.00239653829999999981
7.39200000000000035	0.000184193299999999997	-0.00239219470000000007
7.40000000000000036	-0.000212169199999999995	-0.00240945130000000006
7.40800000000000036	-0.000544493699999999974	-0.00229889790000000014
7.41600000000000037	-0.000998075699999999982	-0.00220498739999999997
7.42400000000000038	-0.00131269349999999993	-0.00203528509999999999
7.43200000000000038	-0.00162857160000000009	-0.00179046179999999997
7.44000000000000039	-0.00188455960000000005	-0.00150801080000000001
7.4480000000000004	-0.00210541369999999979	-0.0011948270999999999
7.45600000000000041	-0.00229230870000000008	-0.0008377778
7.46400000000000041	-0.00243910380000000003	-0.000415451099999999984
7.47200000000000042	-0.00245661100000000004	-2.68897000000000011e-05
7.48000000000000043	-0.0024301085	0.000351838100000000022
7.48800000000000043	-0.00232617450000000003	0.000798157100000000002
7.49600000000000044	-0.00220421080000000012	0.00114308180000000006
7.50399999999999956	-0.0019643238999999999	0.00151203009999999996
7.51199999999999957	-0.00167613159999999996	0.001803074
7.51999999999999957	-0.00134024610000000005	0.0020749344999999998
7.52799999999999958	-0.00102705050000000001	0.0022549737999999998
7.53599999999999959	-0.000619532299999999998	0.00238992070000000004
7.54399999999999959	-0.000232023300000000005	0.00243238880000000001
7.5519999999999996	0.000189232400000000008	0.00243440720000000005
7.55999999999999961	0.000561681399999999992	0.0023792742999999999
7.56799999999999962	0.00100076089999999993	0.00229529610000000009
7.57599999999999962	0.00136230170000000003	0.00206202540000000002
7.58399999999999963	0.00163523459999999994	0.00180754940000000001
7.59199999999999964	0.00198455279999999994	0.00157383669999999992
7.59999999999999964	0.00221790949999999985	0.00121428849999999995
7.60799999999999965	0.00238367280000000015	0.000786511999999999953
7.61599999999999966	0.00241937599999999999	0.000426806800000000008
7.62399999999999967	0.00246698280000000022	6.30100000000000011e-07
7.63199999999999967	0.00245550360000000014	-0.000384393899999999999
7.63999999999999968	0.00235292250000000008	-0.000800258299999999975
7.64799999999999969	0.00215874919999999981	-0.00121448439999999997
7.65599999999999969	0.00194558769999999995	-0.00155043450000000001
7.6639999999999997	0.00167220730000000009	-0.00181922029999999997
7.67199999999999971	0.00137373149999999995	-0.00209677570000000018
7.67999999999999972	0.000949286000000000032	-0.00229086560000000021
7.68799999999999972	0.000596032499999999982	-0.00242036930000000001
7.69599999999999973	0.000201621199999999987	-0.00245879539999999987
7.70399999999999974	-0.00023576519999999999	-0.00248486970000000003
7.71199999999999974	-0.000624282899999999965	-0.0024017544
7.71999999999999975	-0.00102952410000000001	-0.00221081640000000013
7.72799999999999976	-0.00136670410000000009	-0.00205213260000000012
7.73599999999999977	-0.00167982690000000002	-0.00181769580000000009
7.74399999999999977	-0.00193959030000000004	-0.00149701780000000007
7.75199999999999978	-0.00217084749999999979	-0.00114335119999999998
7.75999999999999979	-0.00232277969999999988	-0.000752981599999999994
7.76799999999999979	-0.00245176409999999997	-0.000362577700000000017
7.7759999999999998	-0.00247891200000000022	5.79809999999999959e-06
7.78399999999999981	-0.00242229339999999998	0.000426828300000000021
7.79199999999999982	-0.00226138840000000016	0.000783173500000000026
7.79999999999999982	-0.0021478325999999999	0.0011506741
7.80799999999999983	-0.00189759939999999995	0.00154868939999999993
7.81599999999999984	-0.00163014869999999991	0.00181183329999999999
7.82399999999999984	-0.00131906759999999993	0.00205804740000000005
7.83199999999999985	-0.000959675599999999991	0.00221845480000000018
7.83999999999999986	-0.000577261499999999982	0.00239282369999999989
7.84799999999999986	-0.000222756700000000001	0.00247754190000000008
7.85599999999999987	0.000189836299999999997	0.00243903119999999999
7.86399999999999988	0.00060482359999999998	0.00240257740000000006
7.87199999999999989	0.000991263600000000028	0.00223459269999999989
7.87999999999999989	0.00134718730000000001	0.00203501919999999996
7.8879999999999999	0.00168936450000000001	0.00181447579999999991
7.89599999999999991	0.00195460460000000018	0.00150271999999999992
7.90399999999999991	0.00215000550000000014	0.00111329110000000001
7.91199999999999992	0.00235606559999999984	0.000739539599999999983
7.91999999999999993	0.00237176189999999988	0.00038336510000000002
7.92799999999999994	0.00244610219999999998	-4.82583999999999986e-05
7.93599999999999994	0.00242179429999999979	-0.000436578800000000022
7.94399999999999995	0.00231438079999999984	-0.000813230699999999986
7.95199999999999996	0.00213122420000000021	-0.00121233569999999995
7.95999999999999996	0.00190056660000000001	-0.00154972240000000004
7.96799999999999997	0.0016355873999999999	-0.00179990079999999995
7.97599999999999998	0.00130502409999999993	-0.00204495730000000013
7.98399999999999999	0.000950798800000000042	-0.00226415280000000002
7.99199999999999999	0.000554081400000000024	-0.00240022939999999995
8	0.000158618300000000012	-0.0024198411999999999
8.00799999999999912	-0.000233358600000000012	-0.00241580170000000021
8.01600000000000001	-0.000626699400000000012	-0.00233143730000000011
8.02399999999999913	-0.00100128150000000009	-0.00220603509999999989
8.03200000000000003	-0.00134684920000000007	-0.00197572750000000021
8.03999999999999915	-0.00167755409999999997	-0.00176567590000000006
8.04800000000000004	-0.00194671829999999994	-0.00147126409999999994
8.05599999999999916	-0.00220096049999999981	-0.00115720490000000009
8.06400000000000006	-0.00234996070000000013	-0.000746108100000000027
8.07199999999999918	-0.00242834279999999984	-0.000380790299999999985
8.08000000000000007	-0.00242508989999999994	7.14988000000000006e-05
8.08799999999999919	-0.00237817260000000022	0.000420540500000000017
8.09600000000000009	-0.00223908099999999997	0.000861639800000000037
8.1039999999999992	-0.0021116765	0.00119616759999999992
8.1120000000000001	-0.00188779459999999992	0.00153492360000000009
8.11999999999999922	-0.0016109525999999999	0.00181555689999999994
8.12800000000000011	-0.00122462890000000005	0.00206967999999999996
8.13599999999999923	-0.000908948000000000026	0.00221870839999999993
8.14400000000000013	-0.000530200200000000054	0.00233884680000000017
8.15199999999999925	-0.000147477699999999992	0.0023721794
8.16000000000000014	0.000272660199999999995	0.00239166590000000016
8.16799999999999926	0.000656951000000000019	0.00227725829999999999
8.17600000000000016	0.00105948510000000002	0.00214798300000000001
8.18399999999999928	0.00136751829999999996	0.00194149800000000005
8.19200000000000017	0.0016324766000000001	0.00170329120000000007
8.19999999999999929	0.00184578439999999997	0.00140885279999999999
8.20800000000000018	0.0020906560000000002	0.00112291299999999991
8.2159999999999993	0.00221886930000000015	0.000742524500000000002
8.2240000000000002	0.00227358190000000009	0.000351210999999999982
8.23199999999999932	0.00235845210000000007	-9.20870000000000045e-06
8.24000000000000021	0.00230461670000000002	-0.000404155800000000011
8.24799999999999933	0.00215066979999999986	-0.000747389599999999984
8.25600000000000023	0.00202965219999999991	-0.00116270580000000004
8.26399999999999935	0.0018469796000000001	-0.00141303580000000004
8.27200000000000024	0.00159245760000000002	-0.0017314412999999999
8.27999999999999936	0.00126969790000000006	-0.00197923490000000016
8.28800000000000026	0.000963362699999999964	-0.0021111452000000001
8.29599999999999937	0.000576473700000000003	-0.00223464579999999979
8.30400000000000027	0.000207872800000000006	-0.00235329579999999988
8.31199999999999939	-0.000196908499999999987	-0.00238961619999999986
8.32000000000000028	-0.000587357200000000008	-0.00228077100000000001
8.3279999999999994	-0.000926235299999999965	-0.00219367589999999984
8.3360000000000003	-0.00125694270000000006	-0.0019969991999999998
8.34399999999999942	-0.0015775397	-0.00172354540000000007
8.35200000000000031	-0.00185489050000000005	-0.0014555293
8.35999999999999943	-0.00208955570000000012	-0.00113518899999999999
8.36800000000000033	-0.00221894650000000002	-0.000758582699999999963
8.37599999999999945	-0.0023206059000000002	-0.0003839181
8.38400000000000034	-0.0023183498000000002	-8.97569999999999946e-06
8.39199999999999946	-0.00234087549999999981	0.00037152270000000002
8.40000000000000036	-0.00218430179999999988	0.000770589499999999972
8.40799999999999947	-0.00202517279999999984	0.00112792909999999999
8.41600000000000037	-0.00184038439999999995	0.00144141400000000002
8.42399999999999949	-0.00158013069999999992	0.00169710619999999994
8.43200000000000038	-0.00130301289999999997	0.00197077909999999979
8.4399999999999995	-0.00093941640000000002	0.00212909159999999983
8.4480000000000004	-0.000564226600000000016	0.0022468970999999999
8.45599999999999952	-0.000251207900000000018	0.00227586949999999998
8.46400000000000041	0.00017015659999999999	0.00230344320000000014
8.47199999999999953	0.00051133099999999996	0.0022600964000000002
8.48000000000000043	0.000898921100000000042	0.00216063669999999987
8.48799999999999955	0.00119772569999999998	0.00196342180000000019
8.49600000000000044	0.00154471509999999992	0.00170225319999999999
8.50399999999999956	0.00179924630000000011	0.00148037709999999999
8.51200000000000045	0.0020410214000000002	0.00114644709999999991
8.51999999999999957	0.00222145419999999994	0.000787965500000000017
8.52800000000000047	0.00229291050000000017	0.000385551799999999984
8.53599999999999959	0.00232695050000000011	3.54104000000000024e-05
8.54400000000000048	0.00228897830000000021	-0.000355757099999999982
8.5519999999999996	0.00218429799999999988	-0.000715729100000000052
8.5600000000000005	0.0020435847	-0.00107045969999999997
8.56799999999999962	0.00189577650000000001	-0.00138989140000000001
8.57600000000000051	0.00155147490000000004	-0.00172940269999999991
8.58399999999999963	0.00126979400000000009	-0.00196981870000000015
8.59200000000000053	0.000928024099999999984	-0.00208611430000000013
8.59999999999999964	0.000571901299999999979	-0.00226812240000000016
8.60800000000000054	0.000194770400000000008	-0.00227902240000000004
8.61599999999999966	-0.000184770499999999989	-0.0022955988000000001
8.62400000000000055	-0.000560296600000000046	-0.00220485999999999989
8.63199999999999967	-0.000928113399999999969	-0.00209110950000000002
8.64000000000000057	-0.00122911799999999996	-0.00187094949999999996
8.64799999999999969	-0.00150744880000000005	-0.00168949029999999997
8.65600000000000058	-0.00175186659999999991	-0.00138329389999999994
8.6639999999999997	-0.00193282469999999989	-0.0010506806
8.6720000000000006	-0.00208440490000000008	-0.000734475699999999972
8.67999999999999972	-0.0021464358000000002	-0.000364491400000000018
8.68800000000000061	-0.00216237519999999987	-3.59168000000000014e-05
8.69599999999999973	-0.00218635599999999998	0.000314552500000000014
8.70400000000000063	-0.00206981920000000015	0.000653907700000000034
8.71199999999999974	-0.00199448700000000008	0.000966743099999999977
8.72000000000000064	-0.00177841819999999999	0.00133742509999999998
8.72799999999999976	-0.00155186829999999997	0.00156042250000000006
8.73600000000000065	-0.00129576720000000004	0.00178825870000000006
8.74399999999999977	-0.000943636699999999998	0.00194237560000000008
8.75200000000000067	-0.000628995600000000019	0.00208655119999999993
8.75999999999999979	-0.000294000700000000012	0.00218940169999999991
8.76800000000000068	3.48324000000000021e-05	0.00219533069999999992
8.7759999999999998	0.000444941000000000021	0.00215308729999999981
8.7840000000000007	0.000796759500000000028	0.00206618190000000014
8.79199999999999982	0.00110495899999999998	0.00190814390000000004
8.80000000000000071	0.00146015420000000003	0.0017305984
8.80799999999999983	0.00167901859999999999	0.00145908559999999993
8.81600000000000072	0.00185282419999999995	0.00115390169999999995
8.82399999999999984	0.00204172930000000004	0.000835874199999999973
8.83200000000000074	0.00217808730000000009	0.000473966499999999989
8.83999999999999986	0.00218736419999999987	7.63369000000000043e-05
8.84800000000000075	0.00220029709999999996	-0.000240118399999999995
8.85599999999999987	0.00214471939999999993	-0.00060158309999999997
8.86400000000000077	0.00192156690000000008	-0.000942275100000000048
8.87199999999999989	0.00176328680000000003	-0.00125297629999999993
8.88000000000000078	0.00156599189999999996	-0.00149751349999999997
8.8879999999999999	0.00128885330000000006	-0.0017253819000000001
8.8960000000000008	0.000995920499999999919	-0.00193012879999999998
8.90399999999999991	0.000640652199999999978	-0.00203439270000000012
8.91200000000000081	0.000351650899999999991	-0.00213615480000000019
8.91999999999999993	-2.62269000000000013e-05	-0.00212823640000000007
8.92800000000000082	-0.000438909999999999984	-0.00214392240000000006
8.93599999999999994	-0.000736837699999999974	-0.00201448560000000009
8.94400000000000084	-0.00102119290000000007	-0.00184261389999999998
8.95199999999999996	-0.00132726830000000004	-0.00167940350000000006
8.96000000000000085	-0.00157128489999999992	-0.00141049870000000007
8.96799999999999997	-0.00175048780000000006	-0.00116985289999999996
8.97600000000000087	-0.00191695100000000007	-0.000844960699999999982
8.98399999999999999	-0.00210857669999999983	-0.000594320999999999977
8.99200000000000088	-0.00213157569999999994	-0.000218983799999999989
9	-0.00211992700000000018	0.000122470099999999991
