1.00000000000000006e-09	-0.736023919600000021	0.662112806600000048
1.00800000000000003e-09	-0.679374600499999981	0.718945211299999998
1.01600000000000001e-09	-0.617772022899999995	0.77199063999999995
1.02399999999999998e-09	-0.55539265569999996	0.817589799299999975
1.03199999999999995e-09	-0.48806315950000001	0.859354548700000054
1.04000000000000013e-09	-0.414678411999999996	0.897844525600000054
1.0480000000000001e-09	-0.339197994800000013	0.929592671199999998
1.05600000000000008e-09	-0.264459473700000003	0.95325565170000004
1.06400000000000005e-09	-0.186709325600000003	0.971668713300000042
1.07200000000000002e-09	-0.107114434600000002	0.983882519000000011
1.07999999999999999e-09	-0.0252181704	0.989920954899999983
1.08800000000000017e-09	0.0546009994000000026	0.988766854900000047
1.09600000000000014e-09	0.131878882800000014	0.980974301699999995
1.10400000000000012e-09	0.210190117399999987	0.967332518500000016
1.11200000000000009e-09	0.287926311699999993	0.946960970599999952
1.12000000000000006e-09	0.367969249900000017	0.918700812900000052
1.12799999999999983e-09	0.4408198901	0.885559118700000036
1.1359999999999998e-09	0.512087070500000019	0.845917690700000002
1.14399999999999998e-09	0.575585005999999955	0.804103107400000017
1.15199999999999995e-09	0.639260199999999945	0.755250824999999959
1.15999999999999992e-09	0.698240203500000045	0.700735296199999969
1.1679999999999999e-09	0.753667894600000055	0.639601537100000006
1.17599999999999987e-09	0.802262721099999965	0.576904212600000021
1.18399999999999984e-09	0.847007176099999981	0.508616811699999949
1.19200000000000002e-09	0.883726124099999955	0.440950705399999976
1.19999999999999999e-09	0.917211801799999948	0.367414817299999974
1.20799999999999996e-09	0.944086190900000011	0.292552223
1.21599999999999994e-09	0.965745524999999994	0.212399372599999997
1.22399999999999991e-09	0.979263051100000004	0.134868188700000002
1.23199999999999988e-09	0.987195367099999999	0.0555845280000000011
1.24000000000000006e-09	0.988241235900000015	-0.0243894883000000014
1.24800000000000003e-09	0.983325831900000003	-0.103167740199999997
1.25600000000000001e-09	0.971127563300000052	-0.183394379899999987
1.26399999999999998e-09	0.952452508899999994	-0.262804432300000002
1.27199999999999995e-09	0.926577197600000013	-0.343073434800000021
1.28000000000000013e-09	0.896439542400000011	-0.414658227400000023
1.2880000000000001e-09	0.859674884300000053	-0.485553627499999974
1.29600000000000007e-09	0.818921890000000041	-0.551476539900000007
1.30400000000000005e-09	0.76998306400000005	-0.617439753400000013
1.31200000000000002e-09	0.717388591299999989	-0.677923092600000055
1.31999999999999999e-09	0.66140266950000004	-0.732583075199999989
1.32800000000000017e-09	0.596647304899999953	-0.785564523100000023
1.33600000000000014e-09	0.532547173600000034	-0.830027992400000025
1.34400000000000012e-09	0.464660580300000015	-0.869681942499999971
1.35200000000000009e-09	0.391606724799999972	-0.904928275900000023
1.36000000000000006e-09	0.317616541799999985	-0.933177992800000022
1.36800000000000003e-09	0.239206650599999987	-0.956102964599999994
1.3759999999999998e-09	0.162353715199999998	-0.971934169299999984
1.38399999999999998e-09	0.0849274393999999988	-0.981559528699999961
1.39199999999999995e-09	0.00100660060000000006	-0.985418026299999972
1.39999999999999992e-09	-0.0796994929999999963	-0.981623670099999956
1.40799999999999989e-09	-0.15688424849999999	-0.972065023900000047
1.41599999999999987e-09	-0.234808536099999993	-0.955797085199999952
1.42399999999999984e-09	-0.310239324099999991	-0.933534353899999947
1.43200000000000002e-09	-0.385977502099999981	-0.904626861600000054
1.43999999999999999e-09	-0.459099303199999975	-0.86930448029999996
1.44799999999999996e-09	-0.527265765999999969	-0.829395289100000044
1.45599999999999994e-09	-0.590769380500000052	-0.784833862299999963
1.46399999999999991e-09	-0.652366866100000053	-0.732770695300000052
1.47199999999999988e-09	-0.710909502599999965	-0.675992617599999956
1.48000000000000006e-09	-0.761449642600000032	-0.61816769760000001
1.48800000000000003e-09	-0.808872734499999968	-0.553838044000000029
1.496e-09	-0.850532938099999969	-0.486564302700000006
1.50399999999999998e-09	-0.886405395199999946	-0.417231167100000022
1.51199999999999995e-09	-0.917510141399999979	-0.342558601500000004
1.51999999999999992e-09	-0.942091643299999948	-0.267444759699999979
1.5280000000000001e-09	-0.96053822929999999	-0.191376439600000003
1.53600000000000007e-09	-0.972729490400000008	-0.114539198800000006
1.54400000000000004e-09	-0.979063336199999967	-0.0359688224000000029
1.55200000000000002e-09	-0.978281942399999993	0.0472790483000000011
1.55999999999999999e-09	-0.972006717399999998	0.123421969699999995
1.56799999999999996e-09	-0.958913731899999955	0.201744556600000013
1.57600000000000014e-09	-0.939821394300000001	0.278471467899999992
1.58400000000000011e-09	-0.91490387849999999	0.352402616800000013
1.59200000000000009e-09	-0.882617390599999996	0.427211883899999978
1.60000000000000006e-09	-0.844387430599999989	0.498201691000000002
1.60800000000000003e-09	-0.801704552899999978	0.564484144499999951
1.616e-09	-0.753846798700000043	0.626928398600000047
1.62400000000000018e-09	-0.701214491899999959	0.685497893199999986
1.63199999999999995e-09	-0.643187820299999991	0.740525124599999973
1.63999999999999992e-09	-0.577155376999999969	0.792079500099999945
1.64799999999999989e-09	-0.515320773500000051	0.83397485530000004
1.65599999999999986e-09	-0.446647990599999989	0.872651612199999982
1.66399999999999984e-09	-0.374427922299999993	0.905861199199999967
1.67200000000000002e-09	-0.299922520699999973	0.933185727100000029
1.67999999999999999e-09	-0.224478082299999993	0.954414865800000012
1.68799999999999996e-09	-0.143360079400000007	0.969686598100000019
1.69599999999999993e-09	-0.0641482024000000067	0.978260425600000039
1.70399999999999991e-09	0.0141613569999999994	0.980556333400000035
1.71199999999999988e-09	0.0921490863999999965	0.976545082400000042
1.72000000000000006e-09	0.169970256099999995	0.966544549500000016
1.72800000000000003e-09	0.247099627300000013	0.950168643399999957
1.736e-09	0.325592001799999975	0.926564664299999952
1.74399999999999997e-09	0.399697987099999985	0.897171484899999983
1.75199999999999995e-09	0.469680456899999987	0.86303477449999999
1.75999999999999992e-09	0.539089986699999968	0.821850312399999949
1.7680000000000001e-09	0.604376059000000021	0.775173489299999963
1.77600000000000007e-09	0.665194699700000003	0.723865508000000046
1.78400000000000004e-09	0.721266958900000033	0.668151267499999979
1.79200000000000002e-09	0.772905788600000032	0.60800184700000004
1.79999999999999999e-09	0.822122976800000016	0.538806366900000056
1.80799999999999996e-09	0.863043411200000055	0.470470934100000016
1.81600000000000014e-09	0.898181758600000046	0.399433889499999972
1.82400000000000011e-09	0.927383534499999995	0.325723142999999993
1.83200000000000008e-09	0.950501563899999957	0.250168055200000017
1.84000000000000006e-09	0.967689159199999982	0.172242012700000002
1.84800000000000003e-09	0.978504208799999997	0.0913586172000000057
1.856e-09	0.981886411700000017	0.00855364140000000085
1.86400000000000018e-09	0.979988280100000053	-0.0662215631999999998
1.87200000000000015e-09	0.97100118049999995	-0.146335034499999989
1.87999999999999971e-09	0.955217278899999966	-0.226005418799999996
1.8880000000000001e-09	0.933171135499999971	-0.303560274299999988
1.89600000000000007e-09	0.905421967600000044	-0.377772533600000016
1.90400000000000004e-09	0.872156603800000041	-0.448522806300000021
1.91200000000000001e-09	0.834609187500000016	-0.514697790100000052
1.91999999999999999e-09	0.786760824000000025	-0.584587057000000021
1.92799999999999996e-09	0.735047201600000033	-0.647591047100000039
1.93599999999999993e-09	0.680461511700000021	-0.704250967400000039
1.9439999999999999e-09	0.621952203899999945	-0.756149799999999983
1.95199999999999988e-09	0.559527871699999957	-0.80312506480000001
1.95999999999999985e-09	0.493417806999999986	-0.845203473600000033
1.96799999999999982e-09	0.424085734599999986	-0.881944958399999979
1.97599999999999979e-09	0.349710114100000025	-0.913666667899999951
1.98400000000000018e-09	0.270662359399999997	-0.939454737199999945
1.99200000000000015e-09	0.196955369699999994	-0.957665800400000045
2.00000000000000012e-09	0.119772984999999998	-0.97066053699999999
2.0080000000000001e-09	0.0391769484000000015	-0.976990908400000024
2.01600000000000007e-09	-0.0404015911000000019	-0.976973987199999949
2.02400000000000004e-09	-0.118905111199999997	-0.97045605580000005
2.03200000000000001e-09	-0.196643136800000007	-0.957738325500000043
2.03999999999999999e-09	-0.273164572100000003	-0.938803334900000008
2.04799999999999996e-09	-0.347538593900000026	-0.913891614900000038
2.05599999999999993e-09	-0.418870147400000004	-0.88289030260000001
2.0639999999999999e-09	-0.495193538300000013	-0.842559723000000038
2.07199999999999988e-09	-0.562379990399999974	-0.798844236700000043
2.08000000000000026e-09	-0.623835616100000045	-0.751281241499999974
2.08800000000000023e-09	-0.681627247200000008	-0.698633566799999994
2.09600000000000021e-09	-0.735558920400000038	-0.64080227759999997
2.10400000000000018e-09	-0.784655627000000022	-0.578616919799999962
2.11200000000000015e-09	-0.828177804399999995	-0.513098295599999976
2.12000000000000012e-09	-0.866170970999999956	-0.44474405589999999
2.1280000000000001e-09	-0.89861532200000005	-0.373059269600000021
2.13600000000000007e-09	-0.926008558599999976	-0.296376233699999991
2.14400000000000004e-09	-0.945446479699999953	-0.225201584799999993
2.15200000000000001e-09	-0.960106232799999959	-0.150585272800000003
2.15999999999999999e-09	-0.968641115900000016	-0.0721346129000000058
2.16799999999999996e-09	-0.971017390999999952	0.00667730680000000031
2.17600000000000034e-09	-0.967187117100000049	0.0858384477000000007
2.18400000000000032e-09	-0.956869761400000018	0.164522741899999991
2.19200000000000029e-09	-0.940682378600000035	0.241274958799999995
2.20000000000000026e-09	-0.918639057499999967	0.315883247799999989
2.20800000000000023e-09	-0.891133311599999978	0.387939264200000022
2.21600000000000021e-09	-0.859044765000000043	0.456537305900000023
2.22400000000000018e-09	-0.817513697500000025	0.528128233999999974
2.23200000000000015e-09	-0.770826577100000021	0.595310732900000028
2.24000000000000012e-09	-0.720503361300000034	0.655821740599999981
2.2480000000000001e-09	-0.66619662040000005	0.711720600399999959
2.25599999999999965e-09	-0.607184560999999956	0.763334630599999953
2.26399999999999963e-09	-0.544066718599999999	0.809973725999999949
2.2719999999999996e-09	-0.47735639019999998	0.851426673199999984
2.27999999999999998e-09	-0.407609802700000023	0.887211049300000054
2.28799999999999996e-09	-0.334941576500000004	0.91730231969999998
2.29599999999999993e-09	-0.257024423900000021	0.941855588899999985
2.3039999999999999e-09	-0.176903533700000004	0.959723799299999958
2.31199999999999987e-09	-0.0956898741999999969	0.9707234052
2.31999999999999985e-09	-0.0214211708000000001	0.975220853399999976
2.32799999999999982e-09	0.0550107628000000015	0.974193601700000023
2.33599999999999979e-09	0.134043158100000004	0.96628688939999996
2.34399999999999976e-09	0.212554105399999999	0.951906439499999979
2.35199999999999974e-09	0.289464212900000017	0.931188076600000025
2.35999999999999971e-09	0.364545670900000007	0.904406748300000007
2.36799999999999968e-09	0.437314553900000014	0.871462977199999989
2.37600000000000007e-09	0.507017762799999994	0.832636242199999987
2.38400000000000004e-09	0.573141003699999985	0.788780896500000051
2.39200000000000001e-09	0.635120647000000038	0.739850534899999968
2.39999999999999998e-09	0.691242788000000052	0.688188475799999977
2.40799999999999996e-09	0.742237207800000021	0.633561266800000022
2.41599999999999993e-09	0.794160744200000046	0.567806494499999981
2.4239999999999999e-09	0.83994298749999996	0.497416158499999983
2.43199999999999987e-09	0.878101114200000032	0.427037132400000019
2.43999999999999985e-09	0.909728834499999972	0.355350765499999999
2.44799999999999982e-09	0.935552397299999949	0.281458812499999989
2.45599999999999979e-09	0.955061567500000042	0.205744267799999991
2.46399999999999976e-09	0.968673682000000036	0.128406381900000005
2.47200000000000015e-09	0.976027587200000046	0.0496015858000000004
2.48000000000000012e-09	0.976969620999999955	-0.0293778207999999992
2.48800000000000009e-09	0.971577128900000031	-0.108046492100000002
2.49600000000000007e-09	0.959794369599999975	-0.186176341500000009
2.50400000000000004e-09	0.941245120800000001	-0.263947451900000019
2.51200000000000001e-09	0.915308806400000008	-0.342179586500000021
2.51999999999999998e-09	0.882400418300000045	-0.418659959500000012
2.52799999999999996e-09	0.84607024409999998	-0.487409056100000015
2.53599999999999993e-09	0.806198914700000047	-0.551401997299999946
2.5439999999999999e-09	0.759094354699999974	-0.614537560900000002
2.55199999999999987e-09	0.70560383680000005	-0.674113889799999977
2.56000000000000026e-09	0.647459829300000012	-0.729573451100000048
2.56800000000000023e-09	0.585196200499999986	-0.779685494199999996
2.5760000000000002e-09	0.518988846700000006	-0.824300151999999953
2.58400000000000018e-09	0.449294689899999988	-0.863652216299999997
2.59200000000000015e-09	0.376738891199999981	-0.897130106999999954
2.60000000000000012e-09	0.302408944100000021	-0.924173547999999956
2.60800000000000009e-09	0.226936808099999998	-0.944860665400000022
2.61600000000000007e-09	0.15180636950000001	-0.959266988800000053
2.62400000000000004e-09	0.0759886465000000066	-0.967621666799999947
2.63200000000000001e-09	0.000673406500000000045	-0.970281521700000038
2.63999999999999998e-09	-0.0742112872999999978	-0.966630443300000031
2.64799999999999995e-09	-0.161266753000000013	-0.956321664199999977
2.65600000000000034e-09	-0.240879741400000014	-0.938956287699999947
2.66400000000000031e-09	-0.316240962800000025	-0.916085133699999998
2.67200000000000029e-09	-0.388709307800000015	-0.887682609199999972
2.68000000000000026e-09	-0.458471123400000014	-0.853836738900000003
2.68800000000000023e-09	-0.525235105599999974	-0.814722193900000002
2.6960000000000002e-09	-0.588916059999999963	-0.77053016190000001
2.70400000000000018e-09	-0.648775513399999948	-0.721009750100000013
2.71200000000000015e-09	-0.704808344100000039	-0.666865703699999979
2.72000000000000012e-09	-0.756311943000000042	-0.608033680699999968
2.72800000000000009e-09	-0.802928897100000039	-0.545594681900000045
2.73600000000000006e-09	-0.843899881200000035	-0.479007975699999977
2.74400000000000004e-09	-0.880076463600000025	-0.408616727100000021
2.7519999999999996e-09	-0.910559259300000035	-0.334725433100000025
2.75999999999999998e-09	-0.934933658800000011	-0.258369619599999989
2.76799999999999995e-09	-0.952762916500000001	-0.179599959199999992
2.77599999999999993e-09	-0.963604972199999965	-0.100411560400000002
2.7839999999999999e-09	-0.968245180499999969	-0.0271023355000000014
2.79199999999999987e-09	-0.967096492599999968	0.0496901521000000027
2.79999999999999984e-09	-0.959497941700000023	0.127017674699999999
2.80799999999999982e-09	-0.945407398499999996	0.204426112500000007
2.81599999999999979e-09	-0.925249411400000055	0.280353093499999984
2.82399999999999976e-09	-0.899167669500000044	0.354524015099999978
2.83199999999999973e-09	-0.86748596219999996	0.426358239600000022
2.83999999999999971e-09	-0.830307122899999972	0.494957802499999988
2.84799999999999968e-09	-0.787961560800000016	0.560181100099999996
2.85600000000000006e-09	-0.740280299200000047	0.622291013600000054
2.86400000000000004e-09	-0.687918403399999989	0.680354136499999984
2.87200000000000001e-09	-0.630997109199999962	0.73446709269999999
2.87999999999999998e-09	-0.569978365099999995	0.78357993579999996
2.88799999999999995e-09	-0.505150467600000042	0.827573426399999978
2.89599999999999993e-09	-0.436805578199999989	0.866182544900000018
2.9039999999999999e-09	-0.36806474090000002	0.898782966700000019
2.91199999999999987e-09	-0.298639956400000017	0.925034712999999953
2.91999999999999984e-09	-0.225965070600000012	0.946066727499999982
2.92799999999999982e-09	-0.138659389500000008	0.963718864399999986
2.93599999999999979e-09	-0.0552406388999999998	0.972654352900000019
2.94399999999999976e-09	0.0246184586000000004	0.974346505900000048
2.95200000000000015e-09	0.102776990799999995	0.969561186600000013
2.96000000000000012e-09	0.180076032200000014	0.958341629900000047
2.96800000000000009e-09	0.256524840199999993	0.940847787199999952
2.97600000000000006e-09	0.331621771399999987	0.916974384199999992
2.98400000000000004e-09	0.404510021800000008	0.887178267499999951
2.99200000000000001e-09	0.474663987200000026	0.85159264400000001
2.99999999999999998e-09	0.541988797200000039	0.810062221499999957
3.00799999999999995e-09	0.605750318200000026	0.763180050200000015
3.01599999999999992e-09	0.665477356100000028	0.711641264800000006
3.0239999999999999e-09	0.721296366899999986	0.654904834799999946
3.03199999999999987e-09	0.771960430100000039	0.594028481599999991
3.03999999999999984e-09	0.817716225099999972	0.529070011199999968
3.04800000000000023e-09	0.858001453700000027	0.460624966299999994
3.0560000000000002e-09	0.892459632999999974	0.389252429600000005
3.06400000000000017e-09	0.921458547600000011	0.314428531899999975
3.07200000000000015e-09	0.944223912400000032	0.23629675650000001
3.08000000000000012e-09	0.960325057699999984	0.156495643500000003
3.08800000000000009e-09	0.969579276399999967	0.0809479439999999939
3.09600000000000006e-09	0.972872958600000004	0.00426716459999999971
3.10400000000000003e-09	0.970021161000000021	-0.0734582260000000015
3.11200000000000001e-09	0.960896372200000015	-0.151351737600000008
3.11999999999999998e-09	0.945282574399999964	-0.229078218899999991
3.12799999999999995e-09	0.923262371299999995	-0.305420454399999985
3.13599999999999992e-09	0.895007256500000015	-0.379847483799999996
3.14400000000000031e-09	0.86058159759999997	-0.451621654099999992
3.15200000000000028e-09	0.820512127700000038	-0.520324141200000034
3.16000000000000025e-09	0.775086975400000044	-0.585178010200000043
3.16800000000000023e-09	0.724819403599999967	-0.646197619099999954
3.1760000000000002e-09	0.669327655799999977	-0.703005332699999985
3.18400000000000017e-09	0.609915109599999949	-0.755066625700000049
3.19200000000000014e-09	0.547087881900000017	-0.801328270299999978
3.20000000000000012e-09	0.479622418100000003	-0.843311720800000053
3.20800000000000009e-09	0.409350496700000011	-0.879023883799999961
3.21600000000000006e-09	0.336835857000000016	-0.908940232900000034
3.22400000000000003e-09	0.262076024799999974	-0.932660908599999949
3.23200000000000001e-09	0.185748259400000004	-0.950130329399999973
3.24000000000000039e-09	0.107951956799999998	-0.961548457300000048
3.24800000000000036e-09	0.0317613897999999978	-0.966406245699999999
3.25599999999999992e-09	-0.0413661333000000034	-0.96583719010000002
3.2639999999999999e-09	-0.1205699784	-0.959267219400000037
3.27199999999999987e-09	-0.206809445499999994	-0.942920059099999985
3.27999999999999984e-09	-0.286036139999999994	-0.920747607000000023
3.28799999999999981e-09	-0.359561042499999983	-0.893619171799999945
3.29599999999999979e-09	-0.429277181000000008	-0.861382075099999978
3.30399999999999976e-09	-0.495471631999999995	-0.824396521399999971
3.31199999999999973e-09	-0.55889240309999999	-0.782448557399999967
3.3199999999999997e-09	-0.619041791100000016	-0.735016109000000029
3.32799999999999967e-09	-0.675371882900000053	-0.683241935900000041
3.33600000000000006e-09	-0.727411412299999949	-0.627349954599999982
3.34400000000000003e-09	-0.774677193000000042	-0.5678016709
3.35200000000000001e-09	-0.817289595600000029	-0.504998641699999973
3.35999999999999998e-09	-0.8552433277	-0.438503454700000017
3.36799999999999995e-09	-0.888141375200000027	-0.36927576569999998
3.37599999999999992e-09	-0.91549125769999995	-0.297298583000000005
3.38399999999999989e-09	-0.937177513600000012	-0.223423453200000011
3.39199999999999987e-09	-0.952925042399999978	-0.147315130300000013
3.39999999999999984e-09	-0.962486577099999963	-0.069846636099999998
3.40799999999999981e-09	-0.965752264300000052	0.00897132930000000064
3.41599999999999978e-09	-0.962852311100000025	0.0878937174000000015
3.42399999999999976e-09	-0.952914521199999975	0.166381775499999995
3.43200000000000014e-09	-0.936607383400000049	0.243807758799999996
3.44000000000000011e-09	-0.913318926199999992	0.320674475000000014
3.44800000000000009e-09	-0.883545411900000022	0.395405355399999991
3.45600000000000006e-09	-0.847788804100000015	0.467126087199999984
3.46400000000000003e-09	-0.805894191799999993	0.534339457299999987
3.472e-09	-0.761540101200000041	0.595636820700000014
3.47999999999999998e-09	-0.711359528400000052	0.654194416800000011
3.48799999999999995e-09	-0.656509183900000015	0.708885151000000047
3.49599999999999992e-09	-0.597147088299999962	0.759201775299999992
3.50399999999999989e-09	-0.53368189290000001	0.804641088400000037
3.51199999999999987e-09	-0.466468001999999993	0.845080958900000012
3.51999999999999984e-09	-0.396906904900000024	0.88018439770000001
3.52800000000000022e-09	-0.324472780199999977	0.909346431300000035
3.5360000000000002e-09	-0.250003390300000017	0.932875170400000009
3.54400000000000017e-09	-0.173414145299999989	0.950154098099999955
3.55200000000000014e-09	-0.0960283096999999947	0.961509579000000003
3.56000000000000011e-09	-0.0181713106999999985	0.96667357009999999
3.56800000000000009e-09	0.0601667223000000029	0.965858528599999988
3.57600000000000006e-09	0.138381470300000003	0.958579379899999973
3.58400000000000003e-09	0.215826917600000001	0.945241844400000031
3.592e-09	0.291948034199999984	0.92530109599999999
3.59999999999999998e-09	0.366554478999999989	0.899097393100000031
3.60799999999999995e-09	0.438891124099999974	0.866579611300000052
3.61599999999999992e-09	0.508406119700000048	0.828325957200000018
3.62400000000000031e-09	0.574832119800000041	0.784400219599999948
3.63200000000000028e-09	0.637318509800000044	0.735111115699999984
3.64000000000000025e-09	0.6955398988	0.680525550100000043
3.64800000000000022e-09	0.749097354999999965	0.621195244299999949
3.6560000000000002e-09	0.797217680100000048	0.557391761099999994
3.66400000000000017e-09	0.839844320300000002	0.490292510000000015
3.67200000000000014e-09	0.876256207499999995	0.421339050699999995
3.68000000000000011e-09	0.905941565000000004	0.354131219800000008
3.68800000000000009e-09	0.930298337999999947	0.285114819000000019
3.69600000000000006e-09	0.948718032499999975	0.212377975599999991
3.70400000000000003e-09	0.96494396360000001	0.117977014699999994
3.712e-09	0.97046033009999999	0.0323977834999999992
3.72000000000000039e-09	0.969256939600000034	-0.0482987604000000015
3.72800000000000036e-09	0.961454782699999955	-0.126322743500000001
3.73600000000000033e-09	0.94796148349999998	-0.202989771000000013
3.74400000000000031e-09	0.927696568500000041	-0.278915020800000024
3.75199999999999945e-09	0.901580485500000028	-0.353191228999999995
3.75999999999999942e-09	0.869808383900000037	-0.424301126500000014
3.7679999999999994e-09	0.83211728610000002	-0.492804944899999986
3.7760000000000002e-09	0.788853307400000037	-0.558277284700000043
3.78400000000000017e-09	0.740663290999999946	-0.619758368700000006
3.79200000000000014e-09	0.68820968810000005	-0.676461826000000044
3.80000000000000011e-09	0.632234458500000041	-0.728094255499999954
3.80800000000000008e-09	0.571987354799999959	-0.775383058700000016
3.81600000000000006e-09	0.50771799959999997	-0.817958328400000045
3.82400000000000003e-09	0.440305356400000014	-0.855624902099999973
3.832e-09	0.370594598900000016	-0.887665929600000014
3.83999999999999997e-09	0.297992154200000026	-0.914398300100000005
3.84799999999999995e-09	0.223826811699999989	-0.935263083699999997
3.85599999999999992e-09	0.147210207199999998	-0.950296838600000027
3.86399999999999989e-09	0.070128623000000001	-0.959005996899999991
3.87199999999999986e-09	-0.00769922669999999979	-0.961823196799999947
3.87999999999999984e-09	-0.0858398261000000024	-0.958280789999999993
3.88799999999999981e-09	-0.163802568900000001	-0.948380639899999989
3.89599999999999978e-09	-0.240663725999999994	-0.932222687200000011
3.90399999999999975e-09	-0.315947259099999989	-0.90998517170000004
3.91199999999999973e-09	-0.389554194099999973	-0.881110580099999985
3.9199999999999997e-09	-0.460669151100000007	-0.846195586600000049
3.92799999999999967e-09	-0.528415225100000052	-0.805445629499999982
3.93599999999999964e-09	-0.592372754300000026	-0.759162936600000005
3.94399999999999962e-09	-0.653421015800000005	-0.706417882300000022
3.95199999999999959e-09	-0.708168823599999997	-0.650399145700000014
3.95999999999999956e-09	-0.758073328399999968	-0.589446158500000039
3.96800000000000036e-09	-0.801458145999999982	-0.527178096700000043
3.97600000000000033e-09	-0.839732381200000044	-0.461573373499999995
3.9840000000000003e-09	-0.872587850099999951	-0.393231265399999974
3.99200000000000028e-09	-0.900050789400000051	-0.322207147000000027
4.00000000000000025e-09	-0.921831876800000005	-0.249506145200000001
4.00800000000000022e-09	-0.937790844999999984	-0.174954179799999998
4.01600000000000019e-09	-0.948218552599999986	-0.0998728866999999965
4.02400000000000017e-09	-0.952517437999999994	-0.0243547305999999991
4.03200000000000014e-09	-0.951039315000000052	0.0514567982000000007
4.04000000000000011e-09	-0.944211557000000035	0.127032459900000005
4.04800000000000008e-09	-0.93124762240000003	0.201590576599999988
4.05600000000000006e-09	-0.912918314799999964	0.275276637400000024
4.06400000000000003e-09	-0.888710199699999981	0.347722969300000018
4.072e-09	-0.859231216900000039	0.418381570500000022
4.07999999999999997e-09	-0.823858230699999972	0.487164848099999992
4.08799999999999995e-09	-0.783458249000000051	0.552732148299999948
4.09599999999999992e-09	-0.737914362000000046	0.614709042600000033
4.10399999999999989e-09	-0.686536955600000054	0.673788929900000055
4.11199999999999986e-09	-0.630360169300000051	0.72859747720000001
4.11999999999999983e-09	-0.569668217299999946	0.778506058199999962
4.12799999999999981e-09	-0.504387079599999955	0.823749954299999976
4.13599999999999978e-09	-0.435820892000000015	0.86286575759999995
4.14399999999999975e-09	-0.363447721800000012	0.896346708000000048
4.15199999999999972e-09	-0.28839325469999999	0.923594895300000052
4.16000000000000052e-09	-0.211246497799999988	0.944379191999999978
4.1680000000000005e-09	-0.13264551799999999	0.958505188099999961
4.17600000000000047e-09	-0.0531707299999999994	0.965716173100000019
4.18400000000000044e-09	0.0262847613000000008	0.966209958300000005
4.19200000000000041e-09	0.105111963099999997	0.960385286599999999
4.20000000000000039e-09	0.182729514399999987	0.94784254840000004
4.20800000000000036e-09	0.258878306800000013	0.929171009699999995
4.21600000000000033e-09	0.333059533600000013	0.904692284799999968
4.2240000000000003e-09	0.404677870900000014	0.874300325999999961
4.23200000000000028e-09	0.472416581900000021	0.839561943900000052
4.24000000000000025e-09	0.535475817699999967	0.801191003400000046
4.24800000000000022e-09	0.59539343730000005	0.75838531939999998
4.25600000000000019e-09	0.651551900900000036	0.711650569699999958
4.26400000000000016e-09	0.703884962299999972	0.660919342499999951
4.27200000000000014e-09	0.76317767110000001	0.593317871600000046
4.28000000000000011e-09	0.812653705000000004	0.522944639899999952
4.28800000000000008e-09	0.854343166000000043	0.451567566199999992
4.29600000000000005e-09	0.889188254200000028	0.379247522000000004
4.30400000000000003e-09	0.917558208300000011	0.305905267799999991
4.312e-09	0.939559096199999999	0.231055589099999986
4.31999999999999997e-09	0.955387630299999957	0.154813809699999999
4.32799999999999994e-09	0.965311832200000053	0.0770264853000000027
4.33599999999999992e-09	0.968358507399999957	-0.00134681600000000003
4.34400000000000072e-09	0.965113774099999988	-0.0794917165000000037
4.35200000000000069e-09	0.955495125200000017	-0.157529082900000006
4.36000000000000066e-09	0.939290669599999961	-0.234843843699999999
4.36800000000000063e-09	0.917272673599999977	-0.309887987500000017
4.37600000000000061e-09	0.889121102900000015	-0.383298565899999999
4.38400000000000058e-09	0.854419498000000055	-0.454669136400000007
4.39200000000000055e-09	0.814296926499999962	-0.522600887199999975
4.40000000000000052e-09	0.769113918800000018	-0.586803084399999952
4.40800000000000049e-09	0.718663813499999971	-0.647025013299999951
4.41600000000000047e-09	0.663572335500000055	-0.70300528360000003
4.42400000000000044e-09	0.6040205716	-0.754513553500000045
4.43200000000000041e-09	0.540417256599999951	-0.800881378499999963
4.44000000000000038e-09	0.473327432300000017	-0.841866578800000043
4.44800000000000036e-09	0.402886355699999976	-0.877185408699999947
4.45600000000000033e-09	0.32975891810000002	-0.906698580399999954
4.4640000000000003e-09	0.254643165900000024	-0.929856605000000003
4.47200000000000027e-09	0.178042722200000003	-0.946601639599999989
4.48000000000000025e-09	0.100342271199999999	-0.957047532299999948
4.48800000000000022e-09	0.0227709427000000013	-0.961056227799999996
4.49600000000000019e-09	-0.0551335515000000026	-0.958750193800000039
4.50399999999999934e-09	-0.132427003900000007	-0.950332600199999988
4.51199999999999931e-09	-0.208315505499999998	-0.935340320500000044
4.51999999999999928e-09	-0.282814096800000025	-0.914879952099999949
4.52799999999999925e-09	-0.355036123599999975	-0.88848461710000004
4.53599999999999923e-09	-0.424486690399999977	-0.856678631800000034
4.5439999999999992e-09	-0.4915031708	-0.819543243599999971
4.552e-09	-0.555112624399999977	-0.777266375299999979
4.55999999999999997e-09	-0.615380740500000023	-0.730290154700000027
4.56799999999999994e-09	-0.672039815099999993	-0.678724550999999954
4.57599999999999991e-09	-0.724838196799999945	-0.622435243299999996
4.58399999999999989e-09	-0.773496806200000053	-0.561300288500000022
4.59199999999999986e-09	-0.817463764899999945	-0.496074733900000009
4.59999999999999983e-09	-0.856088379300000035	-0.426753836200000014
4.6079999999999998e-09	-0.888208589200000009	-0.35605893059999999
4.61599999999999978e-09	-0.914237594100000051	-0.281064963399999979
4.62399999999999975e-09	-0.934132499599999999	-0.208479580100000006
4.63199999999999972e-09	-0.94815510709999995	-0.133935887000000003
4.63999999999999969e-09	-0.956116707199999971	-0.0582040340000000017
4.64799999999999967e-09	-0.957735362400000012	0.0182258048999999998
4.65599999999999964e-09	-0.953050557900000039	0.0950336539999999952
4.66399999999999961e-09	-0.941807080100000027	0.171243417099999989
4.67199999999999958e-09	-0.924258443199999946	0.246656784099999998
4.67999999999999956e-09	-0.900714340900000021	0.320332673899999976
4.68799999999999953e-09	-0.871306396000000039	0.391547124899999988
4.6959999999999995e-09	-0.836238485700000034	0.460091275600000016
4.70399999999999947e-09	-0.796002500199999963	0.525339892800000041
4.71199999999999944e-09	-0.750712738100000054	0.586922792199999988
4.71999999999999942e-09	-0.700852686099999955	0.644639887700000025
4.72799999999999939e-09	-0.647120754699999967	0.698008921600000054
4.73599999999999936e-09	-0.589485916899999962	0.747193000799999951
4.74400000000000016e-09	-0.528019282000000034	0.791955507599999997
4.75200000000000013e-09	-0.463328685899999981	0.832019334599999993
4.76000000000000011e-09	-0.395468281600000027	0.867017998599999951
4.76800000000000008e-09	-0.324926434200000003	0.896981068300000017
4.77600000000000005e-09	-0.251767489800000022	0.921415089499999951
4.78400000000000002e-09	-0.17629782590000001	0.940029051200000021
4.792e-09	-0.0993880605	0.952618455600000025
4.79999999999999997e-09	-0.0216047670999999983	0.958717129499999987
4.80799999999999994e-09	0.0572448683000000014	0.958677836000000005
4.81599999999999991e-09	0.136069065699999991	0.952093574099999951
4.82399999999999989e-09	0.213575616899999987	0.938790729800000001
4.83199999999999986e-09	0.29028778420000001	0.91903814880000001
4.83999999999999983e-09	0.365668892099999976	0.892559502200000021
4.8479999999999998e-09	0.437974699000000023	0.859850989100000018
4.85599999999999977e-09	0.507235610599999998	0.821213528200000042
4.86399999999999975e-09	0.57288974309999996	0.776951890600000028
4.87199999999999972e-09	0.634807588299999948	0.72724426200000003
4.87999999999999969e-09	0.692101391500000052	0.672866081400000038
4.88799999999999966e-09	0.743821730900000033	0.614642484899999952
4.89599999999999964e-09	0.790487950499999981	0.552631647600000053
4.90399999999999961e-09	0.832432291499999977	0.486540565400000014
4.91199999999999958e-09	0.868693668200000046	0.417591080999999975
4.91999999999999955e-09	0.899326434799999963	0.346194771600000006
4.92799999999999953e-09	0.924147628499999985	0.2723087904
4.93600000000000033e-09	0.943028263600000027	0.196610220000000002
4.9440000000000003e-09	0.95582861600000002	0.1194085166
4.95200000000000027e-09	0.962418856800000055	0.0413325468000000015
4.96000000000000024e-09	0.962730727700000011	-0.0368046516000000018
4.96800000000000022e-09	0.956727572799999981	-0.114795370899999999
4.97600000000000019e-09	0.944540596199999971	-0.192274573700000007
4.98400000000000016e-09	0.925751707999999951	-0.268702721400000011
4.99200000000000013e-09	0.900892209699999946	-0.343601470500000006
5.0000000000000001e-09	0.86991198270000003	-0.416118564999999996
5.00800000000000008e-09	0.833638046400000055	-0.485004601400000013
5.01600000000000005e-09	0.791218990399999988	-0.550646250300000029
5.02400000000000002e-09	0.744293596799999957	-0.612868330299999986
5.03199999999999999e-09	0.694533126399999978	-0.66854879020000002
5.03999999999999997e-09	0.64240091509999997	-0.7193558538
5.04799999999999994e-09	0.588603258400000051	-0.764639199600000041
5.05599999999999991e-09	0.517359028300000023	-0.815463872899999997
5.06399999999999988e-09	0.436919931400000017	-0.859841509600000053
5.07199999999999986e-09	0.359236513199999996	-0.893887964699999982
5.07999999999999983e-09	0.283305611800000023	-0.919996493500000012
5.0879999999999998e-09	0.208324275899999994	-0.939452035800000029
5.09599999999999977e-09	0.132374881899999991	-0.952777251300000017
5.10399999999999975e-09	0.0551485463999999981	-0.960209277499999958
5.11199999999999972e-09	-0.0225162858000000007	-0.961298180000000002
5.12000000000000052e-09	-0.100071377700000005	-0.956209674699999956
5.12800000000000049e-09	-0.177381263799999994	-0.944610795000000003
5.13600000000000046e-09	-0.253609178599999985	-0.926842936599999945
5.14400000000000043e-09	-0.327649677500000014	-0.902646782499999967
5.15200000000000041e-09	-0.399692486000000013	-0.872967390200000026
5.16000000000000038e-09	-0.468684670400000003	-0.836534016899999955
5.16800000000000035e-09	-0.534848925899999994	-0.795518397100000052
5.17600000000000032e-09	-0.596919013499999984	-0.748597871199999987
5.1840000000000003e-09	-0.654608873200000052	-0.69700998709999995
5.19200000000000027e-09	-0.707340398399999959	-0.64167874189999996
5.20000000000000024e-09	-0.755890873499999949	-0.58201955900000002
5.20800000000000021e-09	-0.799425014899999953	-0.518764182399999996
5.21600000000000019e-09	-0.83736780919999998	-0.451977865799999989
5.22400000000000016e-09	-0.869845339299999964	-0.383130815999999985
5.23200000000000013e-09	-0.896839708000000013	-0.311617664000000016
5.2400000000000001e-09	-0.918113711599999993	-0.238674759699999989
5.24800000000000008e-09	-0.933822806100000014	-0.164284400599999991
5.25600000000000005e-09	-0.943668307799999995	-0.0894758353000000006
5.26400000000000002e-09	-0.947596848200000008	-0.0145478385999999998
5.27199999999999999e-09	-0.945560457200000037	0.0609167320000000012
5.27999999999999996e-09	-0.937880869300000031	0.136032186500000013
5.28799999999999994e-09	-0.924579345599999991	0.210242438899999995
5.29599999999999991e-09	-0.905433436899999999	0.283680032099999979
5.30399999999999988e-09	-0.880432191100000039	0.355859511500000003
5.31200000000000068e-09	-0.850799459800000046	0.425733906900000014
5.32000000000000065e-09	-0.814887554300000039	0.492199681300000025
5.32800000000000063e-09	-0.773207570800000021	0.557358332099999965
5.3360000000000006e-09	-0.726591426699999987	0.618656147399999967
5.34400000000000057e-09	-0.674473635899999979	0.675489533799999986
5.35200000000000054e-09	-0.617827534400000045	0.72895823439999996
5.36000000000000052e-09	-0.556728357599999946	0.77730358799999999
5.36800000000000049e-09	-0.4915688795	0.820792355899999992
5.37600000000000046e-09	-0.422913342099999978	0.858002908599999947
5.38400000000000043e-09	-0.351382644299999991	0.889937483400000007
5.39200000000000041e-09	-0.277419937999999977	0.915611637299999948
5.40000000000000038e-09	-0.20089533879999999	0.934879866800000014
5.40800000000000035e-09	-0.123976017199999997	0.947335639499999993
5.41600000000000032e-09	-0.0458721301999999997	0.953658294000000017
5.42400000000000029e-09	0.0330438480000000007	0.953465038299999956
5.43200000000000027e-09	0.110714355200000003	0.946780685799999966
5.44000000000000024e-09	0.187290056600000004	0.933990978400000005
5.44800000000000021e-09	0.262415282899999991	0.91511454510000001
5.45600000000000018e-09	0.335503742900000013	0.890540433700000023
5.46400000000000016e-09	0.406044830899999987	0.859879979699999963
5.47200000000000013e-09	0.473861528799999987	0.824483898700000051
5.4800000000000001e-09	0.538831163799999957	0.783251035199999945
5.48800000000000007e-09	0.599888469499999966	0.737543784300000005
5.49600000000000005e-09	0.656996234900000031	0.687443535999999966
5.50399999999999919e-09	0.70943754349999999	0.632914048499999993
5.51199999999999916e-09	0.758144685200000001	0.575259136999999976
5.51999999999999996e-09	0.800821940099999963	0.513582878599999959
5.52799999999999994e-09	0.840053286199999971	0.447307048500000026
5.53599999999999991e-09	0.874338504200000033	0.378625440199999996
5.54399999999999988e-09	0.902861995099999981	0.306230113099999979
5.55199999999999985e-09	0.925013745699999945	0.231623301400000009
5.55999999999999983e-09	0.941361938000000009	0.155998660300000008
5.5679999999999998e-09	0.951195182600000022	0.0787227922999999968
5.57599999999999977e-09	0.954530649099999962	0.00106372249999999997
5.58399999999999974e-09	0.951821003399999976	-0.0762418205999999959
5.59199999999999971e-09	0.942407764200000053	-0.153080938400000005
5.59999999999999969e-09	0.926940939600000013	-0.228745482
5.60799999999999966e-09	0.905398477400000012	-0.303021973
5.61599999999999963e-09	0.878078208200000043	-0.375493373799999974
5.6239999999999996e-09	0.844932318499999946	-0.445529825499999976
5.63199999999999958e-09	0.805637326499999973	-0.512885709800000034
5.63999999999999955e-09	0.761163010800000039	-0.576793889700000006
5.64799999999999952e-09	0.711857266300000013	-0.636173134099999982
5.65599999999999949e-09	0.65765140759999996	-0.69135769800000002
5.66399999999999947e-09	0.599571365099999976	-0.742114271299999961
5.67199999999999944e-09	0.537406246500000018	-0.78825356940000002
5.67999999999999941e-09	0.471949423099999987	-0.828701091200000017
5.68799999999999938e-09	0.403638468699999975	-0.864124833199999998
5.69599999999999936e-09	0.332729166500000006	-0.89381804450000002
5.70399999999999933e-09	0.25976953450000001	-0.917621840200000038
5.71200000000000013e-09	0.185583519499999988	-0.935544008299999952
5.7200000000000001e-09	0.110098721100000005	-0.947184519600000052
5.72800000000000007e-09	0.0331043836000000022	-0.952993962400000005
5.73600000000000004e-09	-0.0435665412999999974	-0.95246730150000003
5.74400000000000002e-09	-0.119789425000000005	-0.945845178899999972
5.75199999999999999e-09	-0.195639968599999992	-0.933231402600000037
5.75999999999999996e-09	-0.270281298100000011	-0.914608425700000005
5.76799999999999993e-09	-0.343082640300000019	-0.889994431999999946
5.77599999999999991e-09	-0.413952689400000018	-0.859330585000000036
5.78399999999999988e-09	-0.482273904099999984	-0.822877196099999986
5.79199999999999985e-09	-0.547904905200000014	-0.780802934300000029
5.79999999999999982e-09	-0.609901834300000001	-0.733497702600000023
5.8079999999999998e-09	-0.667818690599999987	-0.681428053600000028
5.81599999999999977e-09	-0.721476320800000015	-0.624062160299999946
5.82399999999999974e-09	-0.770355431499999965	-0.562695392099999969
5.83199999999999971e-09	-0.81348804880000003	-0.497950820199999977
5.83999999999999969e-09	-0.850349534899999981	-0.43001303099999999
5.84799999999999966e-09	-0.88246527990000001	-0.358813975200000024
5.85599999999999963e-09	-0.908189425400000028	-0.285775359200000023
5.8639999999999996e-09	-0.928055441799999992	-0.210543966599999993
5.87199999999999957e-09	-0.940993536000000019	-0.133910884499999994
5.87999999999999955e-09	-0.948201479800000024	-0.0566532419999999995
5.88799999999999952e-09	-0.949128936299999948	0.0200350689999999991
5.89600000000000032e-09	-0.943692223100000005	0.0961048515000000048
5.90400000000000029e-09	-0.932387321899999955	0.171789474400000003
5.91200000000000026e-09	-0.915302397000000045	0.246086047700000005
5.92000000000000024e-09	-0.892548701299999969	0.318524519399999984
5.92800000000000021e-09	-0.864277311000000048	0.388810072499999992
5.93600000000000018e-09	-0.830614953400000022	0.456717397500000011
5.94400000000000015e-09	-0.791793693100000029	0.5218627723
5.95200000000000013e-09	-0.748363670799999992	0.583733922900000035
5.9600000000000001e-09	-0.699891466299999987	0.642549408799999999
5.96800000000000007e-09	-0.64657820180000003	0.697024200600000032
5.97600000000000004e-09	-0.589306407799999987	0.747925492499999955
5.98400000000000002e-09	-0.527582275999999961	0.793976366300000014
5.99199999999999999e-09	-0.462450390499999975	0.834789939800000047
5.99999999999999996e-09	-0.393541697500000009	0.870115663700000042
6.00799999999999993e-09	-0.322008337099999986	0.899373327099999953
6.0159999999999999e-09	-0.248294056099999993	0.924165816100000037
6.02399999999999988e-09	-0.172393895399999997	0.941683363700000053
6.03199999999999985e-09	-0.0957134407999999937	0.95322503989999996
6.03999999999999982e-09	-0.0178234801999999984	0.958104301500000033
6.04799999999999979e-09	0.0604273427999999987	0.956791871900000035
6.05599999999999977e-09	0.138008595699999986	0.948395510500000039
6.06399999999999974e-09	0.214531424500000012	0.934029611599999976
6.07199999999999971e-09	0.289761355300000023	0.912744872400000018
6.07999999999999968e-09	0.362822059899999994	0.885747625699999985
6.08800000000000048e-09	0.433251313799999982	0.853158073799999972
6.09600000000000046e-09	0.500968227200000005	0.815348015800000048
6.10400000000000043e-09	0.565376492299999978	0.772049150900000036
6.1120000000000004e-09	0.626438367300000021	0.723625554700000007
6.12000000000000037e-09	0.682975342099999994	0.670324320600000023
6.12800000000000035e-09	0.734839667100000038	0.612874395500000002
6.13600000000000032e-09	0.782391963499999954	0.550861352199999987
6.14400000000000029e-09	0.825498795799999963	0.48519955549999999
6.15200000000000026e-09	0.862114421400000053	0.416654699899999981
6.16000000000000023e-09	0.893998566599999989	0.345928239199999987
6.16800000000000021e-09	0.919149580499999952	0.272747831200000013
6.17600000000000018e-09	0.938872797799999992	0.198153639699999995
6.18400000000000015e-09	0.95149773120000003	0.124310810399999999
6.19200000000000012e-09	0.959664812900000053	0.048334117599999997
6.2000000000000001e-09	0.961646809500000033	-0.0348586166000000031
6.20800000000000007e-09	0.95475195310000005	-0.119666166800000001
6.21600000000000004e-09	0.940827922899999947	-0.200379471000000003
6.22400000000000001e-09	0.920587142399999947	-0.278148101599999975
6.23199999999999999e-09	0.893891824200000018	-0.3527545178
6.23999999999999996e-09	0.861066133400000044	-0.424732783300000027
6.24799999999999993e-09	0.822454348599999996	-0.493594297399999993
6.2559999999999999e-09	0.778500548699999961	-0.558591624900000028
6.26399999999999988e-09	0.729403740800000033	-0.619707545200000043
6.27199999999999985e-09	0.675471845000000015	-0.676287375399999946
6.28000000000000065e-09	0.617678330199999959	-0.728239459300000003
6.28800000000000062e-09	0.555654177700000029	-0.774857023100000042
6.29600000000000059e-09	0.490822939800000024	-0.815939827699999953
6.30400000000000056e-09	0.422633502400000027	-0.852162966900000041
6.31200000000000054e-09	0.351926090000000025	-0.882629228200000004
6.32000000000000051e-09	0.279565102399999987	-0.907135125499999972
6.32800000000000048e-09	0.205591744699999995	-0.925851791299999949
6.33600000000000045e-09	0.130475779200000003	-0.937576880499999987
6.34400000000000043e-09	0.0550398520000000002	-0.944556944899999973
6.3520000000000004e-09	-0.0203377549000000012	-0.94501273819999998
6.36000000000000037e-09	-0.0954301072999999972	-0.939619452299999991
6.36800000000000034e-09	-0.170023685000000008	-0.928728919999999958
6.37600000000000032e-09	-0.243555817799999991	-0.911799200499999962
6.38400000000000029e-09	-0.315199443199999985	-0.888973585899999974
6.39200000000000026e-09	-0.385252993900000007	-0.860712537599999994
6.40000000000000023e-09	-0.452599736600000024	-0.827134393399999945
6.40800000000000021e-09	-0.516995687199999998	-0.788424956199999971
6.41600000000000018e-09	-0.578441584200000025	-0.744580760299999977
6.42400000000000015e-09	-0.636218987500000055	-0.696035345400000005
6.43200000000000012e-09	-0.689916131799999999	-0.643456721700000012
6.4400000000000001e-09	-0.739653391499999979	-0.586288487599999963
6.44800000000000007e-09	-0.785095206800000001	-0.525400197700000016
6.45600000000000004e-09	-0.825184389100000026	-0.4608959641
6.46400000000000001e-09	-0.86071856229999999	-0.393222876399999977
6.47200000000000081e-09	-0.890260818599999948	-0.322713127900000007
6.48000000000000078e-09	-0.914328318100000037	-0.249493599499999996
6.48800000000000076e-09	-0.932079553400000038	-0.174174343799999992
6.49600000000000073e-09	-0.943522303299999976	-0.0979078525999999977
6.50399999999999987e-09	-0.948790777100000038	-0.0202874135999999983
6.51199999999999985e-09	-0.94784536890000004	0.0577673437000000012
6.51999999999999982e-09	-0.939552170400000053	0.135419537000000006
6.52799999999999979e-09	-0.925187276499999989	0.212162493099999988
6.53599999999999976e-09	-0.904264132899999962	0.287234429899999977
6.54399999999999974e-09	-0.877074318599999958	0.36050304620000001
6.55199999999999971e-09	-0.8443005066	0.430024639300000011
6.55999999999999968e-09	-0.805891880000000005	0.496813836700000011
6.56799999999999965e-09	-0.761952180600000029	0.560337122700000023
6.57599999999999963e-09	-0.713286743099999954	0.619613473899999989
6.5839999999999996e-09	-0.660460425599999956	0.674318332799999975
6.59199999999999957e-09	-0.603845160899999955	0.724151194599999992
6.59999999999999954e-09	-0.543645556700000032	0.769372093300000004
6.60799999999999951e-09	-0.480355349300000012	0.809567891900000003
6.61599999999999949e-09	-0.414412757500000006	0.844714292799999988
6.62399999999999946e-09	-0.34621029510000001	0.874824276400000045
6.63199999999999943e-09	-0.275912467599999989	0.899724480099999946
6.6399999999999994e-09	-0.203579226400000007	0.918854935799999994
6.64799999999999938e-09	-0.130529980200000006	0.933044585999999954
6.65599999999999935e-09	-0.0556417712999999967	0.941578681500000014
6.66399999999999932e-09	0.0201406449999999987	0.944274784099999986
6.67200000000000012e-09	0.0954436178000000052	0.941338866800000007
6.68000000000000009e-09	0.171303838000000014	0.93180672210000004
6.68800000000000007e-09	0.246607379099999996	0.916461299299999976
6.69600000000000004e-09	0.321059722300000017	0.895113810300000035
6.70400000000000001e-09	0.393707529700000003	0.867283653999999959
6.71199999999999998e-09	0.463923448000000016	0.833556681799999977
6.71999999999999996e-09	0.5319332913	0.793757806699999957
6.72799999999999993e-09	0.596220186399999963	0.747905781199999953
6.7359999999999999e-09	0.656358067700000047	0.697030345299999965
6.74399999999999987e-09	0.712055052299999991	0.641070662700000016
6.75199999999999984e-09	0.762875119399999968	0.580401541099999974
6.75999999999999982e-09	0.808529538599999986	0.515686722300000011
6.76799999999999979e-09	0.848221736900000023	0.447277630900000001
6.77599999999999976e-09	0.882125647099999965	0.375450206100000017
6.78399999999999973e-09	0.90989490949999996	0.301216925600000018
6.79199999999999971e-09	0.930946292000000009	0.225373780100000004
6.79999999999999968e-09	0.945944166999999947	0.14803860860000001
6.80799999999999965e-09	0.954340929600000054	0.070507666699999999
6.81599999999999962e-09	0.95654373699999995	-0.00753528690000000029
6.8239999999999996e-09	0.95249053480000001	-0.0849639405000000014
6.83199999999999957e-09	0.941951346199999984	-0.160178795099999993
6.83999999999999954e-09	0.926229672299999973	-0.235259900100000002
6.84799999999999951e-09	0.90441809740000001	-0.3084944409
6.85599999999999949e-09	0.876749488099999974	-0.379653320800000027
6.86400000000000029e-09	0.843815848999999951	-0.448329242999999988
6.87200000000000026e-09	0.805853106699999988	-0.513362733000000016
6.88000000000000023e-09	0.762856644500000014	-0.575678493199999974
6.8880000000000002e-09	0.715014852799999989	-0.63503122479999996
6.89600000000000017e-09	0.662616940799999998	-0.689703585099999961
6.90400000000000015e-09	0.605312786199999953	-0.740936047799999997
6.91200000000000012e-09	0.542771778600000032	-0.788515174100000049
6.92000000000000009e-09	0.475298460099999986	-0.83164725159999997
6.92800000000000006e-09	0.404137364300000024	-0.868761288900000039
6.93600000000000004e-09	0.330343951899999988	-0.899510991800000048
6.94400000000000001e-09	0.254296364200000014	-0.923782268500000003
6.95199999999999998e-09	0.1764715741	-0.941593798500000023
6.95999999999999995e-09	0.097971568600000003	-0.952508065199999976
6.96799999999999993e-09	0.0201305103000000013	-0.956862581400000023
6.9759999999999999e-09	-0.0585931836000000011	-0.954963862099999949
6.98399999999999987e-09	-0.136965100099999987	-0.946391168999999977
6.99199999999999984e-09	-0.212543117300000001	-0.931126678100000049
6.99999999999999982e-09	-0.287207540799999994	-0.910600327299999956
7.00799999999999979e-09	-0.359902098999999975	-0.883940356800000049
7.01599999999999976e-09	-0.429452875600000006	-0.851096855600000035
7.02399999999999973e-09	-0.495990773200000012	-0.813071664199999988
7.03199999999999971e-09	-0.559421830899999972	-0.769937104399999961
7.03999999999999968e-09	-0.618888721300000055	-0.722237464400000029
7.04799999999999965e-09	-0.674354968099999952	-0.670203632999999965
7.05600000000000045e-09	-0.725459823699999951	-0.613558850999999961
7.06400000000000042e-09	-0.772141507700000007	-0.553126941900000002
7.07200000000000039e-09	-0.813530922999999961	-0.489131371699999984
7.08000000000000037e-09	-0.849684249299999972	-0.42223416250000001
7.08800000000000034e-09	-0.880211872199999967	-0.352868357000000021
7.09600000000000031e-09	-0.905135181799999966	-0.281414702100000025
7.10400000000000028e-09	-0.924559674199999959	-0.208420542799999997
7.11200000000000026e-09	-0.938284937299999955	-0.134105486200000013
7.12000000000000023e-09	-0.946149083400000035	-0.0591461444000000031
7.1280000000000002e-09	-0.94776168390000004	0.0160974254000000004
7.13600000000000017e-09	-0.943797167699999995	0.0916911051000000032
7.14400000000000015e-09	-0.933610655399999989	0.166699343
7.15200000000000012e-09	-0.917745303599999951	0.240950971099999994
7.16000000000000009e-09	-0.895991601500000012	0.313936107099999973
7.16800000000000006e-09	-0.868630720800000033	0.385547231800000001
7.17600000000000003e-09	-0.8349160256	0.454352461900000004
7.18400000000000001e-09	-0.796311232300000005	0.520682904099999955
7.19199999999999998e-09	-0.751977580299999948	0.584059104699999998
7.19999999999999995e-09	-0.702302319299999978	0.643561153199999958
7.20799999999999992e-09	-0.647471392000000034	0.69949004140000004
7.2159999999999999e-09	-0.588519325100000046	0.750402361499999948
7.22399999999999987e-09	-0.525352931000000023	0.796534287399999985
7.23199999999999984e-09	-0.458283220300000016	0.837287432600000048
7.23999999999999981e-09	-0.388203028100000014	0.872153881899999983
7.24800000000000061e-09	-0.315375675500000008	0.900904974499999955
7.25600000000000059e-09	-0.24026787690000001	0.923654814399999968
7.26400000000000056e-09	-0.16358339320000001	0.939876295200000045
7.27200000000000053e-09	-0.0858338094999999968	0.949901430599999985
7.2800000000000005e-09	-0.00782446560000000027	0.953297542900000017
7.28800000000000048e-09	0.0705369309999999972	0.95030175309999998
7.29600000000000045e-09	0.14790487129999999	0.941044570800000035
7.30400000000000042e-09	0.224516843100000002	0.925264645599999991
7.31200000000000039e-09	0.298969244799999978	0.903758924300000044
7.32000000000000036e-09	0.371427630000000009	0.876339902300000029
7.32800000000000034e-09	0.440670394700000023	0.842960912000000007
7.33600000000000031e-09	0.50706004250000003	0.804369278799999976
7.34400000000000028e-09	0.569793355599999995	0.760361869499999954
7.35200000000000025e-09	0.62911792040000003	0.712016613099999973
7.36000000000000023e-09	0.684443643599999985	0.659180780300000047
7.3680000000000002e-09	0.734846394800000025	0.60232212230000004
7.37600000000000017e-09	0.780960360799999975	0.541199653599999997
7.38400000000000014e-09	0.821924994500000006	0.477063195399999973
7.39200000000000012e-09	0.857565258699999999	0.409871939100000027
7.40000000000000009e-09	0.888001739200000029	0.340010552500000007
7.40800000000000006e-09	0.912786202599999985	0.268072811000000022
7.41600000000000003e-09	0.931741229899999968	0.195026549999999993
7.42400000000000001e-09	0.945004739900000001	0.120157723800000005
7.43199999999999998e-09	0.952483358900000021	0.0437268972000000034
7.44000000000000078e-09	0.953514355699999983	-0.0334289420000000032
7.44800000000000075e-09	0.948427027100000042	-0.110401735200000004
7.45600000000000072e-09	0.936882483800000054	-0.187106401100000014
7.46399999999999987e-09	0.918849680400000035	-0.262323028800000024
7.47200000000000067e-09	0.894975605199999968	-0.335955530000000002
7.47999999999999981e-09	0.865495806700000037	-0.408082690400000003
7.48800000000000061e-09	0.830405801499999985	-0.477064870400000007
7.49599999999999976e-09	0.789366876999999967	-0.542689118299999995
7.5039999999999989e-09	0.743430873600000042	-0.605318359600000022
7.5119999999999997e-09	0.692490065800000054	-0.664275586499999959
7.51999999999999885e-09	0.635888767099999974	-0.718850155499999977
7.52799999999999965e-09	0.575735588200000037	-0.768339559099999958
7.53599999999999879e-09	0.511371981000000031	-0.812782404500000055
7.54399999999999959e-09	0.443477161100000017	-0.851994830900000055
7.55200000000000039e-09	0.372991837800000003	-0.88550293059999996
7.55999999999999954e-09	0.299650078200000003	-0.913142466199999947
7.56800000000000034e-09	0.224136030200000003	-0.934841751699999945
7.57599999999999948e-09	0.147020460399999997	-0.950218764699999996
7.58400000000000028e-09	0.069010386300000004	-0.95906114379999996
7.59199999999999943e-09	-0.00952355059999999976	-0.96157646699999999
7.60000000000000023e-09	-0.0882232082999999945	-0.9575600997
7.60799999999999937e-09	-0.166378225699999993	-0.947043473999999996
7.61600000000000017e-09	-0.242709023699999998	-0.930465393999999946
7.62399999999999932e-09	-0.317849319000000019	-0.907484086600000017
7.63200000000000011e-09	-0.391452960500000002	-0.878506846600000002
7.63999999999999926e-09	-0.461911603000000004	-0.844097084900000016
7.64800000000000006e-09	-0.529010532799999988	-0.80380154150000005
7.6559999999999992e-09	-0.592705844299999951	-0.7579784034
7.664e-09	-0.652177835499999969	-0.707334254399999973
7.67199999999999915e-09	-0.707685980199999953	-0.651703261300000003
7.67999999999999995e-09	-0.758342218100000021	-0.592460600699999951
7.68799999999999909e-09	-0.803923972600000036	-0.529200316299999973
7.69599999999999989e-09	-0.844426750600000053	-0.461912007999999985
7.70399999999999904e-09	-0.879366635799999963	-0.392042042899999998
7.71199999999999984e-09	-0.908208110000000013	-0.319339656699999974
7.71999999999999898e-09	-0.931126148100000051	-0.244593716099999997
7.72799999999999978e-09	-0.948142163099999991	-0.168321141899999999
7.73600000000000058e-09	-0.958698821399999956	-0.0909445975000000018
7.74399999999999973e-09	-0.963039785500000023	-0.0130317997000000008
7.75200000000000053e-09	-0.961067021399999999	0.0650101299000000049
7.75999999999999967e-09	-0.952838966600000004	0.142578581199999999
7.76800000000000047e-09	-0.938543975800000041	0.219223753100000002
7.77599999999999962e-09	-0.918320470599999994	0.294356210600000001
7.78400000000000042e-09	-0.891912219199999967	0.367792229199999987
7.79199999999999956e-09	-0.859516189799999997	0.438520346999999977
7.80000000000000036e-09	-0.821694147200000002	0.507156292599999947
7.80799999999999951e-09	-0.778117602699999966	0.572194327199999964
7.81600000000000031e-09	-0.729566478500000004	0.632932072300000037
7.82399999999999945e-09	-0.676199055300000018	0.691029480999999945
7.83200000000000025e-09	-0.618160820900000019	0.743455749300000024
7.8399999999999994e-09	-0.555670940199999963	0.7916156674
7.8480000000000002e-09	-0.4894374165	0.83458946359999997
7.85599999999999934e-09	-0.420521980799999973	0.871585441699999963
7.86400000000000014e-09	-0.348244952900000015	0.903178330699999976
7.87199999999999929e-09	-0.273720332600000005	0.928618666700000039
7.88000000000000009e-09	-0.196780639099999988	0.947829821100000025
7.88799999999999923e-09	-0.118535976700000004	0.961018245899999957
7.89600000000000003e-09	-0.0396008917000000016	0.967533041000000038
7.90399999999999918e-09	0.040923341299999999	0.967554817500000053
7.91199999999999997e-09	0.121979483	0.960744248799999978
7.91999999999999912e-09	0.201959021500000002	0.947006383800000018
7.92799999999999992e-09	0.280350850799999995	0.926816007799999952
7.93600000000000072e-09	0.356417726800000001	0.900004153899999992
7.94399999999999986e-09	0.429602031900000014	0.867259058300000052
7.95200000000000066e-09	0.498733686000000009	0.830408320800000044
7.95999999999999981e-09	0.561052543299999984	0.789421487799999988
7.96800000000000061e-09	0.620055584199999954	0.743228190700000013
7.97599999999999975e-09	0.677356607200000016	0.691763885800000033
7.98400000000000055e-09	0.731727177500000048	0.633975567999999989
7.9919999999999997e-09	0.781253100000000034	0.571779320199999996
8.0000000000000005e-09	0.825990977899999979	0.504529605600000042
8.00799999999999964e-09	0.865034563399999956	0.434007364399999984
8.01600000000000044e-09	0.897935456100000029	0.360428105599999993
8.02399999999999959e-09	0.924490524700000038	0.284630364999999996
8.03200000000000039e-09	0.944295958200000007	0.207059367100000002
8.03999999999999953e-09	0.957403467799999963	0.128162848200000012
8.04800000000000033e-09	0.963807927299999978	0.0487835495000000022
8.05599999999999948e-09	0.963620402800000053	-0.0303820622999999984
8.06400000000000028e-09	0.956814239199999972	-0.109281693999999999
8.07199999999999942e-09	0.94346130039999998	-0.187193929799999992
8.08000000000000022e-09	0.923828125	-0.263344259500000011
8.08799999999999937e-09	0.898279038299999999	-0.337673407699999983
8.09600000000000017e-09	0.866888302200000016	-0.408971920599999983
8.10399999999999931e-09	0.829981523499999985	-0.477624593099999994
8.11200000000000011e-09	0.787749944800000046	-0.542273633900000052
8.11999999999999926e-09	0.740378657900000015	-0.603984347399999955
8.12800000000000006e-09	0.688929723100000002	-0.661083062100000007
8.1359999999999992e-09	0.633057038699999963	-0.713532592399999999
8.144e-09	0.573488784799999984	-0.761558230300000027
8.15199999999999915e-09	0.510158599000000046	-0.80451738220000002
8.15999999999999995e-09	0.444028381999999999	-0.842355416299999993
8.16799999999999909e-09	0.375249986400000013	-0.875149003999999953
8.17599999999999989e-09	0.303808412799999983	-0.902328817999999977
8.18399999999999904e-09	0.230190670600000008	-0.923343898399999974
8.19199999999999984e-09	0.154709861899999995	-0.938924076800000007
8.19999999999999898e-09	0.0782560917000000023	-0.947329550099999973
8.20799999999999978e-09	0.00143087349999999999	-0.950519142999999955
8.21599999999999893e-09	-0.0754479079999999941	-0.947033903100000019
8.22399999999999972e-09	-0.151723846699999998	-0.937423197800000052
8.23199999999999887e-09	-0.226935063599999987	-0.921662101400000044
8.23999999999999967e-09	-0.300559825700000005	-0.899740026200000043
8.24799999999999881e-09	-0.371788972399999973	-0.871845359499999972
8.25599999999999961e-09	-0.440400659000000028	-0.838315012999999998
8.26399999999999876e-09	-0.505862374000000004	-0.799632083300000018
8.27199999999999956e-09	-0.567542060700000017	-0.755930327199999974
8.2799999999999987e-09	-0.626056353600000004	-0.707619638599999989
8.2879999999999995e-09	-0.680056542800000052	-0.655157054200000033
8.29599999999999865e-09	-0.730273449000000019	-0.598208562000000055
8.30399999999999945e-09	-0.774978797000000053	-0.538180365899999957
8.31199999999999859e-09	-0.815881535199999952	-0.474201340099999979
8.32000000000000105e-09	-0.8514603382	-0.407372272500000021
8.32800000000000019e-09	-0.881569896200000036	-0.338279063499999977
8.33600000000000099e-09	-0.906464990899999989	-0.266518100699999982
8.34400000000000014e-09	-0.925482832100000041	-0.193233863099999986
8.35200000000000094e-09	-0.93898645209999998	-0.118475140399999998
8.36000000000000008e-09	-0.946535633800000054	-0.0428204912999999993
8.36800000000000088e-09	-0.947978480600000006	0.0334120107000000013
8.37600000000000003e-09	-0.94320555159999997	0.110037052499999996
8.38400000000000083e-09	-0.932093967599999962	0.186214008600000008
8.39199999999999997e-09	-0.914707543000000012	0.261443468700000015
8.40000000000000077e-09	-0.891142971700000008	0.335149923399999994
8.40799999999999992e-09	-0.861477400599999998	0.406671797599999996
8.41600000000000072e-09	-0.826177999100000005	0.475655023299999979
8.42399999999999986e-09	-0.785302937099999987	0.541407171899999984
8.43200000000000066e-09	-0.739208710999999963	0.603297708499999974
8.43999999999999981e-09	-0.687673169900000048	0.661353373199999983
8.44800000000000061e-09	-0.631984470799999976	0.714839172200000039
8.45599999999999975e-09	-0.572651540399999992	0.763653511300000032
8.46400000000000055e-09	-0.50905454530000005	0.80767268169999995
8.4719999999999997e-09	-0.44254614040000001	0.846930767399999951
8.4800000000000005e-09	-0.372497974999999981	0.880702767399999975
8.48799999999999964e-09	-0.300243390399999976	0.908964145500000043
8.49600000000000044e-09	-0.225858455600000008	0.930753612299999977
8.50399999999999959e-09	-0.150200882899999999	0.946974039500000031
8.51200000000000038e-09	-0.0733201458999999944	0.957245211199999946
8.51999999999999953e-09	0.00481170570000000013	0.960784178599999983
8.52800000000000033e-09	0.0830937147000000015	0.958665220899999948
8.53599999999999947e-09	0.1612444814	0.950190796400000037
8.54400000000000027e-09	0.238647066200000008	0.93477598340000001
8.55199999999999942e-09	0.314787542400000009	0.912937916700000018
8.56000000000000022e-09	0.3889302751	0.884939837699999954
8.56799999999999936e-09	0.461197120999999988	0.850458754900000002
8.57600000000000016e-09	0.530459947600000037	0.810038925500000007
8.58399999999999931e-09	0.596508142499999949	0.762876171000000047
8.59200000000000011e-09	0.658082034199999999	0.709757411699999952
8.59999999999999925e-09	0.714391304099999958	0.651254223200000038
8.60800000000000005e-09	0.765219403699999967	0.588043510400000025
8.6159999999999992e-09	0.809730159400000038	0.520979427500000036
8.624e-09	0.848481073700000032	0.450818259599999993
8.63199999999999914e-09	0.880682246699999949	0.378593730999999989
8.63999999999999994e-09	0.905705566800000028	0.305508102000000004
8.64799999999999909e-09	0.925462569000000013	0.230557342800000009
8.65599999999999989e-09	0.938614635999999947	0.154693848999999994
8.66399999999999903e-09	0.945987116900000036	0.0788183781000000028
8.67199999999999983e-09	0.947579410000000011	0.00349024160000000003
8.67999999999999898e-09	0.943644492400000034	-0.0722465364000000054
8.68800000000000143e-09	0.933493517599999989	-0.147164476300000013
8.69599999999999892e-09	0.917720088299999959	-0.221317683300000012
8.70400000000000138e-09	0.896545177699999973	-0.293535740300000014
8.71200000000000052e-09	0.870076190699999974	-0.363857737700000017
8.72000000000000132e-09	0.83813912469999996	-0.432170478700000027
8.72800000000000047e-09	0.801132402200000038	-0.4981535084
8.73600000000000127e-09	0.758938230699999994	-0.56105655430000001
8.74400000000000041e-09	0.712039375200000046	-0.620773521800000005
8.75200000000000121e-09	0.660233469699999964	-0.676821321000000031
8.76000000000000036e-09	0.603895274500000023	-0.728775813699999997
8.76800000000000115e-09	0.543710779099999986	-0.775982072000000023
8.7760000000000003e-09	0.479425226799999993	-0.818548764500000026
8.7840000000000011e-09	0.410963251099999982	-0.855384385200000041
8.79200000000000024e-09	0.340491452899999991	-0.886716502600000012
8.80000000000000104e-09	0.267302244799999977	-0.912308741699999981
8.80800000000000019e-09	0.191626835100000004	-0.931298998299999958
8.81600000000000099e-09	0.114566511400000001	-0.944349034200000048
8.82400000000000013e-09	0.0373102626999999992	-0.950182209099999953
8.83200000000000093e-09	-0.0406803182000000027	-0.949732734899999986
8.84000000000000008e-09	-0.118264947100000004	-0.942503497999999995
8.84800000000000088e-09	-0.194822023799999994	-0.929184856799999959
8.85600000000000002e-09	-0.269224746399999992	-0.909193298799999994
8.86400000000000082e-09	-0.342120360199999973	-0.883010693599999952
8.87199999999999997e-09	-0.412181310199999984	-0.851331134100000053
8.88000000000000077e-09	-0.478862345600000017	-0.813868018199999987
8.88799999999999991e-09	-0.54227782339999997	-0.771325802100000013
8.89600000000000071e-09	-0.601905663699999982	-0.723952503899999988
8.90399999999999986e-09	-0.656924533700000035	-0.672102670100000021
8.91200000000000066e-09	-0.707517379300000027	-0.616465700899999969
8.9199999999999998e-09	-0.753304458699999957	-0.557080828899999991
8.9280000000000006e-09	-0.794216274199999961	-0.49461382650000002
8.93599999999999975e-09	-0.82981158129999999	-0.429293309199999973
8.94400000000000055e-09	-0.860979011099999969	-0.361652680599999998
8.95199999999999969e-09	-0.885855681300000031	-0.292267616299999977
8.96000000000000049e-09	-0.905872832100000025	-0.220754699400000004
8.96799999999999964e-09	-0.920663726899999979	-0.148105104099999996
8.97600000000000044e-09	-0.929757188099999965	-0.0748072065999999952
8.98399999999999958e-09	-0.933770518300000019	-0.000178977800000000006
8.99200000000000038e-09	-0.93187220049999997	0.0745871815999999965
8.99999999999999953e-09	-0.924203037499999991	0.148895339999999987
