# Freq(Hz) Amp(arb)
0.000000	3.418683
1248.436957	10.334723
2496.873914	6.183478
3745.310871	7.089412
4993.747828	10.829642
6242.184785	1.166244
7490.621742	12.806804
8739.058699	6.664705
9987.495655	10.716424
11235.932612	15.225140
12484.369569	3.696789
13732.806526	24.070519
14981.243483	12.584260
16229.680440	36.298662
17478.117397	87.982858
18726.554354	99.652981
19974.991311	62.994860
21223.428268	10.445799
22471.865225	18.299203
23720.302182	13.074082
24968.739139	4.719796
26217.176096	10.567858
27465.613052	2.021339
28714.050009	6.513306
29962.486966	4.805838
31210.923923	2.524396
32459.360880	5.275734
33707.797837	0.670768
34956.234794	3.878071
36204.671751	2.516199
37453.108708	1.839695
38701.545665	3.093355
39949.982622	0.026254
41198.419579	2.601136
42446.856536	1.551455
43695.293493	1.391237
44943.730449	2.093522
46192.167406	0.084346
47440.604363	1.797877
48689.041320	0.864163
49937.478277	1.150007
51185.915234	1.551041
52434.352191	0.227034
53682.789148	1.440842
54931.226105	0.534563
56179.663062	1.005574
57428.100019	1.059311
58676.536976	0.374970
59924.973933	1.176134
61173.410890	0.407265
62421.847846	0.804371
63670.284803	0.806728
64918.721760	0.277822
66167.158717	0.819157
67415.595674	0.246052
68664.032631	0.737957
69912.469588	0.591359
71160.906545	0.260771
72409.343502	0.697486
73657.780459	0.032929
74906.217416	0.612344
76154.654373	0.371990
77403.091330	0.236834
78651.528287	0.538306
79899.965244	0.124348
81148.402200	0.477731
82396.839157	0.404240
83645.276114	0.396940
84893.713071	0.548120
86142.150028	0.103908
87390.586985	0.533539
88639.023942	0.277334
89887.460899	0.246630
91135.897856	0.442229
92384.334813	0.052423
93632.771770	0.425373
94881.208727	0.168982
96129.645684	0.278312
97378.082641	0.420770
98626.519597	0.081901
99874.956554	0.385060
101123.393511	0.209698
102371.830468	0.330132
103620.267425	0.374285
104868.704382	0.118255
106117.141339	0.297133
107365.578296	0.216640
108614.015253	0.306440
109862.452210	0.350120
111110.889167	0.098720
112359.326124	0.349619
113607.763081	0.106055
114856.200038	0.280936
116104.636994	0.162935
117353.073951	0.213960
118601.510908	0.325253
119849.947865	0.053626
121098.384822	0.395039
122346.821779	0.200632
123595.258736	0.095554
124843.695693	0.219171
126092.132650	0.108741
127340.569607	0.174998
128589.006564	0.173188
129837.443521	0.198557
131085.880478	0.188858
132334.317435	0.057103
133582.754392	0.173064
134831.191348	0.096896
136079.628305	0.166644
137328.065262	0.220767
138576.502219	0.109612
139824.939176	0.229618
141073.376133	0.042225
142321.813090	0.195349
143570.250047	0.136057
144818.687004	0.063161
146067.123961	0.207710
147315.560918	0.161351
148563.997875	0.133223
149812.434832	0.149009
151060.871789	0.087103
152309.308745	0.127504
153557.745702	0.138734
154806.182659	0.185684
156054.619616	0.081070
157303.056573	0.017902
158551.493530	0.147317
159799.930487	0.030602
161048.367444	0.193680
162296.804401	0.081621
163545.241358	0.107599
164793.678315	0.168899
166042.115272	0.063949
167290.552229	0.095084
168538.989186	0.145666
169787.426142	0.094970
171035.863099	0.187243
172284.300056	0.064024
173532.737013	0.128517
174781.173970	0.049498
176029.610927	0.095185
177278.047884	0.161216
178526.484841	0.060149
179774.921798	0.122680
181023.358755	0.100244
182271.795712	0.139346
183520.232669	0.094084
184768.669626	0.114642
186017.106583	0.066531
187265.543539	0.148700
188513.980496	0.064539
189762.417453	0.040681
191010.854410	0.020461
192259.291367	0.133627
193507.728324	0.034930
194756.165281	0.096043
196004.602238	0.031873
197253.039195	0.057756
198501.476152	0.088127
199749.913109	0.131053
200998.350066	0.028734
202246.787023	0.143132
203495.223980	0.065235
204743.660937	0.103191
205992.097893	0.087531
207240.534850	0.098269
208488.971807	0.056533
209737.408764	0.041773
210985.845721	0.041567
212234.282678	0.045493
213482.719635	0.058547
214731.156592	0.136057
215979.593549	0.050140
217228.030506	0.061126
218476.467463	0.121986
219724.904420	0.066574
220973.341377	0.041167
222221.778334	0.028355
223470.215290	0.093070
224718.652247	0.122318
225967.089204	0.120407
227215.526161	0.090487
228463.963118	0.109152
229712.400075	0.094802
230960.837032	0.137985
232209.273989	0.067118
233457.710946	0.111767
234706.147903	0.116383
235954.584860	0.184511
237203.021817	0.112128
238451.458774	0.100944
239699.895731	0.105415
240948.332687	0.061469
242196.769644	0.042151
243445.206601	0.079817
244693.643558	0.127996
245942.080515	0.014534
247190.517472	0.110855
248438.954429	0.081035
249687.391386	0.078650
250935.828343	0.018078
252184.265300	0.035061
253432.702257	0.068910
254681.139214	0.052919
255929.576171	0.077609
257178.013128	0.062655
258426.450084	0.061788
259674.887041	0.098242
260923.323998	0.041251
262171.760955	0.076871
263420.197912	0.091950
264668.634869	0.088229
265917.071826	0.129212
267165.508783	0.039066
268413.945740	0.108114
269662.382697	0.079659
270910.819654	0.076328
272159.256611	0.026893
273407.693568	0.055447
274656.130525	0.071077
275904.567482	0.054497
277153.004438	0.025699
278401.441395	0.060389
279649.878352	0.192428
280898.315309	0.052480
282146.752266	0.086355
283395.189223	0.026033
284643.626180	0.097936
285892.063137	0.065105
287140.500094	0.057932
288388.937051	0.094166
289637.374008	0.033531
290885.810965	0.068710
292134.247922	0.104711
293382.684879	0.089485
294631.121835	0.074052
295879.558792	0.018554
297127.995749	0.139628
298376.432706	0.100296
299624.869663	0.069565
300873.306620	0.075651
302121.743577	0.093024
303370.180534	0.087534
304618.617491	0.015760
305867.054448	0.082673
307115.491405	0.094647
308363.928362	0.008017
309612.365319	0.099514
310860.802276	0.071831
312109.239232	0.055896
313357.676189	0.053772
314606.113146	0.083668
315854.550103	0.095988
317102.987060	0.085554
318351.424017	0.081624
319599.860974	0.023504
320848.297931	0.018927
322096.734888	0.092172
323345.171845	0.083486
324593.608802	0.066929
325842.045759	0.113094
327090.482716	0.040700
328338.919673	0.042962
329587.356629	0.077052
330835.793586	0.100303
332084.230543	0.016474
333332.667500	0.104306
334581.104457	0.032902
335829.541414	0.074493
337077.978371	0.051585
338326.415328	0.009523
339574.852285	0.051655
340823.289242	0.062027
342071.726199	0.038636
343320.163156	0.057691
344568.600113	0.068063
345817.037070	0.021532
347065.474027	0.090231
348313.910983	0.040931
349562.347940	0.075400
350810.784897	0.122285
352059.221854	0.145883
353307.658811	0.043759
354556.095768	0.122555
355804.532725	0.054673
357052.969682	0.038953
358301.406639	0.031648
359549.843596	0.112763
360798.280553	0.038019
362046.717510	0.011903
363295.154467	0.048172
364543.591424	0.014397
365792.028380	0.038474
367040.465337	0.113299
368288.902294	0.029489
369537.339251	0.035522
370785.776208	0.086761
372034.213165	0.063685
373282.650122	0.004206
374531.087079	0.178406
375779.524036	0.028631
377027.960993	0.021230
378276.397950	0.124668
379524.834907	0.105134
380773.271864	0.080811
382021.708821	0.064361
383270.145777	0.070477
384518.582734	0.025890
385767.019691	0.072724
387015.456648	0.014809
388263.893605	0.192681
389512.330562	0.060109
390760.767519	0.077027
392009.204476	0.119306
393257.641433	0.052277
394506.078390	0.015562
395754.515347	0.096836
397002.952304	0.118552
398251.389261	0.099417
399499.826218	0.056684
400748.263175	0.074824
401996.700131	0.027205
403245.137088	0.050862
404493.574045	0.052557
405742.011002	0.036726
406990.447959	0.070664
408238.884916	0.035406
409487.321873	0.061579
410735.758830	0.050954
411984.195787	0.095895
413232.632744	0.041958
414481.069701	0.054639
415729.506658	0.094798
416977.943615	0.055200
418226.380572	0.084736
419474.817528	0.076984
420723.254485	0.090992
421971.691442	0.089770
423220.128399	0.038906
424468.565356	0.070633
425717.002313	0.104155
426965.439270	0.041903
428213.876227	0.091813
429462.313184	0.027400
430710.750141	0.149202
431959.187098	0.030581
433207.624055	0.067999
434456.061012	0.017348
435704.497969	0.059006
436952.934925	0.040579
438201.371882	0.055648
439449.808839	0.032753
440698.245796	0.035445
441946.682753	0.060466
443195.119710	0.037763
444443.556667	0.050130
445691.993624	0.074857
446940.430581	0.043933
448188.867538	0.130797
449437.304495	0.037247
450685.741452	0.172882
451934.178409	0.083611
453182.615366	0.006840
454431.052322	0.040352
455679.489279	0.107198
456927.926236	0.035168
458176.363193	0.084993
459424.800150	0.101743
460673.237107	0.113732
461921.674064	0.062457
463170.111021	0.098439
464418.547978	0.083006
465666.984935	0.070868
466915.421892	0.054183
468163.858849	0.046608
469412.295806	0.109178
470660.732763	0.035040
471909.169720	0.041222
473157.606676	0.085442
474406.043633	0.092893
475654.480590	0.079301
476902.917547	0.094730
478151.354504	0.062978
479399.791461	0.094441
480648.228418	0.015066
481896.665375	0.126132
483145.102332	0.081409
484393.539289	0.038474
485641.976246	0.009677
486890.413203	0.022292
488138.850160	0.127303
489387.287117	0.092282
490635.724073	0.069195
491884.161030	0.054549
493132.597987	0.050609
494381.034944	0.143118
495629.471901	0.088134
496877.908858	0.156260
498126.345815	0.170295
