# Freq(Hz) Amp(arb)
0.000000	16.771828
1280.737705	0.395702
2561.475410	0.834771
3842.213115	0.756005
5122.950820	0.599711
6403.688525	0.528665
7684.426230	0.516826
8965.163934	0.694749
10245.901639	1.648894
11526.639344	8.617997
12807.377049	32.744009
14088.114754	65.397950
15368.852459	74.911003
16649.590164	46.878075
17930.327869	16.400632
19211.065574	2.788176
20491.803279	0.673430
21772.540984	0.674352
23053.278689	0.769202
24334.016393	0.859658
25614.754098	0.738529
26895.491803	0.309442
28176.229508	0.114429
29456.967213	0.211984
30737.704918	0.382701
32018.442623	0.306324
33299.180328	0.121251
34579.918033	0.468076
35860.655738	0.352047
37141.393443	0.241642
38422.131148	0.152068
39702.868852	0.239104
40983.606557	0.213344
42264.344262	0.462482
43545.081967	0.303228
44825.819672	0.252506
46106.557377	0.302412
47387.295082	0.618508
48668.032787	0.100655
49948.770492	0.245888
51229.508197	0.260232
52510.245902	0.164281
53790.983607	0.069989
55071.721311	0.290488
56352.459016	0.264208
57633.196721	0.156595
58913.934426	0.144317
60194.672131	0.102336
61475.409836	0.342684
62756.147541	0.246936
64036.885246	0.242699
65317.622951	0.331137
66598.360656	0.269851
67879.098361	0.304005
69159.836066	0.606905
70440.573770	0.152806
71721.311475	0.260142
73002.049180	0.439725
74282.786885	0.135628
75563.524590	0.314369
76844.262295	0.057702
78125.000000	0.151271
79405.737705	0.155359
80686.475410	0.202595
81967.213115	0.087567
83247.950820	0.121287
84528.688525	0.168724
85809.426230	0.306949
87090.163934	0.079704
88370.901639	0.269845
89651.639344	0.147742
90932.377049	0.234304
92213.114754	0.047186
93493.852459	0.432501
94774.590164	0.022619
96055.327869	0.198141
97336.065574	0.272432
98616.803279	0.101209
99897.540984	0.209550
101178.278689	0.343824
102459.016393	0.078652
103739.754098	0.324555
105020.491803	0.047889
106301.229508	0.036875
107581.967213	0.072180
108862.704918	0.587395
110143.442623	0.049385
111424.180328	0.262255
112704.918033	0.288805
113985.655738	0.230166
115266.393443	0.221026
116547.131148	0.159116
117827.868852	0.408596
119108.606557	0.196812
120389.344262	0.039388
121670.081967	0.122578
122950.819672	0.045579
124231.557377	0.327979
125512.295082	0.212836
126793.032787	0.101262
128073.770492	0.105140
129354.508197	0.209302
130635.245902	0.352241
131915.983607	0.202462
133196.721311	0.370307
134477.459016	0.215208
135758.196721	0.400891
137038.934426	0.330217
138319.672131	0.235820
139600.409836	0.517088
140881.147541	0.180420
142161.885246	0.141461
143442.622951	0.143933
144723.360656	0.562613
146004.098361	0.539834
147284.836066	0.092375
148565.573770	0.273423
149846.311475	0.301194
151127.049180	0.263139
152407.786885	0.135683
153688.524590	0.159450
154969.262295	0.047225
156250.000000	0.084727
157530.737705	0.134795
158811.475410	0.021617
160092.213115	0.353512
161372.950820	0.524594
162653.688525	0.070553
163934.426230	0.117482
165215.163934	0.261706
166495.901639	0.182466
167776.639344	0.069028
169057.377049	0.493327
170338.114754	0.132655
171618.852459	0.131832
172899.590164	0.128546
174180.327869	0.287205
175461.065574	0.163863
176741.803279	0.304605
178022.540984	0.209760
179303.278689	0.155207
180584.016393	0.328952
181864.754098	0.147441
183145.491803	0.341680
184426.229508	0.293115
185706.967213	0.488170
186987.704918	0.127548
188268.442623	0.298690
189549.180328	0.010368
190829.918033	0.280736
192110.655738	0.294636
193391.393443	0.311355
194672.131148	0.272274
195952.868852	0.207186
197233.606557	0.325474
198514.344262	0.276493
199795.081967	0.170475
201075.819672	0.066573
202356.557377	0.175269
203637.295082	0.522215
204918.032787	0.387292
206198.770492	0.225308
207479.508197	0.033598
208760.245902	0.241146
210040.983607	0.121277
211321.721311	0.351022
212602.459016	0.261033
213883.196721	0.239074
215163.934426	0.191081
216444.672131	0.138637
217725.409836	0.126299
219006.147541	0.302049
220286.885246	0.254394
221567.622951	0.121873
222848.360656	0.069322
224129.098361	0.337594
225409.836066	0.492779
226690.573770	0.221544
227971.311475	0.118894
229252.049180	0.162064
230532.786885	0.149465
231813.524590	0.350502
233094.262295	0.221006
234375.000000	0.340433
235655.737705	0.332108
236936.475410	0.188800
238217.213115	0.291672
239497.950820	0.428861
240778.688525	0.215463
242059.426230	0.381496
243340.163934	0.235029
244620.901639	0.136108
245901.639344	0.219229
247182.377049	0.186044
248463.114754	0.205515
249743.852459	0.139934
251024.590164	0.196132
252305.327869	0.107047
253586.065574	0.263713
254866.803279	0.335838
256147.540984	0.441060
257428.278689	0.051640
258709.016393	0.042081
259989.754098	0.193926
261270.491803	0.361481
262551.229508	0.284946
263831.967213	0.215862
265112.704918	0.489489
266393.442623	0.531560
267674.180328	0.394763
268954.918033	0.115164
270235.655738	0.104919
271516.393443	0.073160
272797.131148	0.054421
274077.868852	0.168803
275358.606557	0.181878
276639.344262	0.247067
277920.081967	0.241441
279200.819672	0.460897
280481.557377	0.271842
281762.295082	0.383062
283043.032787	0.329506
284323.770492	0.234361
285604.508197	0.292976
286885.245902	0.251300
288165.983607	0.100635
289446.721311	0.343384
290727.459016	0.095991
292008.196721	0.358407
293288.934426	0.274053
294569.672131	0.282512
295850.409836	0.031142
297131.147541	0.435073
298411.885246	0.151482
299692.622951	0.298200
300973.360656	0.204227
302254.098361	0.164064
303534.836066	0.314228
304815.573770	0.248248
306096.311475	0.134851
307377.049180	0.132091
308657.786885	0.445870
309938.524590	0.039487
311219.262295	0.402860
312500.000000	0.170743
313780.737705	0.217017
315061.475410	0.605395
316342.213115	0.424066
317622.950820	0.085689
318903.688525	0.379905
320184.426230	0.169407
321465.163934	0.484428
322745.901639	0.207588
324026.639344	0.190625
325307.377049	0.116199
326588.114754	0.246277
327868.852459	0.169344
329149.590164	0.191565
330430.327869	0.241347
331711.065574	0.067573
332991.803279	0.337418
334272.540984	0.275161
335553.278689	0.318006
336834.016393	0.470394
338114.754098	0.330590
339395.491803	0.385494
340676.229508	0.480075
341956.967213	0.143820
343237.704918	0.321636
344518.442623	0.223023
345799.180328	0.294556
347079.918033	0.167485
348360.655738	0.163442
349641.393443	0.319760
350922.131148	0.195505
352202.868852	0.150537
353483.606557	0.209550
354764.344262	0.291917
356045.081967	0.369902
357325.819672	0.255092
358606.557377	0.246964
359887.295082	0.255333
361168.032787	0.182997
362448.770492	0.308324
363729.508197	0.149350
365010.245902	0.331663
366290.983607	0.335104
367571.721311	0.108152
368852.459016	0.160579
370133.196721	0.158298
371413.934426	0.380595
372694.672131	0.224088
373975.409836	0.135280
375256.147541	0.322310
376536.885246	0.200269
377817.622951	0.457692
379098.360656	0.143367
380379.098361	0.256694
381659.836066	0.283596
382940.573770	0.355591
384221.311475	0.134518
385502.049180	0.450359
386782.786885	0.307890
388063.524590	0.201385
389344.262295	0.328087
390625.000000	0.019895
391905.737705	0.094028
393186.475410	0.109612
394467.213115	0.180894
395747.950820	0.262181
397028.688525	0.373141
398309.426230	0.247926
399590.163934	0.464364
400870.901639	0.627282
402151.639344	0.305388
403432.377049	0.087289
404713.114754	0.027454
405993.852459	0.185401
407274.590164	0.291981
408555.327869	0.292244
409836.065574	0.454313
411116.803279	0.169576
412397.540984	0.184615
413678.278689	0.277926
414959.016393	0.204705
416239.754098	0.137332
417520.491803	0.322753
418801.229508	0.202658
420081.967213	0.238361
421362.704918	0.240277
422643.442623	0.470710
423924.180328	0.292636
425204.918033	0.445372
426485.655738	0.225790
427766.393443	0.362255
429047.131148	0.214313
430327.868852	0.300028
431608.606557	0.549675
432889.344262	0.111359
434170.081967	0.281507
435450.819672	0.206448
436731.557377	0.362440
438012.295082	0.245631
439293.032787	0.088127
440573.770492	0.152191
441854.508197	0.172978
443135.245902	0.375231
444415.983607	0.120774
445696.721311	0.169882
446977.459016	0.206348
448258.196721	0.207029
449538.934426	0.109506
450819.672131	0.290513
452100.409836	0.227601
453381.147541	0.219470
454661.885246	0.328753
455942.622951	0.411189
457223.360656	0.300480
458504.098361	0.282809
459784.836066	0.436773
461065.573770	0.438575
462346.311475	0.307047
463627.049180	0.349916
464907.786885	0.249623
466188.524590	0.172499
467469.262295	0.225699
468750.000000	0.187907
470030.737705	0.215535
471311.475410	0.601033
472592.213115	0.251476
473872.950820	0.352357
475153.688525	0.462310
476434.426230	0.096754
477715.163934	0.200026
478995.901639	0.153328
480276.639344	0.427010
481557.377049	0.216528
482838.114754	0.235685
484118.852459	0.135373
485399.590164	0.132174
486680.327869	0.217671
487961.065574	0.389085
489241.803279	0.169853
490522.540984	0.061312
491803.278689	0.243068
493084.016393	0.224931
494364.754098	0.179386
495645.491803	0.445800
496926.229508	0.147696
498206.967213	0.402602
499487.704918	0.086092
500768.442623	0.249816
502049.180328	0.389732
503329.918033	0.145404
504610.655738	0.072187
505891.393443	0.224176
507172.131148	0.040805
508452.868852	0.299898
509733.606557	0.212614
511014.344262	0.179321
