# Time(us) Voltage(mV)
0.000000	-11.597034
0.976000	-12.054811
1.952000	-26.856288
2.928000	-12.665181
3.904000	-3.509629
4.880000	-26.245918
5.856000	-15.106662
6.832000	-12.207404
7.808000	-16.022217
8.784000	-10.223701
9.760000	-12.207404
10.736000	-20.599994
11.712000	-11.444441
12.688000	-18.005921
13.664000	-0.610370
14.640000	-9.002960
15.616000	-21.973327
16.592000	-10.834071
17.568000	-12.970367
18.544000	-23.957030
19.520000	-3.509629
20.496000	-18.463698
21.472000	-0.762963
22.448000	-16.479995
23.424000	-13.733329
24.400000	-10.681478
25.376000	-14.038514
26.352000	-11.597034
27.328000	-12.359996
28.304000	-14.343699
29.280000	-14.038514
30.256000	-10.681478
31.232000	-9.460738
32.208000	-17.853328
33.184000	-12.054811
34.160000	-16.785180
35.136000	-3.662221
36.112000	-10.986663
37.088000	-7.477035
38.064000	-8.392590
39.040000	-10.223701
40.016000	-17.853328
40.992000	-8.239998
41.968000	-18.005921
42.944000	-20.447401
43.920000	-25.330363
44.896000	-16.937773
45.872000	-15.411847
46.848000	-25.177770
47.824000	-23.651845
48.800000	-29.908139
49.776000	-5.798517
50.752000	-8.239998
51.728000	-18.768883
52.704000	-8.850368
53.680000	-30.671102
54.656000	-20.294809
55.632000	-33.570360
56.608000	-15.106662
57.584000	-12.054811
58.560000	-21.362957
59.536000	-28.077029
60.512000	-23.194067
61.488000	-12.054811
62.464000	-22.125919
63.440000	-9.918516
64.416000	-16.632588
65.392000	-22.125919
66.368000	-4.577776
67.344000	-15.106662
68.320000	-9.308145
69.296000	-28.229621
70.272000	-29.908139
71.248000	-7.934812
72.224000	-19.074068
73.200000	-9.002960
74.176000	-17.548143
75.152000	-27.924436
76.128000	-8.697775
77.104000	-22.888882
78.080000	-21.973327
79.056000	-23.804437
80.032000	-9.308145
81.008000	-15.717032
81.984000	-17.090365
82.960000	-19.531846
83.936000	-24.109622
84.912000	-18.005921
85.888000	-18.463698
86.864000	-24.719993
87.840000	-11.291849
88.816000	-14.038514
89.792000	-9.918516
90.768000	-19.379254
91.744000	7.324442
92.720000	-7.782220
93.696000	1.831111
94.672000	-4.577776
95.648000	-6.256294
96.624000	-11.749626
97.600000	-19.379254
98.576000	-7.934812
99.552000	-6.256294
100.528000	1.068148
101.504000	-1.068148
102.480000	4.730369
103.456000	3.357036
104.432000	-13.122959
105.408000	1.068148
106.384000	4.272591
107.360000	-3.051851
108.336000	-5.951109
109.312000	16.937773
110.288000	0.000000
111.264000	-5.035554
112.240000	-10.681478
113.216000	8.697775
114.192000	1.678518
115.168000	5.951109
116.144000	-12.207404
117.120000	-17.548143
118.096000	-1.983703
119.072000	-25.025178
120.048000	-19.837031
121.024000	-10.986663
122.000000	-23.651845
122.976000	-36.927396
123.952000	-24.567400
124.928000	-43.031098
125.904000	-32.502213
126.880000	-44.251839
127.856000	-43.183691
128.832000	-41.352580
129.808000	-41.199988
130.784000	-46.540727
131.760000	-50.660726
132.736000	-35.554064
133.712000	-62.715537
134.688000	-50.202948
135.664000	-61.037019
136.640000	-60.579241
137.616000	-57.679983
138.592000	-70.497757
139.568000	-62.257759
140.544000	-65.004425
141.520000	-55.238502
142.496000	-66.530351
143.472000	-46.388134
144.448000	-54.628132
145.424000	-47.761467
146.400000	-43.794061
147.376000	-57.527390
148.352000	-27.008881
149.328000	-41.047395
150.304000	-14.954070
151.280000	-5.951109
152.256000	-24.872585
153.232000	-9.765923
154.208000	-7.934812
155.184000	1.220740
156.160000	17.242958
157.136000	5.951109
158.112000	18.311106
159.088000	36.622211
160.064000	28.077029
161.040000	26.398511
162.016000	38.911100
162.992000	54.170354
163.968000	48.677023
164.944000	47.303690
165.920000	52.797021
166.896000	34.485916
167.872000	59.511093
168.848000	47.608875
169.824000	44.557024
170.800000	50.050356
171.776000	66.530351
172.752000	51.728874
173.728000	63.631092
174.704000	78.279977
175.680000	63.173315
176.656000	41.199988
177.632000	46.388134
178.608000	48.371838
179.584000	28.077029
180.560000	15.411847
181.536000	32.959990
182.512000	4.730369
183.488000	0.610370
184.464000	-11.902219
185.440000	-6.866665
186.416000	-36.774804
187.392000	-41.657765
188.368000	-37.995544
189.344000	-57.222205
190.320000	-77.669607
191.296000	-75.685904
192.272000	-90.639973
193.248000	-99.032563
194.224000	-118.869594
195.200000	-122.684408
196.176000	-129.093295
197.152000	-142.521439
198.128000	-139.622181
199.104000	-157.933287
200.080000	-144.352550
201.056000	-156.102176
202.032000	-161.137730
203.008000	-173.192541
203.984000	-146.336253
204.960000	-173.192541
205.936000	-170.903653
206.912000	-153.965880
207.888000	-157.475509
208.864000	-148.930326
209.840000	-130.161443
210.816000	-129.551073
211.792000	-127.872555
212.768000	-95.065157
213.744000	-99.185156
214.720000	-84.078494
215.696000	-76.448866
216.672000	-47.914060
217.648000	-34.485916
218.624000	-4.425184
219.600000	11.291849
220.576000	-1.678518
221.552000	48.066652
222.528000	54.475539
223.504000	74.617756
224.480000	83.010346
225.456000	106.814783
226.432000	119.022187
227.408000	140.995514
228.384000	153.813288
229.360000	171.056246
230.336000	187.688833
231.312000	185.705130
232.288000	200.659200
233.264000	217.139195
234.240000	213.782159
235.216000	193.792535
236.192000	216.834010
237.168000	223.090304
238.144000	232.856227
239.120000	217.139195
240.096000	200.048830
241.072000	194.708090
242.048000	188.756981
243.024000	176.244392
244.000000	163.274026
244.976000	157.628101
245.952000	143.436995
246.928000	107.425153
247.904000	84.383679
248.880000	67.598498
249.856000	40.284433
250.832000	21.210364
251.808000	-17.395550
252.784000	-46.082949
253.760000	-77.822199
254.736000	-103.457747
255.712000	-123.294778
256.688000	-142.674032
257.664000	-185.552538
258.640000	-194.708090
259.616000	-228.583636
260.592000	-245.826594
261.568000	-264.290292
262.544000	-295.876949
263.520000	-299.844356
264.496000	-327.463607
265.472000	-334.025086
266.448000	-344.401379
267.424000	-352.946562
268.400000	-365.306558
269.376000	-363.780633
270.352000	-367.442854
271.328000	-359.965819
272.304000	-350.352489
273.280000	-343.791009
274.256000	-332.804346
275.232000	-314.493240
276.208000	-286.568804
277.184000	-274.056215
278.160000	-257.423627
279.136000	-218.054750
280.112000	-187.383648
281.088000	-158.848842
282.064000	-153.508103
283.040000	-82.552568
284.016000	-66.835536
284.992000	-33.570360
285.968000	0.610370
286.944000	46.082949
287.920000	89.571825
288.896000	109.866634
289.872000	149.540696
290.848000	187.688833
291.824000	217.139195
292.800000	251.167333
293.776000	286.873989
294.752000	315.866573
295.728000	314.340648
296.704000	345.927305
297.680000	372.936186
298.656000	379.802850
299.632000	397.503586
300.608000	421.460616
301.584000	409.100620
302.560000	409.405805
303.536000	410.626545
304.512000	426.190985
305.488000	395.977660
306.464000	398.419141
307.440000	370.342112
308.416000	354.167302
309.392000	330.668050
310.368000	305.337687
311.344000	281.685842
312.320000	250.709555
313.296000	207.831050
314.272000	158.848842
315.248000	133.976257
316.224000	84.688864
317.200000	45.319987
318.176000	12.359996
319.152000	-53.254799
320.128000	-81.026643
321.104000	-117.191076
322.080000	-176.854762
323.056000	-203.558458
324.032000	-253.303629
325.008000	-291.299173
325.984000	-318.765831
326.960000	-354.930265
327.936000	-386.364330
328.912000	-415.662099
329.888000	-441.908017
330.864000	-470.595416
331.840000	-483.108005
332.816000	-504.928739
333.792000	-508.285775
334.768000	-516.830958
335.744000	-505.081332
336.720000	-496.230964
337.696000	-498.062075
338.672000	-490.890225
339.648000	-467.238380
340.624000	-459.150975
341.600000	-435.651723
342.576000	-415.814692
343.552000	-365.306558
344.528000	-331.278420
345.504000	-293.893246
346.480000	-262.306589
347.456000	-224.158452
348.432000	-195.165868
349.408000	-123.142186
350.384000	-88.198492
351.360000	-41.352580
352.336000	3.509629
353.312000	37.079989
354.288000	90.029603
355.264000	137.943663
356.240000	176.702170
357.216000	208.594012
358.192000	256.965850
359.168000	296.639912
360.144000	321.970275
361.120000	354.930265
362.096000	374.309519
363.072000	404.065065
364.048000	433.057649
365.024000	456.099124
366.000000	473.036897
366.976000	471.358379
367.952000	466.628010
368.928000	501.571703
369.904000	467.238380
370.880000	473.952452
371.856000	435.804315
372.832000	435.651723
373.808000	421.613208
374.784000	392.773217
375.760000	351.573229
376.736000	318.460646
377.712000	285.195471
378.688000	264.748070
379.664000	223.090304
380.640000	188.909574
381.616000	131.839961
382.592000	101.626637
383.568000	53.865169
384.544000	13.275552
385.520000	-27.924436
386.496000	-61.647389
387.472000	-112.765893
388.448000	-149.082919
389.424000	-186.620685
390.400000	-225.989563
391.376000	-265.205847
392.352000	-303.353984
393.328000	-327.311014
394.304000	-359.202857
395.280000	-377.819147
396.256000	-398.876919
397.232000	-425.885800
398.208000	-424.970244
399.184000	-447.859127
400.160000	-448.469497
401.136000	-454.115421
402.112000	-460.219123
403.088000	-456.862087
404.064000	-432.294687
405.040000	-415.662099
406.016000	-407.269509
406.992000	-396.588031
407.968000	-370.189520
408.944000	-351.115452
409.920000	-330.973235
410.896000	-276.192511
411.872000	-260.475478
412.848000	-219.122898
413.824000	-196.539201
414.800000	-153.813288
415.776000	-134.128849
416.752000	-82.552568
417.728000	-50.813318
418.704000	-15.869625
419.680000	28.839991
420.656000	63.783685
421.632000	96.896268
422.608000	112.155522
423.584000	162.053285
424.560000	172.582171
425.536000	203.405866
426.512000	222.327342
427.488000	248.573260
428.464000	249.946593
429.440000	282.601398
430.416000	296.029542
431.392000	304.574725
432.368000	322.580645
433.344000	326.853236
434.320000	332.956938
435.296000	320.749535
436.272000	326.090274
437.248000	303.811762
438.224000	306.100650
439.200000	285.805841
440.176000	274.513993
441.152000	271.767327
442.128000	243.079928
443.104000	219.428083
444.080000	190.893277
445.056000	179.601428
446.032000	134.891812
447.008000	112.765893
447.984000	113.376263
448.960000	73.244423
449.936000	38.300729
450.912000	28.534806
451.888000	-1.831111
452.864000	-40.894803
453.840000	-72.786645
454.816000	-91.555528
455.792000	-107.272561
456.768000	-128.482925
457.744000	-146.183660
458.720000	-169.225135
459.696000	-203.405866
460.672000	-192.724387
461.648000	-226.905118
462.624000	-234.534745
463.600000	-239.417707
464.576000	-240.791040
465.552000	-245.368816
466.528000	-250.556963
467.504000	-257.118442
468.480000	-246.436964
469.456000	-261.696219
470.432000	-244.453261
471.408000	-248.878445
472.384000	-226.294748
473.360000	-228.278451
474.336000	-205.389569
475.312000	-195.928831
476.288000	-176.244392
477.264000	-167.699210
478.240000	-139.011811
479.216000	-139.316996
480.192000	-103.305155
481.168000	-95.980712
482.144000	-78.890347
483.120000	-53.102206
484.096000	-44.862209
485.072000	-35.706656
486.048000	-1.068148
487.024000	29.450362
488.000000	24.872585
488.976000	39.521470
489.952000	48.524430
490.928000	77.822199
491.904000	89.114048
492.880000	97.201453
493.856000	97.354045
494.832000	117.191076
495.808000	129.703665
496.784000	117.496261
497.760000	135.044404
498.736000	139.622181
499.712000	124.973296
500.688000	134.891812
501.664000	138.401440
502.640000	121.158483
503.616000	134.434034
504.592000	109.561449
505.568000	112.002930
506.544000	100.711081
507.520000	95.370342
508.496000	95.675527
509.472000	76.601459
510.448000	70.039979
511.424000	63.631092
512.400000	55.391095
513.376000	37.995544
514.352000	22.278512
515.328000	20.905179
516.304000	1.373333
517.280000	0.305185
518.256000	-4.119999
519.232000	-37.690359
520.208000	-35.859249
521.184000	-59.511093
522.160000	-50.355541
523.136000	-45.014801
524.112000	-61.189611
525.088000	-64.241462
526.064000	-91.402936
527.040000	-86.367382
528.016000	-85.146641
528.992000	-71.565905
529.968000	-95.217750
530.944000	-86.367382
531.920000	-99.642933
532.896000	-97.964415
533.872000	-95.217750
534.848000	-88.351085
535.824000	-89.114048
536.800000	-90.639973
537.776000	-72.328867
538.752000	-77.669607
539.728000	-84.231086
540.704000	-60.884426
541.680000	-76.906644
542.656000	-59.053316
543.632000	-59.663686
544.608000	-59.663686
545.584000	-48.066652
546.560000	-42.725913
547.536000	-53.407392
548.512000	-39.063692
549.488000	-45.014801
550.464000	-12.359996
551.440000	-5.798517
552.416000	-20.905179
553.392000	-11.902219
554.368000	0.152593
555.344000	-0.915555
556.320000	-5.645924
557.296000	-2.136296
558.272000	15.717032
559.248000	25.177770
560.224000	12.207404
561.200000	27.161473
562.176000	9.918516
563.152000	19.379254
564.128000	28.077029
565.104000	19.226661
566.080000	28.534806
567.056000	30.823695
568.032000	21.515549
569.008000	22.125919
569.984000	17.853328
570.960000	16.785180
571.936000	19.379254
572.912000	23.194067
573.888000	0.152593
574.864000	-13.885922
575.840000	9.765923
576.816000	9.002960
577.792000	-13.733329
578.768000	-8.850368
579.744000	0.610370
580.720000	-18.311106
581.696000	2.899258
582.672000	-18.005921
583.648000	-16.785180
584.624000	-15.717032
585.600000	-7.629627
586.576000	-29.602954
587.552000	-19.684439
588.528000	-35.096286
589.504000	-26.551103
590.480000	-41.657765
591.456000	-46.388134
592.432000	-36.469619
593.408000	-9.308145
594.384000	-41.810358
595.360000	-23.804437
596.336000	-32.349620
597.312000	-30.518509
598.288000	-23.651845
599.264000	-42.573321
600.240000	-23.194067
601.216000	-21.668142
602.192000	-41.352580
603.168000	-29.450362
604.144000	-31.891842
605.120000	-25.788141
606.096000	-23.194067
607.072000	-36.622211
608.048000	-16.632588
609.024000	-30.823695
610.000000	-27.008881
610.976000	-23.804437
611.952000	-13.122959
612.928000	-25.025178
613.904000	-23.651845
614.880000	-16.327403
615.856000	-11.139256
616.832000	-10.528886
617.808000	-14.038514
618.784000	-27.161473
619.760000	-25.788141
620.736000	-7.171850
621.712000	-16.937773
622.688000	-15.564440
623.664000	-13.885922
624.640000	-16.632588
625.616000	-3.357036
626.592000	-3.814814
627.568000	-16.022217
628.544000	-15.564440
629.520000	-16.022217
630.496000	-23.499252
631.472000	-15.717032
632.448000	-2.594073
633.424000	-4.730369
634.400000	-14.801477
635.376000	-3.967406
636.352000	-13.122959
637.328000	-9.613330
638.304000	-11.902219
639.280000	-13.580737
640.256000	-12.054811
641.232000	-16.937773
642.208000	-0.915555
643.184000	-12.512589
644.160000	-0.762963
645.136000	-15.411847
646.112000	-27.161473
647.088000	-18.311106
648.064000	-15.564440
649.040000	-14.648885
650.016000	-15.564440
650.992000	-19.837031
651.968000	-2.441481
652.944000	-28.992584
653.920000	-10.376293
654.896000	-11.902219
655.872000	-12.512589
656.848000	-19.684439
657.824000	-25.482955
658.800000	-26.856288
659.776000	-31.434065
660.752000	-13.733329
661.728000	-16.632588
662.704000	-36.622211
663.680000	-28.382214
664.656000	-22.278512
665.632000	-26.856288
666.608000	-30.365917
667.584000	-22.583697
668.560000	-32.807398
669.536000	-22.736290
670.512000	-26.093326
671.488000	-26.551103
672.464000	-33.722953
673.440000	-18.311106
674.416000	-23.499252
675.392000	-30.213324
676.368000	-11.139256
677.344000	-24.109622
678.320000	-15.259255
679.296000	-24.414808
680.272000	-14.191107
681.248000	-12.970367
682.224000	-22.888882
683.200000	-21.057772
684.176000	-6.103702
685.152000	-15.106662
686.128000	-16.937773
687.104000	-10.223701
688.080000	-17.548143
689.056000	-14.191107
690.032000	-18.005921
691.008000	-13.885922
691.984000	-25.177770
692.960000	-27.771844
693.936000	-20.599994
694.912000	-21.820734
695.888000	-7.171850
696.864000	-8.545183
697.840000	-23.804437
698.816000	-28.992584
699.792000	-6.561480
700.768000	-27.771844
701.744000	-20.905179
702.720000	-19.684439
703.696000	-27.008881
704.672000	-15.106662
705.648000	-13.733329
706.624000	-21.362957
707.600000	-9.308145
708.576000	-15.564440
709.552000	-10.986663
710.528000	-8.392590
711.504000	-12.512589
712.480000	-16.022217
713.456000	-23.346660
714.432000	-0.915555
715.408000	-18.158513
716.384000	-21.668142
717.360000	-27.314066
718.336000	-16.022217
719.312000	-24.414808
720.288000	-26.856288
721.264000	-26.398511
722.240000	-18.311106
723.216000	-18.311106
724.192000	-22.583697
725.168000	-20.752586
726.144000	-23.346660
727.120000	-30.976287
728.096000	-15.259255
729.072000	-20.142216
730.048000	-10.681478
731.024000	-5.951109
732.000000	-28.534806
732.976000	-26.551103
733.952000	-36.622211
734.928000	-11.597034
735.904000	-44.862209
736.880000	-27.771844
737.856000	-27.008881
738.832000	-34.791101
739.808000	-32.959990
740.784000	-37.385174
741.760000	-18.311106
742.736000	-28.839991
743.712000	-22.278512
744.688000	-16.785180
745.664000	-27.771844
746.640000	-30.823695
747.616000	-33.570360
748.592000	-37.995544
749.568000	-22.583697
750.544000	-21.362957
751.520000	-15.717032
752.496000	-10.071108
753.472000	-18.616291
754.448000	-8.697775
755.424000	-26.856288
756.400000	-9.460738
757.376000	-6.256294
758.352000	-10.834071
759.328000	0.000000
760.304000	-7.019257
761.280000	-15.259255
762.256000	-1.220740
763.232000	14.496292
764.208000	7.629627
765.184000	0.915555
766.160000	1.678518
767.136000	5.951109
768.112000	4.730369
769.088000	1.678518
770.064000	8.239998
771.040000	16.327403
772.016000	13.885922
772.992000	13.885922
773.968000	-10.681478
774.944000	-9.613330
775.920000	-3.662221
776.896000	4.882962
777.872000	0.457778
778.848000	0.000000
779.824000	-14.648885
