# Tempo(us) Tensione(mV)
0.000000	-704.824976
976.000000	-713.370159
1952.000000	-722.983489
2928.000000	-715.353862
3904.000000	-717.184973
4880.000000	-708.334605
5856.000000	-717.795343
6832.000000	-713.675344
7808.000000	-721.152379
8784.000000	-729.850154
9760.000000	-722.983489
10736.000000	-725.272378
11712.000000	-724.814600
12688.000000	-717.642750
13664.000000	-702.230903
14640.000000	-711.539048
15616.000000	-742.667928
16592.000000	-725.272378
17568.000000	-730.307932
18544.000000	-715.659047
19520.000000	-706.503494
20496.000000	-709.860530
21472.000000	-724.356822
22448.000000	-719.931639
23424.000000	-722.067934
24400.000000	-732.902005
25376.000000	-724.356822
26352.000000	-717.337565
27328.000000	-719.626453
28304.000000	-725.882748
29280.000000	-728.476821
30256.000000	-718.863491
31232.000000	-721.762749
32208.000000	-722.373119
33184.000000	-707.876827
34160.000000	-719.931639
35136.000000	-717.490158
36112.000000	-723.136082
37088.000000	-719.473861
38064.000000	-712.607196
39040.000000	-721.304971
40016.000000	-715.964232
40992.000000	-715.048677
41968.000000	-708.639790
42944.000000	-725.119785
43920.000000	-716.574602
44896.000000	-722.373119
45872.000000	-707.876827
46848.000000	-712.607196
47824.000000	-708.029420
48800.000000	-706.808679
49776.000000	-707.419050
50752.000000	-731.986450
51728.000000	-725.272378
52704.000000	-731.528672
53680.000000	-715.964232
54656.000000	-710.623493
55632.000000	-716.422010
56608.000000	-719.931639
57584.000000	-726.187933
58560.000000	-709.860530
59536.000000	-719.321268
60512.000000	-704.672384
61488.000000	-717.795343
62464.000000	-691.702017
63440.000000	-717.795343
64416.000000	-734.275338
65392.000000	-721.457564
66368.000000	-712.759789
67344.000000	-723.593860
68320.000000	-726.493118
69296.000000	-732.444227
70272.000000	-718.710898
71248.000000	-721.152379
72224.000000	-723.136082
73200.000000	-710.470901
74176.000000	-715.659047
75152.000000	-714.590899
76128.000000	-708.029420
77104.000000	-726.645711
78080.000000	-715.048677
79056.000000	-702.536088
80032.000000	-722.525712
81008.000000	-720.542009
81984.000000	-712.149419
82960.000000	-724.967193
83936.000000	-723.746452
84912.000000	-716.422010
85888.000000	-719.779046
86864.000000	-717.337565
87840.000000	-716.116825
88816.000000	-716.116825
89792.000000	-713.217566
90768.000000	-724.814600
91744.000000	-709.707938
92720.000000	-715.659047
93696.000000	-718.253121
94672.000000	-726.493118
95648.000000	-715.659047
96624.000000	-718.863491
97600.000000	-715.506455
98576.000000	-724.356822
99552.000000	-722.067934
100528.000000	-709.555345
101504.000000	-722.220527
102480.000000	-715.964232
103456.000000	-704.367199
104432.000000	-726.798303
105408.000000	-726.798303
106384.000000	-712.454604
107360.000000	-707.266457
108336.000000	-726.798303
109312.000000	-702.078310
110288.000000	-706.503494
111264.000000	-716.879788
112240.000000	-725.424970
113216.000000	-722.067934
114192.000000	-722.373119
115168.000000	-714.133122
116144.000000	-727.103488
117120.000000	-725.577563
118096.000000	-725.730155
119072.000000	-709.707938
120048.000000	-719.931639
121024.000000	-731.070894
122000.000000	-731.223487
122976.000000	-720.084231
123952.000000	-722.525712
124928.000000	-717.032380
125904.000000	-714.590899
126880.000000	-710.623493
127856.000000	-711.386456
128832.000000	-716.116825
129808.000000	-710.318308
130784.000000	-711.844234
131760.000000	-716.269417
132736.000000	-716.422010
133712.000000	-733.664968
134688.000000	-712.912381
135664.000000	-718.405713
136640.000000	-732.596820
137616.000000	-710.013123
138592.000000	-712.759789
139568.000000	-717.947935
140544.000000	-710.623493
141520.000000	-720.999786
142496.000000	-719.473861
143472.000000	-715.353862
144448.000000	-712.302011
145424.000000	-728.019044
146400.000000	-718.558306
147376.000000	-715.964232
148352.000000	-715.506455
149328.000000	-711.539048
150304.000000	-726.187933
151280.000000	-731.681265
152256.000000	-721.457564
153232.000000	-721.762749
154208.000000	-713.675344
155184.000000	-720.694601
156160.000000	-713.217566
157136.000000	-712.302011
158112.000000	-722.983489
159088.000000	-723.593860
160064.000000	-712.454604
161040.000000	-715.659047
162016.000000	-718.558306
162992.000000	-717.642750
163968.000000	-731.833857
164944.000000	-710.165716
165920.000000	-718.253121
166896.000000	-713.980529
167872.000000	-721.304971
168848.000000	-728.782006
169824.000000	-721.457564
170800.000000	-718.405713
171776.000000	-708.944975
172752.000000	-724.662008
173728.000000	-707.113865
174704.000000	-704.519791
175680.000000	-721.304971
176656.000000	-723.593860
177632.000000	-707.876827
178608.000000	-725.119785
179584.000000	-736.411634
180560.000000	-702.841273
181536.000000	-718.863491
182512.000000	-706.961272
183488.000000	-719.931639
184464.000000	-724.356822
185440.000000	-718.710898
186416.000000	-719.016083
187392.000000	-715.048677
188368.000000	-722.067934
189344.000000	-711.081271
190320.000000	-715.659047
191296.000000	-711.233863
192272.000000	-725.272378
193248.000000	-732.291635
194224.000000	-720.236824
195200.000000	-731.070894
196176.000000	-704.824976
197152.000000	-718.863491
198128.000000	-727.561266
199104.000000	-720.389416
200080.000000	-717.184973
201056.000000	-730.460524
202032.000000	-719.168676
203008.000000	-718.100528
203984.000000	-724.967193
204960.000000	-717.337565
205936.000000	-707.724235
206912.000000	-718.100528
207888.000000	-714.743492
208864.000000	-711.539048
209840.000000	-722.220527
210816.000000	-712.454604
211792.000000	-717.032380
212768.000000	-732.291635
213744.000000	-705.740532
214720.000000	-714.133122
215696.000000	-716.422010
216672.000000	-716.422010
217648.000000	-706.656087
218624.000000	-715.811640
219600.000000	-713.217566
220576.000000	-726.035340
221552.000000	-723.593860
222528.000000	-728.324229
223504.000000	-723.136082
224480.000000	-710.928678
225456.000000	-719.168676
226432.000000	-715.659047
227408.000000	-723.288675
228384.000000	-717.947935
229360.000000	-713.064974
230336.000000	-718.710898
231312.000000	-726.798303
232288.000000	-715.353862
233264.000000	-720.999786
234240.000000	-722.830897
235216.000000	-716.574602
236192.000000	-720.542009
237168.000000	-717.032380
238144.000000	-708.792383
239120.000000	-735.038301
240096.000000	-710.013123
241072.000000	-728.324229
242048.000000	-714.133122
243024.000000	-718.863491
244000.000000	-715.506455
244976.000000	-724.051637
245952.000000	-723.136082
246928.000000	-714.133122
247904.000000	-713.370159
248880.000000	-716.879788
249856.000000	-721.304971
250832.000000	-711.233863
251808.000000	-720.999786
252784.000000	-722.373119
253760.000000	-731.070894
254736.000000	-715.353862
255712.000000	-722.067934
256688.000000	-720.999786
257664.000000	-719.016083
258640.000000	-730.460524
259616.000000	-710.013123
260592.000000	-728.171636
261568.000000	-710.776086
262544.000000	-717.032380
263520.000000	-730.002747
264496.000000	-722.373119
265472.000000	-725.424970
266448.000000	-724.051637
267424.000000	-715.201270
268400.000000	-720.236824
269376.000000	-723.136082
270352.000000	-718.405713
271328.000000	-715.506455
272304.000000	-725.272378
273280.000000	-702.078310
274256.000000	-712.912381
275232.000000	-725.577563
276208.000000	-716.116825
277184.000000	-710.623493
278160.000000	-726.950896
279136.000000	-708.487197
280112.000000	-717.795343
281088.000000	-716.879788
282064.000000	-712.607196
283040.000000	-718.100528
284016.000000	-711.081271
284992.000000	-711.996826
285968.000000	-710.165716
286944.000000	-714.438307
287920.000000	-705.587939
288896.000000	-712.912381
289872.000000	-723.593860
290848.000000	-717.490158
291824.000000	-710.470901
292800.000000	-708.792383
293776.000000	-722.525712
294752.000000	-728.934599
295728.000000	-714.590899
296704.000000	-723.899045
297680.000000	-716.574602
298656.000000	-707.113865
299632.000000	-717.184973
300608.000000	-726.493118
301584.000000	-705.893124
302560.000000	-725.424970
303536.000000	-712.302011
304512.000000	-710.623493
305488.000000	-706.198309
306464.000000	-713.217566
307440.000000	-710.470901
308416.000000	-715.506455
309392.000000	-712.454604
310368.000000	-715.506455
311344.000000	-730.613117
312320.000000	-714.743492
313296.000000	-722.983489
314272.000000	-712.759789
315248.000000	-727.713858
316224.000000	-701.925718
317200.000000	-724.662008
318176.000000	-726.035340
319152.000000	-726.950896
320128.000000	-708.334605
321104.000000	-723.441267
322080.000000	-720.999786
323056.000000	-719.931639
324032.000000	-715.048677
325008.000000	-709.402753
325984.000000	-722.525712
326960.000000	-708.487197
327936.000000	-708.182012
328912.000000	-726.493118
329888.000000	-725.119785
330864.000000	-714.438307
331840.000000	-711.386456
332816.000000	-722.678304
333792.000000	-703.756829
334768.000000	-716.422010
335744.000000	-719.473861
336720.000000	-715.201270
337696.000000	-727.103488
338672.000000	-716.574602
339648.000000	-720.084231
340624.000000	-712.607196
341600.000000	-711.233863
342576.000000	-719.016083
343552.000000	-727.103488
344528.000000	-719.016083
345504.000000	-722.830897
346480.000000	-715.201270
347456.000000	-724.814600
348432.000000	-715.353862
349408.000000	-722.678304
350384.000000	-727.561266
351360.000000	-744.804224
352336.000000	-717.337565
353312.000000	-722.220527
354288.000000	-719.626453
355264.000000	-737.327189
356240.000000	-725.272378
357216.000000	-721.152379
358192.000000	-718.710898
359168.000000	-741.752373
360144.000000	-720.542009
361120.000000	-728.019044
362096.000000	-705.435347
363072.000000	-719.016083
364048.000000	-723.593860
365024.000000	-727.408673
366000.000000	-723.441267
366976.000000	-725.119785
367952.000000	-722.678304
368928.000000	-735.343486
369904.000000	-713.827937
370880.000000	-734.580523
371856.000000	-716.574602
372832.000000	-726.493118
373808.000000	-712.759789
374784.000000	-721.457564
375760.000000	-724.967193
376736.000000	-743.430891
377712.000000	-735.190893
378688.000000	-722.678304
379664.000000	-719.321268
380640.000000	-719.321268
381616.000000	-711.081271
382592.000000	-719.779046
383568.000000	-706.656087
384544.000000	-707.571642
385520.000000	-728.476821
386496.000000	-724.814600
387472.000000	-728.171636
388448.000000	-715.811640
389424.000000	-716.574602
390400.000000	-719.168676
391376.000000	-711.691641
392352.000000	-716.727195
393328.000000	-712.302011
394304.000000	-714.590899
395280.000000	-733.817560
396256.000000	-733.817560
397232.000000	-714.438307
398208.000000	-715.353862
399184.000000	-726.187933
400160.000000	-713.370159
401136.000000	-720.694601
402112.000000	-717.795343
403088.000000	-718.253121
404064.000000	-714.438307
405040.000000	-710.470901
406016.000000	-707.724235
406992.000000	-712.454604
407968.000000	-707.419050
408944.000000	-706.808679
409920.000000	-709.860530
410896.000000	-711.233863
411872.000000	-706.350902
412848.000000	-700.704978
413824.000000	-723.593860
414800.000000	-707.724235
415776.000000	-700.247200
416752.000000	-719.473861
417728.000000	-713.675344
418704.000000	-716.269417
419680.000000	-710.928678
420656.000000	-715.353862
421632.000000	-702.688681
422608.000000	-706.198309
423584.000000	-699.331645
424560.000000	-699.179052
425536.000000	-704.519791
426512.000000	-703.146458
427488.000000	-710.928678
428464.000000	-700.552385
429440.000000	-718.253121
430416.000000	-699.484237
431392.000000	-710.928678
432368.000000	-686.666463
433344.000000	-708.944975
434320.000000	-701.620533
435296.000000	-697.195349
436272.000000	-691.244240
437248.000000	-711.844234
438224.000000	-691.091647
439200.000000	-706.808679
440176.000000	-717.642750
441152.000000	-696.584979
442128.000000	-714.896084
443104.000000	-691.091647
444080.000000	-704.062014
445056.000000	-717.947935
446032.000000	-710.623493
447008.000000	-700.857570
447984.000000	-718.710898
448960.000000	-709.097568
449936.000000	-706.656087
450912.000000	-718.405713
451888.000000	-711.539048
452864.000000	-721.152379
453840.000000	-715.811640
454816.000000	-714.743492
455792.000000	-713.980529
456768.000000	-706.961272
457744.000000	-717.642750
458720.000000	-704.062014
459696.000000	-722.525712
460672.000000	-716.574602
461648.000000	-711.691641
462624.000000	-719.321268
463600.000000	-717.337565
464576.000000	-717.184973
465552.000000	-714.590899
466528.000000	-712.912381
467504.000000	-728.324229
468480.000000	-722.220527
469456.000000	-712.607196
470432.000000	-726.950896
471408.000000	-733.970153
472384.000000	-728.629414
473360.000000	-733.970153
474336.000000	-731.833857
475312.000000	-739.310892
476288.000000	-740.379040
477264.000000	-730.460524
478240.000000	-730.613117
479216.000000	-726.798303
480192.000000	-753.501999
481168.000000	-734.122745
482144.000000	-751.060518
483120.000000	-731.223487
484096.000000	-752.891629
485072.000000	-750.755333
486048.000000	-742.973113
487024.000000	-745.719779
488000.000000	-740.379040
488976.000000	-736.106449
489952.000000	-750.602741
490928.000000	-752.128666
491904.000000	-746.024964
492880.000000	-743.583483
493856.000000	-751.976073
494832.000000	-740.836818
495808.000000	-747.398297
496784.000000	-739.158300
497760.000000	-736.869411
498736.000000	-758.232368
499712.000000	-753.044221
500688.000000	-749.076815
501664.000000	-734.733116
502640.000000	-761.436811
503616.000000	-759.453108
504592.000000	-756.706442
505568.000000	-753.349406
506544.000000	-749.687185
507520.000000	-748.619037
508496.000000	-757.621998
509472.000000	-755.790887
510448.000000	-745.414594
511424.000000	-751.670888
512400.000000	-748.313852
513376.000000	-735.648671
514352.000000	-749.229408
515328.000000	-743.125706
516304.000000	-737.632374
517280.000000	-740.989410
518256.000000	-751.976073
519232.000000	-738.853114
520208.000000	-726.645711
521184.000000	-735.190893
522160.000000	-733.970153
523136.000000	-729.850154
524112.000000	-730.460524
525088.000000	-725.119785
526064.000000	-740.836818
527040.000000	-738.547929
528016.000000	-720.999786
528992.000000	-733.207190
529968.000000	-718.405713
530944.000000	-730.002747
531920.000000	-702.841273
532896.000000	-709.707938
533872.000000	-698.110904
534848.000000	-710.013123
535824.000000	-701.162755
536800.000000	-684.987945
537776.000000	-693.075350
538752.000000	-704.519791
539728.000000	-704.367199
540704.000000	-694.906461
541680.000000	-684.530168
542656.000000	-677.663503
543632.000000	-692.617573
544608.000000	-694.448683
545584.000000	-678.579058
546560.000000	-690.328684
547536.000000	-701.773125
548512.000000	-682.546464
549488.000000	-684.835353
550464.000000	-679.036836
551440.000000	-681.325724
552416.000000	-672.627949
553392.000000	-666.371654
554368.000000	-657.826472
555344.000000	-656.605731
556320.000000	-653.096103
557296.000000	-654.927213
558272.000000	-658.436842
559248.000000	-653.248695
560224.000000	-677.205725
561200.000000	-653.706473
562176.000000	-647.297586
563152.000000	-656.910916
564128.000000	-639.973144
565104.000000	-661.183508
566080.000000	-663.930174
567056.000000	-648.518326
568032.000000	-648.518326
569008.000000	-670.949431
569984.000000	-659.810175
570960.000000	-640.888699
571936.000000	-655.690176
572912.000000	-659.352397
573888.000000	-653.553880
574864.000000	-664.693136
575840.000000	-664.693136
576816.000000	-656.910916
577792.000000	-659.352397
578768.000000	-664.693136
579744.000000	-659.047212
580720.000000	-665.608692
581696.000000	-671.559801
582672.000000	-666.982025
583648.000000	-675.069430
584624.000000	-676.747948
585600.000000	-685.598315
586576.000000	-674.306467
587552.000000	-692.312387
588528.000000	-682.241279
589504.000000	-690.023499
590480.000000	-700.704978
591456.000000	-697.958312
592432.000000	-701.620533
593408.000000	-707.419050
594384.000000	-706.045717
595360.000000	-710.623493
596336.000000	-720.236824
597312.000000	-720.084231
598288.000000	-727.103488
599264.000000	-742.515336
600240.000000	-728.171636
601216.000000	-732.291635
602192.000000	-753.044221
603168.000000	-750.602741
604144.000000	-752.891629
605120.000000	-758.537553
606096.000000	-757.927183
607072.000000	-775.170141
608048.000000	-767.998291
609024.000000	-763.725700
610000.000000	-764.488662
610976.000000	-783.104953
611952.000000	-772.728660
612928.000000	-786.309397
613904.000000	-808.893094
614880.000000	-786.461989
615856.000000	-801.568651
616832.000000	-820.032350
617808.000000	-806.299020
618784.000000	-812.555315
619760.000000	-795.464949
620736.000000	-813.776055
621712.000000	-817.590869
622688.000000	-807.214576
623664.000000	-820.184942
624640.000000	-823.847163
625616.000000	-811.334574
626592.000000	-836.207160
627568.000000	-823.389386
628544.000000	-822.321238
629520.000000	-833.765679
630496.000000	-824.610126
631472.000000	-825.067904
632448.000000	-844.904935
633424.000000	-829.798273
634400.000000	-836.817530
635376.000000	-836.512345
636352.000000	-828.424940
637328.000000	-815.607166
638304.000000	-831.629383
639280.000000	-839.106418
640256.000000	-831.019013
641232.000000	-813.928648
642208.000000	-819.727165
643184.000000	-812.860500
644160.000000	-817.896054
645136.000000	-822.626423
646112.000000	-825.373089
647088.000000	-805.383465
648064.000000	-810.571612
649040.000000	-796.380505
650016.000000	-801.873836
650992.000000	-803.094577
651968.000000	-787.224952
652944.000000	-789.666433
653920.000000	-786.461989
654896.000000	-759.910886
655872.000000	-767.998291
656848.000000	-768.608661
657824.000000	-772.423475
658800.000000	-758.079775
659776.000000	-748.008667
660752.000000	-727.103488
661728.000000	-724.356822
662704.000000	-724.662008
663680.000000	-714.743492
664656.000000	-707.724235
665632.000000	-707.419050
666608.000000	-686.971648
667584.000000	-680.715354
668560.000000	-679.647206
669536.000000	-666.829432
670512.000000	-664.845729
671488.000000	-645.619068
672464.000000	-642.567217
673440.000000	-648.976104
674416.000000	-634.632405
675392.000000	-632.801294
676368.000000	-629.444258
677344.000000	-613.727226
678320.000000	-609.607227
679296.000000	-596.179083
680272.000000	-578.630940
681248.000000	-599.383526
682224.000000	-597.705008
683200.000000	-590.533158
684176.000000	-567.491684
685152.000000	-574.968719
686128.000000	-573.137608
687104.000000	-566.423536
688080.000000	-551.927244
689056.000000	-548.417615
690032.000000	-566.270943
691008.000000	-531.327250
691984.000000	-545.518357
692960.000000	-544.297617
693936.000000	-527.512436
694912.000000	-530.564287
695888.000000	-517.746513
696864.000000	-532.395398
697840.000000	-520.645772
698816.000000	-529.953917
699792.000000	-530.411695
700768.000000	-512.100589
701744.000000	-531.937620
702720.000000	-532.090213
703696.000000	-524.307993
704672.000000	-533.310953
705648.000000	-520.645772
706624.000000	-543.992431
707600.000000	-550.859096
708576.000000	-547.807245
709552.000000	-532.395398
710528.000000	-557.115390
711504.000000	-556.505020
712480.000000	-557.573168
713456.000000	-556.352428
714432.000000	-566.576128
715408.000000	-575.579089
716384.000000	-590.075381
717360.000000	-592.822047
718336.000000	-612.353893
719312.000000	-614.490188
720288.000000	-628.070925
721264.000000	-624.103519
722240.000000	-618.915372
723216.000000	-653.401288
724192.000000	-649.433882
725168.000000	-672.627949
726144.000000	-674.306467
727120.000000	-687.734611
728096.000000	-690.939055
729072.000000	-711.996826
730048.000000	-717.947935
731024.000000	-725.119785
732000.000000	-754.570147
732976.000000	-751.670888
733952.000000	-757.316813
734928.000000	-760.063478
735904.000000	-791.344951
736880.000000	-789.361248
737856.000000	-805.841243
738832.000000	-813.470870
739808.000000	-826.593829
740784.000000	-831.781976
741760.000000	-843.684194
742736.000000	-869.472335
743712.000000	-865.657521
744688.000000	-905.636769
745664.000000	-901.058992
746640.000000	-911.130100
747616.000000	-894.650105
748592.000000	-923.795282
749568.000000	-937.833796
750544.000000	-928.525651
751520.000000	-950.193793
752496.000000	-959.349345
753472.000000	-969.115268
754448.000000	-972.930082
755424.000000	-969.573046
756400.000000	-975.676748
757376.000000	-990.325632
758352.000000	-984.527116
759328.000000	-1000.244148
760304.000000	-1009.399701
761280.000000	-1005.432295
762256.000000	-1014.435255
763232.000000	-1011.230811
764208.000000	-1025.879696
765184.000000	-1010.773034
766160.000000	-1012.604144
767136.000000	-1017.944884
768112.000000	-1009.552293
769088.000000	-1021.759697
770064.000000	-1008.636738
771040.000000	-1011.535997
772016.000000	-1013.214515
772992.000000	-998.107852
773968.000000	-1004.669332
774944.000000	-1002.227851
775920.000000	-983.153783
776896.000000	-975.676748
777872.000000	-975.524155
778848.000000	-947.752312
779824.000000	-941.190832
780800.000000	-929.136021
781776.000000	-941.953795
782752.000000	-915.860469
783728.000000	-912.198248
784704.000000	-907.620472
785680.000000	-869.319742
786656.000000	-876.186407
787632.000000	-845.820490
788608.000000	-845.362712
789584.000000	-827.814570
790560.000000	-830.256050
791536.000000	-807.824946
792512.000000	-780.358287
793488.000000	-766.472365
794464.000000	-775.322733
795440.000000	-739.463485
796416.000000	-711.691641
797392.000000	-696.584979
798368.000000	-696.737571
799344.000000	-680.562761
800320.000000	-651.264992
801296.000000	-651.570177
802272.000000	-621.051668
803248.000000	-612.811670
804224.000000	-600.451674
805200.000000	-566.118351
806176.000000	-566.728721
807152.000000	-554.368725
808128.000000	-525.070956
809104.000000	-508.743553
810080.000000	-499.435408
811056.000000	-479.445784
812032.000000	-475.020600
813008.000000	-446.180609
813984.000000	-444.044313
814960.000000	-426.801355
815936.000000	-411.389508
816912.000000	-401.928770
817888.000000	-391.857662
818864.000000	-370.647298
819840.000000	-374.004334
820816.000000	-358.897671
821792.000000	-357.219153
822768.000000	-328.989532
823744.000000	-343.638417
824720.000000	-320.596942
825696.000000	-316.324351
826672.000000	-319.376202
827648.000000	-301.522874
828624.000000	-312.204352
829600.000000	-312.356944
830576.000000	-299.081393
831552.000000	-313.425092
832528.000000	-293.588061
833504.000000	-301.217689
834480.000000	-298.623615
835456.000000	-302.896207
836432.000000	-303.811762
837408.000000	-322.275460
838384.000000	-314.035463
839360.000000	-312.814722
840336.000000	-327.005829
841312.000000	-358.592486
842288.000000	-353.099155
843264.000000	-354.930265
844240.000000	-371.868038
845216.000000	-385.143590
846192.000000	-392.010254
847168.000000	-404.980621
848144.000000	-407.727287
849120.000000	-446.333201
850096.000000	-465.254677
851072.000000	-471.816156
852048.000000	-481.429487
853024.000000	-510.879849
854000.000000	-521.103549
854976.000000	-538.193915
855952.000000	-562.761315
856928.000000	-587.176122
857904.000000	-595.873898
858880.000000	-615.405744
859856.000000	-635.547960
860832.000000	-667.897580
861808.000000	-682.393872
862784.000000	-702.993866
863760.000000	-740.836818
864736.000000	-753.654592
865712.000000	-769.219031
866688.000000	-785.088656
867664.000000	-807.519761
868640.000000	-841.090121
869616.000000	-867.488632
870592.000000	-877.864925
871568.000000	-905.789361
872544.000000	-919.064913
873520.000000	-960.112308
874496.000000	-956.602680
875472.000000	-987.426374
876448.000000	-1006.195257
877424.000000	-1030.152287
878400.000000	-1051.362651
879376.000000	-1064.943388
880352.000000	-1070.589312
881328.000000	-1110.873745
882304.000000	-1113.773003
883280.000000	-1125.827815
884256.000000	-1152.531510
885232.000000	-1169.316691
886208.000000	-1190.374462
887184.000000	-1183.355205
888160.000000	-1190.374462
889136.000000	-1199.224830
890112.000000	-1210.516678
891088.000000	-1224.097415
892064.000000	-1232.795190
893040.000000	-1233.863338
894016.000000	-1248.970000
894992.000000	-1250.495926
895968.000000	-1234.473708
896944.000000	-1242.866298
897920.000000	-1259.193701
898896.000000	-1236.457411
899872.000000	-1256.599628
900848.000000	-1241.035188
901824.000000	-1249.427778
902800.000000	-1241.950743
903776.000000	-1232.642598
904752.000000	-1230.658895
905728.000000	-1230.506302
906704.000000	-1201.513718
907680.000000	-1193.426313
908656.000000	-1188.543352
909632.000000	-1176.488540
910608.000000	-1146.885586
911584.000000	-1141.544847
912560.000000	-1143.833735
913536.000000	-1117.130039
914512.000000	-1107.516709
915488.000000	-1074.709311
916464.000000	-1032.593768
917440.000000	-1033.814508
918416.000000	-1024.658956
919392.000000	-999.633778
920368.000000	-963.621937
921344.000000	-953.093051
922320.000000	-922.727134
923296.000000	-898.922697
924272.000000	-867.641224
925248.000000	-853.602710
926224.000000	-821.558275
927200.000000	-789.208655
928176.000000	-774.864956
929152.000000	-749.687185
930128.000000	-719.779046
931104.000000	-683.614612
932080.000000	-660.420545
933056.000000	-632.953887
934032.000000	-602.893155
935008.000000	-576.799829
935984.000000	-559.556871
936960.000000	-525.376141
937936.000000	-503.402814
938912.000000	-463.270974
939888.000000	-446.943571
940864.000000	-423.596912
941840.000000	-388.348033
942816.000000	-374.919889
943792.000000	-337.229530
944768.000000	-330.210273
945744.000000	-317.545091
946720.000000	-294.351024
947696.000000	-258.796960
948672.000000	-245.979186
949648.000000	-225.684378
950624.000000	-209.204382
951600.000000	-200.048830
952576.000000	-183.874020
953552.000000	-161.748100
954528.000000	-150.151067
955504.000000	-138.859218
956480.000000	-136.722922
957456.000000	-120.395520
958432.000000	-105.746635
959408.000000	-94.607379
960384.000000	-90.487381
961360.000000	-88.961455
962336.000000	-89.724418
963312.000000	-84.688864
964288.000000	-81.179235
965264.000000	-95.828120
966240.000000	-86.062197
967216.000000	-94.912564
968192.000000	-93.844417
969168.000000	-104.831080
970144.000000	-113.986633
971120.000000	-122.379223
972096.000000	-126.346629
973072.000000	-141.453291
974048.000000	-161.748100
975024.000000	-180.211798
976000.000000	-200.201422
976976.000000	-195.013276
977952.000000	-199.438459
978928.000000	-235.450301
979904.000000	-258.033998
980880.000000	-267.952513
981856.000000	-308.084353
982832.000000	-315.561388
983808.000000	-349.131748
984784.000000	-356.151006
985760.000000	-397.656178
986736.000000	-426.343577
987712.000000	-455.183569
988688.000000	-467.085788
989664.000000	-505.233924
990640.000000	-542.771691
991616.000000	-561.082797
992592.000000	-598.773156
993568.000000	-621.204260
994544.000000	-650.959807
995520.000000	-665.608692
996496.000000	-709.250160
997472.000000	-742.667928
998448.000000	-761.589404
999424.000000	-796.838282
1000400.000000	-826.746422
1001376.000000	-862.605670
1002352.000000	-909.604175
1003328.000000	-944.700461
1004304.000000	-960.417493
1005280.000000	-977.355266
1006256.000000	-1015.808588
1007232.000000	-1042.054506
1008208.000000	-1067.384869
1009184.000000	-1094.088565
1010160.000000	-1121.555223
1011136.000000	-1146.885586
1012112.000000	-1179.540391
1013088.000000	-1204.870754
1014064.000000	-1211.127049
1015040.000000	-1235.389264
1016016.000000	-1255.531480
1016992.000000	-1278.420362
1017968.000000	-1303.140355
1018944.000000	-1306.497391
1019920.000000	-1330.149236
1020896.000000	-1328.775903
1021872.000000	-1361.278115
1022848.000000	-1356.547746
1023824.000000	-1362.498856
1024800.000000	-1400.799585
1025776.000000	-1384.014405
1026752.000000	-1386.608478
1027728.000000	-1403.393658
1028704.000000	-1400.646992
1029680.000000	-1409.802545
1030656.000000	-1410.870693
1031632.000000	-1405.682546
1032608.000000	-1384.777367
1033584.000000	-1402.478103
1034560.000000	-1389.507736
1035536.000000	-1377.605518
1036512.000000	-1390.270699
1037488.000000	-1358.378857
1038464.000000	-1356.089969
1039440.000000	-1337.473678
1040416.000000	-1329.996643
1041392.000000	-1313.974425
1042368.000000	-1293.374432
1043344.000000	-1278.572954
1044320.000000	-1259.346294
1045296.000000	-1246.986297
1046272.000000	-1217.230750
1047248.000000	-1205.023347
1048224.000000	-1176.946318
1049200.000000	-1166.417432
1050176.000000	-1124.912259
1051152.000000	-1070.589312
1052128.000000	-1061.891537
1053104.000000	-1045.258950
1054080.000000	-1028.626362
1055056.000000	-993.682669
1056032.000000	-955.076754
1057008.000000	-915.707877
1057984.000000	-896.786401
1058960.000000	-848.414563
1059936.000000	-816.827906
1060912.000000	-784.173101
1061888.000000	-776.085696
1062864.000000	-735.190893
1063840.000000	-708.792383
1064816.000000	-672.627949
1065792.000000	-638.142033
1066768.000000	-598.010193
1067744.000000	-567.796869
1068720.000000	-539.719840
1069696.000000	-503.097629
1070672.000000	-468.001343
1071648.000000	-441.450240
1072624.000000	-428.327280
1073600.000000	-390.942106
1074576.000000	-364.085818
1075552.000000	-345.469527
1076528.000000	-314.035463
1077504.000000	-297.097690
1078480.000000	-272.377697
1079456.000000	-244.911039
1080432.000000	-223.242897
1081408.000000	-194.097720
1082384.000000	-175.023652
1083360.000000	-156.102176
1084336.000000	-145.573290
1085312.000000	-117.648854
1086288.000000	-108.188116
1087264.000000	-80.568865
1088240.000000	-78.585162
1089216.000000	-64.699240
1090192.000000	-45.930357
1091168.000000	-47.914060
1092144.000000	-42.878506
1093120.000000	-29.450362
1094096.000000	-27.771844
1095072.000000	-21.515549
1096048.000000	-27.771844
1097024.000000	-24.567400
1098000.000000	-28.077029
1098976.000000	-44.862209
1099952.000000	-46.235542
1100928.000000	-36.011841
1101904.000000	-55.391095
1102880.000000	-53.102206
1103856.000000	-58.748131
1104832.000000	-79.500717
1105808.000000	-104.525895
1106784.000000	-122.837001
1107760.000000	-125.431074
1108736.000000	-136.570330
1109712.000000	-169.530320
1110688.000000	-188.146611
1111664.000000	-203.711051
1112640.000000	-234.687338
1113616.000000	-259.865108
1114592.000000	-251.472518
1115568.000000	-285.958434
1116544.000000	-333.567309
1117520.000000	-345.927305
1118496.000000	-369.426557
1119472.000000	-391.552477
1120448.000000	-431.226539
1121424.000000	-448.316904
1122400.000000	-486.312449
1123376.000000	-513.473922
1124352.000000	-547.349467
1125328.000000	-565.202795
1126304.000000	-599.993896
1127280.000000	-632.953887
1128256.000000	-661.641285
1129232.000000	-701.315348
1130208.000000	-736.106449
1131184.000000	-759.605701
1132160.000000	-795.464949
1133136.000000	-803.857540
1134112.000000	-833.765679
1135088.000000	-867.793817
1136064.000000	-902.890103
1137040.000000	-931.577502
1138016.000000	-966.063417
1138992.000000	-991.546373
1139968.000000	-1028.931547
1140944.000000	-1037.476730
1141920.000000	-1070.131535
1142896.000000	-1089.968566
1143872.000000	-1121.250038
1144848.000000	-1135.288553
1145824.000000	-1159.245582
1146800.000000	-1179.540391
1147776.000000	-1207.770013
1148752.000000	-1228.522599
1149728.000000	-1237.678152
1150704.000000	-1252.937407
1151680.000000	-1276.741844
1152656.000000	-1287.728507
1153632.000000	-1299.783319
1154608.000000	-1307.412946
1155584.000000	-1320.993683
1156560.000000	-1326.792199
1157536.000000	-1331.369976
1158512.000000	-1323.435163
1159488.000000	-1348.918119
1160464.000000	-1352.427747
1161440.000000	-1359.904782
1162416.000000	-1343.577380
1163392.000000	-1353.495895
1164368.000000	-1344.645528
1165344.000000	-1331.980346
1166320.000000	-1346.171453
1167296.000000	-1352.732933
1168272.000000	-1332.895901
1169248.000000	-1311.685537
1170224.000000	-1322.519608
1171200.000000	-1301.767022
1172176.000000	-1275.978881
1173152.000000	-1275.673696
1174128.000000	-1265.297403
1175104.000000	-1241.645558
1176080.000000	-1234.321116
1177056.000000	-1194.647053
1178032.000000	-1202.276681
1179008.000000	-1163.365581
1179984.000000	-1156.804102
1180960.000000	-1131.168554
1181936.000000	-1103.091525
1182912.000000	-1073.946348
1183888.000000	-1054.414502
1184864.000000	-1025.879696
1185840.000000	-1013.214515
1186816.000000	-977.355266
1187792.000000	-961.485641
1188768.000000	-935.697501
1189744.000000	-925.626392
1190720.000000	-891.903439
1191696.000000	-855.128636
1192672.000000	-823.084201
1193648.000000	-793.633839
1194624.000000	-775.933103
1195600.000000	-737.174596
1196576.000000	-729.087191
1197552.000000	-695.211646
1198528.000000	-665.150914
1199504.000000	-644.550920
1200480.000000	-599.688711
1201456.000000	-587.481307
1202432.000000	-559.862056
1203408.000000	-528.275399
1204384.000000	-521.713919
1205360.000000	-486.159856
1206336.000000	-471.205786
1207312.000000	-449.537645
1208288.000000	-414.593951
1209264.000000	-400.860622
1210240.000000	-386.974700
1211216.000000	-375.377667
1212192.000000	-328.226569
1213168.000000	-317.697684
1214144.000000	-317.087313
1215120.000000	-290.688803
1216096.000000	-271.156957
1217072.000000	-266.121403
1218048.000000	-270.699179
1219024.000000	-238.196966
1220000.000000	-226.905118
1220976.000000	-209.814753
1221952.000000	-223.700674
1222928.000000	-199.743645
1223904.000000	-193.792535
1224880.000000	-200.964385
1225856.000000	-189.977721
1226832.000000	-185.399945
1227808.000000	-197.149571
1228784.000000	-177.922910
1229760.000000	-184.331797
1230736.000000	-190.435499
1231712.000000	-203.253273
1232688.000000	-195.471053
1233664.000000	-193.029572
1234640.000000	-213.476974
1235616.000000	-208.288827
1236592.000000	-212.866604
1237568.000000	-229.956969
1238544.000000	-243.537706
1239520.000000	-258.796960
1240496.000000	-272.225105
1241472.000000	-281.991028
1242448.000000	-282.753990
1243424.000000	-301.522874
1244400.000000	-311.746574
1245376.000000	-337.687307
1246352.000000	-338.908048
1247328.000000	-377.208777
1248304.000000	-374.614704
1249280.000000	-410.779138
1250256.000000	-429.700613
1251232.000000	-461.439863
1252208.000000	-473.952452
1253184.000000	-483.108005
1254160.000000	-500.656148
1255136.000000	-532.853175
1256112.000000	-560.319834
1257088.000000	-578.783532
1258064.000000	-603.656117
1259040.000000	-626.392407
1260016.000000	-640.583514
1260992.000000	-670.033876
1261968.000000	-689.870907
1262944.000000	-692.770165
1263920.000000	-736.106449
1264896.000000	-749.687185
1265872.000000	-782.341990
1266848.000000	-784.936064
1267824.000000	-822.321238
1268800.000000	-829.187902
1269776.000000	-863.521226
1270752.000000	-875.728629
1271728.000000	-893.887143
1272704.000000	-911.893063
1273680.000000	-922.574541
1274656.000000	-948.973052
1275632.000000	-973.845637
1276608.000000	-998.413038
1277584.000000	-990.478225
1278560.000000	-1011.535997
1279536.000000	-1029.694510
1280512.000000	-1030.152287
1281488.000000	-1054.719687
1282464.000000	-1060.365612
1283440.000000	-1076.387829
1284416.000000	-1084.170049
1285392.000000	-1097.445601
1286368.000000	-1106.753746
1287344.000000	-1112.857448
1288320.000000	-1121.250038
1289296.000000	-1118.655965
1290272.000000	-1130.558184
1291248.000000	-1130.252998
1292224.000000	-1132.999664
1293200.000000	-1130.100406
1294176.000000	-1129.642628
1295152.000000	-1118.503372
1296128.000000	-1126.743370
1297104.000000	-1139.713736
1298080.000000	-1127.658925
1299056.000000	-1131.626331
1300032.000000	-1115.604114
1301008.000000	-1115.909299
1301984.000000	-1089.968566
1302960.000000	-1108.890042
1303936.000000	-1087.069308
1304912.000000	-1077.150792
1305888.000000	-1081.881161
1306864.000000	-1070.894498
1307840.000000	-1058.381909
1308816.000000	-1035.187841
1309792.000000	-1039.155248
1310768.000000	-1014.893033
1311744.000000	-997.802667
1312720.000000	-981.322672
1313696.000000	-975.981933
1314672.000000	-962.096011
1315648.000000	-962.096011
1316624.000000	-942.716758
1317600.000000	-910.977508
1318576.000000	-903.042695
1319552.000000	-894.955290
1320528.000000	-889.461959
1321504.000000	-853.602710
1322480.000000	-827.509384
1323456.000000	-839.411603
1324432.000000	-820.642720
1325408.000000	-799.127171
1326384.000000	-782.494583
1327360.000000	-763.115329
1328336.000000	-745.719779
1329312.000000	-730.460524
1330288.000000	-703.604236
1331264.000000	-707.876827
1332240.000000	-697.195349
1333216.000000	-664.998321
1334192.000000	-651.570177
1335168.000000	-623.645741
1336144.000000	-627.765740
1337120.000000	-614.947966
1338096.000000	-594.195379
1339072.000000	-594.653157
1340048.000000	-569.475387
1341024.000000	-544.145024
1342000.000000	-550.401318
1342976.000000	-536.515397
1343952.000000	-526.902066
1344928.000000	-514.236885
1345904.000000	-506.302072
1346880.000000	-486.617634
1347856.000000	-468.306528
1348832.000000	-469.222083
1349808.000000	-461.134678
1350784.000000	-451.673940
1351760.000000	-443.128758
1352736.000000	-448.469497
1353712.000000	-440.534684
1354688.000000	-435.193945
1355664.000000	-421.918394
1356640.000000	-437.635426
1357616.000000	-410.016175
1358592.000000	-446.943571
1359568.000000	-423.596912
1360544.000000	-426.801355
1361520.000000	-428.327280
1362496.000000	-418.408765
1363472.000000	-416.119877
1364448.000000	-429.700613
1365424.000000	-430.616169
1366400.000000	-427.869503
1367376.000000	-433.362835
1368352.000000	-449.690237
1369328.000000	-437.635426
1370304.000000	-443.281350
1371280.000000	-456.862087
1372256.000000	-464.186529
1373232.000000	-482.345042
1374208.000000	-482.345042
1375184.000000	-487.380596
1376160.000000	-499.588000
1377136.000000	-510.574664
1378112.000000	-515.152440
1379088.000000	-519.730216
1380064.000000	-537.583544
1381040.000000	-534.226508
1382016.000000	-538.346507
1382992.000000	-568.407239
1383968.000000	-552.995392
1384944.000000	-583.971679
1385920.000000	-588.854640
1386896.000000	-602.435377
1387872.000000	-624.408704
1388848.000000	-615.710929
1389824.000000	-638.447218
1390800.000000	-659.352397
1391776.000000	-664.387951
1392752.000000	-677.205725
1393728.000000	-679.647206
1394704.000000	-684.835353
1395680.000000	-694.601276
1396656.000000	-720.236824
1397632.000000	-739.310892
1398608.000000	-738.090152
1399584.000000	-759.147923
1400560.000000	-772.423475
1401536.000000	-767.540513
1402512.000000	-773.186438
1403488.000000	-792.413099
1404464.000000	-803.552355
1405440.000000	-797.601245
1406416.000000	-814.691610
1407392.000000	-842.310862
1408368.000000	-835.291604
1409344.000000	-847.956786
1410320.000000	-854.213080
1411296.000000	-850.856044
1412272.000000	-863.368633
1413248.000000	-878.322703
1414224.000000	-880.916776
1415200.000000	-874.050111
1416176.000000	-885.341960
1417152.000000	-903.805658
1418128.000000	-903.500473
1419104.000000	-890.835292
1420080.000000	-902.584918
1421056.000000	-908.078249
1422032.000000	-908.230842
1423008.000000	-904.568621
1423984.000000	-903.195288
1424960.000000	-918.759728
1425936.000000	-908.841212
1426912.000000	-913.418989
1427888.000000	-912.198248
1428864.000000	-913.418989
1429840.000000	-902.127140
1430816.000000	-899.685659
1431792.000000	-914.029359
1432768.000000	-911.740471
1433744.000000	-897.244179
1434720.000000	-897.091586
1435696.000000	-902.432325
1436672.000000	-887.325663
1437648.000000	-876.033815
1438624.000000	-865.199744
1439600.000000	-871.913816
1440576.000000	-880.306406
1441552.000000	-861.690115
1442528.000000	-871.303446
1443504.000000	-859.096042
1444480.000000	-848.872341
1445456.000000	-834.223457
1446432.000000	-836.664937
1447408.000000	-841.853084
1448384.000000	-816.370128
1449360.000000	-826.288644
1450336.000000	-814.539018
1451312.000000	-795.617542
1452288.000000	-793.023469
1453264.000000	-785.393841
1454240.000000	-781.121250
1455216.000000	-787.530137
1456192.000000	-771.202734
1457168.000000	-763.420515
1458144.000000	-767.693106
1459120.000000	-744.193854
1460096.000000	-742.973113
1461072.000000	-738.090152
1462048.000000	-717.032380
1463024.000000	-711.233863
1464000.000000	-712.912381
1464976.000000	-706.961272
1465952.000000	-704.367199
1466928.000000	-692.312387
1467904.000000	-690.023499
1468880.000000	-700.399792
1469856.000000	-668.507950
1470832.000000	-670.949431
1471808.000000	-645.771661
1472784.000000	-645.924253
1473760.000000	-642.414624
1474736.000000	-641.804254
1475712.000000	-643.635365
1476688.000000	-635.853145
1477664.000000	-629.444258
1478640.000000	-627.460555
1479616.000000	-632.190924
1480592.000000	-628.376110
1481568.000000	-616.321299
1482544.000000	-626.545000
1483520.000000	-620.288705
1484496.000000	-606.555376
1485472.000000	-618.152409
1486448.000000	-606.097598
1487424.000000	-601.519822
1488400.000000	-598.010193
1489376.000000	-602.893155
1490352.000000	-603.808710
1491328.000000	-602.130192
1492304.000000	-600.909452
1493280.000000	-602.893155
1494256.000000	-613.269448
1495232.000000	-607.165746
1496208.000000	-600.451674
1497184.000000	-613.269448
1498160.000000	-610.980560
1499136.000000	-631.122776
1500112.000000	-615.100558
1501088.000000	-615.863521
1502064.000000	-622.425001
1503040.000000	-609.149449
1504016.000000	-621.967223
1504992.000000	-612.811670
1505968.000000	-625.171667
1506944.000000	-629.139073
1507920.000000	-633.716849
1508896.000000	-639.515366
1509872.000000	-635.547960
1510848.000000	-625.324259
1511824.000000	-643.177587
1512800.000000	-650.807215
1513776.000000	-641.651662
1514752.000000	-634.174627
1515728.000000	-667.744987
1516704.000000	-649.739067
1517680.000000	-661.641285
1518656.000000	-672.933134
1519632.000000	-680.257576
1520608.000000	-677.663503
1521584.000000	-693.075350
1522560.000000	-690.633869
1523536.000000	-692.159795
1524512.000000	-701.925718
1525488.000000	-696.584979
1526464.000000	-710.928678
1527440.000000	-715.811640
1528416.000000	-715.659047
1529392.000000	-710.623493
1530368.000000	-728.324229
1531344.000000	-736.411634
1532320.000000	-733.970153
1533296.000000	-744.956816
1534272.000000	-733.207190
1535248.000000	-741.904965
1536224.000000	-743.278298
1537200.000000	-740.684225
1538176.000000	-745.109409
1539152.000000	-748.771630
1540128.000000	-768.608661
1541104.000000	-752.586444
1542080.000000	-762.657552
1543056.000000	-757.774590
1544032.000000	-747.093112
1545008.000000	-761.131626
1545984.000000	-772.576067
1546960.000000	-769.219031
1547936.000000	-768.456069
1548912.000000	-767.387921
1549888.000000	-789.361248
1550864.000000	-773.949400
1551840.000000	-787.224952
1552816.000000	-787.224952
1553792.000000	-785.851619
1554768.000000	-771.202734
1555744.000000	-780.663472
1556720.000000	-793.633839
1557696.000000	-773.796808
1558672.000000	-790.429395
1559648.000000	-778.984954
1560624.000000	-764.946440
1561600.000000	-777.916807
1562576.000000	-776.085696
1563552.000000	-770.439772
1564528.000000	-793.328654
1565504.000000	-794.091617
1566480.000000	-778.832362
1567456.000000	-788.293100
1568432.000000	-772.576067
1569408.000000	-782.036805
1570384.000000	-769.981994
1571360.000000	-779.137547
1572336.000000	-771.355327
1573312.000000	-769.829402
1574288.000000	-773.033845
1575264.000000	-761.894589
1576240.000000	-766.319773
1577216.000000	-759.758293
1578192.000000	-774.101993
1579168.000000	-747.093112
1580144.000000	-759.300516
1581120.000000	-751.213111
1582096.000000	-749.229408
1583072.000000	-740.226447
1584048.000000	-739.158300
1585024.000000	-735.496078
1586000.000000	-740.073855
1586976.000000	-742.057558
1587952.000000	-728.934599
1588928.000000	-738.853114
1589904.000000	-749.839778
1590880.000000	-726.798303
1591856.000000	-732.444227
1592832.000000	-717.337565
1593808.000000	-731.223487
1594784.000000	-727.713858
1595760.000000	-723.136082
1596736.000000	-717.184973
1597712.000000	-722.525712
1598688.000000	-711.691641
1599664.000000	-712.759789
1600640.000000	-706.045717
1601616.000000	-710.165716
1602592.000000	-714.438307
1603568.000000	-709.402753
1604544.000000	-690.481277
1605520.000000	-708.029420
1606496.000000	-692.770165
1607472.000000	-709.097568
1608448.000000	-710.318308
1609424.000000	-679.647206
1610400.000000	-697.653127
1611376.000000	-679.036836
1612352.000000	-697.805719
1613328.000000	-696.432386
1614304.000000	-684.682760
1615280.000000	-696.279794
1616256.000000	-690.481277
1617232.000000	-700.399792
1618208.000000	-690.328684
1619184.000000	-679.342021
1620160.000000	-670.644246
1621136.000000	-685.140538
1622112.000000	-683.156835
1623088.000000	-690.023499
1624064.000000	-685.445723
1625040.000000	-674.611652
1626016.000000	-693.685720
1626992.000000	-678.273873
1627968.000000	-678.426466
1628944.000000	-684.377575
1629920.000000	-701.467940
1630896.000000	-672.780541
1631872.000000	-682.393872
1632848.000000	-704.214606
1633824.000000	-694.753868
1634800.000000	-695.669424
1635776.000000	-692.007202
1636752.000000	-681.630909
1637728.000000	-678.273873
1638704.000000	-691.549425
1639680.000000	-696.737571
1640656.000000	-688.344981
1641632.000000	-692.617573
1642608.000000	-690.481277
1643584.000000	-696.127201
1644560.000000	-683.462020
1645536.000000	-696.127201
1646512.000000	-703.604236
1647488.000000	-693.990905
1648464.000000	-700.857570
1649440.000000	-698.416089
1650416.000000	-690.786462
1651392.000000	-692.312387
1652368.000000	-716.879788
1653344.000000	-709.402753
1654320.000000	-690.328684
1655296.000000	-717.642750
1656272.000000	-716.116825
1657248.000000	-701.925718
1658224.000000	-713.064974
1659200.000000	-709.097568
1660176.000000	-716.574602
1661152.000000	-723.441267
1662128.000000	-721.762749
1663104.000000	-706.045717
1664080.000000	-723.136082
1665056.000000	-711.081271
1666032.000000	-727.713858
1667008.000000	-710.776086
1667984.000000	-715.353862
1668960.000000	-720.694601
1669936.000000	-733.054598
1670912.000000	-722.220527
1671888.000000	-731.681265
1672864.000000	-736.869411
1673840.000000	-722.678304
1674816.000000	-724.814600
1675792.000000	-729.697562
1676768.000000	-717.337565
1677744.000000	-742.820521
1678720.000000	-735.190893
1679696.000000	-741.904965
1680672.000000	-732.444227
1681648.000000	-735.648671
1682624.000000	-735.343486
1683600.000000	-735.953856
1684576.000000	-743.583483
1685552.000000	-741.599780
1686528.000000	-744.956816
1687504.000000	-728.171636
1688480.000000	-727.256081
1689456.000000	-725.577563
1690432.000000	-736.716819
1691408.000000	-723.899045
1692384.000000	-740.531632
1693360.000000	-744.041261
1694336.000000	-735.343486
1695312.000000	-718.863491
1696288.000000	-724.356822
1697264.000000	-728.934599
1698240.000000	-737.327189
1699216.000000	-737.479781
1700192.000000	-721.610157
1701168.000000	-739.616077
1702144.000000	-736.869411
1703120.000000	-739.616077
1704096.000000	-730.002747
1705072.000000	-721.762749
1706048.000000	-737.937559
1707024.000000	-727.561266
1708000.000000	-732.291635
1708976.000000	-720.847194
1709952.000000	-733.207190
1710928.000000	-737.022004
1711904.000000	-723.593860
1712880.000000	-720.389416
1713856.000000	-729.087191
1714832.000000	-739.921262
1715808.000000	-715.048677
1716784.000000	-714.590899
1717760.000000	-734.427931
1718736.000000	-716.422010
1719712.000000	-727.103488
1720688.000000	-719.626453
1721664.000000	-723.441267
1722640.000000	-717.337565
1723616.000000	-713.217566
1724592.000000	-737.022004
1725568.000000	-716.574602
1726544.000000	-728.782006
1727520.000000	-727.256081
1728496.000000	-711.233863
1729472.000000	-719.626453
1730448.000000	-716.574602
1731424.000000	-708.182012
1732400.000000	-728.171636
1733376.000000	-716.269417
1734352.000000	-708.639790
1735328.000000	-711.996826
1736304.000000	-713.827937
1737280.000000	-718.405713
1738256.000000	-723.593860
1739232.000000	-715.353862
1740208.000000	-711.081271
1741184.000000	-713.064974
1742160.000000	-696.584979
1743136.000000	-711.081271
1744112.000000	-724.662008
1745088.000000	-717.490158
1746064.000000	-715.048677
1747040.000000	-711.539048
1748016.000000	-710.623493
1748992.000000	-701.467940
1749968.000000	-716.269417
1750944.000000	-706.503494
1751920.000000	-707.571642
1752896.000000	-728.476821
1753872.000000	-716.116825
1754848.000000	-706.656087
1755824.000000	-706.961272
1756800.000000	-710.318308
1757776.000000	-705.740532
1758752.000000	-713.064974
1759728.000000	-712.607196
1760704.000000	-702.688681
1761680.000000	-719.168676
1762656.000000	-720.084231
1763632.000000	-725.882748
1764608.000000	-716.269417
1765584.000000	-719.931639
1766560.000000	-724.967193
1767536.000000	-708.792383
1768512.000000	-722.525712
1769488.000000	-709.097568
1770464.000000	-708.029420
1771440.000000	-722.220527
1772416.000000	-706.350902
1773392.000000	-720.847194
1774368.000000	-705.587939
1775344.000000	-711.844234
1776320.000000	-712.912381
1777296.000000	-715.353862
1778272.000000	-719.473861
1779248.000000	-713.064974
1780224.000000	-729.392376
1781200.000000	-709.250160
1782176.000000	-711.996826
1783152.000000	-704.367199
1784128.000000	-713.370159
1785104.000000	-711.691641
1786080.000000	-709.097568
1787056.000000	-726.798303
1788032.000000	-717.642750
1789008.000000	-711.081271
1789984.000000	-712.454604
1790960.000000	-721.610157
1791936.000000	-709.707938
1792912.000000	-729.697562
1793888.000000	-710.928678
1794864.000000	-722.220527
1795840.000000	-710.928678
1796816.000000	-710.470901
1797792.000000	-718.100528
1798768.000000	-718.405713
1799744.000000	-711.844234
1800720.000000	-728.324229
1801696.000000	-727.103488
1802672.000000	-730.307932
1803648.000000	-716.422010
1804624.000000	-714.896084
1805600.000000	-727.713858
1806576.000000	-725.730155
1807552.000000	-714.743492
1808528.000000	-713.827937
1809504.000000	-716.269417
1810480.000000	-713.980529
1811456.000000	-718.710898
1812432.000000	-717.184973
1813408.000000	-734.275338
1814384.000000	-727.866451
1815360.000000	-724.204230
1816336.000000	-727.103488
1817312.000000	-718.405713
1818288.000000	-720.999786
1819264.000000	-713.370159
1820240.000000	-710.470901
1821216.000000	-726.493118
1822192.000000	-733.664968
1823168.000000	-729.239784
1824144.000000	-718.558306
1825120.000000	-722.678304
1826096.000000	-735.648671
1827072.000000	-713.064974
1828048.000000	-718.863491
1829024.000000	-713.675344
1830000.000000	-717.490158
1830976.000000	-731.833857
1831952.000000	-722.525712
1832928.000000	-712.302011
1833904.000000	-740.073855
1834880.000000	-721.457564
1835856.000000	-714.133122
1836832.000000	-706.503494
1837808.000000	-725.577563
1838784.000000	-712.302011
1839760.000000	-728.476821
1840736.000000	-716.269417
1841712.000000	-713.217566
1842688.000000	-728.934599
1843664.000000	-720.389416
1844640.000000	-717.795343
1845616.000000	-724.662008
1846592.000000	-733.512375
1847568.000000	-706.350902
1848544.000000	-717.642750
1849520.000000	-711.386456
1850496.000000	-728.171636
1851472.000000	-706.198309
1852448.000000	-719.931639
1853424.000000	-719.931639
1854400.000000	-730.918302
1855376.000000	-711.386456
1856352.000000	-723.136082
1857328.000000	-708.639790
1858304.000000	-724.814600
1859280.000000	-715.659047
1860256.000000	-721.457564
1861232.000000	-722.525712
1862208.000000	-719.931639
1863184.000000	-711.386456
1864160.000000	-715.811640
1865136.000000	-714.133122
1866112.000000	-706.961272
1867088.000000	-715.048677
1868064.000000	-716.422010
1869040.000000	-713.675344
1870016.000000	-703.451643
1870992.000000	-702.383496
1871968.000000	-714.896084
1872944.000000	-715.201270
1873920.000000	-717.337565
1874896.000000	-717.184973
1875872.000000	-714.285714
1876848.000000	-721.610157
1877824.000000	-727.103488
1878800.000000	-706.350902
1879776.000000	-719.779046
1880752.000000	-728.019044
1881728.000000	-722.983489
1882704.000000	-718.100528
1883680.000000	-711.386456
1884656.000000	-724.051637
1885632.000000	-720.542009
1886608.000000	-707.876827
1887584.000000	-707.419050
1888560.000000	-725.730155
1889536.000000	-719.779046
1890512.000000	-712.759789
1891488.000000	-729.239784
1892464.000000	-715.659047
1893440.000000	-723.746452
1894416.000000	-715.506455
1895392.000000	-728.782006
1896368.000000	-710.165716
1897344.000000	-719.779046
1898320.000000	-715.811640
1899296.000000	-727.103488
1900272.000000	-720.847194
1901248.000000	-720.999786
1902224.000000	-714.438307
1903200.000000	-724.356822
1904176.000000	-727.713858
1905152.000000	-720.389416
1906128.000000	-718.253121
1907104.000000	-724.356822
1908080.000000	-715.353862
1909056.000000	-720.999786
1910032.000000	-728.476821
1911008.000000	-720.389416
1911984.000000	-713.064974
1912960.000000	-733.359783
1913936.000000	-713.827937
1914912.000000	-724.509415
1915888.000000	-727.408673
1916864.000000	-714.743492
1917840.000000	-707.113865
1918816.000000	-721.457564
1919792.000000	-717.184973
1920768.000000	-706.961272
1921744.000000	-715.811640
1922720.000000	-729.392376
1923696.000000	-715.659047
1924672.000000	-720.694601
1925648.000000	-724.814600
1926624.000000	-717.337565
1927600.000000	-715.811640
1928576.000000	-727.408673
1929552.000000	-710.318308
1930528.000000	-704.824976
1931504.000000	-717.947935
1932480.000000	-719.626453
1933456.000000	-710.928678
1934432.000000	-720.694601
1935408.000000	-711.844234
1936384.000000	-724.967193
1937360.000000	-719.016083
1938336.000000	-712.607196
1939312.000000	-703.146458
1940288.000000	-717.642750
1941264.000000	-724.356822
1942240.000000	-710.165716
1943216.000000	-718.100528
1944192.000000	-718.100528
1945168.000000	-722.983489
1946144.000000	-720.236824
1947120.000000	-712.302011
1948096.000000	-707.419050
1949072.000000	-717.947935
1950048.000000	-713.675344
1951024.000000	-729.850154
