8592000000	-0.000355036900000000016	-4.16063000000000018e-05
8592100000	-0.000428020100000000019	-4.54562000000000003e-05
8592200000	-0.000366224099999999989	-9.04479000000000052e-05
8592300000	-0.000320343500000000014	-8.52446999999999938e-05
8592400000	-0.000321193200000000013	-3.87175999999999967e-05
8592500000	-0.000386154599999999977	-2.51538999999999998e-05
8592600000	-0.000377204600000000004	5.04563e-05
8592700000	-0.000392103900000000019	-5.1212000000000002e-06
8592800000	-0.000335689899999999999	-1.87527000000000009e-05
8592900000	-0.000399618999999999983	3.2381700000000002e-05
8593000000	-0.000362018300000000023	4.97513999999999994e-05
8593100000	-0.000368954599999999993	5.9119000000000001e-05
8593200000	-0.000333742799999999992	-2.17320000000000013e-05
8593300000	-0.000347027600000000011	-8.26249999999999924e-06
8593400000	-0.000361273699999999976	3.04584999999999998e-05
8593500000	-0.000375785200000000022	6.83919999999999967e-06
8593600000	-0.000400240599999999991	-7.29150000000000041e-06
8593700000	-0.000355660299999999987	-1.00625999999999992e-05
8593800000	-0.000352068499999999985	-2.50778999999999992e-05
8593900000	-0.000367000499999999984	4.74469000000000014e-05
8594000000	-0.000348265200000000014	7.84549999999999968e-06
8594100000	-0.000373583100000000011	3.13612000000000005e-05
8594200000	-0.000393228300000000018	5.83577999999999988e-05
8594300000	-0.000389278699999999977	3.99950000000000042e-06
8594400000	-0.000341133300000000023	5.07470000000000005e-05
8594500000	-0.00037441569999999998	0.000100019400000000007
8594600000	-0.000391136100000000024	8.17937000000000026e-05
8594700000	-0.00039257449999999998	0.000109810500000000002
8594800000	-0.000332979599999999999	4.37186999999999987e-05
8594900000	-0.000326863599999999979	6.43544999999999951e-05
8595000000	-0.000373985500000000026	7.27410999999999938e-05
8595100000	-0.000361224799999999998	2.88404999999999994e-05
8595200000	-0.000331670700000000023	9.24815000000000055e-05
8595300000	-0.000346899699999999981	8.74565000000000054e-05
8595400000	-0.000347573099999999981	7.6489799999999994e-05
8595500000	-0.000368416299999999985	0.000109066299999999996
8595600000	-0.000355244800000000004	0.000129142699999999999
8595700000	-0.000395517500000000023	0.000116714500000000002
8595800000	-0.000352703899999999983	0.0001382287
8595900000	-0.000397732100000000013	8.66606000000000017e-05
8596000000	-0.000363267800000000019	3.78132999999999993e-05
8596100000	-0.00039490590000000001	0.000122515099999999995
8596200000	-0.000389931400000000019	0.000109359999999999996
8596300000	-0.000338400700000000007	0.000102886299999999998
8596400000	-0.000335946099999999978	0.000148876200000000003
8596500000	-0.000330791299999999978	0.000119029000000000002
8596600000	-0.000364805299999999995	0.000112893299999999999
8596700000	-0.000379467199999999991	0.000159948099999999987
8596800000	-0.00036409220000000001	0.000122081199999999999
8596900000	-0.00037569140000000002	0.000110761599999999993
8597000000	-0.000344072599999999996	0.000172841399999999995
8597100000	-0.000346128199999999977	0.000145992400000000008
8597200000	-0.000302701000000000001	0.000161572799999999992
8597300000	-0.000364451599999999999	0.000159337899999999991
8597400000	-0.000346046400000000001	0.000148746199999999989
8597500000	-0.000309487299999999994	0.000165081599999999988
8597600000	-0.000280400499999999993	0.000169397199999999991
8597700000	-0.000377763400000000009	0.000175994099999999989
8597800000	-0.000368791700000000008	0.000165668199999999987
8597900000	-0.00033246529999999999	0.000112620899999999998
8598000000	-0.000323497300000000004	0.000180347699999999994
8598100000	-0.000336027900000000009	0.000152573999999999993
8598200000	-0.000388852199999999983	0.00018998149999999999
8598300000	-0.000294537700000000011	0.000179839600000000012
8598400000	-0.000351658900000000009	0.000220646099999999995
8598500000	-0.000370250799999999975	0.00016058580000000001
8598600000	-0.000327490299999999991	0.000144043999999999992
8598700000	-0.000306162399999999988	0.000221273600000000009
8598800000	-0.000264130500000000015	0.000192440900000000003
8598900000	-0.000324016099999999976	0.000232843600000000008
8599000000	-0.000341723400000000022	0.000146650099999999994
8599100000	-0.000308678500000000009	0.000238524299999999989
8599200000	-0.000341604999999999979	0.000275538699999999998
8599300000	-0.000342675499999999975	0.000161082199999999987
8599400000	-0.000324754899999999997	0.000233026299999999995
8599500000	-0.000364280100000000009	0.000219489499999999993
8599600000	-0.000278535099999999982	0.000203074999999999989
8599700000	-0.00031990460000000002	0.000290415699999999998
8599800000	-0.000336464900000000005	0.000215546699999999994
8599900000	-0.000294874600000000024	0.000182154700000000013
8600000000	-0.00034478340000000001	0.000216163899999999992
8600100000	-0.000369759299999999989	0.00027322300000000001
8600200000	-0.0003255938	0.000233070099999999996
8600300000	-0.000284705099999999986	0.000218421500000000009
8600400000	-0.000323022200000000026	0.000296447900000000012
8600500000	-0.000294140799999999974	0.000251253399999999975
8600600000	-0.000257631499999999981	0.000254944599999999992
8600700000	-0.000277837899999999998	0.000247298699999999984
8600800000	-0.000267994999999999985	0.0002641977
8600900000	-0.000333402500000000012	0.000254915499999999989
8601000000	-0.000268957000000000007	0.000329529599999999997
8601100000	-0.000316348499999999995	0.000294002900000000004
8601200000	-0.000323355200000000011	0.000262335599999999976
8601300000	-0.000279877400000000018	0.00023357980000000001
8601400000	-0.000382147800000000001	0.000311547199999999977
8601500000	-0.000294234499999999996	0.000274464799999999981
8601600000	-0.000315883100000000018	0.000293905300000000006
8601700000	-0.000256782899999999977	0.000315265899999999993
8601800000	-0.000247867300000000025	0.000296954900000000026
8601900000	-0.000301181199999999989	0.0003170119
8602000000	-0.000267093199999999999	0.000367062699999999998
8602100000	-0.000308356600000000015	0.000344750599999999992
8602200000	-0.000235433700000000002	0.000300041100000000003
8602300000	-0.000298677199999999973	0.000346282299999999996
8602400000	-0.00029754759999999999	0.000334139399999999981
8602500000	-0.000273707100000000021	0.000280327100000000008
8602600000	-0.000274779099999999986	0.000314007100000000025
8602700000	-0.000250241200000000019	0.000350129300000000016
8602800000	-0.000198604300000000005	0.000384991500000000009
8602900000	-0.000275652700000000004	0.000281589800000000006
8603000000	-0.000206263700000000009	0.000323397699999999975
8603100000	-0.000253952599999999985	0.000295929699999999973
8603200000	-0.000294925199999999986	0.000305852999999999973
8603300000	-0.000261185700000000009	0.000298547799999999974
8603400000	-0.000236717599999999992	0.000344609800000000009
8603500000	-0.000249933999999999996	0.000331155600000000011
8603600000	-0.000201322599999999996	0.000374715999999999981
8603700000	-0.000249834299999999987	0.000338192300000000011
8603800000	-0.000257324600000000006	0.000348088900000000014
8603900000	-0.000227493999999999987	0.000332555299999999997
8604000000	-0.000220640000000000002	0.000364115900000000015
8604100000	-0.000232528399999999994	0.000372886300000000001
8604200000	-0.000256664199999999995	0.000391045100000000001
8604300000	-0.000237780499999999998	0.000400400499999999983
8604400000	-0.000217608500000000002	0.000398916199999999987
8604500000	-0.000184374300000000001	0.000403792299999999979
8604600000	-0.000211988999999999993	0.000380481599999999993
8604700000	-0.000210899600000000003	0.000359385100000000023
8604800000	-0.000228775499999999999	0.000440625200000000004
8604900000	-0.000214292399999999988	0.000426802899999999979
8605000000	-0.000205434399999999999	0.000371423300000000005
8605100000	-0.000204409899999999996	0.00038949150000000001
8605200000	-0.000211084999999999989	0.000400254699999999975
8605300000	-0.000237160600000000001	0.000452680699999999977
8605400000	-0.00020987060000000001	0.000416534999999999996
8605500000	-0.000201201199999999987	0.000443459099999999977
8605600000	-0.000222783900000000007	0.000422756599999999977
8605700000	-0.000218906399999999995	0.000393575300000000006
8605800000	-0.000163601300000000002	0.000411931400000000011
8605900000	-0.00021985909999999999	0.000408297300000000005
8606000000	-0.000206581899999999988	0.000484384699999999997
8606100000	-0.000179817500000000011	0.000435741600000000002
8606200000	-0.000180326100000000001	0.000412856499999999973
8606300000	-0.000139029499999999994	0.000471124800000000013
8606400000	-0.000155280200000000005	0.000440775000000000021
8606500000	-0.000142921300000000003	0.000425267699999999974
8606600000	-0.000104393899999999997	0.000423716499999999988
8606700000	-0.000126135099999999991	0.000449757399999999984
8606800000	-0.000135733500000000004	0.000451745900000000014
8606900000	-9.66194000000000053e-05	0.000494285100000000049
8607000000	-0.000156433099999999991	0.000522982099999999995
8607100000	-0.000119771400000000003	0.000494341900000000011
8607200000	-0.000139755700000000001	0.000460085799999999999
8607300000	-0.000142503499999999995	0.000491412700000000012
8607400000	-0.000121563699999999996	0.000416777599999999999
8607500000	-9.17100000000000012e-05	0.00047550890000000001
8607600000	-0.000145755799999999991	0.000469802000000000013
8607700000	-8.50327000000000033e-05	0.000475134899999999976
8607800000	-9.27035999999999979e-05	0.000471991500000000009
8607900000	-0.000113427799999999998	0.000488009800000000025
8608000000	-8.05263999999999953e-05	0.0005354817
8608100000	-8.27569999999999939e-05	0.000485029200000000008
8608200000	-6.84394000000000007e-05	0.000455746100000000017
8608300000	-8.7259800000000001e-05	0.000525429100000000034
8608400000	-5.63221000000000007e-05	0.000500208600000000021
8608500000	-0.000106429399999999994	0.000495514800000000015
8608600000	-7.23474000000000046e-05	0.000564944399999999978
8608700000	-3.09042000000000014e-05	0.000476973399999999976
8608800000	-4.78282999999999974e-05	0.000483678699999999994
8608900000	-2.73770999999999992e-05	0.000497864299999999983
8609000000	-6.79623000000000049e-05	0.00051198400000000005
8609100000	-4.34626999999999998e-05	0.000456420699999999992
8609200000	-3.30383999999999986e-05	0.00049533369999999995
8609300000	1.71895999999999989e-05	0.000565665900000000008
8609400000	1.8293e-06	0.000545131199999999982
8609500000	-5.08860000000000004e-05	0.000508971299999999983
8609600000	-2.04834000000000011e-05	0.000491569599999999956
8609700000	-6.90210999999999955e-05	0.000557790699999999979
8609800000	-8.87280000000000084e-06	0.000524818000000000029
8609900000	-2.72608999999999985e-05	0.000499895800000000039
8610000000	2.9066800000000001e-05	0.000478172999999999977
8610100000	-4.58168999999999984e-05	0.00054986439999999998
8610200000	4.42846999999999997e-05	0.000537934799999999951
8610300000	9.32709999999999918e-06	0.000530578200000000042
8610400000	2.01624999999999988e-05	0.000574309999999999968
8610500000	3.00782999999999997e-05	0.000575997299999999961
8610600000	4.11531999999999976e-05	0.000526739399999999946
8610700000	6.30309000000000067e-05	0.000546748400000000032
8610800000	5.27840000000000015e-05	0.000570962600000000041
8610900000	7.63255999999999998e-05	0.000491773199999999996
8611000000	8.28065999999999942e-05	0.000525653699999999971
8611100000	9.84656999999999948e-05	0.000558770100000000026
8611200000	2.73655000000000008e-05	0.000553902299999999991
8611300000	9.06594000000000014e-05	0.000563111600000000025
8611400000	8.23675999999999938e-05	0.000538167400000000014
8611500000	0.000123392	0.000562164100000000014
8611600000	6.9994799999999996e-05	0.00055184050000000001
8611700000	7.99387000000000009e-05	0.000525269500000000037
8611800000	0.00014096829999999999	0.000570657499999999976
8611900000	0.000146471700000000009	0.000567561200000000023
8612000000	8.94829000000000035e-05	0.000565799299999999962
8612100000	0.000113019599999999998	0.000595566800000000012
8612200000	0.000168336500000000003	0.000548201299999999999
8612300000	0.00016110509999999999	0.000593883499999999973
8612400000	0.000164001499999999998	0.000556630100000000049
8612500000	0.000132696499999999999	0.000619452900000000027
8612600000	0.000124059300000000007	0.000568620600000000029
8612700000	0.000135954599999999994	0.000588234100000000013
8612800000	0.000141149599999999988	0.000609433399999999965
8612900000	0.00015755740000000001	0.000547397499999999985
8613000000	0.000196009999999999988	0.000572874000000000018
8613100000	0.000164715899999999993	0.000561850700000000045
8613200000	0.000123038999999999999	0.000560731800000000024
8613300000	0.000195146200000000005	0.000573793800000000015
8613400000	0.000168340100000000011	0.000581453599999999992
8613500000	0.000164743099999999998	0.000610909500000000037
8613600000	0.000236492899999999994	0.000577124099999999965
8613700000	0.000207659899999999994	0.00062417950000000005
8613800000	0.000205883900000000002	0.000584547099999999965
8613900000	0.000262038999999999989	0.000649564000000000044
8614000000	0.000195790799999999996	0.000564125800000000012
8614100000	0.000316482900000000019	0.000590844500000000045
8614200000	0.000304196099999999993	0.000602977500000000046
8614300000	0.000238178299999999989	0.000543909800000000028
8614400000	0.000247665099999999974	0.000562461199999999954
8614500000	0.000308830200000000023	0.000545275700000000035
8614600000	0.000289521099999999975	0.000578037400000000023
8614700000	0.000305056200000000015	0.000587537299999999949
8614800000	0.000305739800000000023	0.000559419799999999966
8614900000	0.00028355120000000001	0.000539851999999999953
8615000000	0.000314274699999999988	0.000579931100000000035
8615100000	0.000326159099999999999	0.000566154399999999947
8615200000	0.00032463730000000001	0.000592005300000000042
8615300000	0.000312547200000000002	0.000597791100000000003
8615400000	0.000380726699999999981	0.000571700699999999986
8615500000	0.000354161600000000014	0.000600774899999999973
8615600000	0.000367418500000000006	0.000633926300000000036
8615700000	0.000382355399999999995	0.000582204400000000039
8615800000	0.000399656999999999985	0.000568270800000000007
8615900000	0.000381447999999999998	0.00057153719999999996
8616000000	0.000406303200000000017	0.000591662399999999989
8616100000	0.000391024500000000024	0.000589772700000000039
8616200000	0.000378275800000000021	0.000571365899999999984
8616300000	0.000412477199999999975	0.000536360500000000002
8616400000	0.00038679859999999998	0.00049868969999999999
8616500000	0.000478860099999999986	0.000538840600000000053
8616600000	0.000459528699999999977	0.000572659499999999947
8616700000	0.000444682699999999977	0.000593139899999999996
8616800000	0.000477963499999999985	0.000555756199999999983
8616900000	0.000466709099999999973	0.000575819599999999971
8617000000	0.000515496600000000041	0.000531836699999999963
8617100000	0.000463105200000000019	0.000518093299999999955
8617200000	0.000515140699999999999	0.000541420499999999984
8617300000	0.000564312800000000029	0.000525015599999999975
8617400000	0.000460820900000000005	0.000490876799999999955
8617500000	0.000538690299999999974	0.000566889799999999947
8617600000	0.000497935000000000023	0.000500241499999999964
8617700000	0.000527235700000000052	0.000536448400000000053
8617800000	0.000525670299999999994	0.000536982800000000032
8617900000	0.000570218099999999974	0.000516259900000000014
8618000000	0.000539851799999999994	0.000544934399999999985
8618100000	0.000604064399999999996	0.000509673700000000006
8618200000	0.000535910300000000004	0.000495740399999999967
8618300000	0.000590204899999999971	0.000540989899999999948
8618400000	0.00061144270000000004	0.000470016100000000001
8618500000	0.000616366300000000021	0.000444584100000000018
8618600000	0.000608454000000000026	0.000506737900000000033
8618700000	0.00067793780000000004	0.000503087499999999997
8618800000	0.000663022800000000038	0.000488703000000000054
8618900000	0.000627950500000000011	0.00052153620000000003
8619000000	0.000674563800000000042	0.000493112400000000005
8619100000	0.000671969899999999998	0.000446197000000000011
8619200000	0.000644190100000000031	0.000475730599999999988
8619300000	0.000640996899999999995	0.000429122299999999983
8619400000	0.000666529100000000049	0.000504912900000000029
8619500000	0.000725731599999999955	0.000453207699999999981
8619600000	0.000719362400000000003	0.000419248099999999975
8619700000	0.000710242000000000035	0.000424541800000000015
8619800000	0.00073365759999999996	0.000403009300000000011
8619900000	0.000697994900000000048	0.000438750000000000012
8620000000	0.000786960500000000022	0.000377661599999999989
8620100000	0.000758822300000000028	0.00041794
8620200000	0.000765509999999999954	0.000392664100000000014
8620300000	0.000762941600000000041	0.000377015999999999983
8620400000	0.000789972100000000039	0.000395533400000000024
8620500000	0.00076323519999999998	0.000348199799999999993
8620600000	0.000810284299999999976	0.000344623899999999992
8620700000	0.000801069399999999984	0.000341725999999999987
8620800000	0.000844645100000000022	0.000370320100000000026
8620900000	0.000809054099999999949	0.000335745300000000026
8621000000	0.000842698199999999975	0.000325251299999999974
8621100000	0.000801016599999999977	0.000279937899999999995
8621200000	0.000854682500000000008	0.000309620700000000002
8621300000	0.000865614300000000004	0.000337916200000000022
8621400000	0.000845450200000000046	0.000286889600000000012
8621500000	0.00084117250000000001	0.000281156000000000017
8621600000	0.00088379789999999995	0.000294497200000000024
8621700000	0.000864215199999999952	0.000296591399999999994
8621800000	0.000920319600000000051	0.000328915100000000025
8621900000	0.000936310200000000053	0.000299088499999999988
8622000000	0.00090583920000000004	0.000243214800000000008
8622100000	0.00095465019999999999	0.000252498299999999974
8622200000	0.000923237000000000038	0.0002304296
8622300000	0.000920845199999999957	0.000207810599999999992
8622400000	0.000935525100000000019	0.000213337100000000001
8622500000	0.000967507600000000034	0.000197894900000000008
8622600000	0.000991183400000000001	0.000204593000000000011
8622700000	0.000974983300000000007	0.00015795260000000001
8622800000	0.000974723300000000033	0.000193211799999999992
8622900000	0.000962352400000000005	0.000138019399999999995
8623000000	0.000983553399999999994	0.000142038800000000013
8623100000	0.000995537899999999988	9.22573999999999953e-05
8623200000	0.00104388419999999998	0.000109634899999999996
8623300000	0.00099733979999999992	0.000115206399999999995
8623400000	0.000976336600000000054	0.000115244700000000005
8623500000	0.000986621200000000094	9.78312999999999996e-05
8623600000	0.00106709719999999999	0.000111463
8623700000	0.00100081999999999992	8.18458999999999951e-05
8623800000	0.00103078979999999989	5.09665000000000007e-05
8623900000	0.00100920669999999993	3.47791000000000005e-05
8624000000	0.00106225359999999997	3.0176899999999999e-05
8624100000	0.00106436269999999993	1.84252000000000011e-05
8624200000	0.0010835752000000001	1.78290999999999984e-05
8624300000	0.00108486090000000008	-4.79177999999999972e-05
8624400000	0.00104431670000000002	-3.67459999999999994e-06
8624500000	0.00105194100000000003	-2.48313000000000006e-05
8624600000	0.00107918339999999997	-7.42804000000000012e-05
8624700000	0.00111292370000000006	-5.74586999999999993e-05
8624800000	0.00113253430000000003	-8.29625999999999975e-05
8624900000	0.00103648720000000007	-0.0001004705
8625000000	0.00108417309999999994	-0.000130881199999999996
8625100000	0.00113799769999999999	-0.000140008599999999993
8625200000	0.00115361049999999996	-0.000129412900000000009
8625300000	0.0011423122	-0.000184031999999999989
8625400000	0.00110846639999999993	-0.000181994399999999993
8625500000	0.00113850460000000002	-0.000197528400000000011
8625600000	0.00116090799999999999	-0.00018468449999999999
8625700000	0.00110162080000000004	-0.000202365999999999993
8625800000	0.0011234305999999999	-0.000256613799999999993
8625900000	0.00114305390000000008	-0.00025315750000000001
8626000000	0.00114734540000000006	-0.000283075900000000018
8626100000	0.00114604890000000008	-0.000260773700000000027
8626200000	0.0011263174999999999	-0.000299757599999999984
8626300000	0.00115474330000000006	-0.000322772600000000021
8626400000	0.00116065289999999995	-0.000299867200000000008
8626500000	0.00112535580000000003	-0.000352845000000000014
8626600000	0.00112215920000000003	-0.000345715199999999979
8626700000	0.00115187530000000001	-0.000346704299999999973
8626800000	0.0011335955	-0.000413391799999999988
8626900000	0.00118867679999999989	-0.000388800399999999992
8627000000	0.00114944529999999991	-0.000416495199999999976
8627100000	0.00117992560000000006	-0.000516527499999999977
8627200000	0.00117722089999999996	-0.000501405499999999968
8627300000	0.00117299149999999992	-0.000523904399999999978
8627400000	0.00115548749999999992	-0.000530015799999999948
8627500000	0.00113213929999999999	-0.000530602099999999952
8627600000	0.0011466534	-0.000588160899999999988
8627700000	0.00117635029999999994	-0.000580007899999999987
8627800000	0.00115545030000000003	-0.000601271899999999992
8627900000	0.00112981660000000005	-0.000617322199999999969
8628000000	0.00115454849999999999	-0.000639897800000000004
8628100000	0.00112463980000000003	-0.00066012320000000005
8628200000	0.00113147209999999994	-0.000672818099999999975
8628300000	0.0010845837000000001	-0.000688878899999999955
8628400000	0.00116765670000000001	-0.000735923400000000009
8628500000	0.00113945990000000009	-0.00071245290000000001
8628600000	0.00111189090000000002	-0.000788386999999999985
8628700000	0.0011090099999999999	-0.00074775709999999997
8628800000	0.00115644789999999999	-0.000780938300000000004
8628900000	0.00110929410000000007	-0.000829039099999999982
8629000000	0.00116697130000000004	-0.000844547999999999978
8629100000	0.00109626709999999998	-0.000817854499999999974
8629200000	0.00110074210000000007	-0.000887805500000000036
8629300000	0.00106420939999999991	-0.000873173700000000005
8629400000	0.00106111430000000004	-0.000878796799999999995
8629500000	0.00106375029999999991	-0.000947320800000000032
8629600000	0.0010746213000000001	-0.000942289400000000045
8629700000	0.00108404849999999995	-0.000968732099999999961
8629800000	0.00109500599999999993	-0.00097736489999999997
8629900000	0.00106774939999999992	-0.000972095299999999963
8630000000	0.00107419010000000007	-0.00102073810000000002
8630100000	0.00104554879999999993	-0.00106641320000000006
8630200000	0.00102196509999999993	-0.00107555980000000008
8630300000	0.00102285890000000006	-0.00111806600000000003
8630400000	0.000981291000000000021	-0.0011512530999999999
8630500000	0.000970491699999999997	-0.00115556759999999991
8630600000	0.000975326899999999974	-0.00117367129999999993
8630700000	0.000925493700000000019	-0.00117886449999999991
8630800000	0.000924773499999999998	-0.00118539980000000001
8630900000	0.000931041200000000033	-0.00122684669999999999
8631000000	0.000897276499999999973	-0.00121021369999999994
8631100000	0.000883023399999999952	-0.00124933990000000001
8631200000	0.000912830599999999988	-0.00130382429999999997
8631300000	0.000856596699999999964	-0.00130463939999999994
8631400000	0.000851783300000000048	-0.00130670159999999994
8631500000	0.000830586900000000001	-0.00134907470000000004
8631600000	0.000825841400000000038	-0.00135703600000000005
8631700000	0.000785525799999999973	-0.00135231590000000007
8631800000	0.000773559000000000052	-0.00140819529999999999
8631900000	0.0007429038	-0.0014187532000000001
8632000000	0.000735459799999999995	-0.00146090749999999996
8632100000	0.000765035800000000011	-0.0014588133000000001
8632200000	0.000677581899999999998	-0.00148320940000000001
8632300000	0.000695898600000000012	-0.00148988359999999999
8632400000	0.000672243400000000022	-0.00152427399999999994
8632500000	0.000671409400000000009	-0.0015437138
8632600000	0.000639517099999999962	-0.00155945169999999991
8632700000	0.000631155199999999957	-0.00160215550000000003
8632800000	0.000615223799999999976	-0.00158807309999999999
8632900000	0.000572801699999999974	-0.00161229899999999998
8633000000	0.000553592499999999948	-0.00164281520000000001
8633100000	0.000510858899999999975	-0.00165434890000000002
8633200000	0.000531351199999999962	-0.00165093370000000007
8633300000	0.00047590760000000001	-0.00169489789999999999
8633400000	0.000501559999999999962	-0.00167325060000000003
8633500000	0.000411631900000000012	-0.00168564069999999999
8633600000	0.000399780900000000006	-0.00167685519999999995
8633700000	0.000375200899999999994	-0.00176461130000000002
8633800000	0.000348146100000000004	-0.00174214139999999992
8633900000	0.000346879399999999998	-0.00175503909999999994
8634000000	0.000307401000000000007	-0.0017512901
8634100000	0.000310884299999999981	-0.00182497540000000008
8634200000	0.000276747299999999979	-0.00184738510000000003
8634300000	0.000257644899999999997	-0.00184441290000000001
8634400000	0.000176247999999999997	-0.00180049019999999993
8634500000	0.000179690899999999991	-0.00185576490000000007
8634600000	0.000161166399999999996	-0.00191696060000000009
8634700000	0.00012495710000000001	-0.00189463859999999991
8634800000	8.83529999999999992e-05	-0.00188522720000000002
8634900000	7.89650999999999938e-05	-0.00188896219999999996
8635000000	4.21644999999999992e-05	-0.00193746220000000011
8635100000	-1.11641000000000004e-05	-0.00191937969999999994
8635200000	-6.88947999999999964e-05	-0.0019063661999999999
8635300000	-4.74853999999999977e-05	-0.00195285300000000005
8635400000	-9.58470999999999992e-05	-0.00194596809999999999
8635500000	-0.000131371500000000008	-0.00198355699999999994
8635600000	-0.000165736700000000008	-0.00195275169999999999
8635700000	-0.00025370919999999998	-0.0019401310000000001
8635800000	-0.000255059799999999973	-0.00198409560000000016
8635900000	-0.000282487700000000016	-0.00189798070000000009
8636000000	-0.000290311800000000021	-0.00199615379999999992
8636100000	-0.000358386600000000022	-0.00196893100000000015
8636200000	-0.000358102300000000002	-0.00199732920000000001
8636300000	-0.000445764300000000017	-0.00201606059999999985
8636400000	-0.000487886999999999999	-0.00199765480000000002
8636500000	-0.000520394999999999994	-0.00202734009999999991
8636600000	-0.000524192000000000039	-0.00201423790000000019
8636700000	-0.000635140899999999948	-0.00204274379999999992
8636800000	-0.00062630110000000004	-0.00200137480000000005
8636900000	-0.000705291799999999982	-0.0020493769999999998
8637000000	-0.000702930799999999995	-0.00199096249999999994
8637100000	-0.000760382100000000019	-0.00203952400000000002
8637200000	-0.000788864000000000015	-0.00203806479999999986
8637300000	-0.000890669899999999948	-0.00201086230000000008
8637400000	-0.000856997699999999989	-0.00198493819999999996
8637500000	-0.000910381300000000031	-0.00204461620000000004
8637600000	-0.000935481600000000039	-0.00196933329999999986
8637700000	-0.00102802160000000004	-0.00199322079999999981
8637800000	-0.00105947039999999999	-0.00195617370000000009
8637900000	-0.0010845074000000001	-0.00199985400000000013
8638000000	-0.00109841999999999991	-0.00195535929999999993
8638100000	-0.00114674219999999993	-0.00193326770000000004
8638200000	-0.00119614929999999997	-0.00193965000000000001
8638300000	-0.00128676960000000009	-0.00194440460000000004
8638400000	-0.00129186170000000007	-0.0019595493000000002
8638500000	-0.00133127130000000008	-0.00191147720000000004
8638600000	-0.00140438710000000003	-0.00192903660000000006
8638700000	-0.00139987370000000007	-0.00188963169999999993
8638800000	-0.00146144520000000009	-0.00181157829999999999
8638900000	-0.0014733538	-0.00181466760000000005
8639000000	-0.00153095430000000005	-0.00175585600000000008
8639100000	-0.00158484180000000008	-0.00179551540000000005
8639200000	-0.00165285119999999995	-0.00178554860000000007
8639300000	-0.00168449510000000008	-0.00167769839999999996
8639400000	-0.00169910359999999997	-0.00175053519999999996
8639500000	-0.00177957950000000005	-0.00172989569999999998
8639600000	-0.00181954930000000005	-0.00170852440000000003
8639700000	-0.00190275480000000005	-0.00168034790000000009
8639800000	-0.00191994239999999992	-0.00161276999999999992
8639900000	-0.00195381899999999987	-0.00157814419999999993
8640000000	-0.00200796729999999993	-0.00153561520000000001
8640100000	-0.00205231369999999986	-0.00154818540000000002
8640200000	-0.0020814710000000001	-0.00150009139999999997
8640300000	-0.00210015669999999996	-0.00141953739999999993
8640400000	-0.0021590950999999998	-0.00141251399999999991
8640500000	-0.00217089430000000014	-0.00132597529999999996
8640600000	-0.00224828349999999996	-0.00130758570000000002
8640700000	-0.00223228819999999988	-0.00129026800000000001
8640800000	-0.00230787390000000009	-0.00127138940000000008
8640900000	-0.00232162889999999993	-0.00120747059999999997
8641000000	-0.00235789500000000004	-0.00116502589999999996
8641100000	-0.00238471609999999987	-0.00107262109999999998
8641200000	-0.00244257320000000003	-0.00109015510000000002
8641300000	-0.00245834730000000015	-0.000990539599999999904
8641400000	-0.00252452870000000008	-0.000938573500000000008
8641500000	-0.00249030810000000014	-0.000887346899999999993
8641600000	-0.00262065280000000006	-0.000819170499999999986
8641700000	-0.00259959730000000003	-0.000739647200000000029
8641800000	-0.00260104880000000017	-0.000748657199999999971
8641900000	-0.00262014079999999981	-0.000666706500000000045
8642000000	-0.00262079469999999988	-0.000543340300000000006
8642100000	-0.00264406289999999985	-0.000566245399999999971
8642200000	-0.00271915650000000009	-0.000451370400000000011
8642300000	-0.00274161559999999997	-0.000385663699999999978
8642400000	-0.00269437449999999998	-0.000357165899999999981
8642500000	-0.00270826630000000007	-0.000283335399999999984
8642600000	-0.00274466859999999979	-0.000213161799999999989
8642700000	-0.0027549765999999999	-0.000123226499999999997
8642800000	-0.00280203189999999984	-8.36661999999999953e-05
8642900000	-0.00270396849999999991	-4.13772000000000009e-05
8643000000	-0.00279452499999999996	5.56400000000000026e-05
8643100000	-0.00275336470000000014	9.5414000000000005e-05
8643200000	-0.00278395210000000016	0.000209065899999999987
8643300000	-0.00275952819999999988	0.000294951899999999984
8643400000	-0.00273404729999999997	0.000315575699999999981
8643500000	-0.00272161080000000001	0.000439801000000000027
8643600000	-0.00276314700000000009	0.000495880699999999997
8643700000	-0.00273361309999999979	0.000512831999999999958
8643800000	-0.00267162420000000012	0.000647701100000000018
8643900000	-0.00264984709999999991	0.000663782099999999948
8644000000	-0.00262752769999999997	0.000759503400000000051
8644100000	-0.00261248399999999999	0.000802177800000000002
8644200000	-0.00256467580000000004	0.00077163809999999998
8644300000	-0.00257398140000000006	0.000937735100000000013
8644400000	-0.00262247920000000011	0.000966372699999999978
8644500000	-0.0025309912999999999	0.00105902519999999997
8644600000	-0.00249847819999999979	0.00111183810000000001
8644700000	-0.00241686249999999983	0.0011438167
8644800000	-0.00243961479999999994	0.00123097560000000003
8644900000	-0.00239704290000000014	0.00130167749999999995
8645000000	-0.00236508560000000005	0.00130569420000000011
8645100000	-0.00231932319999999994	0.00140470840000000009
8645200000	-0.00225500390000000009	0.00141643929999999991
8645300000	-0.002199861	0.00149829169999999992
8645400000	-0.00214490609999999984	0.00150093230000000006
8645500000	-0.00210184340000000008	0.0015905591000000001
8645600000	-0.00206502450000000011	0.00163567560000000005
8645700000	-0.00205040349999999986	0.0016588563000000001
8645800000	-0.00193881159999999991	0.00169685400000000003
8645900000	-0.00193233110000000006	0.00173079739999999998
8646000000	-0.00183116570000000007	0.00174644660000000001
8646100000	-0.00183401739999999999	0.00184716580000000006
8646200000	-0.00178916230000000006	0.00180951960000000009
8646300000	-0.0017461810999999999	0.0018672405
8646400000	-0.00164383509999999999	0.00186061689999999992
8646500000	-0.00163478559999999992	0.00192564550000000009
8646600000	-0.00155758669999999993	0.00191064829999999992
8646700000	-0.00144864519999999999	0.00202012200000000006
8646800000	-0.0014848684	0.00192499670000000002
8646900000	-0.00139483829999999991	0.00203317670000000006
8647000000	-0.00126435070000000004	0.00201494740000000014
8647100000	-0.00125548150000000009	0.00201890640000000014
8647200000	-0.00120201269999999994	0.00203764090000000016
8647300000	-0.00122350889999999998	0.00206469669999999978
8647400000	-0.00117057519999999994	0.00204556809999999981
8647500000	-0.00111122010000000004	0.00210211420000000005
8647600000	-0.000993813899999999948	0.0020941248
8647700000	-0.00095522529999999997	0.00208610469999999989
8647800000	-0.000901793199999999977	0.0020847283000000002
8647900000	-0.000818561599999999973	0.00209360340000000001
8648000000	-0.000825710000000000007	0.00213325929999999987
8648100000	-0.000749517899999999982	0.00206055780000000003
8648200000	-0.000692569299999999969	0.00210709340000000012
8648300000	-0.000663462899999999953	0.00205569009999999981
8648400000	-0.000598263099999999954	0.00208047380000000006
8648500000	-0.000592724500000000047	0.00205390119999999997
8648600000	-0.000502774400000000022	0.00205327830000000006
8648700000	-0.000483412099999999993	0.00202203080000000002
8648800000	-0.000437715499999999987	0.00205699460000000013
8648900000	-0.000357211600000000007	0.00197136029999999979
8649000000	-0.000389183400000000005	0.00203155219999999991
8649100000	-0.0003392995	0.00203818459999999995
8649200000	-0.000268007800000000013	0.00196485000000000019
8649300000	-0.000213826500000000003	0.00202528710000000021
8649400000	-0.000178730499999999999	0.00195210049999999997
8649500000	-0.000152952599999999997	0.00194258350000000007
8649600000	-4.98450000000000013e-05	0.0019456241
8649700000	-0.000106549100000000006	0.00188125240000000006
8649800000	-1.78376000000000001e-05	0.00191475819999999998
8649900000	-9.36880000000000083e-06	0.00178992699999999997
8650000000	-1.22491999999999995e-05	0.00187417310000000006
8650100000	-2.3161799999999999e-05	0.00183418069999999995
8650200000	6.63514000000000031e-05	0.00180026290000000005
8650300000	6.82753e-05	0.00180557349999999994
8650400000	0.000148707300000000005	0.00181412119999999999
8650500000	0.00019349800000000001	0.00176349449999999995
8650600000	0.000218251499999999989	0.00179277090000000004
8650700000	0.000183047899999999993	0.00168699350000000008
8650800000	0.000272304199999999974	0.00168910939999999997
8650900000	0.0002612464	0.00168927550000000002
8651000000	0.000280515599999999995	0.0016512044
8651100000	0.000277963799999999997	0.00164365559999999993
8651200000	0.000296880000000000017	0.00164463179999999997
8651300000	0.000374584300000000011	0.00165416450000000002
8651400000	0.000334619999999999991	0.00161549020000000009
8651500000	0.000400590900000000021	0.00164657650000000003
8651600000	0.000417944699999999976	0.0015590910999999999
8651700000	0.000363733700000000004	0.00151388840000000005
8651800000	0.000472295800000000019	0.00148207539999999994
8651900000	0.000480604799999999983	0.00148820799999999998
8652000000	0.000503323399999999993	0.00149344290000000008
8652100000	0.000505906599999999965	0.00147952650000000006
8652200000	0.000581833000000000025	0.00138613020000000003
8652300000	0.000572263300000000041	0.0014231278
8652400000	0.000584297400000000034	0.00141635780000000009
8652500000	0.000512828299999999997	0.00135740249999999991
8652600000	0.000605415700000000011	0.00136248389999999993
8652700000	0.00059049069999999996	0.00131351689999999991
8652800000	0.000602031600000000038	0.00128407749999999996
8652900000	0.000597955699999999971	0.00133907639999999994
8653000000	0.000629757899999999976	0.00131034120000000009
8653100000	0.000612488599999999996	0.00125612139999999994
8653200000	0.000695289899999999958	0.00126834660000000004
8653300000	0.000658536999999999946	0.00126473530000000001
8653400000	0.000662656599999999953	0.00120122369999999998
8653500000	0.000696606000000000005	0.0011676713
8653600000	0.000727740099999999975	0.00115356820000000007
8653700000	0.000760297600000000044	0.00111234890000000007
8653800000	0.0006885347	0.00111487330000000005
8653900000	0.000723157299999999982	0.00110408610000000003
8654000000	0.00075255649999999999	0.00105566139999999998
8654100000	0.000820424799999999992	0.00107308630000000011
8654200000	0.000824108600000000033	0.00106255049999999995
8654300000	0.000751919400000000009	0.00100030670000000009
8654400000	0.000739577500000000005	0.00106160229999999992
8654500000	0.000774043999999999991	0.000993000099999999993
8654600000	0.000816320499999999998	0.000986018200000000032
8654700000	0.000791339999999999969	0.000975694999999999948
8654800000	0.000847613400000000019	0.000954018500000000007
8654900000	0.00082802720000000002	0.000971221400000000005
8655000000	0.000842601400000000033	0.000918784200000000032
8655100000	0.000820768600000000028	0.000903035600000000045
8655200000	0.000860560600000000002	0.00086778039999999999
8655300000	0.000800429399999999991	0.000855001800000000037
8655400000	0.000873696599999999966	0.000928561200000000016
8655500000	0.000882726799999999966	0.00084432639999999998
8655600000	0.000805589599999999989	0.000785304400000000043
8655700000	0.000791960100000000007	0.000779226500000000004
8655800000	0.000858174399999999987	0.000810738100000000009
8655900000	0.000870575999999999967	0.000777987399999999977
8656000000	0.000863808800000000036	0.000756697100000000003
8656100000	0.000808658200000000036	0.000693804300000000007
8656200000	0.00083944480000000001	0.000701500200000000043
8656300000	0.000865883700000000039	0.000718784999999999997
8656400000	0.000861042400000000042	0.000673159700000000019
8656500000	0.00083586629999999999	0.000668595799999999966
8656600000	0.000913946799999999955	0.000659556099999999979
8656700000	0.000878750200000000042	0.00070077469999999995
8656800000	0.000822313800000000028	0.000681111200000000046
8656900000	0.000867006099999999952	0.000597418200000000019
8657000000	0.000832093100000000038	0.000644168200000000044
8657100000	0.000839994600000000037	0.000604573099999999993
8657200000	0.000850063599999999957	0.000562127300000000042
8657300000	0.000889300400000000014	0.000527695199999999968
8657400000	0.000913752700000000011	0.00050202739999999997
8657500000	0.000906696700000000043	0.000519645599999999991
8657600000	0.000864931500000000052	0.000565255299999999961
8657700000	0.0008562795	0.000458698500000000013
8657800000	0.000820078499999999972	0.000478883200000000003
8657900000	0.000852921299999999968	0.000468094599999999996
8658000000	0.000826033899999999979	0.000484240799999999987
8658100000	0.000915176299999999961	0.00046069660000000001
8658200000	0.000799124799999999962	0.000427071500000000012
8658300000	0.00084876950000000004	0.000437468299999999987
8658400000	0.000865280999999999971	0.000417737399999999976
8658500000	0.000843581600000000028	0.000478450200000000016
8658600000	0.000914052699999999964	0.00041037659999999999
8658700000	0.000824929900000000052	0.000412420799999999987
8658800000	0.000889405300000000007	0.000360541499999999984
8658900000	0.000843674400000000014	0.000350870499999999988
8659000000	0.000870148500000000012	0.00033344020000000002
8659100000	0.000836254699999999947	0.000396787899999999989
8659200000	0.000906824100000000011	0.000338514200000000006
8659300000	0.000877105400000000013	0.000346595899999999979
8659400000	0.000862122100000000031	0.000294215800000000016
8659500000	0.000863494400000000052	0.000262517299999999974
8659600000	0.000848047899999999975	0.000279766199999999991
8659700000	0.00085011220000000005	0.000304286900000000002
8659800000	0.000819626300000000051	0.000275024899999999997
8659900000	0.000843741500000000019	0.000301501199999999986
8660000000	0.0008867228	0.000237768700000000013
8660100000	0.000843270700000000044	0.000262664699999999986
8660200000	0.000826218700000000005	0.000206159000000000003
8660300000	0.000830208900000000013	0.0002281397
8660400000	0.000879328699999999989	0.0002323084
8660500000	0.0008560757	0.000158278599999999993
8660600000	0.000892172599999999983	0.000179243099999999998
8660700000	0.000844029399999999966	0.000208525700000000008
8660800000	0.00078777589999999998	0.000151216200000000011
8660900000	0.000825195700000000052	0.00013336279999999999
8661000000	0.000780300500000000001	0.000126925999999999997
8661100000	0.00081993099999999998	0.000146024900000000005
8661200000	0.000779839500000000007	0.000110958800000000006
8661300000	0.000836638300000000002	0.000147540300000000008
8661400000	0.000795783299999999988	7.6557900000000001e-05
8661500000	0.000808354699999999974	6.40789999999999941e-05
8661600000	0.000826834199999999992	5.91378000000000015e-05
8661700000	0.00085462750000000001	0.000106257700000000004
8661800000	0.000825505300000000026	8.37314999999999961e-05
8661900000	0.000803468599999999987	6.04575000000000018e-05
8662000000	0.000782454600000000015	3.96707999999999997e-05
8662100000	0.000768662900000000016	8.91154999999999975e-05
8662200000	0.000748068999999999969	8.07049000000000004e-05
8662300000	0.000783666199999999988	6.77786000000000019e-05
8662400000	0.000851562099999999969	1.79351000000000005e-05
8662500000	0.00075710640000000004	-1.26445000000000007e-05
8662600000	0.000773496900000000018	4.05486e-05
8662700000	0.000755242699999999958	1.82333000000000004e-05
8662800000	0.000803878800000000005	3.92671000000000022e-05
8662900000	0.000807998200000000053	-7.0481999999999997e-06
8663000000	0.000758301699999999984	1.51399000000000005e-05
8663100000	0.000756847900000000035	-3.26067000000000007e-05
8663200000	0.000766018600000000025	-2.99984000000000006e-05
8663300000	0.000733468399999999952	-3.22721999999999991e-05
8663400000	0.000786982800000000037	-3.22746999999999978e-05
8663500000	0.000741893899999999961	-8.24220999999999981e-05
8663600000	0.000731570399999999991	-3.47554000000000027e-05
8663700000	0.000744673300000000052	-5.7951300000000002e-05
8663800000	0.000740539400000000047	-3.08550000000000019e-05
8663900000	0.000780643199999999987	-2.60575999999999993e-05
8664000000	0.000710415999999999956	-8.70479000000000039e-05
8664100000	0.00074662929999999995	-0.000128298100000000004
8664200000	0.000726196799999999972	-8.89459999999999985e-05
8664300000	0.000789339000000000013	-0.000102164900000000002
8664400000	0.000718665999999999966	-0.000125964800000000004
8664500000	0.000714002399999999959	-0.000124199399999999995
8664600000	0.000709379100000000033	-9.51530999999999953e-05
8664700000	0.000727323400000000017	-9.1552300000000001e-05
8664800000	0.000682621899999999991	-0.000154169999999999996
8664900000	0.000736848799999999964	-0.000126755499999999996
8665000000	0.000693370599999999998	-0.000149021900000000004
8665100000	0.000623057700000000016	-0.000184116700000000005
8665200000	0.000694583300000000022	-0.00017621689999999999
8665300000	0.000683608900000000027	-0.000124068099999999999
8665400000	0.000681632300000000043	-0.000153142099999999999
8665500000	0.000694489500000000019	-0.000203549999999999987
8665600000	0.000662945299999999956	-0.00017922350000000001
8665700000	0.000668964200000000042	-0.00021899659999999999
8665800000	0.000703284700000000006	-0.000160926099999999991
8665900000	0.000644620200000000005	-0.000218479200000000007
8666000000	0.00063884670000000001	-0.000204036600000000011
8666100000	0.000632954099999999951	-0.00022320280000000001
8666200000	0.000619125100000000026	-0.000219159900000000002
8666300000	0.00062355739999999998	-0.000225036600000000006
8666400000	0.000651835499999999977	-0.000216887800000000001
8666500000	0.000673292900000000013	-0.000228494300000000005
8666600000	0.000632024499999999973	-0.000256621099999999988
8666700000	0.000594637399999999993	-0.0002351485
8666800000	0.000638491600000000025	-0.000292777300000000027
8666900000	0.000635237500000000038	-0.000296884199999999986
8667000000	0.000629746300000000032	-0.000239179000000000008
8667100000	0.000614231000000000022	-0.000183472099999999988
8667200000	0.000581020600000000005	-0.00025595240000000002
8667300000	0.000602496100000000034	-0.000225027099999999992
8667400000	0.000580501400000000005	-0.000256459800000000007
8667500000	0.000620525900000000008	-0.000290080000000000014
8667600000	0.00060939830000000003	-0.000287032800000000001
8667700000	0.000566423399999999955	-0.000279769699999999992
8667800000	0.000621055600000000011	-0.000279854099999999988
8667900000	0.000575585400000000014	-0.000321957299999999988
8668000000	0.000540254899999999976	-0.000287957900000000017
8668100000	0.000579945100000000039	-0.000281122800000000025
8668200000	0.000554159000000000032	-0.000320945099999999978
8668300000	0.000558668799999999959	-0.000287029000000000006
8668400000	0.000586927499999999954	-0.000320749000000000002
8668500000	0.000575826700000000007	-0.000357000000000000004
8668600000	0.000527144000000000007	-0.000332579399999999976
8668700000	0.000546663200000000035	-0.000327028599999999974
8668800000	0.000536263699999999953	-0.000329264200000000025
8668900000	0.000562781699999999959	-0.000362870299999999994
8669000000	0.000538948700000000053	-0.000397349800000000022
8669100000	0.000472020199999999984	-0.000365366099999999978
8669200000	0.000432453000000000015	-0.000355575699999999978
8669300000	0.000517725300000000015	-0.000385492799999999976
8669400000	0.000512344500000000034	-0.000330418999999999982
8669500000	0.000511636199999999952	-0.000348700900000000001
8669600000	0.000498428500000000041	-0.000439983000000000019
8669700000	0.000455002499999999986	-0.000395642199999999991
8669800000	0.000479827599999999987	-0.000381859500000000026
8669900000	0.000540358700000000028	-0.000380359700000000003
8670000000	0.00046550379999999998	-0.000377625699999999999
8670100000	0.000465895199999999984	-0.000401483599999999993
8670200000	0.000423260899999999992	-0.000389712399999999986
8670300000	0.000475896200000000026	-0.000474402500000000024
8670400000	0.000427223300000000006	-0.000392192400000000003
8670500000	0.000454450899999999996	-0.000449352499999999984
8670600000	0.000440669300000000026	-0.000487634799999999975
8670700000	0.000433561500000000013	-0.000428453999999999988
8670800000	0.0004513621	-0.000519099500000000033
8670900000	0.00040890220000000001	-0.000495410600000000044
8671000000	0.000472701000000000013	-0.000451257400000000021
8671100000	0.000414526199999999982	-0.000440539100000000025
8671200000	0.000421574799999999974	-0.000452223600000000012
8671300000	0.000385768299999999977	-0.000433523000000000003
8671400000	0.000404155399999999983	-0.000466581600000000026
8671500000	0.000367543500000000023	-0.000447918899999999985
8671600000	0.000469612899999999984	-0.000399878700000000017
8671700000	0.000368478299999999985	-0.000506710200000000019
8671800000	0.00039581769999999999	-0.000413401299999999975
8671900000	0.000355072000000000005	-0.000502765399999999989
8672000000	0.000432471600000000015	-0.000443585900000000011
8672100000	0.000355058899999999983	-0.000486666699999999987
8672200000	0.000371749599999999982	-0.000502525899999999959
8672300000	0.0003673816	-0.000483598999999999975
8672400000	0.000322319000000000002	-0.000507913199999999987
8672500000	0.000303321599999999993	-0.000502885199999999967
8672600000	0.000391686100000000011	-0.000522147600000000029
8672700000	0.000327981999999999991	-0.000487425400000000017
8672800000	0.000357661000000000003	-0.000492487100000000037
8672900000	0.000307441700000000008	-0.000488206400000000009
8673000000	0.000335577100000000023	-0.000515139800000000017
8673100000	0.000303718900000000003	-0.000496709199999999977
8673200000	0.000295992300000000015	-0.000553822499999999992
8673300000	0.000280843199999999981	-0.000536346999999999952
8673400000	0.000318963999999999977	-0.000460983299999999981
8673500000	0.0002932996	-0.000525274200000000013
8673600000	0.000303622199999999988	-0.000505487199999999953
8673700000	0.000254833900000000027	-0.000522931600000000013
8673800000	0.000318348799999999983	-0.000527287999999999997
8673900000	0.000225932000000000005	-0.00055048520000000004
8674000000	0.000305378300000000024	-0.000493072599999999986
8674100000	0.000261610599999999999	-0.000496808200000000018
8674200000	0.000265413299999999982	-0.000526235599999999993
8674300000	0.000253004199999999992	-0.000533744399999999978
8674400000	0.000251436800000000012	-0.000524177900000000001
8674500000	0.000226288299999999993	-0.000556790600000000029
8674600000	0.000231018099999999996	-0.000499327900000000021
8674700000	0.000235622500000000009	-0.000513025999999999977
8674800000	0.000158615299999999992	-0.000532355299999999975
8674900000	0.000163463000000000003	-0.000523825300000000001
8675000000	0.000236684699999999994	-0.000604006099999999956
8675100000	0.000222578500000000004	-0.000515237899999999968
8675200000	0.000222771900000000008	-0.000521079900000000012
8675300000	0.000157548599999999991	-0.000538371900000000035
8675400000	0.00017542569999999999	-0.00055097849999999999
8675500000	0.000191310300000000004	-0.000555580999999999979
8675600000	0.000201019999999999996	-0.000519620499999999996
8675700000	0.00015562900000000001	-0.000563879500000000048
8675800000	0.000145432999999999988	-0.000527131199999999979
8675900000	0.000150076300000000012	-0.00053259879999999996
8676000000	0.000115460300000000003	-0.0005053077
8676100000	0.000176398199999999988	-0.000542644100000000038
8676200000	0.000130718300000000012	-0.000548655899999999979
8676300000	0.00013882050000000001	-0.000564303500000000002
8676400000	0.000166515199999999988	-0.000510156599999999987
8676500000	6.57280999999999984e-05	-0.000532092099999999994
8676600000	9.67759999999999964e-05	-0.000539480500000000013
8676700000	0.000110469600000000004	-0.000479427299999999983
8676800000	9.12121999999999938e-05	-0.000547285700000000024
8676900000	0.000125828900000000011	-0.000559241399999999955
8677000000	7.58119999999999985e-05	-0.000540158499999999955
8677100000	9.85656000000000038e-05	-0.000542840999999999962
8677200000	6.35574999999999958e-05	-0.000519340699999999993
8677300000	3.91673000000000002e-05	-0.000543540799999999965
8677400000	6.67305999999999943e-05	-0.00050392169999999997
8677500000	4.42602000000000002e-05	-0.000545137300000000003
8677600000	3.70950000000000031e-05	-0.000545815999999999966
8677700000	-1.39310000000000005e-06	-0.000559856099999999995
8677800000	3.14932999999999988e-05	-0.00055193359999999999
8677900000	1.41400000000000001e-05	-0.000471549100000000015
8678000000	5.16505000000000029e-05	-0.000558585899999999988
8678100000	-1.79209999999999996e-06	-0.000482821100000000011
8678200000	2.40066000000000015e-05	-0.000513176999999999969
8678300000	1.29196999999999993e-05	-0.000548150399999999989
8678400000	-4.21543999999999974e-05	-0.000535605200000000047
8678500000	-7.36609999999999966e-06	-0.000538266700000000048
8678600000	-6.89883000000000049e-05	-0.000531076499999999963
8678700000	-1.68987000000000014e-05	-0.000556403499999999973
8678800000	-8.20570999999999974e-05	-0.000528994500000000032
8678900000	-2.19392999999999985e-05	-0.000550390400000000022
8679000000	-4.21571000000000033e-05	-0.00053991979999999998
8679100000	-3.9825900000000001e-05	-0.00054993990000000003
8679200000	-1.60675000000000016e-05	-0.00051985050000000004
8679300000	-4.42287999999999991e-05	-0.000509818800000000046
8679400000	-9.45472000000000017e-05	-0.000521792100000000015
8679500000	-7.17788999999999981e-05	-0.00053417619999999999
8679600000	-7.32581000000000025e-05	-0.000555375800000000044
8679700000	-6.13836000000000064e-05	-0.000529512100000000029
8679800000	-8.45997000000000025e-05	-0.000541563400000000033
8679900000	-8.42752000000000025e-05	-0.000500861499999999968
8680000000	-7.97506999999999952e-05	-0.000521928699999999975
8680100000	-8.36198999999999954e-05	-0.000512081300000000053
8680200000	-0.000136424899999999989	-0.000498107600000000008
8680300000	-8.16866000000000049e-05	-0.000516656299999999988
8680400000	-0.000109632999999999999	-0.0005415296
8680500000	-0.000134414200000000005	-0.000524381800000000035
8680600000	-0.000142382899999999988	-0.000524083399999999977
8680700000	-0.000128748499999999989	-0.000504498699999999948
8680800000	-0.00012787120000000001	-0.000485703999999999997
8680900000	-0.000190975500000000001	-0.000449397299999999974
8681000000	-0.000173499199999999987	-0.000494449899999999977
8681100000	-0.000165480699999999989	-0.000462987799999999992
8681200000	-0.000161230999999999988	-0.000485471800000000016
8681300000	-0.000192133000000000012	-0.000496572799999999977
8681400000	-0.000231309700000000012	-0.000469863899999999979
8681500000	-0.000210685100000000013	-0.000479514299999999997
8681600000	-0.000247777600000000011	-0.000452640799999999978
8681700000	-0.00020533429999999999	-0.000527575999999999978
8681800000	-0.000204264300000000002	-0.000488660199999999987
8681900000	-0.000230706999999999999	-0.000453414199999999979
8682000000	-0.0001907306	-0.000495041800000000048
8682100000	-0.000202600300000000012	-0.000440163100000000014
8682200000	-0.000233763999999999993	-0.000463170400000000027
8682300000	-0.000217377899999999998	-0.000443406300000000024
8682400000	-0.000213414200000000001	-0.000479022399999999983
8682500000	-0.000232465400000000005	-0.000470117100000000019
8682600000	-0.000285724800000000006	-0.000440713999999999982
8682700000	-0.000296113199999999989	-0.000446137299999999981
8682800000	-0.000241239800000000001	-0.000410602499999999991
8682900000	-0.000235896000000000006	-0.000444763199999999997
8683000000	-0.000246593100000000009	-0.000427988399999999997
8683100000	-0.00025995450000000002	-0.000470268799999999979
8683200000	-0.000276377800000000015	-0.00043317099999999999
8683300000	-0.000270673900000000011	-0.000428618300000000016
8683400000	-0.000244130800000000011	-0.000408546199999999988
8683500000	-0.000300644900000000012	-0.000432611699999999977
8683600000	-0.000258055700000000003	-0.000407594299999999995
8683700000	-0.000275513999999999978	-0.000435385899999999975
8683800000	-0.000301458599999999987	-0.000423867900000000008
8683900000	-0.000298999200000000002	-0.000379362800000000006
8684000000	-0.000367115200000000012	-0.000380101400000000013
8684100000	-0.000279646400000000013	-0.000335168
8684200000	-0.00027659169999999999	-0.000334474499999999977
8684300000	-0.000355674899999999978	-0.000371698599999999992
8684400000	-0.0003160975	-0.000402440200000000017
8684500000	-0.000348130100000000023	-0.000360927799999999984
8684600000	-0.000306324399999999991	-0.000338839899999999995
8684700000	-0.000319187699999999987	-0.000381915900000000014
8684800000	-0.000335477499999999994	-0.000297447599999999988
8684900000	-0.000330048599999999983	-0.000366159899999999997
8685000000	-0.000346948799999999974	-0.000308910399999999996
8685100000	-0.000326036700000000002	-0.000373841600000000016
8685200000	-0.000359879099999999995	-0.000382913100000000005
8685300000	-0.000377792500000000012	-0.000348878899999999984
8685400000	-0.000339892200000000018	-0.000292718199999999985
8685500000	-0.000368758000000000009	-0.0002749521
8685600000	-0.000395438199999999978	-0.000263552800000000015
8685700000	-0.000352519999999999993	-0.000284452700000000001
8685800000	-0.000315613899999999997	-0.000342629899999999984
8685900000	-0.000349403100000000009	-0.000273334999999999984
8686000000	-0.000370236800000000026	-0.000300937299999999976
8686100000	-0.000359088100000000009	-0.000304775000000000022
8686200000	-0.000321343900000000012	-0.000283101399999999986
8686300000	-0.000372043500000000023	-0.000244162100000000005
8686400000	-0.000393219200000000004	-0.000280544699999999998
8686500000	-0.000384056999999999986	-0.000227948999999999996
8686600000	-0.00034630739999999999	-0.000207151300000000003
8686700000	-0.000388993199999999981	-0.000310088999999999992
8686800000	-0.0003833404	-0.000213876100000000004
8686900000	-0.000406746900000000021	-0.000240372000000000009
8687000000	-0.00036632800000000002	-0.000224005699999999989
8687100000	-0.000374311899999999983	-0.000266564099999999984
8687200000	-0.000361108399999999987	-0.000230478100000000005
8687300000	-0.000406511699999999993	-0.000258227700000000001
8687400000	-0.000378354699999999984	-0.000220096800000000003
8687500000	-0.000425051399999999994	-0.000200331499999999998
8687600000	-0.000374759500000000016	-0.000249378800000000025
8687700000	-0.00035935740000000001	-0.000250726400000000026
8687800000	-0.000361552800000000012	-0.000207131200000000007
8687900000	-0.000425425	-0.000219005599999999996
8688000000	-0.000458065999999999974	-0.000149135800000000003
8688100000	-0.000390859499999999973	-0.00021052899999999999
8688200000	-0.000379406200000000006	-0.000166616900000000001
8688300000	-0.00041629150000000001	-0.000192757600000000013
8688400000	-0.000349996100000000022	-0.000152870600000000006
8688500000	-0.000406067600000000015	-0.00017017829999999999
8688600000	-0.00037738680000000001	-0.000145922700000000012
8688700000	-0.000415341899999999988	-0.000168331999999999987
8688800000	-0.000393423200000000018	-0.000157024299999999987
8688900000	-0.000400451399999999993	-0.000177408600000000008
8689000000	-0.000371837499999999978	-0.000152744700000000008
8689100000	-0.000419702299999999981	-0.000133665399999999989
8689200000	-0.000411502099999999985	-7.41080000000000026e-05
8689300000	-0.000409023800000000006	-0.000125279100000000012
8689400000	-0.000392136199999999974	-9.25863999999999984e-05
8689500000	-0.000366083099999999992	-0.000128123599999999994
8689600000	-0.000360289399999999993	-0.00012458320000000001
8689700000	-0.000414425599999999992	-0.000142990199999999999
8689800000	-0.000415498700000000007	-9.39844000000000009e-05
8689900000	-0.000403497099999999983	-0.000144794499999999991
8690000000	-0.000346750200000000013	-7.13745000000000059e-05
8690100000	-0.000377326499999999993	-0.00012507769999999999
8690200000	-0.000406515299999999974	-6.46743000000000052e-05
8690300000	-0.000381482100000000025	-5.42292999999999993e-05
8690400000	-0.000418124699999999992	-5.38082999999999978e-05
8690500000	-0.000419991100000000018	-0.000103026300000000007
8690600000	-0.000350825400000000004	-8.71583999999999955e-05
8690700000	-0.00038939580000000001	6.63940000000000033e-06
8690800000	-0.000354918600000000007	-3.51384000000000022e-05
8690900000	-0.000347529800000000015	3.0102e-06
8691000000	-0.000376669099999999975	-4.19407999999999966e-05
8691100000	-0.000382200699999999988	6.12520000000000024e-06
8691200000	-0.000393247099999999977	-4.77767999999999997e-05
8691300000	-0.000369386799999999978	-3.45959999999999988e-06
8691400000	-0.000388074600000000013	-3.96084999999999986e-05
8691500000	-0.000378869200000000008	6.98999999999999973e-08
8691600000	-0.000374154900000000005	-2.35188999999999994e-05
8691700000	-0.000384017800000000008	7.41280000000000042e-06
8691800000	-0.000389837400000000002	-5.89000000000000036e-06
8691900000	-0.00037492249999999998	1.78002999999999996e-05
8692000000	-0.000391507400000000005	2.51269999999999985e-05
