4025000000	-1.40045999999999997e-05	0.000135925700000000005
4025075000	9.14119999999999982e-06	0.000130462900000000008
4025150000	1.75182000000000011e-05	0.000136095400000000005
4025225000	1.81840000000000003e-06	0.000143476500000000001
4025300000	-1.79599999999999994e-07	0.000132220000000000005
4025375000	1.43936000000000006e-05	0.000141300099999999999
4025450000	8.6155999999999993e-06	0.00012453670000000001
4025525000	5.91050000000000042e-06	0.000116952800000000003
4025600000	1.08282000000000008e-05	0.0001171771
4025675000	1.45047000000000002e-05	0.000136103299999999988
4025750000	2.59826000000000009e-05	0.000105454599999999998
4025825000	2.54278000000000007e-05	0.000138550300000000001
4025900000	-4.70759999999999962e-06	0.000115534399999999996
4025975000	8.07009999999999919e-06	0.000147930299999999995
4026050000	1.19062999999999998e-05	0.000140357900000000007
4026125000	1.46427999999999998e-05	0.00014218290000000001
4026200000	5.07549999999999994e-06	0.000146256799999999992
4026275000	-2.00200000000000006e-07	0.000148219900000000007
4026350000	2.10719999999999992e-06	0.000139275099999999991
4026425000	1.61181000000000007e-05	0.000136019400000000001
4026500000	1.54960999999999989e-05	0.000129204299999999999
4026575000	-2.66959999999999982e-06	0.000126409600000000003
4026650000	1.07736999999999999e-05	0.0001172389
4026725000	-1.06744000000000007e-05	0.00015193269999999999
4026800000	7.98919999999999967e-06	0.0001436276
4026875000	2.38927999999999993e-05	0.000146958599999999999
4026950000	7.83950000000000007e-06	0.000134818000000000009
4027025000	1.95034000000000003e-05	0.000146032899999999996
4027100000	2.26691999999999997e-05	0.000142716300000000001
4027175000	1.46219999999999999e-05	0.000135720599999999996
4027250000	1.59594999999999986e-05	0.0001524629
4027325000	1.46628999999999998e-05	0.000132217199999999998
4027400000	1.41333000000000007e-05	0.000154966000000000007
4027475000	3.72930000000000002e-06	0.000145193800000000006
4027550000	1.03303e-05	0.000143449100000000009
4027625000	3.11880000000000002e-05	0.000141757199999999992
4027700000	-4.83479999999999986e-06	0.000132680899999999992
4027775000	4.3804100000000003e-05	0.000129988600000000004
4027850000	2.09735999999999985e-05	0.000142695800000000003
4027925000	1.63942999999999999e-05	0.00015584830000000001
4028000000	-2.78790000000000002e-06	0.000141467200000000006
4028075000	2.08010000000000021e-06	0.000150162399999999991
4028150000	6.34679999999999995e-06	0.000156887299999999998
4028225000	2.3176600000000001e-05	0.00016279240000000001
4028300000	2.68838999999999985e-05	0.000128987299999999997
4028375000	2.73042999999999988e-05	0.00016467740000000001
4028450000	1.15482999999999992e-05	0.000148083399999999999
4028525000	1.34170000000000005e-05	0.000154268200000000008
4028600000	1.80853000000000011e-05	0.000187593100000000012
4028675000	2.93705999999999996e-05	0.000153012000000000005
4028750000	3.46738e-05	0.00014088499999999999
4028825000	9.08149999999999936e-06	0.000156168700000000008
4028900000	-1.22947999999999996e-05	0.000153328500000000001
4028975000	2.17072000000000011e-05	0.000159154100000000008
4029050000	2.16003000000000005e-05	0.000161247399999999997
4029125000	2.77310000000000018e-06	0.000169846400000000001
4029200000	1.88555999999999995e-05	0.000158678600000000002
4029275000	2.11728999999999985e-05	0.000146781600000000004
4029350000	1.26975e-05	0.000151927799999999999
4029425000	2.37124000000000002e-05	0.000167359499999999989
4029500000	3.55000000000000023e-05	0.00015190510000000001
4029575000	3.33719999999999983e-05	0.000163463800000000005
4029650000	3.04404000000000008e-05	0.000158739200000000013
4029725000	2.63216999999999991e-05	0.000166928500000000006
4029800000	4.68222000000000004e-05	0.000165126100000000011
4029875000	3.57808000000000014e-05	0.000143604000000000003
4029950000	3.36154999999999969e-05	0.000170043800000000013
4030025000	3.70057999999999973e-05	0.000168285100000000013
4030100000	2.56833999999999988e-05	0.000157571499999999994
4030175000	3.00762999999999987e-05	0.000165483099999999995
4030250000	3.75935999999999987e-05	0.000154051200000000007
4030325000	2.2144400000000001e-05	0.000170990399999999988
4030400000	3.33029000000000026e-05	0.000156245599999999994
4030475000	3.3488500000000003e-05	0.000134882600000000002
4030550000	1.98265000000000007e-05	0.000158999199999999987
4030625000	3.66044999999999983e-05	0.000172235500000000001
4030700000	7.34139999999999971e-06	0.000186810199999999996
4030775000	2.25248999999999984e-05	0.0001722289
4030850000	2.79020999999999984e-05	0.000173367700000000004
4030925000	5.0028899999999998e-05	0.000160023600000000011
4031000000	5.42168999999999992e-05	0.000178039800000000009
4031075000	4.46470000000000013e-05	0.000131636299999999992
4031150000	2.47112000000000015e-05	0.000162328900000000004
4031225000	3.05618000000000027e-05	0.000179094900000000012
4031300000	3.97531999999999974e-05	0.000183925099999999992
4031375000	3.57135000000000029e-05	0.000158609899999999994
4031450000	5.26921999999999967e-05	0.000169534699999999988
4031525000	3.34456999999999973e-05	0.000166372800000000001
4031600000	4.1242999999999998e-05	0.000183031800000000005
4031675000	3.32747000000000018e-05	0.000174725999999999994
4031750000	5.28127999999999969e-05	0.000173136999999999993
4031825000	3.19817999999999993e-05	0.000153469399999999991
4031900000	4.17328000000000013e-05	0.000159384899999999999
4031975000	5.49431999999999994e-05	0.000166380200000000003
4032050000	4.04118999999999984e-05	0.000171355600000000003
4032125000	4.78475999999999991e-05	0.000168951199999999989
4032200000	3.67777999999999988e-05	0.000170368899999999988
4032275000	4.25502999999999982e-05	0.000155880299999999999
4032350000	4.05541999999999987e-05	0.000176783799999999993
4032425000	4.43298999999999972e-05	0.000163444400000000003
4032500000	5.10596000000000015e-05	0.000181097399999999992
4032575000	5.6965500000000002e-05	0.000155484800000000006
4032650000	4.37578000000000031e-05	0.000148579599999999989
4032725000	6.35229999999999947e-05	0.000169111199999999988
4032800000	3.95326000000000016e-05	0.000171243499999999994
4032875000	2.47004000000000016e-05	0.000173750399999999996
4032950000	3.37653000000000001e-05	0.000174516900000000003
4033025000	6.09783999999999988e-05	0.000167224399999999998
4033100000	4.01272999999999978e-05	0.000166031699999999991
4033175000	6.13272999999999981e-05	0.000181012300000000002
4033250000	5.68139000000000017e-05	0.000163093899999999987
4033325000	6.20374000000000034e-05	0.000163397900000000003
4033400000	4.12513000000000026e-05	0.000164749999999999993
4033475000	5.0109699999999999e-05	0.0001662705
4033550000	7.5105799999999995e-05	0.000190428900000000009
4033625000	4.63504000000000026e-05	0.0001690889
4033700000	6.8571499999999999e-05	0.000194387699999999989
4033775000	4.92158999999999975e-05	0.000174190599999999999
4033850000	6.14196999999999974e-05	0.0001772597
4033925000	7.70405999999999955e-05	0.000169565200000000007
4034000000	7.14690999999999965e-05	0.000158315200000000005
4034075000	6.10219999999999995e-05	0.000181592000000000006
4034150000	4.76565000000000002e-05	0.000181424200000000004
4034225000	6.67670999999999998e-05	0.00016204420000000001
4034300000	6.53556000000000015e-05	0.000171862000000000002
4034375000	8.37113000000000061e-05	0.000157237300000000006
4034450000	5.28280000000000031e-05	0.000182320900000000011
4034525000	5.27603999999999972e-05	0.000171922900000000007
4034600000	5.72089000000000004e-05	0.000185091799999999995
4034675000	5.81440999999999978e-05	0.000161874800000000004
4034750000	6.51350999999999992e-05	0.000168817000000000007
4034825000	5.17113000000000007e-05	0.000168278100000000011
4034900000	4.95750999999999991e-05	0.000155090400000000008
4034975000	5.61650000000000018e-05	0.000166883900000000003
4035050000	5.66822999999999977e-05	0.000171557299999999991
4035125000	4.44082999999999997e-05	0.000180996
4035200000	6.38306000000000051e-05	0.000169067099999999993
4035275000	8.68914999999999998e-05	0.000160820900000000004
4035350000	6.2450299999999994e-05	0.0001879463
4035425000	4.07872000000000014e-05	0.000142615499999999997
4035500000	6.76916000000000009e-05	0.000165369199999999995
4035575000	5.2426999999999998e-05	0.000170123299999999991
4035650000	6.17956000000000017e-05	0.000161057799999999988
4035725000	8.90861000000000007e-05	0.000163048500000000009
4035800000	7.59589999999999956e-05	0.000147379199999999986
4035875000	5.97503000000000029e-05	0.000181138399999999987
4035950000	6.1792999999999996e-05	0.000185643300000000005
4036025000	6.7900100000000004e-05	0.000159524999999999988
4036100000	6.80289999999999953e-05	0.000176525500000000003
4036175000	6.03985000000000012e-05	0.000168210899999999999
4036250000	5.22648000000000014e-05	0.000185580500000000003
4036325000	7.37942000000000058e-05	0.000149469500000000009
4036400000	7.11497999999999943e-05	0.00016556430000000001
4036475000	7.51011999999999985e-05	0.000167628200000000002
4036550000	7.99558999999999979e-05	0.000168022499999999993
4036625000	6.31357000000000061e-05	0.000183255100000000013
4036700000	6.09736000000000018e-05	0.000159234799999999989
4036775000	7.53977999999999983e-05	0.000165472599999999992
4036850000	6.64558999999999951e-05	0.000154809199999999988
4036925000	6.52212999999999984e-05	0.000159789500000000006
4037000000	6.83048999999999972e-05	0.000159509199999999994
4037075000	5.77170999999999967e-05	0.000164402200000000003
4037150000	8.35896000000000035e-05	0.000154241900000000011
4037225000	7.41535999999999942e-05	0.000161063900000000008
4037300000	6.72110999999999976e-05	0.000148992500000000007
4037375000	6.32190000000000058e-05	0.000153203500000000011
4037450000	6.11532999999999961e-05	0.000148720699999999994
4037525000	7.69622999999999933e-05	0.000172701799999999987
4037600000	9.72998999999999999e-05	0.000163202499999999995
4037675000	8.77600999999999935e-05	0.000152171899999999999
4037750000	4.9038700000000002e-05	0.000163641899999999996
4037825000	7.05093000000000061e-05	0.000170783300000000002
4037900000	7.02140000000000023e-05	0.000168559700000000005
4037975000	7.58725999999999959e-05	0.00016850320000000001
4038050000	7.43279999999999972e-05	0.000161594499999999992
4038125000	7.01170999999999999e-05	0.000157165700000000012
4038200000	8.33511999999999957e-05	0.000175816500000000006
4038275000	7.17220999999999956e-05	0.000157924700000000009
4038350000	9.2261299999999997e-05	0.000165309899999999994
4038425000	8.89988000000000058e-05	0.000160763699999999987
4038500000	7.95968999999999968e-05	0.000176323099999999992
4038575000	6.33385000000000035e-05	0.000164675400000000006
4038650000	7.99000000000000041e-05	0.000170058400000000005
4038725000	9.69412999999999997e-05	0.000143442800000000002
4038800000	6.7192400000000004e-05	0.000184740699999999991
4038875000	8.87303000000000066e-05	0.000163845500000000009
4038950000	6.04996999999999995e-05	0.000163799099999999988
4039025000	8.32420999999999937e-05	0.000170883199999999997
4039100000	7.62179999999999943e-05	0.000167469199999999992
4039175000	7.62491000000000015e-05	0.000140386100000000001
4039250000	7.51034000000000033e-05	0.000164917500000000001
4039325000	5.9320800000000003e-05	0.000170620499999999997
4039400000	9.14624000000000003e-05	0.000165632999999999991
4039475000	8.50166000000000018e-05	0.000197065300000000005
4039550000	7.68894000000000028e-05	0.000166707499999999996
4039625000	8.76006999999999963e-05	0.000159573300000000006
4039700000	8.82169000000000057e-05	0.000167544699999999988
4039775000	5.44260999999999972e-05	0.000181939900000000003
4039850000	8.96011000000000051e-05	0.0001655812
4039925000	7.63958000000000047e-05	0.000145685500000000006
4040000000	8.13012999999999936e-05	0.000164412599999999999
4040075000	6.15839999999999986e-05	0.000148755400000000009
4040150000	8.80530999999999989e-05	0.000163106799999999995
4040225000	8.20653000000000018e-05	0.000150558399999999992
4040300000	9.73924000000000062e-05	0.000166756299999999994
4040375000	7.93337999999999959e-05	0.000183964999999999991
4040450000	8.72790000000000024e-05	0.000170208700000000002
4040525000	7.70283999999999959e-05	0.000154763099999999989
4040600000	8.67590999999999941e-05	0.000162556300000000001
4040675000	7.74477999999999939e-05	0.00017697399999999999
4040750000	7.55091000000000052e-05	0.000164560899999999992
4040825000	7.87686999999999968e-05	0.000180146499999999987
4040900000	7.49827999999999964e-05	0.00015061330000000001
4040975000	8.87161000000000026e-05	0.000169679299999999993
4041050000	6.76242000000000021e-05	0.000153093800000000008
4041125000	6.28819999999999987e-05	0.000179108000000000007
4041200000	7.00571999999999973e-05	0.000158893300000000006
4041275000	9.0651300000000004e-05	0.000174140899999999991
4041350000	0.000111705499999999996	0.000165151499999999999
4041425000	7.25628000000000026e-05	0.000173719500000000003
4041500000	8.98053999999999991e-05	0.000148504799999999988
4041575000	7.87240000000000005e-05	0.000158684400000000001
4041650000	7.90478999999999992e-05	0.000168633400000000011
4041725000	8.61738000000000049e-05	0.000156216800000000012
4041800000	8.86998999999999942e-05	0.000148962799999999989
4041875000	6.66656000000000009e-05	0.000172014800000000012
4041950000	7.8040000000000005e-05	0.000167672400000000004
4042025000	7.85365000000000027e-05	0.000156891799999999988
4042100000	6.62718000000000047e-05	0.00015037850000000001
4042175000	8.55912000000000014e-05	0.00017144219999999999
4042250000	6.70566000000000044e-05	0.000162329000000000011
4042325000	9.10386000000000062e-05	0.000175826299999999987
4042400000	8.92436000000000005e-05	0.000174731700000000013
4042475000	7.86436000000000004e-05	0.000181712699999999992
4042550000	7.50447999999999968e-05	0.000174792999999999992
4042625000	5.8066100000000003e-05	0.000164927600000000003
4042700000	8.75979000000000037e-05	0.000196746900000000012
4042775000	8.14543999999999972e-05	0.000175816200000000013
4042850000	9.42506999999999953e-05	0.000173031999999999993
4042925000	6.17908000000000048e-05	0.000182097499999999996
4043000000	8.1051300000000001e-05	0.000183076199999999994
4043075000	7.15262999999999999e-05	0.000172608400000000013
4043150000	7.69154000000000056e-05	0.000174423500000000001
4043225000	9.18518999999999938e-05	0.000167510900000000009
4043300000	7.69820000000000026e-05	0.000178290000000000002
4043375000	9.24660000000000054e-05	0.000168571199999999996
4043450000	9.04734999999999936e-05	0.000174256299999999987
4043525000	0.000106577399999999994	0.000181363299999999999
4043600000	7.06892999999999942e-05	0.000174851499999999991
4043675000	9.25024000000000039e-05	0.000174821100000000006
4043750000	0.000102685300000000004	0.000203932799999999987
4043825000	7.79487000000000013e-05	0.000191479099999999994
4043900000	8.72864000000000051e-05	0.000188026200000000006
4043975000	8.81057000000000059e-05	0.000208272200000000001
4044050000	6.18181999999999971e-05	0.000165621399999999993
4044125000	8.73708000000000004e-05	0.000189230000000000003
4044200000	7.14824999999999987e-05	0.000191730300000000003
4044275000	0.000103045600000000002	0.000186124799999999997
4044350000	0.000100891399999999994	0.000174107899999999987
4044425000	8.75892999999999984e-05	0.000172716900000000013
4044500000	6.36058000000000001e-05	0.000202207000000000011
4044575000	7.72912000000000029e-05	0.000189416800000000006
4044650000	0.000103037500000000004	0.000201680199999999994
4044725000	9.32661999999999982e-05	0.000175064000000000003
4044800000	9.96730999999999995e-05	0.000190981000000000007
4044875000	9.73623999999999947e-05	0.000189591200000000009
4044950000	9.6555600000000001e-05	0.000186724499999999991
4045025000	8.83199000000000012e-05	0.000175538300000000006
4045100000	8.58993999999999996e-05	0.000171502500000000007
4045175000	7.38531000000000062e-05	0.000196391600000000012
4045250000	8.5308899999999999e-05	0.000192818099999999989
4045325000	7.2865299999999995e-05	0.000183582899999999987
4045400000	7.50765000000000053e-05	0.000206533599999999997
4045475000	8.65393e-05	0.000187383400000000006
4045550000	7.42525999999999945e-05	0.000186386000000000001
4045625000	8.71670999999999942e-05	0.000220805299999999991
4045700000	8.42214999999999999e-05	0.000202500899999999998
4045775000	8.88542000000000005e-05	0.000189190900000000005
4045850000	0.000105710899999999998	0.000195874499999999996
4045925000	7.04573000000000005e-05	0.000193651100000000014
4046000000	9.75129000000000062e-05	0.000209888700000000002
4046075000	7.38397999999999973e-05	0.000218078500000000003
4046150000	7.47777000000000007e-05	0.000204784599999999998
4046225000	7.62001000000000025e-05	0.000198600900000000011
4046300000	9.1104099999999994e-05	0.000211678800000000004
4046375000	9.99008999999999976e-05	0.000197541500000000006
4046450000	8.48208000000000062e-05	0.000227860299999999998
4046525000	7.38821999999999954e-05	0.000207913800000000001
4046600000	8.11298999999999972e-05	0.000201687000000000009
4046675000	7.72275000000000056e-05	0.000210617900000000002
4046750000	0.000113321900000000003	0.000225028800000000003
4046825000	9.01610000000000063e-05	0.000193333600000000002
4046900000	9.7066900000000004e-05	0.000207340199999999991
4046975000	9.76700999999999985e-05	0.000241080700000000011
4047050000	9.89469999999999998e-05	0.000197800300000000004
4047125000	9.40294000000000047e-05	0.000213127299999999988
4047200000	8.66318999999999997e-05	0.000210943299999999997
4047275000	8.56005999999999949e-05	0.000214941499999999995
4047350000	9.8563100000000005e-05	0.000218373699999999999
4047425000	8.71302999999999948e-05	0.000212916800000000008
4047500000	0.000115081499999999999	0.000231778199999999989
4047575000	7.85135999999999999e-05	0.000232707600000000008
4047650000	8.19008999999999937e-05	0.000212241400000000004
4047725000	9.34703000000000053e-05	0.000226741800000000005
4047800000	8.58055999999999972e-05	0.000235974499999999995
4047875000	9.31260999999999959e-05	0.00020722540000000001
4047950000	9.25214000000000049e-05	0.000234033900000000009
4048025000	0.000105433400000000006	0.0002274597
4048100000	0.000101077900000000003	0.000217934500000000012
4048175000	8.29487999999999943e-05	0.000251838500000000005
4048250000	7.56563000000000027e-05	0.00021289329999999999
4048325000	7.69812999999999943e-05	0.000250220599999999987
4048400000	9.99562999999999971e-05	0.000243378799999999988
4048475000	0.000101099000000000002	0.000240840500000000013
4048550000	8.22792000000000033e-05	0.000218022499999999988
4048625000	8.91689999999999996e-05	0.000223101700000000012
4048700000	8.50900000000000002e-05	0.000238894600000000008
4048775000	0.000107042999999999998	0.000238107799999999991
4048850000	9.96580999999999937e-05	0.000250354500000000003
4048925000	9.28184000000000057e-05	0.000243661699999999992
4049000000	9.59365999999999989e-05	0.000261517800000000012
4049075000	9.34689000000000022e-05	0.000264361999999999974
4049150000	0.0001032765	0.000255827999999999991
4049225000	0.000111628999999999998	0.000228274799999999992
4049300000	8.69468000000000058e-05	0.000260259400000000017
4049375000	9.98787000000000031e-05	0.000247147199999999984
4049450000	8.95778000000000015e-05	0.000260918399999999985
4049525000	0.000116050200000000002	0.000253986499999999998
4049600000	9.53506999999999949e-05	0.000277472699999999984
4049675000	9.02038000000000053e-05	0.000239286799999999987
4049750000	7.22216999999999933e-05	0.000255770899999999981
4049825000	7.69677999999999985e-05	0.000255102500000000006
4049900000	8.45499000000000017e-05	0.000261640700000000017
4049975000	8.81742999999999937e-05	0.000259842600000000025
4050050000	9.28835999999999995e-05	0.000268533400000000027
4050125000	8.23813000000000035e-05	0.000265031700000000012
4050200000	0.000111339800000000001	0.000277633200000000017
4050275000	0.000104951200000000006	0.000267723700000000006
4050350000	0.000101918399999999996	0.000278016699999999984
4050425000	9.55302999999999957e-05	0.000267321599999999985
4050500000	8.95154999999999936e-05	0.000265151100000000017
4050575000	9.69510000000000006e-05	0.000266471800000000006
4050650000	8.76547999999999997e-05	0.000269687099999999988
4050725000	9.88271999999999946e-05	0.000290228800000000016
4050800000	0.000112372299999999995	0.000292414200000000023
4050875000	9.32122000000000018e-05	0.000306285200000000013
4050950000	0.000100688300000000003	0.00030239440000000002
4051025000	0.000112706200000000002	0.000289110499999999983
4051100000	0.000106229600000000004	0.000304592800000000016
4051175000	9.17649999999999998e-05	0.000293081200000000009
4051250000	0.000112646299999999999	0.000307586799999999994
4051325000	9.45162999999999949e-05	0.000311914700000000017
4051400000	0.000133015999999999988	0.000299967500000000004
4051475000	0.000100262199999999997	0.000294953900000000015
4051550000	9.78060999999999986e-05	0.000302278599999999996
4051625000	0.000103842	0.000303312799999999974
4051700000	0.000100404399999999997	0.000312489500000000004
4051775000	8.16542000000000016e-05	0.000302338900000000013
4051850000	0.000107297899999999995	0.000308835700000000002
4051925000	9.28255000000000009e-05	0.00031130289999999999
4052000000	0.000101347200000000004	0.000304662400000000006
4052075000	9.13559999999999974e-05	0.000343839799999999974
4052150000	0.0001089075	0.000314788799999999984
4052225000	0.000121205400000000003	0.000313903100000000013
4052300000	0.000122199400000000001	0.000318111499999999998
4052375000	0.000123766599999999995	0.000330543199999999997
4052450000	9.40234000000000051e-05	0.000311456799999999996
4052525000	0.000107101400000000004	0.000335683699999999999
4052600000	0.000112900000000000007	0.00035513029999999999
4052675000	0.000126163300000000012	0.000344376999999999986
4052750000	0.000109063100000000003	0.000344222100000000019
4052825000	0.000141342699999999998	0.000343522000000000022
4052900000	0.000127724799999999987	0.00035088239999999998
4052975000	8.66203000000000014e-05	0.000341482200000000008
4053050000	0.000119194300000000005	0.000369221999999999996
4053125000	0.000146660000000000009	0.00035281510000000001
4053200000	0.000115176300000000004	0.000359150100000000009
4053275000	0.000113022000000000003	0.000354228400000000025
4053350000	0.000126219599999999993	0.000354293499999999999
4053425000	0.000117827500000000003	0.00035173680000000001
4053500000	0.000115771899999999995	0.000360770099999999983
4053575000	0.000131581900000000008	0.000387707299999999987
4053650000	0.000133830099999999991	0.000394453300000000007
4053725000	0.000124928099999999987	0.000359034299999999985
4053800000	0.000117241900000000007	0.000390706899999999978
4053875000	0.000129530099999999995	0.000383997699999999984
4053950000	0.000156112200000000013	0.00039139699999999998
4054025000	0.000128172600000000007	0.000406410800000000009
4054100000	0.0001531394	0.000420605399999999976
4054175000	0.000141884200000000013	0.000387614299999999986
4054250000	0.000118265500000000001	0.000393102100000000025
4054325000	0.000158785099999999999	0.000419463199999999979
4054400000	0.000115643600000000005	0.000387872100000000023
4054475000	0.00014233099999999999	0.000420104600000000016
4054550000	0.000153257600000000001	0.000391581800000000005
4054625000	0.000146352700000000006	0.00039652060000000002
4054700000	0.000155189299999999988	0.000418832099999999984
4054775000	0.000156250900000000012	0.000433231300000000007
4054850000	0.00014950360000000001	0.000422254800000000001
4054925000	0.000146656800000000002	0.000424081799999999982
4055000000	0.000154261200000000006	0.000433740299999999998
4055075000	0.000141808100000000002	0.00042173960000000001
4055150000	0.000144963399999999988	0.000432427299999999979
4055225000	0.000168002799999999997	0.000452897399999999985
4055300000	0.000179047799999999997	0.000436545900000000024
4055375000	0.000177457899999999987	0.000456053299999999986
4055450000	0.000158223199999999993	0.000474366799999999993
4055525000	0.000173606199999999991	0.000466973699999999998
4055600000	0.000171094999999999987	0.000477422600000000012
4055675000	0.000162290200000000007	0.000458401200000000005
4055750000	0.000188955999999999998	0.000468301099999999994
4055825000	0.000184678100000000003	0.000473852499999999983
4055900000	0.000150209200000000012	0.000466729600000000025
4055975000	0.000179840899999999995	0.000499232500000000015
4056050000	0.000182255300000000003	0.000481077399999999976
4056125000	0.000187342400000000011	0.000486787600000000015
4056200000	0.000182930300000000006	0.000493799900000000042
4056275000	0.000183512899999999996	0.000508616399999999957
4056350000	0.000179626299999999998	0.000513028100000000042
4056425000	0.000212141599999999988	0.000511052100000000046
4056500000	0.000207236600000000007	0.000515026000000000025
4056575000	0.000201837400000000013	0.000510296900000000017
4056650000	0.00020695039999999999	0.000527938499999999994
4056725000	0.000193222800000000003	0.00053648750000000005
4056800000	0.000168221800000000003	0.000525764699999999984
4056875000	0.000211220900000000009	0.000581442399999999968
4056950000	0.000220012899999999989	0.000567066100000000002
4057025000	0.000239355499999999996	0.000556989300000000024
4057100000	0.000221189200000000013	0.000568026199999999972
4057175000	0.000235472900000000007	0.000575898600000000023
4057250000	0.000219005499999999989	0.000579117299999999972
4057325000	0.000227650000000000004	0.000553941999999999976
4057400000	0.000248973799999999991	0.000583218000000000039
4057475000	0.000272261200000000001	0.000585481000000000001
4057550000	0.000250000099999999985	0.000612629099999999985
4057625000	0.000251620400000000008	0.000603600199999999995
4057700000	0.000279190699999999983	0.000609459499999999974
4057775000	0.000262803499999999992	0.000641999699999999999
4057850000	0.000282409300000000007	0.000631913599999999994
4057925000	0.000262369400000000009	0.000636281099999999968
4058000000	0.000286233500000000003	0.000657885800000000036
4058075000	0.00030289999999999999	0.000646960199999999986
4058150000	0.000292784799999999982	0.000643740599999999947
4058225000	0.00029317919999999998	0.00064394690000000004
4058300000	0.000302798200000000024	0.000656881100000000035
4058375000	0.00030429859999999998	0.000664577200000000031
4058450000	0.000304717400000000004	0.000682905600000000023
4058525000	0.000328644500000000014	0.000679310199999999986
4058600000	0.000339460999999999995	0.000686633999999999986
4058675000	0.00034777689999999998	0.00071343559999999999
4058750000	0.000335733599999999994	0.000715892500000000044
4058825000	0.000364565800000000019	0.000722565500000000053
4058900000	0.000363671100000000015	0.000722642000000000011
4058975000	0.000357025500000000026	0.000750546799999999995
4059050000	0.000382004800000000026	0.000744424000000000041
4059125000	0.000366362500000000021	0.000740358599999999976
4059200000	0.000408915199999999998	0.000734002500000000046
4059275000	0.000402101799999999979	0.000786375299999999959
4059350000	0.000378163799999999993	0.000760497399999999981
4059425000	0.000384792399999999985	0.000784981900000000007
4059500000	0.000412923200000000004	0.000778736199999999993
4059575000	0.000424390100000000001	0.000775441899999999959
4059650000	0.000442549999999999996	0.000823144499999999999
4059725000	0.000448390399999999982	0.000809596899999999974
4059800000	0.000451588800000000002	0.000829728900000000044
4059875000	0.000436312899999999988	0.000835116100000000039
4059950000	0.000484030400000000013	0.000863383599999999998
4060025000	0.000499593899999999981	0.00086521660000000002
4060100000	0.000489017799999999958	0.000871975200000000054
4060175000	0.000502205300000000028	0.000870460599999999972
4060250000	0.000540873999999999999	0.00088470339999999995
4060325000	0.000556554799999999959	0.000924924799999999984
4060400000	0.000557106099999999955	0.000888023600000000034
4060475000	0.000557584899999999948	0.000908315399999999953
4060550000	0.000581700899999999972	0.000894372200000000009
4060625000	0.000594589100000000002	0.000922774199999999972
4060700000	0.000626748499999999951	0.000954532600000000003
4060775000	0.000639403500000000039	0.000953399800000000013
4060850000	0.000635755799999999948	0.00093304439999999998
4060925000	0.000685166200000000033	0.00099584679999999994
4061000000	0.000681638000000000036	0.000987051799999999913
4061075000	0.000706803500000000051	0.000969085200000000023
4061150000	0.000707701399999999953	0.00100094940000000003
4061225000	0.000752908200000000009	0.000996038699999999893
4061300000	0.000778110000000000043	0.0010210963999999999
4061375000	0.00079330589999999999	0.00103704480000000004
4061450000	0.000818408699999999983	0.0010422223999999999
4061525000	0.000843863300000000029	0.00105692960000000006
4061600000	0.000863283699999999976	0.00106441239999999996
4061675000	0.000865518199999999976	0.00109247589999999996
4061750000	0.000913632999999999958	0.00106366269999999996
4061825000	0.000959283799999999958	0.00106515990000000007
4061900000	0.000969780999999999963	0.00107080919999999989
4061975000	0.00100837619999999992	0.00109281929999999997
4062050000	0.00102631909999999996	0.00110096119999999998
4062125000	0.00106287440000000003	0.00111709599999999993
4062200000	0.00110354510000000008	0.00110834670000000009
4062275000	0.00112152390000000001	0.00111137410000000008
4062350000	0.00116652040000000002	0.00110350539999999999
4062425000	0.00119109870000000005	0.00114815750000000008
4062500000	0.00122845229999999999	0.00112685980000000008
4062575000	0.00126775600000000009	0.00115283539999999998
4062650000	0.0013239546	0.00114729760000000002
4062725000	0.00137755460000000001	0.00114720410000000001
4062800000	0.00139732519999999989	0.0011551253
4062875000	0.00143937649999999998	0.00114593339999999994
4062950000	0.00147327339999999991	0.00116257730000000003
4063025000	0.00154980729999999994	0.0011462403999999999
4063100000	0.00158738049999999995	0.0011281494999999999
4063175000	0.00163842099999999993	0.00111656410000000005
4063250000	0.0017093376	0.00112625110000000002
4063325000	0.00173346900000000007	0.0011047349000000001
4063400000	0.00180442860000000005	0.00107680750000000011
4063475000	0.00185502179999999994	0.00105767620000000008
4063550000	0.00190732040000000003	0.00102006949999999992
4063625000	0.00197291010000000006	0.00104073180000000009
4063700000	0.00203338729999999988	0.000985021300000000089
4063775000	0.0020939893999999998	0.000959033899999999959
4063850000	0.00215422280000000018	0.000922374100000000036
4063925000	0.00220220930000000021	0.000916359600000000041
4064000000	0.00227748370000000009	0.000848724499999999982
4064075000	0.00234046450000000017	0.000793016799999999959
4064150000	0.00241113099999999995	0.000731912699999999949
4064225000	0.00244156049999999991	0.000692034599999999996
4064300000	0.00251576870000000006	0.000647336899999999965
4064375000	0.00257350629999999981	0.000569760700000000015
4064450000	0.00264724820000000012	0.000501482900000000016
4064525000	0.00267960659999999995	0.000419121599999999989
4064600000	0.00272336470000000006	0.00032046249999999999
4064675000	0.00275680919999999989	0.000238303899999999994
4064750000	0.00282726610000000019	0.000162072400000000004
4064825000	0.00284792580000000012	3.23362999999999973e-05
4064900000	0.00287269039999999993	-3.39883000000000012e-05
4064975000	0.00289549770000000015	-0.000150007499999999997
4065050000	0.00291311599999999988	-0.000247067899999999993
4065125000	0.00291733620000000004	-0.000360080299999999975
4065200000	0.00292461679999999995	-0.000474691000000000013
4065275000	0.00291285460000000008	-0.000584837399999999972
4065350000	0.00288961609999999983	-0.000680494499999999974
4065425000	0.0028654072	-0.000802927399999999966
4065500000	0.00284420960000000009	-0.000921709600000000036
4065575000	0.00277829530000000017	-0.00102773889999999992
4065650000	0.00272843560000000018	-0.00111563859999999995
4065725000	0.00268601459999999979	-0.00120771979999999995
4065800000	0.00261347010000000015	-0.00129959720000000006
4065875000	0.00255239659999999995	-0.00138488140000000005
4065950000	0.0024701876999999998	-0.00145836389999999994
4066025000	0.00241355550000000012	-0.00154795860000000009
4066100000	0.00234106899999999988	-0.00162126260000000004
4066175000	0.00227110950000000006	-0.00168842059999999993
4066250000	0.00219551869999999984	-0.00173203450000000009
4066325000	0.00208405329999999988	-0.0017779460999999999
4066400000	0.00198565710000000008	-0.00184181280000000002
4066475000	0.00191647850000000006	-0.00186390170000000008
4066550000	0.0018404227	-0.00189736180000000003
4066625000	0.00173798640000000009	-0.00192578410000000008
4066700000	0.00166241229999999993	-0.00190799219999999992
4066775000	0.00159608280000000003	-0.00196611479999999998
4066850000	0.00149228990000000003	-0.00197866770000000016
4066925000	0.00143087839999999993	-0.00196687879999999987
4067000000	0.00138503470000000007	-0.00197078069999999991
4067075000	0.00128986570000000009	-0.00195590499999999997
4067150000	0.00119117019999999993	-0.00194385840000000005
4067225000	0.00116082709999999994	-0.00194944299999999992
4067300000	0.00108838360000000005	-0.0019509353000000001
4067375000	0.00101048429999999996	-0.00190961790000000005
4067450000	0.000965013900000000007	-0.00191325080000000008
4067525000	0.000887255199999999948	-0.00189186200000000001
4067600000	0.000831534400000000012	-0.00187254960000000003
4067675000	0.000795020400000000043	-0.00185613310000000008
4067750000	0.000768691900000000039	-0.0018458309
4067825000	0.000711205499999999972	-0.0018160730999999999
4067900000	0.000670510799999999977	-0.00179930960000000001
4067975000	0.000615916700000000011	-0.00179144950000000003
4068050000	0.000587107499999999969	-0.00174322980000000006
4068125000	0.000557023499999999977	-0.00173521690000000002
4068200000	0.000488866000000000018	-0.00169687120000000004
4068275000	0.000494742600000000043	-0.00169015510000000008
4068350000	0.000424954300000000005	-0.00166888980000000006
4068425000	0.00040809869999999999	-0.00164528310000000002
4068500000	0.00040348780000000001	-0.00160763329999999991
4068575000	0.000358916900000000013	-0.00158725670000000002
4068650000	0.000333402500000000012	-0.00156321770000000001
4068725000	0.000304081100000000025	-0.00154911919999999991
4068800000	0.000282720300000000025	-0.00151237089999999995
4068875000	0.000253122099999999973	-0.00148998880000000009
4068950000	0.0002282757	-0.00148205059999999994
4069025000	0.000220164399999999989	-0.00145478329999999996
4069100000	0.00021708670000000001	-0.00142671950000000007
4069175000	0.000197065400000000012	-0.00141930609999999999
4069250000	0.000153768700000000004	-0.00138935670000000003
4069325000	0.000149950799999999987	-0.00136878840000000004
4069400000	0.000141009600000000006	-0.00134094800000000001
4069475000	0.000136307099999999988	-0.00131634099999999995
4069550000	9.9326299999999998e-05	-0.00128796979999999998
4069625000	8.52625000000000057e-05	-0.00128870370000000001
4069700000	8.07005000000000043e-05	-0.00127487229999999991
4069775000	7.33850999999999964e-05	-0.00125215849999999991
4069850000	5.77128000000000008e-05	-0.00122879939999999996
4069925000	5.75267999999999995e-05	-0.00120910659999999993
4070000000	4.24110999999999979e-05	-0.00119590600000000005
4070075000	8.76859999999999936e-06	-0.0011810417000000001
4070150000	3.14277999999999975e-05	-0.00116182349999999993
4070225000	3.20942000000000018e-05	-0.0011560387000000001
4070300000	-4.17900000000000014e-06	-0.00112438040000000005
4070375000	4.69899999999999992e-07	-0.00111817420000000006
4070450000	-2.68279999999999996e-06	-0.00108300220000000008
4070525000	-2.2550999999999998e-06	-0.00107073759999999998
4070600000	-3.00350999999999998e-05	-0.00108975320000000001
4070675000	-2.28088000000000009e-05	-0.00105632990000000004
4070750000	-1.30594999999999992e-05	-0.00105322360000000004
4070825000	-2.46745999999999992e-05	-0.0010192923999999999
4070900000	-4.71362999999999979e-05	-0.000998426699999999979
4070975000	-5.76307999999999972e-05	-0.000995243899999999912
4071050000	-4.95115000000000019e-05	-0.00100454569999999994
4071125000	-7.4608800000000003e-05	-0.00098248340000000006
4071200000	-4.92131999999999983e-05	-0.00096258460000000004
4071275000	-8.0796499999999998e-05	-0.000951209800000000008
4071350000	-6.39875000000000036e-05	-0.000949370200000000013
4071425000	-7.90466999999999965e-05	-0.000909296400000000004
4071500000	-9.02361000000000016e-05	-0.000900072400000000053
4071575000	-8.70467999999999947e-05	-0.000895820800000000027
4071650000	-9.51507000000000036e-05	-0.000876223400000000004
4071725000	-8.69772000000000047e-05	-0.000869122800000000006
4071800000	-9.43698000000000057e-05	-0.000852900999999999985
4071875000	-8.8386899999999999e-05	-0.000850531500000000027
4071950000	-9.19009000000000064e-05	-0.000842480399999999971
4072025000	-0.0001076742	-0.000837788000000000009
4072100000	-9.30150999999999965e-05	-0.000807565800000000053
4072175000	-0.000114280900000000006	-0.000820654299999999974
4072250000	-0.000111004599999999998	-0.000798242899999999987
4072325000	-9.93198999999999975e-05	-0.000804684699999999977
4072400000	-0.000111646799999999996	-0.000795931900000000029
4072475000	-0.000125156699999999987	-0.000777778400000000048
4072550000	-0.000119222600000000006	-0.000788292199999999967
4072625000	-0.000110520400000000007	-0.000761528900000000013
4072700000	-9.76095999999999946e-05	-0.000746538099999999967
4072775000	-9.84864000000000063e-05	-0.000743839399999999965
4072850000	-0.0001157028	-0.000745393100000000045
4072925000	-8.31256999999999959e-05	-0.000743028200000000029
4073000000	-0.0001195071	-0.000711207500000000004
4073075000	-9.26583999999999936e-05	-0.000722872300000000048
4073150000	-0.000121023199999999997	-0.000697889799999999987
4073225000	-0.000104285199999999996	-0.000695723500000000042
4073300000	-0.000133686100000000001	-0.000680370799999999967
4073375000	-0.0001082521	-0.000696661799999999951
4073450000	-0.000118899499999999996	-0.000662539699999999988
4073525000	-0.000123050300000000003	-0.000665347099999999978
4073600000	-0.000115981600000000001	-0.000663253000000000041
4073675000	-0.000112610500000000002	-0.000677889299999999981
4073750000	-0.0001281295	-0.000653921899999999998
4073825000	-0.000100793999999999998	-0.000662322000000000019
4073900000	-0.000119846600000000005	-0.000632038300000000016
4073975000	-0.000100454399999999998	-0.000633143699999999987
4074050000	-0.000122244900000000013	-0.000611153799999999969
4074125000	-0.000117499100000000001	-0.000614033200000000008
4074200000	-0.000125977899999999999	-0.000616891500000000008
4074275000	-0.000113742799999999998	-0.000620373100000000052
4074350000	-0.000116020699999999999	-0.000594932099999999982
4074425000	-0.000117607499999999995	-0.000594284399999999964
4074500000	-0.000113441899999999995	-0.0005804556
4074575000	-0.0001072385	-0.000607098000000000034
4074650000	-0.000131024400000000012	-0.000566243100000000054
4074725000	-0.000103409899999999994	-0.000565114900000000006
4074800000	-0.000125085399999999987	-0.000567003300000000054
4074875000	-0.000110585800000000001	-0.000562819400000000021
4074950000	-0.000105706300000000001	-0.000552671600000000009
4075025000	-0.000108775400000000002	-0.000569648299999999958
4075100000	-0.000107728799999999998	-0.000562945499999999979
4075175000	-0.000112954400000000004	-0.000546892599999999982
4075250000	-0.000131284000000000012	-0.000551038199999999965
4075325000	-0.000101624899999999997	-0.000540197899999999946
4075400000	-0.000116853099999999994	-0.000520498100000000023
4075475000	-0.000117038099999999993	-0.000527188099999999975
4075550000	-0.000110912300000000005	-0.000510720400000000017
4075625000	-0.000109502900000000005	-0.000515006000000000036
4075700000	-0.000118539300000000005	-0.000507783699999999954
4075775000	-0.000122625799999999987	-0.000502158300000000047
4075850000	-0.000110495400000000006	-0.000497503699999999965
4075925000	-0.000113238800000000004	-0.000519479199999999951
4076000000	-0.000111408800000000003	-0.000529088999999999948
4076075000	-9.05244000000000036e-05	-0.000507133299999999992
4076150000	-0.000121619200000000003	-0.000492069799999999983
4076225000	-0.000115983499999999998	-0.000508637200000000003
4076300000	-0.000108609699999999998	-0.000499764999999999997
4076375000	-9.36805999999999989e-05	-0.000491736400000000024
4076450000	-0.000110245499999999993	-0.000489727400000000051
4076525000	-0.0001006253	-0.000484135200000000026
4076600000	-0.000107067500000000004	-0.000474066499999999992
4076675000	-0.000118662300000000004	-0.000473097999999999976
4076750000	-0.000104458300000000002	-0.00048056930000000002
4076825000	-9.22523000000000044e-05	-0.000471457400000000024
4076900000	-0.000101040799999999997	-0.000451912500000000014
4076975000	-9.19474000000000067e-05	-0.000470711300000000007
4077050000	-9.14557999999999994e-05	-0.000455512799999999987
4077125000	-0.000101374799999999997	-0.00044611169999999998
4077200000	-8.94651000000000051e-05	-0.000425778799999999976
4077275000	-9.19619999999999981e-05	-0.000434944400000000016
4077350000	-9.22686000000000063e-05	-0.000421877000000000027
4077425000	-0.0001103167	-0.000450459200000000019
4077500000	-0.000106923399999999993	-0.000437696500000000013
4077575000	-0.000103430099999999998	-0.000452874699999999996
4077650000	-9.35441000000000045e-05	-0.000415882399999999988
4077725000	-8.85536000000000054e-05	-0.000427200300000000024
4077800000	-0.000113960899999999995	-0.000413266900000000006
4077875000	-9.21169999999999991e-05	-0.000428002900000000008
4077950000	-8.42882999999999973e-05	-0.000411051500000000013
4078025000	-9.21543000000000064e-05	-0.000398475999999999984
4078100000	-0.000110114300000000004	-0.000422823899999999996
4078175000	-0.000100721400000000001	-0.000403808000000000021
4078250000	-8.86861000000000046e-05	-0.000406592399999999973
4078325000	-0.000110530000000000001	-0.000400092099999999984
4078400000	-9.57348999999999971e-05	-0.000410042399999999976
4078475000	-0.000100171400000000001	-0.0004139441
4078550000	-9.07375999999999967e-05	-0.000402727100000000002
4078625000	-8.64088999999999987e-05	-0.000395003899999999981
4078700000	-8.06505999999999966e-05	-0.000393230700000000023
4078775000	-6.68280000000000046e-05	-0.000395610199999999975
4078850000	-0.000106299900000000002	-0.000399255099999999978
4078925000	-8.79687000000000036e-05	-0.00039481020000000001
4079000000	-7.8288500000000001e-05	-0.000394795699999999999
4079075000	-7.29026000000000023e-05	-0.000373289800000000012
4079150000	-7.79338000000000025e-05	-0.000383520700000000009
4079225000	-8.35301999999999952e-05	-0.000386158299999999992
4079300000	-6.89815000000000035e-05	-0.000364677200000000006
4079375000	-0.000103013399999999999	-0.000387067200000000013
4079450000	-0.000108475999999999996	-0.000384254899999999979
4079525000	-6.6290000000000004e-05	-0.000373137000000000002
4079600000	-7.00553999999999934e-05	-0.000387062900000000011
4079675000	-6.56113999999999932e-05	-0.000367630600000000017
4079750000	-8.98103999999999965e-05	-0.000359673100000000004
4079825000	-9.01536000000000037e-05	-0.000371871000000000018
4079900000	-7.45166999999999976e-05	-0.000367852700000000023
4079975000	-0.000112885000000000001	-0.000370230100000000018
4080050000	-8.05583999999999977e-05	-0.000386310699999999974
4080125000	-6.22658999999999962e-05	-0.000370368299999999982
4080200000	-8.11248999999999998e-05	-0.000366458599999999995
4080275000	-5.55241999999999994e-05	-0.000360778900000000003
4080350000	-6.57979000000000024e-05	-0.000346784899999999974
4080425000	-7.84859999999999936e-05	-0.000364134800000000009
4080500000	-7.02522999999999982e-05	-0.000336192900000000005
4080575000	-6.56664000000000054e-05	-0.000372308699999999982
4080650000	-6.31149000000000011e-05	-0.000357048299999999995
4080725000	-6.60418000000000018e-05	-0.000343375100000000019
4080800000	-8.68092999999999957e-05	-0.000339914900000000007
4080875000	-8.10376999999999983e-05	-0.000342339100000000024
4080950000	-8.11583999999999987e-05	-0.000341527500000000006
4081025000	-8.61757999999999958e-05	-0.000348754299999999996
4081100000	-6.98579999999999942e-05	-0.000342916000000000022
4081175000	-5.70093000000000032e-05	-0.000343911199999999981
4081250000	-6.01273000000000028e-05	-0.000341810699999999976
4081325000	-6.24158000000000064e-05	-0.000333032700000000001
4081400000	-6.79260999999999933e-05	-0.000351607499999999991
4081475000	-7.03868000000000018e-05	-0.000345811000000000013
4081550000	-6.06723999999999987e-05	-0.000332570800000000024
4081625000	-8.34749000000000027e-05	-0.000322303300000000015
4081700000	-5.40870999999999992e-05	-0.000322095200000000012
4081775000	-6.79598000000000062e-05	-0.000329855799999999994
4081850000	-4.39438999999999978e-05	-0.00032048729999999999
4081925000	-6.94447000000000028e-05	-0.000328667700000000011
4082000000	-5.30345000000000019e-05	-0.000316096100000000011
4082075000	-5.25026000000000011e-05	-0.000325569500000000007
4082150000	-5.53231999999999991e-05	-0.000322581500000000015
4082225000	-7.99230999999999938e-05	-0.000315931299999999975
4082300000	-7.69640000000000038e-05	-0.000333933699999999984
4082375000	-6.05914999999999975e-05	-0.000318070899999999977
4082450000	-6.02965000000000011e-05	-0.000336126500000000022
4082525000	-7.37996999999999975e-05	-0.000298987099999999996
4082600000	-5.43149999999999975e-05	-0.000316261799999999974
4082675000	-4.58302000000000004e-05	-0.000295603199999999982
4082750000	-5.21685000000000004e-05	-0.000310500200000000026
4082825000	-4.66540999999999977e-05	-0.000322059100000000008
4082900000	-5.47895000000000012e-05	-0.000312535500000000023
4082975000	-7.26699999999999937e-05	-0.000315717900000000008
4083050000	-6.00897000000000017e-05	-0.000305154600000000014
4083125000	-4.86299e-05	-0.000319520800000000005
4083200000	-5.5615000000000002e-05	-0.00030809819999999999
4083275000	-5.42288999999999984e-05	-0.000301326299999999975
4083350000	-7.5777400000000004e-05	-0.00030238699999999999
4083425000	-5.74321000000000019e-05	-0.000304918799999999999
4083500000	-4.07655000000000013e-05	-0.00031048060000000001
4083575000	-6.89046000000000043e-05	-0.000285967100000000015
4083650000	-5.50272000000000006e-05	-0.000309356099999999977
4083725000	-4.1291200000000002e-05	-0.000308694900000000018
4083800000	-5.16777000000000016e-05	-0.000313013699999999974
4083875000	-3.67929999999999982e-05	-0.000299363699999999995
4083950000	-5.21018000000000032e-05	-0.000283886200000000026
4084025000	-6.58820999999999973e-05	-0.000291684599999999996
4084100000	-6.90332999999999951e-05	-0.000293736599999999996
4084175000	-4.2160399999999997e-05	-0.000298188300000000006
4084250000	-5.05757999999999978e-05	-0.000300941599999999978
4084325000	-4.7428200000000001e-05	-0.000292470300000000018
4084400000	-3.76712999999999996e-05	-0.00027911059999999999
4084475000	-5.10730999999999973e-05	-0.000307568499999999988
4084550000	-6.43554000000000039e-05	-0.000278848099999999977
4084625000	-5.53054000000000008e-05	-0.000300099199999999974
4084700000	-7.17389000000000053e-05	-0.000288520000000000009
4084775000	-5.1355099999999999e-05	-0.000296290500000000005
4084850000	-5.78980000000000003e-05	-0.000285088900000000001
4084925000	-6.0528200000000001e-05	-0.000288456400000000005
4085000000	-4.81887000000000016e-05	-0.000289936600000000012
4085075000	-5.42638000000000004e-05	-0.000293309200000000021
4085150000	-5.25881999999999991e-05	-0.000279033400000000011
4085225000	-3.80626999999999973e-05	-0.000269675100000000016
4085300000	-6.49333999999999973e-05	-0.00030124660000000001
4085375000	-2.68330999999999989e-05	-0.000297321000000000022
4085450000	-2.93875999999999996e-05	-0.000294399400000000012
4085525000	-3.44158999999999969e-05	-0.000297612400000000024
4085600000	-6.46656000000000065e-05	-0.000277077199999999991
4085675000	-5.47552000000000005e-05	-0.000282352199999999997
4085750000	-5.56785999999999992e-05	-0.000263304899999999994
4085825000	-5.06879999999999999e-05	-0.00028985399999999998
4085900000	-3.54483999999999976e-05	-0.000267136300000000006
4085975000	-5.01975000000000018e-05	-0.000282966500000000009
4086050000	-4.98024000000000028e-05	-0.000269438200000000005
4086125000	-5.28310000000000029e-05	-0.000284727199999999987
4086200000	-3.87525999999999989e-05	-0.000278026699999999979
4086275000	-6.18739999999999975e-05	-0.000256876800000000014
4086350000	-3.57747000000000016e-05	-0.000273506999999999982
4086425000	-3.45422000000000028e-05	-0.000272877900000000019
4086500000	-3.78602000000000005e-05	-0.000282601700000000022
4086575000	-4.84689999999999996e-05	-0.000288127599999999989
4086650000	-4.27570999999999976e-05	-0.000239745800000000004
4086725000	-4.41133999999999968e-05	-0.0002757557
4086800000	-2.92632000000000013e-05	-0.000261005699999999994
4086875000	-4.42002999999999976e-05	-0.000275092599999999989
4086950000	-4.69582000000000005e-05	-0.000253680299999999991
4087025000	-6.30589000000000003e-05	-0.000280599699999999996
4087100000	-6.26653999999999981e-05	-0.000273157599999999988
4087175000	-6.70882000000000059e-05	-0.000257422499999999997
4087250000	-4.25630999999999991e-05	-0.000278777999999999979
4087325000	-6.35239000000000035e-05	-0.000277010599999999994
4087400000	-3.61039999999999986e-05	-0.000286497999999999994
4087475000	-4.95544000000000011e-05	-0.000289254399999999993
4087550000	-4.92748999999999981e-05	-0.000263491999999999991
4087625000	-4.12132000000000004e-05	-0.000278285900000000005
4087700000	-3.98416000000000015e-05	-0.000268102599999999977
4087775000	-4.67094999999999972e-05	-0.000252226499999999988
4087850000	-4.52322999999999972e-05	-0.000250092200000000004
4087925000	-3.10108999999999981e-05	-0.000283678100000000024
4088000000	-3.79059999999999993e-05	-0.000267723600000000026
4088075000	-4.72842999999999972e-05	-0.000281390800000000016
4088150000	-4.93534000000000008e-05	-0.000249228100000000027
4088225000	-2.06556999999999994e-05	-0.000243476000000000011
4088300000	-4.81254999999999986e-05	-0.000267428299999999996
4088375000	-3.19746999999999973e-05	-0.000263404500000000022
4088450000	-4.30846999999999976e-05	-0.000257480700000000003
4088525000	-5.12088999999999969e-05	-0.000284757699999999979
4088600000	-4.06998999999999997e-05	-0.000269877699999999986
4088675000	-4.8139900000000003e-05	-0.000279598900000000024
4088750000	-3.51888999999999978e-05	-0.000257372399999999989
4088825000	-2.14435999999999991e-05	-0.000264693999999999997
4088900000	-3.40202000000000034e-05	-0.000222546300000000001
4088975000	-2.93344000000000016e-05	-0.000253456500000000002
4089050000	-5.80879000000000033e-05	-0.000261270800000000026
4089125000	-3.80402000000000021e-05	-0.000240508099999999989
4089200000	-2.95023000000000004e-05	-0.000241773000000000004
4089275000	-5.04542000000000022e-05	-0.000255925899999999982
4089350000	-3.51601000000000024e-05	-0.000257518600000000025
4089425000	-2.75638999999999988e-05	-0.000261944300000000005
4089500000	-3.7141300000000003e-05	-0.000223350099999999988
4089575000	-4.84774999999999979e-05	-0.000270191600000000017
4089650000	-4.40123999999999989e-05	-0.000262021699999999999
4089725000	-3.11817e-05	-0.000257935900000000025
4089800000	-6.53434000000000019e-05	-0.000259543799999999993
4089875000	-4.65552999999999979e-05	-0.000258954799999999989
4089950000	-4.47874999999999977e-05	-0.000243732599999999991
4090025000	-4.11078999999999999e-05	-0.000243467999999999994
4090100000	-5.26073000000000003e-05	-0.000244783100000000025
4090175000	-4.45625999999999992e-05	-0.000280438400000000015
4090250000	-4.4207099999999999e-05	-0.000255685999999999978
4090325000	-5.15636000000000021e-05	-0.000261041700000000018
4090400000	-5.30197999999999968e-05	-0.000253799699999999995
4090475000	-3.7931500000000001e-05	-0.000241275500000000004
4090550000	-3.3318500000000003e-05	-0.000267993500000000015
4090625000	-4.47799000000000013e-05	-0.000245156200000000023
4090700000	-2.53287000000000003e-05	-0.000242247099999999993
4090775000	-4.32622000000000006e-05	-0.000244272900000000004
4090850000	-4.76192999999999999e-05	-0.000252656499999999982
4090925000	-6.68880999999999941e-05	-0.000250588400000000021
4091000000	-4.19690999999999977e-05	-0.000267121200000000007
4091075000	-3.68436000000000008e-05	-0.000259184900000000013
4091150000	-4.93467999999999999e-05	-0.000253711400000000025
4091225000	-3.12112999999999971e-05	-0.000235603100000000008
4091300000	-5.41822999999999979e-05	-0.000239194199999999987
4091375000	-5.68220999999999993e-05	-0.000234180599999999999
4091450000	-4.55131000000000031e-05	-0.000230428900000000006
4091525000	-4.13872000000000025e-05	-0.000249637900000000018
4091600000	-4.08074999999999985e-05	-0.000234686199999999996
4091675000	-5.03922000000000018e-05	-0.000237608900000000001
4091750000	-3.9595399999999997e-05	-0.000244395899999999989
4091825000	-4.34067999999999992e-05	-0.000239386600000000003
4091900000	-5.5596000000000001e-05	-0.00024685480000000002
4091975000	-3.01718000000000014e-05	-0.000253734700000000002
4092050000	-5.57551999999999977e-05	-0.000230424399999999989
4092125000	-6.02740999999999995e-05	-0.000245767900000000016
4092200000	-3.59039000000000003e-05	-0.00023656830000000001
4092275000	-3.60178999999999995e-05	-0.000263386099999999982
4092350000	-3.24949999999999997e-05	-0.00020886320000000001
4092425000	-4.29515999999999972e-05	-0.000260391300000000002
4092500000	-6.62280000000000036e-05	-0.000233883299999999991
4092575000	-4.91124000000000009e-05	-0.000257811200000000003
4092650000	-4.18449000000000032e-05	-0.000231333499999999997
4092725000	-4.61178000000000008e-05	-0.000224799999999999989
4092800000	-3.9718200000000002e-05	-0.000236677600000000012
4092875000	-4.12879000000000016e-05	-0.0002511999
4092950000	-5.27106999999999966e-05	-0.000246767200000000018
4093025000	-5.10238999999999978e-05	-0.000237654000000000012
4093100000	-5.71240999999999974e-05	-0.000249799400000000013
4093175000	-5.5093200000000003e-05	-0.000228265300000000005
4093250000	-4.63143999999999982e-05	-0.000254779000000000008
4093325000	-5.47913999999999986e-05	-0.000225373799999999987
4093400000	-5.95654999999999975e-05	-0.000211256299999999992
4093475000	-7.00451999999999981e-05	-0.000241212499999999988
4093550000	-4.99712000000000002e-05	-0.0002227652
4093625000	-4.61928000000000027e-05	-0.000224987000000000006
4093700000	-6.30132000000000017e-05	-0.000229026899999999994
4093775000	-7.53467000000000015e-05	-0.000241323799999999995
4093850000	-5.46607000000000034e-05	-0.000236189000000000012
4093925000	-6.8294199999999994e-05	-0.000240069999999999997
4094000000	-6.34216999999999962e-05	-0.000220463999999999995
4094075000	-4.95682999999999977e-05	-0.000233248400000000001
4094150000	-3.87260000000000016e-05	-0.000209880200000000004
4094225000	-5.63829999999999987e-05	-0.000219688400000000002
4094300000	-5.03928000000000031e-05	-0.000228599700000000006
4094375000	-6.54568000000000066e-05	-0.000215541199999999989
4094450000	-5.99899999999999999e-05	-0.000244489199999999983
4094525000	-5.98160999999999981e-05	-0.00023554549999999999
4094600000	-7.61914000000000037e-05	-0.000198102299999999989
4094675000	-4.03422000000000015e-05	-0.000200408700000000005
4094750000	-5.30189000000000016e-05	-0.000233047999999999995
4094825000	-6.0860599999999998e-05	-0.000221392200000000011
4094900000	-5.60245999999999989e-05	-0.000211871899999999987
4094975000	-7.10054000000000029e-05	-0.000214312100000000011
4095050000	-6.88798999999999976e-05	-0.000211406800000000003
4095125000	-6.1018199999999998e-05	-0.000226573200000000001
4095200000	-4.93077000000000023e-05	-0.000217320700000000008
4095275000	-5.6851600000000003e-05	-0.000212380699999999991
4095350000	-5.36654000000000029e-05	-0.00020772919999999999
4095425000	-6.34669000000000005e-05	-0.000212480900000000007
4095500000	-5.68293000000000015e-05	-0.00022409909999999999
4095575000	-6.88616999999999983e-05	-0.000194835599999999988
4095650000	-6.79336000000000029e-05	-0.0002398054
4095725000	-8.67377999999999948e-05	-0.000210218900000000008
4095800000	-5.68793000000000028e-05	-0.000203243400000000006
4095875000	-5.76176000000000021e-05	-0.000179433299999999995
4095950000	-7.43978000000000011e-05	-0.000205008700000000008
4096025000	-6.14287999999999971e-05	-0.000204235000000000012
4096100000	-5.99884000000000032e-05	-0.000187722900000000012
4096175000	-4.97910999999999983e-05	-0.000203075099999999996
4096250000	-4.37738999999999978e-05	-0.000197971799999999994
4096325000	-6.36101999999999962e-05	-0.000196982800000000007
4096400000	-4.01827999999999975e-05	-0.000194422299999999997
4096475000	-7.00937000000000028e-05	-0.0002059722
4096550000	-7.23352999999999984e-05	-0.000201377999999999995
4096625000	-9.14313000000000067e-05	-0.000216749200000000008
4096700000	-5.88495999999999998e-05	-0.00020458029999999999
4096775000	-7.58210999999999982e-05	-0.000201912599999999989
4096850000	-0.000111135800000000001	-0.000206517699999999996
4096925000	-7.71895000000000036e-05	-0.0001998073
4097000000	-5.92812999999999977e-05	-0.0002048319
4097075000	-7.47830999999999989e-05	-0.000219883199999999996
4097150000	-0.000105201300000000005	-0.000214311899999999997
4097225000	-8.68561999999999969e-05	-0.000203205999999999992
4097300000	-6.7030800000000002e-05	-0.000179154299999999993
4097375000	-9.68117000000000001e-05	-0.000201261900000000005
4097450000	-0.000107608000000000004	-0.000189119499999999997
4097525000	-0.000120706599999999994	-0.000163086400000000004
4097600000	-0.000112536199999999995	-0.000184462599999999998
4097675000	-8.29383999999999986e-05	-0.000163931900000000008
4097750000	-7.68896000000000033e-05	-0.000168692300000000011
4097825000	-7.67985e-05	-0.000148434799999999997
4097900000	-7.65709999999999958e-05	-0.000154783699999999993
4097975000	-9.57108999999999987e-05	-0.000148470600000000008
4098050000	-8.46187999999999969e-05	-0.000153041299999999994
4098125000	-7.59397000000000007e-05	-0.000147301300000000012
4098200000	-6.11125000000000015e-05	-0.000139997200000000009
4098275000	-6.20723000000000054e-05	-0.000161668400000000012
4098350000	-7.5075799999999997e-05	-0.000152215299999999999
4098425000	-4.94969999999999972e-05	-0.000171714900000000012
4098500000	-6.43383999999999937e-05	-0.000175328300000000007
4098575000	-6.5878100000000002e-05	-0.000149138399999999995
4098650000	-6.9646600000000005e-05	-0.000155892299999999998
4098725000	-6.94346999999999944e-05	-0.000153412200000000001
4098800000	-8.65909999999999982e-05	-0.000143700500000000004
4098875000	-5.27843000000000021e-05	-0.000152001600000000012
4098950000	-7.41349000000000006e-05	-0.0001412261
4099025000	-3.68854999999999978e-05	-0.000145671799999999997
4099100000	-5.68888999999999967e-05	-0.0001408216
4099175000	-6.90708000000000028e-05	-0.000131047799999999996
4099250000	-6.04422000000000021e-05	-0.000171866700000000006
4099325000	-3.77302e-05	-0.000138235499999999988
4099400000	-5.6027299999999998e-05	-0.000143116399999999991
4099475000	-6.79348000000000056e-05	-0.000137179299999999989
4099550000	-3.98940000000000012e-05	-0.000145167400000000002
4099625000	-5.75768000000000007e-05	-0.0001462666
4099700000	-4.67003999999999976e-05	-0.000126096299999999987
4099775000	-5.07008000000000008e-05	-0.0001610448
4099850000	-5.25608e-05	-0.000140403899999999999
4099925000	-6.75851999999999979e-05	-0.000130397999999999994
4100000000	-7.0553699999999995e-05	-0.000133812299999999993
