8605000000	-0.000204259599999999998	0.000349389300000000019
8605166667	-0.000158290100000000011	0.000413341300000000006
8605333333	-0.000227780399999999992	0.000382582899999999999
8605500000	-0.000166399600000000005	0.000455508799999999978
8605666667	-0.000178903299999999999	0.000410520700000000015
8605833333	-0.000127988500000000003	0.000454417900000000019
8606000000	-0.000173942599999999997	0.000389054500000000014
8606166667	-0.000177167500000000001	0.000499713699999999959
8606333333	-0.000134479599999999999	0.000461253699999999978
8606500000	-0.00019107219999999999	0.000455331300000000002
8606666667	-0.000136331100000000013	0.000428282599999999978
8606833333	-0.000141101500000000011	0.000445739099999999989
8607000000	-0.000170761700000000009	0.000470437700000000004
8607166667	-0.000162231400000000013	0.000464175200000000007
8607333333	-0.000105792900000000001	0.000516966599999999984
8607500000	-8.49046000000000002e-05	0.000521417900000000021
8607666667	-0.000109839299999999997	0.000453795000000000001
8607833333	-8.34550999999999999e-05	0.000468716400000000017
8608000000	-0.000118660000000000006	0.000453980900000000023
8608166667	-6.71926000000000044e-05	0.000453662100000000001
8608333333	-3.43123000000000001e-05	0.000534074999999999958
8608500000	-7.73681000000000021e-05	0.000483617499999999996
8608666667	-3.70342999999999988e-05	0.000514488700000000033
8608833333	-8.21994000000000045e-05	0.000512281800000000012
8609000000	-3.42176000000000025e-05	0.000521810099999999973
8609166667	-4.43610999999999978e-05	0.000525541900000000011
8609333333	-3.31537000000000007e-05	0.000477045500000000005
8609500000	-4.28869999999999978e-05	0.000527735100000000022
8609666667	-4.75282999999999969e-05	0.000533733400000000022
8609833333	1.82307000000000015e-05	0.00052006540000000003
8610000000	-6.84309999999999975e-06	0.000511682800000000013
8610166667	6.43540000000000008e-05	0.000520573899999999959
8610333333	4.41630000000000039e-06	0.000585030399999999975
8610500000	8.57100999999999978e-05	0.000547742900000000024
8610666667	6.08371000000000007e-05	0.000510519599999999956
8610833333	5.60523999999999989e-05	0.000560992900000000048
8611000000	1.35671999999999995e-05	0.000548859600000000053
8611166667	4.22736000000000013e-05	0.000527198199999999949
8611333333	0.000120931199999999998	0.000575993600000000001
8611500000	0.000102149200000000001	0.000562673999999999987
8611666667	8.24741999999999972e-05	0.000546294400000000039
8611833333	7.04480999999999939e-05	0.000597954099999999968
8612000000	0.0001202427	0.000530202700000000039
8612166667	0.000118607399999999999	0.000537839600000000013
8612333333	0.000111900599999999997	0.000528951000000000052
8612500000	0.000146235300000000006	0.000545473800000000042
8612666667	0.000177656500000000002	0.000585373399999999954
8612833333	0.000192395899999999999	0.000590467100000000044
8613000000	0.000195767300000000005	0.00064276190000000003
8613166667	0.000192939399999999991	0.000620833199999999957
8613333333	0.000198047799999999998	0.000549862000000000029
8613500000	0.000217906500000000005	0.000587576099999999953
8613666667	0.000255775199999999983	0.000617485100000000008
8613833333	0.0002253519	0.000590344499999999979
8614000000	0.00023425679999999999	0.000548783500000000015
8614166667	0.000271829699999999984	0.000560792200000000021
8614333333	0.000263249399999999987	0.000572677300000000054
8614500000	0.000303503500000000005	0.000593120699999999954
8614666667	0.00030389369999999998	0.000538011700000000045
8614833333	0.000337007500000000015	0.000556528699999999949
8615000000	0.000290505400000000012	0.000582757799999999992
8615166667	0.000348237799999999995	0.000545714500000000048
8615333333	0.000355345699999999988	0.000571109400000000011
8615500000	0.000333182099999999989	0.000577503499999999998
8615666667	0.000345099900000000006	0.000618565699999999979
8615833333	0.000374037300000000018	0.000561441999999999996
8616000000	0.00043813080000000001	0.000580668700000000026
8616166667	0.000409842400000000025	0.000529920499999999976
8616333333	0.000444311199999999982	0.000580633800000000051
8616500000	0.000416978499999999985	0.000572584400000000033
8616666667	0.000458252999999999992	0.000542952800000000031
8616833333	0.000434855400000000024	0.000540796099999999997
8617000000	0.000496167500000000003	0.000551978999999999968
8617166667	0.000523598899999999992	0.000546417800000000052
8617333333	0.00052288409999999997	0.000533418099999999947
8617500000	0.000547299700000000028	0.000544754500000000003
8617666667	0.000512259499999999997	0.000498257800000000053
8617833333	0.000560247200000000005	0.000512759299999999995
8618000000	0.000540188499999999993	0.000551522199999999996
8618166667	0.000565604099999999967	0.000500490000000000028
8618333333	0.000613715499999999982	0.000546349100000000044
8618500000	0.000597940000000000038	0.000520772100000000001
8618666667	0.000611978400000000029	0.000473532499999999986
8618833333	0.000629271699999999954	0.000472556200000000021
8619000000	0.000594620000000000023	0.000499430699999999948
8619166667	0.000660221899999999988	0.000456852899999999978
8619333333	0.000631103900000000028	0.00042199309999999999
8619500000	0.000709101399999999987	0.000405472700000000005
8619666667	0.000677872499999999998	0.000434944499999999996
8619833333	0.000720261399999999954	0.000432370899999999991
8620000000	0.000750330199999999967	0.000402599300000000006
8620166667	0.000730187299999999974	0.000364290000000000024
8620333333	0.000746074599999999987	0.00040714579999999998
8620500000	0.000789198299999999955	0.000394900299999999998
8620666667	0.000759244600000000052	0.0003672735
8620833333	0.000830552000000000026	0.000369006699999999978
8621000000	0.000834377699999999992	0.000333627100000000003
8621166667	0.000796338800000000006	0.000337618400000000006
8621333333	0.000853826400000000049	0.000303198900000000002
8621500000	0.000857615200000000008	0.000314711999999999978
8621666667	0.000896889400000000026	0.000254752199999999976
8621833333	0.000878254399999999998	0.000269502800000000025
8622000000	0.000900997099999999987	0.000251442899999999977
8622166667	0.000854494000000000022	0.000259242499999999976
8622333333	0.000938943600000000014	0.000250480100000000008
8622500000	0.000949834700000000008	0.000198543800000000001
8622666667	0.000944920399999999946	0.000196540700000000007
8622833333	0.00101126540000000004	0.000148880399999999998
8623000000	0.000957433399999999967	0.000140933499999999995
8623166667	0.00100887299999999997	9.70816000000000024e-05
8623333333	0.000987951699999999955	0.000118826000000000004
8623500000	0.000977893899999999951	4.27878999999999974e-05
8623666667	0.00104860150000000009	6.71748000000000061e-05
8623833333	0.00102165140000000008	5.26410999999999999e-05
8624000000	0.00107753009999999997	5.43477000000000014e-05
8624166667	0.00110352530000000005	1.79254999999999997e-05
8624333333	0.00103463959999999995	-3.13219999999999984e-06
8624500000	0.00109573099999999996	-5.59600999999999998e-05
8624666667	0.00106321879999999994	-6.22701000000000054e-05
8624833333	0.00107962240000000005	-8.11974000000000029e-05
8625000000	0.00113524109999999998	-9.12660999999999968e-05
8625166667	0.00107563429999999989	-0.000128612700000000003
8625333333	0.00110189680000000005	-0.000174108600000000009
8625500000	0.00109314999999999998	-0.000178543100000000008
8625666667	0.00115545730000000003	-0.00022474450000000001
8625833333	0.00113148710000000007	-0.000242224100000000011
8626000000	0.00113767050000000008	-0.000289885799999999982
8626166667	0.00115399449999999994	-0.000323158400000000013
8626333333	0.00116024940000000005	-0.000339388499999999991
8626500000	0.00114663010000000008	-0.000330201000000000019
8626666667	0.00114701970000000001	-0.000339094500000000024
8626833333	0.00112221330000000005	-0.000454516699999999991
8627000000	0.00115515590000000003	-0.000438910700000000006
8627166667	0.00114688490000000001	-0.000472361799999999974
8627333333	0.00115248280000000008	-0.000483004400000000013
8627500000	0.00109846409999999998	-0.000516424499999999982
8627666667	0.00112085229999999998	-0.000579573299999999996
8627833333	0.00114589120000000008	-0.000609985299999999948
8628000000	0.00111529360000000004	-0.000627415800000000038
8628166667	0.00115579830000000008	-0.000680681699999999951
8628333333	0.0011227101000000001	-0.000721593699999999996
8628500000	0.00108676569999999998	-0.000712324399999999993
8628666667	0.001062206	-0.000779057199999999951
8628833333	0.00108511710000000006	-0.000779518599999999974
8629000000	0.00107873689999999993	-0.00081508549999999996
8629166667	0.00103831819999999995	-0.000820263799999999951
8629333333	0.0010381139000000001	-0.000889810299999999987
8629500000	0.00107779959999999993	-0.000903149100000000043
8629666667	0.00103421700000000004	-0.000954408899999999996
8629833333	0.00102225259999999996	-0.000991285900000000043
8630000000	0.00105129620000000003	-0.00102766940000000007
8630166667	0.00101681079999999999	-0.00102446939999999999
8630333333	0.000972272799999999993	-0.00108131640000000005
8630500000	0.000944861599999999953	-0.00110297840000000004
8630666667	0.000930497200000000033	-0.00116423729999999993
8630833333	0.000924486899999999953	-0.00116232469999999997
8631000000	0.000904273900000000016	-0.00119421089999999989
8631166667	0.000904478199999999969	-0.00122659380000000005
8631333333	0.000862998700000000042	-0.00125774429999999998
8631500000	0.000811102800000000016	-0.00132027350000000002
8631666667	0.000804657599999999951	-0.00134264119999999995
8631833333	0.000765207999999999969	-0.00138772729999999994
8632000000	0.000714863999999999951	-0.00144786320000000004
8632166667	0.000705344700000000023	-0.00143125869999999994
8632333333	0.000705908899999999973	-0.00150060959999999996
8632500000	0.000684015900000000039	-0.0014946871
8632666667	0.000617576499999999951	-0.00153280670000000008
8632833333	0.000560877500000000052	-0.00150639679999999996
8633000000	0.000547279000000000016	-0.00160037320000000005
8633166667	0.000520497599999999961	-0.00158328500000000003
8633333333	0.000466554899999999974	-0.0016360309
8633500000	0.000441909499999999995	-0.00167274640000000005
8633666667	0.000408516200000000004	-0.00168848140000000006
8633833333	0.000351882900000000012	-0.0017378401999999999
8634000000	0.000310833899999999979	-0.00176532170000000006
8634166667	0.000271570099999999984	-0.00179641390000000005
8634333333	0.000219675300000000007	-0.00182561170000000001
8634500000	0.000183832800000000013	-0.00184469100000000008
8634666667	0.000146025499999999993	-0.00185072909999999999
8634833333	5.85877000000000015e-05	-0.0018480657000000001
8635000000	8.66620000000000014e-06	-0.00188386619999999995
8635166667	3.08489000000000021e-05	-0.00191367490000000006
8635333333	-6.67057000000000007e-05	-0.001908821
8635500000	-0.000148416499999999991	-0.00190858879999999996
8635666667	-0.000151998800000000006	-0.00190929709999999994
8635833333	-0.000221605399999999991	-0.00192678199999999993
8636000000	-0.000297187199999999986	-0.0019859528999999999
8636166667	-0.000301464400000000013	-0.00199708199999999985
8636333333	-0.000435101300000000015	-0.00196279119999999982
8636500000	-0.000415407199999999976	-0.00196943869999999981
8636666667	-0.000539771100000000013	-0.00196005979999999995
8636833333	-0.000593150699999999993	-0.00198091880000000019
8637000000	-0.000648787500000000015	-0.00196288890000000018
8637166667	-0.000716724699999999985	-0.00199193169999999998
8637333333	-0.00079282020000000003	-0.001991128
8637500000	-0.000858221900000000031	-0.00199716650000000004
8637666667	-0.000885193300000000041	-0.00195657129999999993
8637833333	-0.000981831199999999918	-0.00198546120000000006
8638000000	-0.00106201179999999991	-0.00195747439999999998
8638166667	-0.00113702729999999998	-0.00193102490000000003
8638333333	-0.00118122119999999995	-0.00191103619999999992
8638500000	-0.0012653180999999999	-0.00186494029999999993
8638666667	-0.00135253309999999998	-0.00188067940000000004
8638833333	-0.00136952199999999997	-0.00186374190000000001
8639000000	-0.0014700154	-0.00187151430000000001
8639166667	-0.00152352929999999991	-0.0018019348000000001
8639333333	-0.00163593690000000003	-0.00175651179999999994
8639500000	-0.00164532849999999989	-0.0017001338
8639666667	-0.00175532440000000008	-0.00164368070000000003
8639833333	-0.00183953200000000006	-0.00163755109999999993
8640000000	-0.00188154509999999991	-0.00153762410000000006
8640166667	-0.00198978989999999993	-0.0014782847999999999
8640333333	-0.00203449739999999983	-0.00145248519999999996
8640500000	-0.00210513220000000008	-0.00142687559999999996
8640666667	-0.0021898006000000002	-0.00134976650000000003
8640833333	-0.00224925629999999993	-0.0011971172
8641000000	-0.00231147509999999994	-0.00122420959999999996
8641166667	-0.00234716959999999985	-0.00106623809999999999
8641333333	-0.00239768339999999998	-0.00107445879999999998
8641500000	-0.00249824679999999981	-0.000942838599999999975
8641666667	-0.00253050169999999991	-0.000866560799999999999
8641833333	-0.00254048300000000006	-0.000776492099999999972
8642000000	-0.00256126990000000001	-0.000660233100000000013
8642166667	-0.00261082389999999984	-0.000534604300000000041
8642333333	-0.0026689865000000001	-0.0004748644
8642500000	-0.00269988509999999999	-0.000394706900000000021
8642666667	-0.00272555389999999979	-0.000274838600000000001
8642833333	-0.00279629769999999991	-0.000144139699999999991
8643000000	-0.00275111620000000013	-2.96538000000000006e-05
8643166667	-0.00275903619999999994	0.000101984200000000005
8643333333	-0.00275578309999999996	0.000196968000000000002
8643500000	-0.00276159060000000017	0.000290714399999999996
8643666667	-0.00271742180000000009	0.000404229600000000024
8643833333	-0.0853317891999999939	-0.105896448800000001
8644000000	-0.0852154826000000032	-0.1060629181
8644166667	-0.0851003912999999945	-0.106227448200000005
8644333333	-0.0849850109999999992	-0.106391854699999996
8644500000	-0.0848693417000000033	-0.106556137199999998
8644666667	-0.0847533835000000013	-0.106720295000000007
8644833333	-0.0846371365999999958	-0.106884327700000004
8645000000	-0.0845206010000000008	-0.107048234899999997
8645166667	-0.0844037769999999993	-0.107212015999999993
8645333333	-0.0842866646999999997	-0.107375670500000006
8645500000	-0.0841692641000000019	-0.107539198099999997
8645666667	-0.0840515755000000031	-0.107702597999999997
8645833333	-0.083933598799999995	-0.107865870000000003
8646000000	-0.0838153343999999967	-0.108029013500000007
8646166667	-0.0836967822999999944	-0.108192027999999996
8646333333	-0.0835779425999999964	-0.108354912999999997
8646500000	-0.0834588155000000054	-0.108517667999999998
8646666667	-0.0833394011000000018	-0.108680292600000006
8646833333	-0.0832196994999999939	-0.1088427862
8647000000	-0.0830997110000000067	-0.109005148400000001
8647166667	-0.0829794355000000039	-0.109167378699999998
8647333333	-0.0828588732999999966	-0.109329476600000003
8647500000	-0.0827380246000000014	-0.109491441600000003
8647666667	-0.082616889299999996	-0.109653273300000006
8647833333	-0.0824954677999999997	-0.109814970999999997
8648000000	-0.0823737600000000042	-0.109976534400000006
8648166667	-0.082251766300000001	-0.110137963000000005
8648333333	-0.0821294865999999957	-0.110299256299999995
8648500000	-0.0820069211999999992	-0.110460413699999996
8648666667	-0.0818840702000000059	-0.110621434899999996
8648833333	-0.0817609338000000047	-0.110782319300000001
8649000000	-0.0816375119999999954	-0.110943066399999998
8649166667	-0.081513805100000003	-0.111103675799999996
8649333333	-0.0813898131999999941	-0.111264146899999999
8649500000	-0.0812655364000000047	-0.111424479300000004
8649666667	-0.0811409748999999958	-0.111584672499999996
8649833333	-0.0810161288000000035	-0.111744726000000003
8650000000	-0.0808909983999999971	-0.111904639299999997
8650166667	-0.0807655837000000043	-0.112064412000000002
8650333333	-0.0806398849000000001	-0.112224043499999995
8650500000	-0.0805139021000000066	-0.112383533399999999
8650666667	-0.0803876354999999987	-0.112542881100000006
8650833333	-0.0802610853000000068	-0.112702086300000004
8651000000	-0.080134251700000006	-0.1128611484
8651166667	-0.0800071346999999961	-0.113020066899999994
8651333333	-0.0798797344999999936	-0.113178841399999994
8651500000	-0.0797520513999999958	-0.113337471300000006
8651666667	-0.0796240854000000026	-0.113495956199999998
8651833333	-0.0794958367000000027	-0.113654295599999997
8652000000	-0.0793673054999999988	-0.113812489000000003
8652166667	-0.0792384919999999937	-0.113970535900000003
8652333333	-0.0791093962000000012	-0.114128435900000005
8652500000	-0.0789800184000000044	-0.114286188499999997
8652666667	-0.0788503588000000061	-0.114443793099999996
8652833333	-0.0787204175000000006	-0.114601249399999994
8653000000	-0.0785901945999999962	-0.1147585567
8653166667	-0.0784596902999999957	-0.114915714700000005
8653333333	-0.0783289048999999959	-0.115072722799999999
8653500000	-0.0781978383999999971	-0.115229580700000001
8653666667	-0.0780664910999999961	-0.115386287700000006
8653833333	-0.0779348631000000014	-0.115542843399999998
8654000000	-0.0778029546000000016	-0.115699247300000002
8654166667	-0.0776707657000000051	-0.115855499000000001
8654333333	-0.0775382966999999951	-0.116011597899999999
8654500000	-0.0774055476999999936	-0.116167543700000001
8654666667	-0.0772725187999999952	-0.116323335700000002
8654833333	-0.0771392102999999968	-0.116478973599999994
8655000000	-0.0770056224000000011	-0.116634456799999994
8655166667	-0.0768717550999999943	-0.116789784800000004
8655333333	-0.0767376087999999956	-0.116944957299999999
8655500000	-0.076603183500000005	-0.117099973600000004
8655666667	-0.0764684793999999973	-0.117254833399999994
8655833333	-0.0763334967999999975	-0.117409536100000003
8656000000	-0.0761982357999999999	-0.117564081299999998
8656166667	-0.0760626965999999932	-0.117718468500000006
8656333333	-0.0759268792999999997	-0.117872697200000001
8656500000	-0.0757907842000000026	-0.118026766899999996
8656666667	-0.0756544115000000045	-0.118180677100000006
8656833333	-0.0755177612999999998	-0.118334427500000006
8657000000	-0.075380833800000005	-0.118488017400000006
8657166667	-0.0752436291999999951	-0.118641446400000003
8657333333	-0.0751061477000000005	-0.118794714100000004
8657500000	-0.0749683894999999961	-0.118947819999999996
8657666667	-0.0748303547000000041	-0.119100763499999998
8657833333	-0.0746920435999999938	-0.119253544200000006
8658000000	-0.0745534563999999955	-0.119406161699999999
8658166667	-0.0744145932000000038	-0.119558615399999998
8658333333	-0.0742754541999999934	-0.119710904899999998
8658500000	-0.0741360397000000032	-0.119863029699999998
8658666667	-0.0739963497999999997	-0.1200149893
8658833333	-0.0738563846999999996	-0.120166783299999996
8659000000	-0.0737161446000000053	-0.120318411200000003
8659166667	-0.0735756298000000003	-0.120469872399999997
8659333333	-0.0734348404000000066	-0.120621166599999996
8659500000	-0.0732937765000000047	-0.120772293200000005
8659666667	-0.0731524384999999999	-0.120923251800000006
8659833333	-0.0730108265000000006	-0.121074042000000007
8660000000	-0.0728689406999999956	-0.121224663100000005
8660166667	-0.0727267813000000013	-0.121375114800000003
8660333333	-0.0725843485000000066	-0.121525396499999994
8660500000	-0.0724416425999999947	-0.121675507899999993
8660666667	-0.0722986637000000015	-0.121825448399999994
8660833333	-0.0721554120000000021	-0.121975217600000005
8661000000	-0.0720118876999999991	-0.122124814900000003
8661166667	-0.0718680911000000033	-0.122274240000000006
8661333333	-0.0717240224000000037	-0.122423492300000006
8661500000	-0.0715796816999999946	-0.122572571399999997
8661666667	-0.0714350692000000065	-0.122721476800000007
8661833333	-0.071290185300000003	-0.122870207999999995
8662000000	-0.071145029999999998	-0.123018764500000002
8662166667	-0.0709996036999999969	-0.123167146000000005
8662333333	-0.0708539063999999996	-0.1233153518
8662500000	-0.0707079384999999977	-0.123463381600000005
8662666667	-0.0705617000999999994	-0.123611234900000005
8662833333	-0.0704151915000000017	-0.123758911099999994
8663000000	-0.0702684127999999991	-0.1239064099
8663166667	-0.0701213643999999969	-0.124053730799999998
8663333333	-0.0699740462999999951	-0.1242008733
8663500000	-0.0698264588999999991	-0.124347836899999994
8663666667	-0.0696786023000000032	-0.124494621099999994
8663833333	-0.0695304768000000045	-0.124641225499999994
8664000000	-0.0693820826000000057	-0.124787649700000003
8664166667	-0.0692334198999999956	-0.124933893099999999
8664333333	-0.0690844889000000045	-0.125079955200000009
8664500000	-0.0689352899000000019	-0.12522583570000001
8664666667	-0.0687858229999999959	-0.125371534099999987
8664833333	-0.0686360886000000059	-0.125517049800000002
8665000000	-0.068486086700000004	-0.125662382399999994
8665166667	-0.0683358178000000038	-0.125807531500000014
8665333333	-0.0681852819000000054	-0.125952496599999991
8665500000	-0.0680344793000000059	-0.126097277199999996
8665666667	-0.0678834101999999939	-0.126241872799999988
8665833333	-0.0677320750000000027	-0.126386282999999988
8666000000	-0.0675804737000000044	-0.126530507399999992
8666166667	-0.0674286065999999962	-0.126674545400000005
8666333333	-0.0672764740999999972	-0.126818396500000014
8666500000	-0.0671240761999999935	-0.126962060399999993
8666666667	-0.0669714131999999962	-0.127105536600000013
8666833333	-0.0668184854000000023	-0.127248824600000005
8667000000	-0.0666652930000000005	-0.127391923900000009
8667166667	-0.0665118361999999935	-0.127534834099999994
8667333333	-0.0663581153000000062	-0.127677554599999993
8667500000	-0.0662041305999999941	-0.127820085199999989
8667666667	-0.0660498820999999986	-0.127962425200000007
8667833333	-0.0658953703000000057	-0.128104574199999988
8668000000	-0.065740595299999996	-0.128246531800000008
8668166667	-0.0655855572999999997	-0.128388297499999998
8668333333	-0.0654302566999999946	-0.128529870800000001
8668500000	-0.0652746936000000028	-0.128671251300000011
8668666667	-0.0651188682999999935	-0.128812438599999995
8668833333	-0.0649627811000000055	-0.128953432099999987
8669000000	-0.0648064321000000054	-0.129094231300000001
8669166667	-0.0646498216999999986	-0.129234835999999992
8669333333	-0.0644929499999999933	-0.129375245400000005
8669500000	-0.0643358173999999949	-0.129515459400000005
8669666667	-0.0641784241000000061	-0.129655477200000008
8669833333	-0.0640207703000000017	-0.129795298599999998
8670000000	-0.0638628561999999983	-0.129934923000000008
8670166667	-0.0637046822000000013	-0.130074350000000005
8670333333	-0.0635449223999999951	-0.130210263999999992
8670500000	-0.0633843944999999964	-0.13034472250000001
8670666667	-0.0632236055000000019	-0.130478994300000012
8670833333	-0.063062555500000006	-0.130613078900000013
8671000000	-0.0629012446999999975	-0.130746975799999998
8671166667	-0.0627396734000000011	-0.130880684500000011
8671333333	-0.0625778416999999976	-0.131014204599999989
8671500000	-0.0624157498000000033	-0.131147535600000004
8671666667	-0.0622533979000000001	-0.131280677000000012
8671833333	-0.0620907861999999977	-0.131413628300000002
8672000000	-0.061927915	-0.131546389099999994
8672166667	-0.0617647843000000002	-0.131678958799999996
8672333333	-0.0616013944999999966	-0.131811336899999992
8672500000	-0.0614352381999999989	-0.131945611200000007
8672666667	-0.0612711630999999979	-0.132077737700000003
8672833333	-0.0611068315000000001	-0.132209668599999997
8673000000	-0.0609422437000000025	-0.13234140359999999
8673166667	-0.0607773999000000009	-0.132472942099999991
8673333333	-0.0606123001999999966	-0.132604283600000011
8673500000	-0.0604469450000000019	-0.132735427699999992
8673666667	-0.0602813343000000029	-0.132866374000000009
8673833333	-0.0601154685999999994	-0.132997121800000007
8674000000	-0.0599493477999999969	-0.133127670899999995
8674166667	-0.0597829724000000021	-0.133258020700000007
8674333333	-0.0596163424000000011	-0.133388170700000003
8674500000	-0.0594494581999999994	-0.133518120500000004
8674666667	-0.0592823199999999995	-0.133647869599999997
8674833333	-0.0591149279000000027	-0.133777417600000004
8675000000	-0.0589472821999999994	-0.133906763900000003
8675166667	-0.0587793830999999989	-0.134035908199999998
8675333333	-0.0586112308999999984	-0.134164849800000013
8675500000	-0.0584428256999999993	-0.134293588500000005
8675666667	-0.0582741678999999999	-0.134422123700000007
8675833333	-0.0581052576000000015	-0.134550454900000005
8676000000	-0.057936095	-0.134678581699999994
8676166667	-0.0577666805000000005	-0.134806503599999988
8676333333	-0.0575970141000000033	-0.134934220100000002
8676500000	-0.0574270963000000009	-0.13506173090000001
8676666667	-0.0572569271000000005	-0.13518903530000001
8676833333	-0.0570865067999999989	-0.135316133000000005
8677000000	-0.0569158357000000004	-0.135443023500000009
8677166667	-0.0567449140000000005	-0.135569706300000009
8677333333	-0.0565737419000000019	-0.135696180999999999
8677500000	-0.0564023197000000018	-0.135822447000000013
8677666667	-0.0562306476000000027	-0.135948504100000006
8677833333	-0.0560587258000000005	-0.136074351499999996
8678000000	-0.0558865545999999991	-0.136199988999999994
8678166667	-0.0557141343000000025	-0.136325416000000005
8678333333	-0.0555414649999999982	-0.136450632099999997
8678500000	-0.0553685469999999971	-0.136575636800000011
8678666667	-0.055195380500000002	-0.136700429699999987
8678833333	-0.0550219658999999972	-0.136825010299999994
8679000000	-0.0548483032999999981	-0.136949378099999991
8679166667	-0.0546743929000000004	-0.1370735327
8679333333	-0.0545002351000000024	-0.137197473600000008
8679500000	-0.0543258300999999999	-0.137321200300000001
8679666667	-0.0541511781000000025	-0.137444712400000002
8679833333	-0.0539762794000000004	-0.137568009500000005
8680000000	-0.0538011341000000018	-0.137691090999999988
8680166667	-0.0536257426999999995	-0.137813956600000009
8680333333	-0.0534501053000000018	-0.137936605699999992
8680500000	-0.0532742220999999974	-0.138059037800000006
8680666667	-0.0530980934999999987	-0.138181252599999999
8680833333	-0.0529217196000000001	-0.138303249600000011
8681000000	-0.0527451007999999999	-0.138425028300000003
8681166667	-0.0525682373000000008	-0.138546588299999995
8681333333	-0.0523911292999999986	-0.138667928999999995
8681500000	-0.0522137771999999986	-0.138789050100000005
8681666667	-0.0520361811000000021	-0.138909951000000004
8681833333	-0.0518583412999999993	-0.139030631399999993
8682000000	-0.0516802579999999998	-0.139151090799999988
8682166667	-0.0515019317000000032	-0.139271328700000002
8682333333	-0.0513233624000000027	-0.139391344599999994
8682500000	-0.0511445504999999967	-0.139511138099999987
8682666667	-0.0509654962000000017	-0.139630708800000003
8682833333	-0.0507861996999999996	-0.139750056099999992
8683000000	-0.050606661499999997	-0.139869179700000013
8683166667	-0.0504268816000000009	-0.139988078999999987
8683333333	-0.0502468604999999971	-0.140106753700000003
8683500000	-0.0500665981999999996	-0.140225203200000009
8683666667	-0.049886095200000001	-0.140343427200000009
8683833333	-0.0497053516999999973	-0.140461425100000009
8684000000	-0.0495243678999999978	-0.140579196500000003
8684166667	-0.0493431442000000012	-0.140696740999999986
8684333333	-0.0491616807000000017	-0.1408140581
8684500000	-0.0489799777999999977	-0.140931147300000004
8684666667	-0.0487980358000000003	-0.141048008199999991
8684833333	-0.0486158547999999968	-0.141164640300000005
8685000000	-0.0484334353000000009	-0.141281043200000012
8685166667	-0.0482507772999999987	-0.141397216500000006
8685333333	-0.0480678813999999982	-0.141513159700000002
8685500000	-0.0478847475999999994	-0.141628872200000006
8685666667	-0.0477013763000000007	-0.1417443538
8685833333	-0.0475177677999999992	-0.141859603899999992
8686000000	-0.0473339223999999989	-0.141974622100000003
8686166667	-0.0471498402000000011	-0.142089407899999992
8686333333	-0.0469655216999999986	-0.142203960900000009
8686500000	-0.0467809669999999997	-0.142318280699999994
8686666667	-0.0465961765999999972	-0.142432366700000007
8686833333	-0.046411150499999998	-0.142546218499999988
8687000000	-0.0462258892000000018	-0.142659835799999996
8687166667	-0.0460403929999999989	-0.142773218000000007
8687333333	-0.0458546619999999974	-0.14288636469999999
8687500000	-0.0456686966000000027	-0.142999275399999987
8687666667	-0.0454824970999999981	-0.143111949699999991
8687833333	-0.0452960638000000013	-0.143224387199999997
8688000000	-0.0451093969000000011	-0.143336587300000012
8688166667	-0.044922496800000003	-0.143448549799999991
8688333333	-0.0447353637000000026	-0.143560273999999988
8688500000	-0.044547997899999997	-0.143671759600000004
8688666667	-0.0443603996999999972	-0.143783006200000008
8688833333	-0.0441725695000000015	-0.143894013200000004
8689000000	-0.0439845073999999975	-0.144004780199999988
8689166667	-0.0437962138999999986	-0.14411530689999999
8689333333	-0.0436076890999999994	-0.144225592600000008
8689500000	-0.0434189334999999996	-0.144335637099999997
8689666667	-0.0432299472000000004	-0.1444454399
8689833333	-0.0430407306000000003	-0.144555000399999994
8690000000	-0.0428512840000000034	-0.144664318300000011
8690166667	-0.0426616075999999983	-0.144773393199999989
8690333333	-0.0424717018999999987	-0.14488222449999999
8690500000	-0.0422815669999999991	-0.144990811899999988
8690666667	-0.0420912032999999977	-0.145099154899999999
8690833333	-0.0419006110999999987	-0.145207253099999989
8691000000	-0.041709790699999999	-0.145315105999999999
8691166667	-0.0415187423000000014	-0.145422713199999998
8691333333	-0.0413274663999999986	-0.145530074199999998
8691500000	-0.0411359632000000003	-0.145637188599999995
8691666667	-0.0409442329999999965	-0.145744056000000011
8691833333	-0.0407522760999999983	-0.145850675900000004
8692000000	-0.0405600928000000027	-0.145957047899999998
8692166667	-0.0403676835000000012	-0.146063171600000014
8692333333	-0.0401750484000000033	-0.146169046400000002
8692500000	-0.0399821877999999992	-0.146274672100000003
8692666667	-0.0397891021000000011	-0.146380048099999993
8692833333	-0.0395957915999999993	-0.146485173999999996
8693000000	-0.0394022565999999977	-0.146590049299999997
8693166667	-0.0392084974000000003	-0.1466946737
8693333333	-0.0390145142999999972	-0.146799046699999991
8693500000	-0.0388203077000000008	-0.146903167800000012
8693666667	-0.0386258777999999997	-0.14700703670000001
8693833333	-0.0384312248999999981	-0.147110652799999991
8694000000	-0.0382363494000000012	-0.147214015799999987
8694166667	-0.0380412517000000006	-0.14731712529999999
8694333333	-0.0378459319999999988	-0.147419980700000008
8694500000	-0.0376503905999999999	-0.147522581699999988
8694666667	-0.037454627800000001	-0.1476249278
8694833333	-0.0372586441000000018	-0.14772701860000001
8695000000	-0.037062439699999998	-0.147828853600000004
8695166667	-0.0368660147999999993	-0.147930432499999986
8695333333	-0.0366693699999999997	-0.148031754799999998
8695500000	-0.0364725054000000007	-0.148132819999999998
8695666667	-0.0362754214000000005	-0.14823362779999999
8695833333	-0.0360781183999999977	-0.148334177699999986
8696000000	-0.0358805966000000018	-0.14843446930000001
8696166667	-0.0356828563999999973	-0.148534502099999993
8696333333	-0.0354848981999999966	-0.148634275799999993
8696500000	-0.0352867221000000009	-0.148733789799999988
8696666667	-0.0350883286999999974	-0.148833043800000009
8696833333	-0.0348915408999999968	-0.148936699099999986
8697000000	-0.0346952233000000013	-0.149037038499999996
8697166667	-0.0344950286999999994	-0.149143469899999992
8697333333	-0.034297259699999999	-0.14924828770000001
8697500000	-0.0340992812999999992	-0.149352835200000006
8697666667	-0.033901094100000001	-0.149457112000000003
8697833333	-0.0337026984000000016	-0.149561117599999988
8698000000	-0.0335040944999999979	-0.149664851799999998
8698166667	-0.0333052828999999967	-0.149768314200000002
8698333333	-0.033106263900000002	-0.149871504399999994
8698500000	-0.0329070378999999982	-0.149974421999999996
8698666667	-0.0327076052000000034	-0.150077066700000011
8698833333	-0.0325079663000000033	-0.150179438199999987
8699000000	-0.0323081216000000032	-0.150281535900000013
8699166667	-0.032108071299999999	-0.150383359599999988
8699333333	-0.0319078158999999972	-0.150484909
8699500000	-0.031707355700000002	-0.150586183499999998
8699666667	-0.0315066911999999991	-0.150687183000000002
8699833333	-0.0313058228000000008	-0.150787906999999999
8700000000	-0.0311047506999999994	-0.15088835510000001
8700166667	-0.0309034754000000016	-0.150988527099999992
8700333333	-0.0307019972000000009	-0.151088422500000014
8700500000	-0.0305003166999999985	-0.151188040899999987
8700666667	-0.0302984339999999991	-0.151287382100000006
8700833333	-0.0300963497000000003	-0.151386445600000002
8701000000	-0.0298940640000000014	-0.151485231100000006
8701166667	-0.0296915775	-0.151583738299999993
8701333333	-0.0294888903999999986	-0.151681966700000004
8701500000	-0.0292860030999999993	-0.151779915999999987
8701666667	-0.0290829161999999995	-0.151877585900000001
8701833333	-0.0288796298000000007	-0.151974976000000012
8702000000	-0.0286761445000000004	-0.152072085999999995
8702166667	-0.0284724605999999991	-0.152168915500000002
8702333333	-0.0282685784999999988	-0.152265463999999989
8702500000	-0.0280644986000000013	-0.152361731400000006
8702666667	-0.0278602212000000002	-0.152457717200000009
8702833333	-0.0276557469	-0.152553421100000003
8703000000	-0.0274510759	-0.152648842700000009
8703166667	-0.0272462086999999999	-0.152743981700000003
8703333333	-0.0270411456000000001	-0.152838837599999999
8703500000	-0.0268358871000000006	-0.152933410299999989
8703666667	-0.0266304335000000017	-0.153027699299999986
8703833333	-0.0264247851999999984	-0.153121704199999986
8704000000	-0.026218942700000001	-0.153215424699999991
8704166667	-0.0260129064000000007	-0.153308860600000013
8704333333	-0.0258066765000000004	-0.153402011300000002
8704500000	-0.025600253600000001	-0.153494876599999996
8704666667	-0.0253936379999999996	-0.153587456099999992
8704833333	-0.0251868301000000017	-0.15367974949999999
8705000000	-0.0249798302999999985	-0.153771756399999987
