4015000000	0.000217188900000000004	2.52328000000000001e-05
4015150000	0.000207793000000000008	2.60492000000000012e-05
4015300000	0.00021225979999999999	1.54010000000000004e-05
4015450000	0.000207709600000000001	3.04778000000000015e-05
4015600000	0.000206389799999999994	2.02659999999999988e-05
4015750000	0.000211709199999999989	2.01010999999999997e-05
4015900000	0.000217405900000000005	2.59171999999999998e-05
4016050000	0.000213782400000000008	1.86305000000000006e-05
4016200000	0.000203489299999999997	2.01526000000000008e-05
4016350000	0.000208038600000000004	1.36489999999999993e-05
4016500000	0.000208534699999999987	1.41518000000000006e-05
4016650000	0.000204173899999999993	1.14800000000000002e-05
4016800000	0.000208652300000000001	1.55519999999999995e-05
4016950000	0.000204095999999999992	2.01909000000000001e-05
4017100000	0.000212153400000000001	1.11321999999999999e-05
4017250000	0.000213226099999999988	1.40251000000000006e-05
4017400000	0.000204888200000000008	1.46000000000000008e-05
4017550000	0.000208443600000000011	9.30319999999999929e-06
4017700000	0.000206668500000000002	1.35887999999999994e-05
4017850000	0.00021116869999999999	1.1962e-05
4018000000	0.000204118799999999988	1.20862999999999998e-05
4018150000	0.000207194599999999997	6.80630000000000038e-06
4018300000	0.000207255200000000007	-4.05599999999999979e-07
4018450000	0.000207137800000000008	5.02979999999999968e-06
4018600000	0.000211169199999999997	-5.09100000000000026e-07
4018750000	0.000211687300000000002	8.35769999999999962e-06
4018900000	0.000206326000000000003	2.88629999999999979e-06
4019050000	0.000205099000000000009	1.15111999999999992e-05
4019200000	0.000205980500000000011	-2.44100000000000022e-07
4019350000	0.000211697800000000005	6.8169999999999997e-07
4019500000	0.000205414899999999991	-6.44100000000000004e-07
4019650000	0.000202405000000000011	-3.11260000000000007e-06
4019800000	0.000196682299999999992	8.81799999999999968e-07
4019950000	0.00020237050000000001	-2.42000000000000016e-08
4020100000	0.000201326899999999999	-6.06659999999999965e-06
4020250000	0.000197286799999999996	5.58440000000000027e-06
4020400000	0.000215058099999999993	-8.0058000000000005e-06
4020550000	0.000207207900000000005	-5.6030000000000004e-06
4020700000	0.000205687500000000006	-9.23149999999999962e-06
4020850000	0.000211541499999999994	-1.12294999999999998e-05
4021000000	0.000207423199999999996	-1.12461000000000006e-05
4021150000	0.000204759600000000011	-5.18479999999999989e-06
4021300000	0.000209643600000000013	-1.05784000000000002e-05
4021450000	0.000202293800000000011	-6.17869999999999981e-06
4021600000	0.000207174699999999987	-1.40259000000000007e-05
4021750000	0.000190352799999999998	-1.45400999999999999e-05
4021900000	0.000203958099999999995	-1.45765000000000001e-05
4022050000	0.000206399499999999995	-3.30150000000000007e-06
4022200000	0.000203872700000000011	-1.16340999999999993e-05
4022350000	0.000202940500000000013	-2.53235999999999993e-05
4022500000	0.000194429199999999992	-1.47676999999999992e-05
4022650000	0.000202687700000000001	-1.22049000000000007e-05
4022800000	0.000200266600000000011	-2.04162999999999997e-05
4022950000	0.000190271900000000004	-2.15268999999999988e-05
4023100000	0.000194861900000000012	-1.58423999999999993e-05
4023250000	0.000198978399999999992	-1.75830000000000009e-05
4023400000	0.000200095600000000002	-1.54879000000000012e-05
4023550000	0.000205371599999999997	-2.05465000000000006e-05
4023700000	0.000202946499999999999	-1.85188999999999998e-05
4023850000	0.000199897099999999994	-1.74804999999999998e-05
4024000000	0.000207377300000000011	-2.23239999999999984e-05
4024150000	0.000202132200000000009	-3.00989000000000008e-05
4024300000	0.000201456800000000006	-1.54267999999999994e-05
4024450000	0.000194572999999999995	-1.90584000000000004e-05
4024600000	0.000206504200000000001	-1.91776000000000008e-05
4024750000	0.000205308699999999988	-2.14366000000000007e-05
4024900000	0.000195226900000000013	-1.76411999999999998e-05
4025050000	0.000199347400000000002	-2.44316000000000017e-05
4025200000	0.000201697599999999991	-1.90717999999999992e-05
4025350000	0.000199572399999999994	-2.69724999999999997e-05
4025500000	0.0001951593	-1.80540000000000003e-05
4025650000	0.00021131709999999999	-2.18384000000000008e-05
4025800000	0.000203509399999999993	-2.65345999999999983e-05
4025950000	0.000193664100000000001	-2.51639000000000014e-05
4026100000	0.000199506000000000011	-3.16765000000000007e-05
4026250000	0.000211112599999999995	-3.29328999999999977e-05
4026400000	0.0001998379	-2.46647000000000012e-05
4026550000	0.000199087699999999995	-2.60247999999999986e-05
4026700000	0.00020397150000000001	-3.16901999999999969e-05
4026850000	0.000199665900000000002	-2.84804999999999995e-05
4027000000	0.0002075112	-3.8723100000000002e-05
4027150000	0.00020531870000000001	-2.60732999999999999e-05
4027300000	0.000200767299999999991	-1.34292000000000001e-05
4027450000	0.000201567499999999998	-2.56047999999999992e-05
4027600000	0.000200966499999999994	-2.90365999999999991e-05
4027750000	0.00020337799999999999	-3.02473000000000009e-05
4027900000	0.0001987255	-2.61216000000000008e-05
4028050000	0.000198170400000000009	-2.19789000000000006e-05
4028200000	0.000203398899999999988	-2.71413000000000005e-05
4028350000	0.00019956140000000001	-3.38402000000000017e-05
4028500000	0.00018335239999999999	-2.68148999999999997e-05
4028650000	0.000196452899999999991	-2.44481000000000006e-05
4028800000	0.000209514800000000002	-2.59418999999999998e-05
4028950000	0.000195403299999999993	-3.01939999999999992e-05
4029100000	0.000207781999999999997	-3.47712999999999969e-05
4029250000	0.000195128599999999994	-3.00999999999999998e-05
4029400000	0.000198180599999999991	-1.72996999999999997e-05
4029550000	0.000200844799999999992	-2.44446999999999999e-05
4029700000	0.000189903400000000002	-3.79742999999999999e-05
4029850000	0.000199365600000000001	-2.65691999999999997e-05
4030000000	0.000202578500000000005	-3.00659999999999998e-05
4030150000	0.000206339600000000006	-2.70305000000000015e-05
4030300000	0.000211166799999999992	-3.33774999999999968e-05
4030450000	0.000203059499999999989	-2.32743999999999986e-05
4030600000	0.000200563300000000005	-3.03975000000000016e-05
4030750000	0.000204140400000000008	-3.14482000000000016e-05
4030900000	0.000203134299999999991	-4.03214999999999967e-05
4031050000	0.000198045900000000001	-4.08176000000000003e-05
4031200000	0.000203692999999999989	-3.38378000000000032e-05
4031350000	0.000208195299999999989	-3.99569999999999971e-05
4031500000	0.000201388899999999999	-2.91012999999999987e-05
4031650000	0.000198742700000000011	-3.27036000000000031e-05
4031800000	0.000204404899999999999	-3.35476999999999973e-05
4031950000	0.000211593700000000013	-2.43638999999999989e-05
4032100000	0.000204799699999999997	-3.22139e-05
4032250000	0.000214446	-3.07487999999999994e-05
4032400000	0.000195558	-3.6553200000000001e-05
4032550000	0.000200063100000000006	-4.85829999999999989e-05
4032700000	0.0002025172	-3.3149799999999999e-05
4032850000	0.00020242019999999999	-3.75822000000000008e-05
4033000000	0.000205950499999999999	-3.72040999999999984e-05
4033150000	0.000212172100000000008	-3.66098000000000031e-05
4033300000	0.000222050800000000005	-3.40068000000000011e-05
4033450000	0.00021026939999999999	-4.0432899999999997e-05
4033600000	0.000209064700000000011	-3.38758999999999987e-05
4033750000	0.000204926699999999991	-3.51976999999999968e-05
4033900000	0.000208312299999999988	-3.55416999999999989e-05
4034050000	0.000219727699999999987	-3.7138999999999998e-05
4034200000	0.00019739200000000001	-3.88408000000000026e-05
4034350000	0.000197993600000000001	-4.29762999999999971e-05
4034500000	0.000202322500000000013	-3.53230000000000004e-05
4034650000	0.000204543700000000005	-3.56185999999999981e-05
4034800000	0.000207187099999999987	-2.59393000000000008e-05
4034950000	0.000210654999999999995	-3.77958000000000016e-05
4035100000	0.000216409999999999996	-3.91839000000000027e-05
4035250000	0.000202731299999999988	-3.91793999999999996e-05
4035400000	0.000211454200000000013	-4.7126599999999997e-05
4035550000	0.000213506600000000013	-4.0828899999999998e-05
4035700000	0.000214157400000000004	-3.76112000000000034e-05
4035850000	0.000211895999999999992	-4.09653999999999991e-05
4036000000	0.00021366270000000001	-3.99554000000000003e-05
4036150000	0.000213180200000000002	-4.46611999999999986e-05
4036300000	0.000214522999999999992	-4.74345000000000013e-05
4036450000	0.000211583699999999992	-3.98764999999999967e-05
4036600000	0.000209980699999999987	-3.85519999999999995e-05
4036750000	0.000219397500000000008	-4.17475999999999999e-05
4036900000	0.000222973499999999989	-4.2409900000000002e-05
4037050000	0.000215652099999999995	-4.38972999999999973e-05
4037200000	0.000225646599999999989	-4.45235000000000016e-05
4037350000	0.000219222899999999991	-4.12420000000000026e-05
4037500000	0.000219093499999999992	-4.62619999999999985e-05
4037650000	0.000217394099999999993	-4.28868999999999976e-05
4037800000	0.000224699699999999993	-4.81624999999999984e-05
4037950000	0.00022150610000000001	-5.20933999999999983e-05
4038100000	0.00022926899999999999	-3.82552999999999995e-05
4038250000	0.000220075399999999997	-4.45368999999999971e-05
4038400000	0.000222812299999999988	-4.42847999999999999e-05
4038550000	0.000224167900000000006	-4.65260000000000014e-05
4038700000	0.0002254604	-4.36084000000000008e-05
4038850000	0.000219286099999999994	-4.61852999999999998e-05
4039000000	0.000230326099999999997	-4.09572000000000015e-05
4039150000	0.000223301200000000009	-5.27887999999999985e-05
4039300000	0.000226556200000000004	-5.17980000000000011e-05
4039450000	0.00022627150000000001	-5.51161999999999993e-05
4039600000	0.000235732100000000006	-3.40879000000000027e-05
4039750000	0.000240359900000000002	-4.91790999999999981e-05
4039900000	0.000229642000000000008	-4.58689999999999974e-05
4040050000	0.000223109300000000002	-4.86075999999999986e-05
4040200000	0.000234706800000000001	-4.30261999999999981e-05
4040350000	0.000237433299999999996	-4.76314999999999996e-05
4040500000	0.000237292699999999999	-4.15862999999999986e-05
4040650000	0.00024451859999999998	-4.65886000000000032e-05
4040800000	0.000234267999999999987	-4.89640000000000008e-05
4040950000	0.000242100699999999998	-5.07876000000000014e-05
4041100000	0.00023295919999999999	-4.63414000000000032e-05
4041250000	0.000234666300000000013	-4.7760099999999997e-05
4041400000	0.000232416300000000013	-5.18117999999999975e-05
4041550000	0.000236255699999999988	-4.93640999999999972e-05
4041700000	0.000247657799999999979	-4.67004999999999978e-05
4041850000	0.000243192000000000012	-4.78731000000000008e-05
4042000000	0.000234059400000000004	-5.4411499999999999e-05
4042150000	0.000239696300000000011	-5.08121000000000009e-05
4042300000	0.000240165199999999989	-4.47680000000000023e-05
4042450000	0.000241040800000000011	-5.38985999999999993e-05
4042600000	0.00024809080000000002	-5.28616000000000022e-05
4042750000	0.000246696000000000025	-4.72756999999999987e-05
4042900000	0.000243334900000000007	-5.26329000000000022e-05
4043050000	0.000241669900000000002	-5.37495999999999978e-05
4043200000	0.000246690700000000006	-6.68780999999999992e-05
4043350000	0.000243633600000000005	-4.42955000000000031e-05
4043500000	0.000246797499999999996	-4.94672999999999999e-05
4043650000	0.000257821100000000017	-5.09605000000000011e-05
4043800000	0.000260425899999999983	-6.20382999999999986e-05
4043950000	0.000258540400000000002	-5.95841999999999978e-05
4044100000	0.000249348400000000013	-6.05877000000000027e-05
4044250000	0.000263849600000000016	-5.76560999999999984e-05
4044400000	0.000252102499999999987	-5.85662000000000018e-05
4044550000	0.000251069300000000026	-6.02138000000000028e-05
4044700000	0.000250465300000000002	-4.73734000000000028e-05
4044850000	0.000264187799999999985	-6.24477999999999953e-05
4045000000	0.00027094869999999999	-5.69555000000000004e-05
4045150000	0.000250713200000000024	-5.70375999999999975e-05
4045300000	0.000258815900000000003	-6.2062400000000004e-05
4045450000	0.000260956099999999993	-5.26937e-05
4045600000	0.000264001900000000018	-5.43072000000000007e-05
4045750000	0.000260644199999999994	-5.48214999999999968e-05
4045900000	0.000272853700000000006	-6.54021000000000019e-05
4046050000	0.000276244199999999994	-5.29119999999999976e-05
4046200000	0.000269002500000000019	-6.61406000000000016e-05
4046350000	0.000273375099999999998	-7.27089000000000045e-05
4046500000	0.000276373299999999999	-7.06371999999999952e-05
4046650000	0.000285657499999999987	-6.64669000000000056e-05
4046800000	0.000282361099999999996	-5.66668999999999978e-05
4046950000	0.000278618300000000002	-5.4363400000000002e-05
4047100000	0.000294196100000000021	-6.22526000000000009e-05
4047250000	0.000271002200000000019	-5.76204000000000015e-05
4047400000	0.000282826600000000007	-6.27924000000000055e-05
4047550000	0.000279248099999999987	-6.09905999999999984e-05
4047700000	0.000287375499999999986	-7.9700800000000001e-05
4047850000	0.000280836399999999993	-6.42016000000000055e-05
4048000000	0.000298186999999999996	-7.9544100000000003e-05
4048150000	0.0002903146	-6.70843999999999976e-05
4048300000	0.00029013960000000001	-7.49511000000000014e-05
4048450000	0.000295726300000000001	-6.92332000000000066e-05
4048600000	0.000301942999999999992	-7.46636999999999946e-05
4048750000	0.000287912600000000019	-7.15248999999999968e-05
4048900000	0.000293421799999999983	-7.32953999999999962e-05
4049050000	0.00029752899999999999	-6.40545000000000014e-05
4049200000	0.000292296500000000002	-7.00185000000000006e-05
4049350000	0.000298774900000000005	-7.1358099999999997e-05
4049500000	0.000300061800000000014	-7.31506999999999974e-05
4049650000	0.000304524300000000021	-7.65233999999999999e-05
4049800000	0.000304741199999999989	-6.79011999999999997e-05
4049950000	0.000309989700000000011	-6.96309000000000045e-05
4050100000	0.000311544800000000026	-8.44897999999999987e-05
4050250000	0.000315821700000000006	-8.22366000000000047e-05
4050400000	0.0003147375	-7.7479199999999995e-05
4050550000	0.000314191000000000015	-8.50499000000000003e-05
4050700000	0.000318648400000000017	-8.28792999999999978e-05
4050850000	0.000321581999999999998	-8.32635999999999934e-05
4051000000	0.000318666599999999989	-8.43533999999999978e-05
4051150000	0.000321875299999999998	-8.36384000000000021e-05
4051300000	0.000321784199999999995	-8.08797000000000042e-05
4051450000	0.000309976000000000002	-9.00294000000000024e-05
4051600000	0.000324551300000000011	-7.88199999999999941e-05
4051750000	0.000317057600000000025	-8.27982999999999963e-05
4051900000	0.000333532799999999993	-9.05246999999999974e-05
4052050000	0.000328261799999999995	-9.59684000000000009e-05
4052200000	0.000334376599999999986	-8.40540999999999988e-05
4052350000	0.000331619800000000013	-8.54486999999999939e-05
4052500000	0.000326107999999999975	-9.37066000000000017e-05
4052650000	0.000342143299999999987	-0.000101772000000000001
4052800000	0.000333030200000000015	-0.000105917900000000004
4052950000	0.00033414339999999999	-9.62738000000000065e-05
4053100000	0.00034514229999999999	-0.000104990300000000003
4053250000	0.000338945800000000003	-0.000105368199999999999
4053400000	0.000352810299999999999	-0.000107137499999999995
4053550000	0.000346195499999999996	-0.000101049699999999996
4053700000	0.000352984499999999988	-0.000104485800000000002
4053850000	0.000345994600000000009	-0.000104582300000000003
4054000000	0.000352873199999999981	-0.000116397299999999998
4054150000	0.000351214499999999983	-0.000105982699999999998
4054300000	0.000354360699999999983	-0.000119801899999999996
4054450000	0.000356861799999999986	-0.000119077199999999999
4054600000	0.000355250200000000003	-0.000115868900000000005
4054750000	0.000356548299999999983	-0.000120836999999999995
4054900000	0.000366190199999999976	-0.000120879999999999995
4055050000	0.000372124700000000012	-0.000121821300000000005
4055200000	0.000373394499999999991	-0.000122144599999999989
4055350000	0.000376598500000000023	-0.000131203400000000012
4055500000	0.000367764999999999986	-0.000132092299999999989
4055650000	0.000374109199999999979	-0.00012531249999999999
4055800000	0.000372141599999999974	-0.000138035999999999991
4055950000	0.000375595200000000012	-0.000127453199999999988
4056100000	0.000380265399999999993	-0.000136590499999999999
4056250000	0.000382114499999999975	-0.000133788500000000008
4056400000	0.000384436200000000004	-0.000145941399999999992
4056550000	0.00037519430000000002	-0.00013873999999999999
4056700000	0.000381390800000000008	-0.000145576600000000005
4056850000	0.000384961099999999996	-0.000144499299999999994
4057000000	0.00040098979999999998	-0.000147631300000000004
4057150000	0.000393545499999999981	-0.000149173800000000005
4057300000	0.000397612700000000009	-0.000162116300000000012
4057450000	0.000397624399999999987	-0.000158975599999999989
4057600000	0.000398670599999999991	-0.000158535799999999987
4057750000	0.000413394900000000015	-0.000169022800000000011
4057900000	0.000417384600000000015	-0.000156149300000000006
4058050000	0.000403333199999999982	-0.000171383399999999996
4058200000	0.000401666000000000013	-0.000167473600000000002
4058350000	0.000401512900000000009	-0.000166268899999999996
4058500000	0.000404971500000000017	-0.000169406800000000013
4058650000	0.000401503799999999996	-0.000173977799999999993
4058800000	0.000415583300000000016	-0.00017285
4058950000	0.000415439499999999985	-0.000175743899999999996
4059100000	0.000415522999999999999	-0.000172887799999999988
4059250000	0.000424326200000000003	-0.000190778999999999997
4059400000	0.000405664600000000012	-0.0001940403
4059550000	0.000424711700000000001	-0.000199036999999999999
4059700000	0.000417967599999999979	-0.000192707799999999998
4059850000	0.000427422500000000009	-0.000195481700000000002
4060000000	0.000427590299999999984	-0.000199880799999999992
4060150000	0.0004349186	-0.000202728199999999988
4060300000	0.000430931999999999973	-0.000211064400000000012
4060450000	0.000436975600000000025	-0.000205644900000000007
4060600000	0.000431251300000000002	-0.000206329799999999998
4060750000	0.000439083799999999999	-0.000211191599999999992
4060900000	0.000437796300000000002	-0.000222011899999999994
4061050000	0.000447637900000000006	-0.000222047899999999992
4061200000	0.000426739100000000015	-0.000222378700000000013
4061350000	0.000442014099999999994	-0.000226469500000000011
4061500000	0.000448707099999999992	-0.000239456599999999994
4061650000	0.000441415399999999989	-0.000234152100000000011
4061800000	0.000447640500000000025	-0.000233020600000000003
4061950000	0.000440548900000000006	-0.000237882299999999991
4062100000	0.000440303899999999998	-0.000240534899999999993
4062250000	0.000445221100000000019	-0.000244934600000000025
4062400000	0.000442806199999999975	-0.000255595000000000008
4062550000	0.00044989120000000002	-0.000248362300000000012
4062700000	0.000445585199999999984	-0.000262990800000000003
4062850000	0.000453005100000000011	-0.000260764199999999986
4063000000	0.000455559699999999988	-0.000261244200000000008
4063150000	0.000453383000000000019	-0.000268617499999999974
4063300000	0.000459483000000000005	-0.000269821700000000026
4063450000	0.000463228400000000018	-0.000270244400000000024
4063600000	0.000470670000000000018	-0.00028095030000000002
4063750000	0.000455149899999999997	-0.000281536100000000017
4063900000	0.000457554499999999998	-0.000297851300000000012
4064050000	0.000460453900000000027	-0.000279570900000000017
4064200000	0.000453464599999999982	-0.000293211999999999997
4064350000	0.000459544599999999978	-0.000294034999999999999
4064500000	0.000452325299999999997	-0.000300272499999999982
4064650000	0.000467002200000000013	-0.000305724200000000016
4064800000	0.000463267500000000016	-0.000305728000000000011
4064950000	0.000468290399999999978	-0.000319762199999999979
4065100000	0.000452433600000000011	-0.000310686099999999993
4065250000	0.000461258299999999974	-0.000329764800000000025
4065400000	0.000465743500000000024	-0.000331888199999999978
4065550000	0.000459591800000000027	-0.000330327299999999991
4065700000	0.000460298499999999998	-0.000341178400000000006
4065850000	0.000466466199999999976	-0.000347563099999999986
4066000000	0.000461587200000000025	-0.000344047899999999976
4066150000	0.000461679500000000004	-0.000346982600000000007
4066300000	0.000461508899999999995	-0.000341785400000000023
4066450000	0.000474849000000000007	-0.000356535500000000009
4066600000	0.00046973430000000002	-0.000364669600000000016
4066750000	0.000461921800000000013	-0.000360102000000000002
4066900000	0.000471512599999999982	-0.000368437799999999998
4067050000	0.000472206199999999985	-0.000369908800000000012
4067200000	0.000471345600000000009	-0.000367910299999999987
4067350000	0.000460715899999999978	-0.000382932400000000027
4067500000	0.000466175900000000024	-0.000385088599999999998
4067650000	0.000474550899999999997	-0.000389144300000000007
4067800000	0.00046925999999999999	-0.000397815100000000019
4067950000	0.000461103900000000015	-0.000409200100000000006
4068100000	0.000462577400000000014	-0.000395811700000000004
4068250000	0.000467493100000000012	-0.000407060700000000017
4068400000	0.000463046500000000006	-0.000401676699999999976
4068550000	0.000466167699999999992	-0.000407698999999999974
4068700000	0.00046007429999999998	-0.000420885300000000014
4068850000	0.000460013200000000016	-0.000415783300000000021
4069000000	0.000469245499999999978	-0.000429409599999999996
4069150000	0.000457547200000000002	-0.000435970200000000002
4069300000	0.000464767700000000012	-0.000435088499999999987
4069450000	0.000455289500000000005	-0.000445150500000000013
4069600000	0.000458189000000000014	-0.0004369892
4069750000	0.000466055700000000018	-0.000453673900000000014
4069900000	0.000465736800000000016	-0.000461243300000000009
4070050000	0.000461229800000000014	-0.000457599700000000016
4070200000	0.000471004099999999999	-0.000469190000000000026
4070350000	0.000461613400000000014	-0.000463157899999999993
4070500000	0.000461225700000000025	-0.000479372799999999992
4070650000	0.000466034799999999992	-0.000472865799999999995
4070800000	0.000461288999999999981	-0.000478472199999999983
4070950000	0.000462163900000000009	-0.000479386799999999996
4071100000	0.000443326600000000005	-0.000502429299999999977
4071250000	0.000444810000000000019	-0.000504141999999999958
4071400000	0.000454824500000000002	-0.000488550499999999984
4071550000	0.000456120899999999999	-0.000506208900000000052
4071700000	0.000456572199999999992	-0.000510888099999999958
4071850000	0.00045572560000000002	-0.000513367300000000027
4072000000	0.000443528299999999993	-0.000524513800000000053
4072150000	0.000460826899999999991	-0.000508288399999999997
4072300000	0.000448925799999999977	-0.000524627800000000005
4072450000	0.00044501460000000002	-0.000531441400000000038
4072600000	0.000457865000000000008	-0.000535547900000000023
4072750000	0.000442514999999999987	-0.000543213699999999986
4072900000	0.000450381600000000011	-0.000539826100000000012
4073050000	0.000443905199999999986	-0.000545205400000000023
4073200000	0.000456540899999999998	-0.000559362100000000023
4073350000	0.0004497398	-0.000561945700000000023
4073500000	0.000443440900000000005	-0.000575752000000000013
4073650000	0.000442910900000000008	-0.000565302399999999977
4073800000	0.000439653600000000015	-0.00057293670000000004
4073950000	0.000451924100000000012	-0.000578727100000000052
4074100000	0.000428347900000000019	-0.00058321559999999998
4074250000	0.000444449000000000027	-0.000592837099999999955
4074400000	0.000438407499999999986	-0.000598028199999999974
4074550000	0.00043687130000000002	-0.000603842000000000051
4074700000	0.000427229599999999986	-0.000598412899999999971
4074850000	0.000437504399999999992	-0.000613573399999999989
4075000000	0.000434991000000000023	-0.000613401099999999998
4075150000	0.000438056499999999989	-0.000618582400000000036
4075300000	0.000433296099999999987	-0.000622945800000000022
4075450000	0.000438917499999999993	-0.000629886999999999982
4075600000	0.000426264900000000019	-0.000641699700000000046
4075750000	0.000425509900000000003	-0.000645084500000000041
4075900000	0.000425227300000000021	-0.00064629469999999997
4076050000	0.000424543400000000019	-0.000658360299999999972
4076200000	0.000428055700000000016	-0.000651560499999999983
4076350000	0.000422677200000000006	-0.000663358699999999982
4076500000	0.000420621600000000025	-0.000675197299999999987
4076650000	0.000417574400000000011	-0.000678776999999999983
4076800000	0.000416454900000000003	-0.000686474800000000016
4076950000	0.000405647300000000022	-0.000690711199999999954
4077100000	0.000416681199999999977	-0.000694226699999999958
4077250000	0.000413925700000000014	-0.000700955599999999947
4077400000	0.000407943000000000021	-0.000713304799999999947
4077550000	0.000414014600000000026	-0.00070810939999999998
4077700000	0.000411241500000000023	-0.000712047200000000009
4077850000	0.000409865900000000016	-0.000725433900000000027
4078000000	0.000411218499999999986	-0.000733540100000000007
4078150000	0.000395263400000000001	-0.000747472799999999949
4078300000	0.00040095389999999999	-0.000745869600000000012
4078450000	0.000401982200000000015	-0.000745050300000000025
4078600000	0.000390830899999999978	-0.000761133500000000054
4078750000	0.000389993599999999979	-0.000762642899999999989
4078900000	0.000390527500000000004	-0.000776617200000000022
4079050000	0.000387479900000000017	-0.00078718080000000001
4079200000	0.000387574099999999993	-0.000794186000000000002
4079350000	0.000383075999999999989	-0.000800133599999999952
4079500000	0.000378703299999999976	-0.000809479100000000027
4079650000	0.000376807500000000007	-0.00081112179999999999
4079800000	0.000376447199999999983	-0.000819859099999999965
4079950000	0.000376273599999999982	-0.000827137399999999952
4080100000	0.000360125700000000007	-0.000829051600000000016
4080250000	0.000363110400000000012	-0.000843725900000000012
4080400000	0.000361189400000000015	-0.00085475299999999998
4080550000	0.000360872700000000005	-0.000860824799999999998
4080700000	0.000350103899999999974	-0.000862602699999999987
4080850000	0.000357970200000000004	-0.00087829490000000004
4081000000	0.000343166800000000002	-0.000878117700000000004
4081150000	0.000351023299999999997	-0.000891546499999999959
4081300000	0.000334076799999999993	-0.000904673499999999998
4081450000	0.000329907400000000026	-0.000903781400000000013
4081600000	0.000326346299999999976	-0.000920761699999999997
4081750000	0.000332725100000000004	-0.000926649400000000012
4081900000	0.000322397199999999997	-0.000931766899999999978
4082050000	0.000308902000000000005	-0.000940269599999999967
4082200000	0.000307205899999999992	-0.000947139300000000048
4082350000	0.000307093900000000018	-0.00095392589999999998
4082500000	0.000302750300000000007	-0.000962531200000000045
4082650000	0.000291415099999999981	-0.000977078500000000101
4082800000	0.000290866799999999978	-0.00097866500000000009
4082950000	0.000283433100000000015	-0.000999048100000000027
4083100000	0.000274910599999999997	-0.000998599499999999925
4083250000	0.000276827700000000019	-0.00100524740000000005
4083400000	0.000267328099999999979	-0.00102549359999999992
4083550000	0.000254046899999999995	-0.00104129679999999999
4083700000	0.00024581640000000002	-0.00104498210000000011
4083850000	0.000237461599999999997	-0.00105726119999999995
4084000000	0.000234435099999999994	-0.00105846980000000009
4084150000	0.000231312499999999991	-0.00107126519999999992
4084300000	0.000220396000000000009	-0.00107625730000000005
4084450000	0.000208704000000000013	-0.00109036060000000006
4084600000	0.000197229700000000013	-0.00109221930000000006
4084750000	0.000196974499999999996	-0.00111046429999999991
4084900000	0.000182365499999999987	-0.00111526130000000009
4085050000	0.000170012099999999991	-0.00113224240000000002
4085200000	0.000158868900000000006	-0.00113103219999999998
4085350000	0.000154535799999999999	-0.00114220430000000006
4085500000	0.00013785300000000001	-0.00116280680000000001
4085650000	0.000135185600000000002	-0.00116473729999999999
4085800000	0.000120992999999999998	-0.00117951860000000005
4085950000	0.000116783900000000005	-0.0011896929000000001
4086100000	0.000101453000000000006	-0.0011925722000000001
4086250000	8.99223999999999981e-05	-0.00119390180000000009
4086400000	6.88885000000000029e-05	-0.00120851029999999998
4086550000	6.40627999999999993e-05	-0.00122367710000000009
4086700000	4.27385999999999977e-05	-0.00122633719999999994
4086850000	4.30380999999999971e-05	-0.00123574699999999993
4087000000	1.80230000000000001e-05	-0.00124421959999999996
4087150000	1.77729999999999991e-06	-0.00125696449999999991
4087300000	-1.12565999999999999e-05	-0.00126375019999999997
4087450000	-1.67886000000000005e-05	-0.00127287150000000003
4087600000	-4.44355999999999985e-05	-0.00128617019999999996
4087750000	-5.76579000000000024e-05	-0.00127941860000000004
4087900000	-6.74161999999999933e-05	-0.00128823210000000008
4088050000	-8.3170000000000005e-05	-0.00130531799999999997
4088200000	-0.000100260599999999993	-0.00131654949999999993
4088350000	-0.000121184199999999998	-0.00131504090000000005
4088500000	-0.000134441300000000003	-0.00132366509999999995
4088650000	-0.00015594710000000001	-0.00132830329999999996
4088800000	-0.000167961599999999988	-0.00133448399999999993
4088950000	-0.000191571100000000006	-0.00134044630000000001
4089100000	-0.000202592699999999996	-0.00134486080000000008
4089250000	-0.0002137168	-0.00135152280000000002
4089400000	-0.000247201000000000007	-0.0013503527
4089550000	-0.000258075800000000027	-0.00135334410000000007
4089700000	-0.000290170000000000022	-0.00135415420000000006
4089850000	-0.000293645799999999986	-0.00136254650000000002
4090000000	-0.000319092900000000023	-0.00135540310000000007
4090150000	-0.000352333900000000011	-0.00136045570000000002
4090300000	-0.000364911100000000024	-0.00136274339999999995
4090450000	-0.000386103800000000001	-0.00136490859999999995
4090600000	-0.000405709400000000002	-0.00136791239999999991
4090750000	-0.000424247100000000026	-0.00136342230000000009
4090900000	-0.000459810500000000012	-0.00136491470000000008
4091050000	-0.000470322899999999996	-0.00136310540000000001
4091200000	-0.000490456400000000036	-0.00136283970000000004
4091350000	-0.000511448699999999981	-0.00135681449999999998
4091500000	-0.000534673600000000037	-0.00135171529999999996
4091650000	-0.000551576900000000001	-0.0013551759
4091800000	-0.000578911800000000043	-0.00134249340000000008
4091950000	-0.000596503099999999998	-0.00134199899999999997
4092100000	-0.000615887500000000029	-0.00134290800000000008
4092250000	-0.000638561600000000043	-0.0013303213999999999
4092400000	-0.000652341999999999983	-0.00132612050000000003
4092550000	-0.000682914399999999988	-0.00131439550000000006
4092700000	-0.000714418500000000038	-0.00130190540000000004
4092850000	-0.000721670400000000022	-0.00129820020000000007
4093000000	-0.000742543000000000022	-0.00128429470000000008
4093150000	-0.00075785939999999997	-0.00127881369999999998
4093300000	-0.000769621299999999949	-0.00127031470000000006
4093450000	-0.000809045599999999978	-0.00125576849999999994
4093600000	-0.000826705600000000049	-0.0012442524999999999
4093750000	-0.000841424499999999967	-0.00123473799999999998
4093900000	-0.000860020100000000003	-0.00122144060000000006
4094050000	-0.000880997000000000008	-0.00121698820000000008
4094200000	-0.000892529100000000013	-0.0011922339000000001
4094350000	-0.000914998800000000039	-0.00118047490000000002
4094500000	-0.000925940800000000044	-0.00116726659999999991
4094650000	-0.000945216000000000025	-0.00115434809999999995
4094800000	-0.000962256400000000012	-0.00114466299999999997
4094950000	-0.000980728400000000075	-0.00112168379999999989
4095100000	-0.000989790699999999963	-0.00110341400000000004
4095250000	-0.00100266770000000008	-0.00108213509999999995
4095400000	-0.00101765300000000009	-0.00106755780000000007
4095550000	-0.00102876950000000008	-0.00106957870000000009
4095700000	-0.00103913409999999997	-0.0010498739999999999
4095850000	-0.00105554160000000011	-0.00102820210000000001
4096000000	-0.00107007429999999995	-0.00100769420000000002
4096150000	-0.00107581499999999993	-0.000991503199999999984
4096300000	-0.00109350450000000009	-0.000981083300000000101
4096450000	-0.00109735949999999996	-0.000959397500000000025
4096600000	-0.00110687440000000002	-0.000928513500000000013
4096750000	-0.0011177162	-0.000933258800000000017
4096900000	-0.00113324499999999996	-0.000897139399999999951
4097050000	-0.00112946420000000001	-0.000890667200000000003
4097200000	-0.0011407581	-0.00086909089999999997
4097350000	-0.00115354840000000004	-0.000842605099999999994
4097500000	-0.00116477839999999991	-0.000833779299999999981
4097650000	-0.00116590539999999999	-0.000808718999999999953
4097800000	-0.00116667940000000003	-0.000794933399999999974
4097950000	-0.0011780712	-0.000773869399999999974
4098100000	-0.00117975250000000001	-0.000755219899999999989
4098250000	-0.00119116280000000001	-0.000738139299999999955
4098400000	-0.00119118150000000009	-0.00071475960000000002
4098550000	-0.00119985620000000008	-0.000700362500000000008
4098700000	-0.00120205719999999993	-0.000686212699999999977
4098850000	-0.00120104070000000003	-0.000672307400000000054
4099000000	-0.00120131949999999991	-0.000650508800000000002
4099150000	-0.00121354569999999992	-0.000636900499999999985
4099300000	-0.0012079701999999999	-0.00060935389999999996
4099450000	-0.00122157689999999992	-0.000595078399999999998
4099600000	-0.00121627359999999991	-0.000587403000000000014
4099750000	-0.00122317119999999996	-0.000562743299999999983
4099900000	-0.00122696039999999995	-0.00055568239999999997
4100050000	-0.0012146800000000001	-0.000529854800000000015
4100200000	-0.0012103369000000001	-0.000520554299999999998
4100350000	-0.00122247739999999994	-0.000505341800000000028
4100500000	-0.0012201445	-0.000480746700000000016
4100650000	-0.00121527399999999991	-0.000464191400000000002
4100800000	-0.00121246960000000008	-0.000462718799999999985
4100950000	-0.00121184729999999994	-0.00044415390000000001
4101100000	-0.00119862909999999992	-0.00041324109999999999
4101250000	-0.0012116103	-0.000402150799999999992
4101400000	-0.00120622570000000003	-0.000390847599999999981
4101550000	-0.00120228210000000008	-0.000388045099999999982
4101700000	-0.00119305699999999997	-0.00036157339999999999
4101850000	-0.00120565949999999994	-0.000358086799999999975
4102000000	-0.00119318940000000002	-0.00034271639999999999
4102150000	-0.00119263120000000005	-0.000321400800000000008
4102300000	-0.00118169179999999996	-0.000307071800000000017
4102450000	-0.0011793337000000001	-0.000292517800000000007
4102600000	-0.0011831585999999999	-0.000286926200000000024
4102750000	-0.00117322489999999993	-0.000279521100000000003
4102900000	-0.00117272649999999997	-0.000259637000000000008
4103050000	-0.00116385839999999996	-0.000231789499999999994
4103200000	-0.00116681599999999999	-0.000226785399999999992
4103350000	-0.00116427080000000007	-0.000212698700000000011
4103500000	-0.00116092020000000003	-0.000206755300000000002
4103650000	-0.00115833910000000002	-0.000188632699999999987
4103800000	-0.00114584069999999999	-0.000183141400000000001
4103950000	-0.00114687750000000009	-0.000171807500000000011
4104100000	-0.00114132740000000006	-0.000166560400000000005
4104250000	-0.00113818719999999999	-0.000143883400000000005
4104400000	-0.00112643709999999992	-0.000130044000000000004
4104550000	-0.00111414099999999992	-0.000132282899999999987
4104700000	-0.00112104400000000008	-0.000113732499999999996
4104850000	-0.00111667480000000006	-9.27690999999999992e-05
4105000000	-0.00110680879999999998	-9.85059000000000016e-05
4105150000	-0.00110007170000000001	-8.37833000000000013e-05
4105300000	-0.00109327309999999989	-8.73253999999999957e-05
4105450000	-0.00108651579999999998	-7.90733999999999941e-05
4105600000	-0.00108930250000000006	-5.05357999999999982e-05
4105750000	-0.00108344540000000007	-4.54623000000000001e-05
4105900000	-0.00107877230000000008	-3.66951000000000004e-05
4106050000	-0.00106159830000000007	-2.87230999999999995e-05
4106200000	-0.00104479269999999992	-2.00305000000000008e-05
4106350000	-0.00105390220000000008	-2.76400000000000013e-07
4106500000	-0.0010419514999999999	-1.09047999999999993e-05
4106650000	-0.00104822870000000003	6.25979999999999977e-06
4106800000	-0.00103415020000000002	1.55288999999999997e-05
4106950000	-0.00103000779999999994	2.94667000000000003e-05
4107100000	-0.00101835360000000004	3.91529000000000025e-05
4107250000	-0.00102617589999999992	4.22358999999999999e-05
4107400000	-0.00101234609999999994	4.86972999999999988e-05
4107550000	-0.0010023689000000001	4.90704999999999972e-05
4107700000	-0.00100901219999999995	7.04285000000000051e-05
4107850000	-0.000989299099999999942	7.27099000000000067e-05
4108000000	-0.000991925500000000009	9.05866000000000044e-05
4108150000	-0.000983432000000000013	8.09963999999999959e-05
4108300000	-0.000977200400000000037	9.65870000000000021e-05
4108450000	-0.000966700900000000006	9.99719999999999976e-05
4108600000	-0.000957587800000000034	0.0001023309
4108750000	-0.000952599600000000033	0.000112095200000000004
4108900000	-0.000951643600000000051	0.000124549599999999991
4109050000	-0.000948282000000000053	0.00012858539999999999
4109200000	-0.000933367000000000051	0.000129457699999999999
4109350000	-0.00093439339999999997	0.000138876899999999998
4109500000	-0.000917702500000000011	0.000158178699999999997
4109650000	-0.000924345499999999981	0.000155474899999999991
4109800000	-0.000897792199999999973	0.00014955639999999999
4109950000	-0.000901409399999999962	0.000157678200000000004
4110100000	-0.000897352900000000005	0.000168425799999999989
4110250000	-0.000882522699999999972	0.000173901200000000001
4110400000	-0.000878824900000000036	0.000185767000000000012
4110550000	-0.000869342300000000047	0.0001839752
4110700000	-0.000850983399999999954	0.000193522199999999995
4110850000	-0.000863009899999999958	0.000198393699999999991
4111000000	-0.000853079100000000002	0.000204642200000000011
4111150000	-0.000841868900000000047	0.000216834900000000013
4111300000	-0.000831160099999999984	0.000204593700000000006
4111450000	-0.00083382669999999999	0.000221104200000000003
4111600000	-0.000820759400000000035	0.000233524199999999996
4111750000	-0.000808855499999999988	0.000227256300000000001
4111900000	-0.00080737799999999998	0.000238736500000000007
4112050000	-0.000791846700000000043	0.000246130599999999991
4112200000	-0.00078784069999999996	0.00023786639999999999
4112350000	-0.000789752799999999958	0.000247583200000000018
4112500000	-0.000781293500000000024	0.000248002599999999976
4112650000	-0.000762336999999999976	0.000241767499999999999
4112800000	-0.000763686200000000034	0.00025488799999999999
4112950000	-0.000757126799999999949	0.000250942600000000026
4113100000	-0.00074930099999999996	0.000262826699999999989
4113250000	-0.000744103899999999955	0.00025986640000000001
4113400000	-0.000742670800000000018	0.000274000799999999994
4113550000	-0.000726299799999999968	0.00026713650000000002
4113700000	-0.000721625000000000044	0.000272938199999999982
4113850000	-0.000705969899999999958	0.000273966299999999993
4114000000	-0.000705982999999999979	0.000282319800000000007
4114150000	-0.000693543600000000012	0.000287530400000000008
4114300000	-0.000686843600000000012	0.000285535899999999991
4114450000	-0.000678725099999999957	0.000285622999999999986
4114600000	-0.000671929900000000019	0.000302509800000000015
4114750000	-0.000667012099999999956	0.000284267799999999996
4114900000	-0.000659965299999999981	0.000296911500000000025
4115050000	-0.000651551400000000024	0.000303462299999999996
4115200000	-0.000643942899999999977	0.000287951500000000003
4115350000	-0.000644724600000000044	0.000298315899999999988
4115500000	-0.000627662599999999956	0.000294294300000000006
4115650000	-0.000613877899999999959	0.000293933900000000001
4115800000	-0.00061524500000000005	0.000305313999999999998
4115950000	-0.000600377600000000016	0.00030814550000000002
4116100000	-0.000595602999999999996	0.000310116299999999977
4116250000	-0.000579051700000000045	0.000297054100000000026
4116400000	-0.000573617499999999961	0.000299161299999999985
4116550000	-0.000566428299999999999	0.000300506799999999974
4116700000	-0.000562098300000000019	0.000316980899999999999
4116850000	-0.00055153120000000003	0.000315542299999999976
4117000000	-0.000551091100000000006	0.000300109699999999977
4117150000	-0.000546320299999999981	0.000308319799999999988
4117300000	-0.000524662599999999946	0.000301400899999999989
4117450000	-0.000521302999999999979	0.000303604000000000016
4117600000	-0.000524055300000000044	0.000294248100000000026
4117750000	-0.000506212900000000006	0.000295654099999999992
4117900000	-0.000506607200000000024	0.000287544499999999991
4118050000	-0.000491036000000000033	0.000293700900000000019
4118200000	-0.000490885600000000029	0.000289154300000000011
4118350000	-0.000478708400000000026	0.000295720100000000001
4118500000	-0.000464755099999999998	0.000285563300000000011
4118650000	-0.000456829600000000001	0.00027941000000000001
4118800000	-0.000456825299999999998	0.000280482100000000009
4118950000	-0.000446310099999999981	0.000279014500000000017
4119100000	-0.000436988300000000019	0.000269528200000000012
4119250000	-0.000436162999999999991	0.000275572000000000024
4119400000	-0.000422591299999999987	0.00026770549999999998
4119550000	-0.000413774700000000021	0.000263325500000000025
4119700000	-0.00040462670000000002	0.00027556690000000002
4119850000	-0.000414583200000000012	0.00025463930000000002
4120000000	-0.00040477820000000002	0.000249695799999999975
4120150000	-0.000391817999999999995	0.000238973899999999999
4120300000	-0.000384780799999999987	0.000235181299999999991
4120450000	-0.000384950099999999986	0.000237604499999999991
4120600000	-0.000375681299999999991	0.000220392100000000007
4120750000	-0.000375453100000000019	0.000213887899999999989
4120900000	-0.000369222400000000024	0.000204543199999999997
4121050000	-0.000353635299999999978	0.000207048600000000002
4121200000	-0.000354070000000000003	0.00018749970000000001
4121350000	-0.000356376299999999985	0.000184444299999999992
4121500000	-0.000348883799999999975	0.000185577199999999989
4121650000	-0.000346407900000000001	0.000164936699999999989
4121800000	-0.000342163600000000025	0.000169113400000000006
4121950000	-0.000361584999999999988	0.000152175900000000008
4122100000	-0.000348129499999999981	0.000138048300000000011
4122250000	-0.000350884199999999997	0.000146684999999999996
4122400000	-0.000356717299999999987	0.000120975100000000007
4122550000	-0.000350936599999999977	0.000127093399999999999
4122700000	-0.000359057100000000008	0.000112988999999999999
4122850000	-0.000349436699999999974	0.000104703200000000004
4123000000	-0.00036667729999999998	0.000102192
4123150000	-0.000367692900000000011	0.000105291099999999999
4123300000	-0.000380784800000000007	8.07005999999999978e-05
4123450000	-0.000386324599999999998	8.53002000000000003e-05
4123600000	-0.000385406999999999991	9.62772000000000004e-05
4123750000	-0.000381103799999999988	8.6301800000000001e-05
4123900000	-0.000404517000000000017	7.62867999999999961e-05
4124050000	-0.000398791000000000011	7.32310999999999975e-05
4124200000	-0.000402895500000000019	7.10422999999999957e-05
4124350000	-0.000403141100000000015	8.48665999999999982e-05
4124500000	-0.000411442700000000004	8.33250999999999995e-05
4124650000	-0.000421424700000000018	7.53874000000000026e-05
4124800000	-0.000414543500000000027	7.82287000000000054e-05
4124950000	-0.000417895799999999998	7.80043000000000012e-05
4125100000	-0.000426510699999999975	8.0099799999999995e-05
4125250000	-0.000426718699999999998	7.96439999999999984e-05
4125400000	-0.000428265099999999973	7.55852000000000027e-05
4125550000	-0.000431020500000000011	7.61685999999999944e-05
4125700000	-0.00042350580000000002	8.6506099999999995e-05
4125850000	-0.000422317199999999976	8.92938000000000022e-05
4126000000	-0.000413776199999999991	8.90218000000000021e-05
4126150000	-0.000420033799999999997	7.00131000000000023e-05
4126300000	-0.000432736699999999993	7.66002999999999991e-05
4126450000	-0.000412217100000000021	8.33164999999999942e-05
4126600000	-0.000425162999999999995	6.83319000000000022e-05
4126750000	-0.000402700799999999978	6.80119000000000052e-05
4126900000	-0.000410084300000000007	5.94666999999999977e-05
4127050000	-0.000423898000000000027	6.2258800000000001e-05
4127200000	-0.000418088399999999973	6.27106000000000023e-05
4127350000	-0.000418363700000000014	5.23699000000000015e-05
4127500000	-0.000421596599999999981	3.98512000000000023e-05
4127650000	-0.000411792699999999985	4.00647000000000028e-05
4127800000	-0.000413590900000000011	2.31718000000000006e-05
4127950000	-0.000428338800000000006	3.15990000000000002e-05
4128100000	-0.000426853200000000001	1.35065000000000002e-05
4128250000	-0.000431479499999999974	4.13540000000000025e-06
4128400000	-0.000443228100000000026	-1.15461999999999997e-05
4128550000	-0.000441791999999999988	-1.13952000000000006e-05
4128700000	-0.000457713500000000008	-1.09354000000000004e-05
4128850000	-0.000473583999999999984	-2.02797999999999985e-05
4129000000	-0.000480182399999999978	-3.80808000000000031e-05
4129150000	-0.000487619200000000022	-5.34571000000000002e-05
4129300000	-0.000509546399999999964	-5.33624000000000026e-05
4129450000	-0.000526374400000000054	-5.38707999999999993e-05
4129600000	-0.000551597400000000053	-5.59293e-05
4129750000	-0.000574038099999999948	-6.01453000000000016e-05
4129900000	-0.00059932210000000004	-5.96560999999999996e-05
4130050000	-0.000623168599999999995	-5.6274499999999998e-05
4130200000	-0.000635916499999999996	-4.12818000000000017e-05
4130350000	-0.000670678399999999992	-2.3575899999999999e-05
4130500000	-0.000697930799999999982	-8.17069999999999955e-06
4130650000	-0.000708080300000000031	1.60289999999999985e-05
4130800000	-0.000731589799999999993	4.17571000000000004e-05
4130950000	-0.000752972299999999967	5.40356000000000015e-05
4131100000	-0.000758105700000000042	8.40003999999999962e-05
4131250000	-0.000760349700000000029	0.000106929799999999994
4131400000	-0.000758592800000000046	0.000152447699999999994
4131550000	-0.000773622200000000028	0.000171693299999999991
4131700000	-0.000754595600000000036	0.000207045500000000002
4131850000	-0.000761610600000000009	0.000216196600000000003
4132000000	-0.000747655200000000024	0.000253758100000000012
4132150000	-0.000734737800000000011	0.000275876499999999994
4132300000	-0.000719079900000000054	0.000294991900000000017
4132450000	-0.000700982699999999972	0.000306912899999999987
4132600000	-0.000687464900000000025	0.000320119700000000024
4132750000	-0.000681719400000000038	0.000345324900000000025
4132900000	-0.000656383599999999954	0.00034789860000000001
4133050000	-0.000653633099999999961	0.000357596300000000004
4133200000	-0.000643139600000000025	0.000360898200000000027
4133350000	-0.000629855400000000048	0.000369364399999999983
4133500000	-0.000607364199999999954	0.000394469599999999981
4133650000	-0.000597878199999999998	0.000379570900000000008
4133800000	-0.00059994089999999996	0.000385860000000000022
4133950000	-0.000582584600000000019	0.000383919400000000009
4134100000	-0.000561119000000000006	0.000400260599999999981
4134250000	-0.000554086200000000035	0.000385230499999999977
4134400000	-0.000545219299999999993	0.000398778100000000003
4134550000	-0.00053722199999999996	0.000402790799999999986
4134700000	-0.000513885699999999971	0.000401954500000000002
4134850000	-0.00051449190000000004	0.00039394199999999999
4135000000	-0.000501088300000000005	0.000400325900000000022
4135150000	-0.000490262100000000024	0.000396775900000000017
4135300000	-0.000484948699999999987	0.000402954699999999986
4135450000	-0.000475211300000000008	0.000396481399999999988
4135600000	-0.000473671500000000007	0.000404803699999999988
4135750000	-0.00046426159999999998	0.000397611900000000007
4135900000	-0.000460052699999999987	0.000398432099999999976
4136050000	-0.000453625799999999983	0.000401116199999999987
4136200000	-0.00045583370000000002	0.000392736100000000009
4136350000	-0.000452123800000000023	0.000391115700000000007
4136500000	-0.000438416099999999992	0.000382643800000000004
4136650000	-0.000430137499999999986	0.000386284999999999992
4136800000	-0.000430838599999999999	0.000391553899999999978
4136950000	-0.000419319400000000002	0.000379363900000000002
4137100000	-0.000421681499999999984	0.0003893263
4137250000	-0.000410765000000000002	0.000385825399999999987
4137400000	-0.000406433299999999983	0.000382290699999999995
4137550000	-0.00040491879999999999	0.000384990499999999993
4137700000	-0.00039543139999999999	0.000380417300000000021
4137850000	-0.00039088870000000001	0.000377435100000000001
4138000000	-0.000383828300000000006	0.000380829599999999997
4138150000	-0.000387421499999999997	0.000386338000000000013
4138300000	-0.000384281700000000011	0.000377277900000000008
4138450000	-0.000374411299999999998	0.000371200900000000006
4138600000	-0.000373722099999999977	0.000373616899999999991
4138750000	-0.000372812400000000009	0.000366147900000000025
4138900000	-0.000380352199999999994	0.000373016400000000022
4139050000	-0.000370151299999999981	0.000373269300000000014
4139200000	-0.000367553500000000017	0.000368529700000000003
4139350000	-0.000355175299999999994	0.000379702200000000005
4139500000	-0.000357470999999999993	0.000370532100000000003
4139650000	-0.000351984599999999998	0.000359585799999999995
4139800000	-0.000354868700000000013	0.0003781794
4139950000	-0.000351384299999999989	0.000368924399999999994
4140100000	-0.00034775950000000001	0.000365723100000000015
4140250000	-0.00034843169999999998	0.000359272400000000026
4140400000	-0.00034540949999999998	0.000357186599999999993
4140550000	-0.000341268499999999994	0.000356113000000000024
4140700000	-0.00033746239999999999	0.000361657999999999999
4140850000	-0.000331364000000000007	0.000361685900000000026
4141000000	-0.000330242899999999995	0.000359268200000000004
4141150000	-0.000326955900000000012	0.000347566700000000021
4141300000	-0.000326518299999999974	0.000365508399999999985
4141450000	-0.000327193900000000018	0.000355685200000000021
4141600000	-0.000330704499999999978	0.000349937799999999982
4141750000	-0.000321991299999999981	0.000355641800000000021
4141900000	-0.000324427000000000016	0.000347809900000000012
4142050000	-0.000325114499999999999	0.000354061800000000026
4142200000	-0.000331757500000000023	0.0003448902
4142350000	-0.000324664500000000015	0.000351504599999999975
4142500000	-0.000320974800000000022	0.000347884300000000013
4142650000	-0.000320958499999999993	0.000337173699999999987
4142800000	-0.000324425400000000013	0.000347336899999999991
4142950000	-0.000309845899999999981	0.000335436499999999999
4143100000	-0.000310097599999999997	0.00034584669999999999
4143250000	-0.000305314099999999978	0.000343983699999999984
4143400000	-0.000312969000000000018	0.000336802499999999986
4143550000	-0.000305301500000000018	0.000340594400000000027
4143700000	-0.000305625800000000017	0.000346090899999999997
4143850000	-0.000308235300000000013	0.000340692499999999978
4144000000	-0.000308358099999999984	0.000344523099999999988
4144150000	-0.000307471999999999986	0.000344338199999999982
4144300000	-0.000306470600000000027	0.00033525120000000002
4144450000	-0.000306925500000000001	0.000347384699999999974
4144600000	-0.000299216900000000025	0.000326317000000000013
4144750000	-0.000303826400000000016	0.000339195499999999988
4144900000	-0.0003071107	0.000338071200000000024
4145050000	-0.000305306499999999988	0.000336896899999999976
4145200000	-0.000298263200000000014	0.000329153899999999979
4145350000	-0.000295060799999999986	0.00033436929999999999
4145500000	-0.000297692399999999982	0.000336537700000000002
4145650000	-0.000292705700000000005	0.000327429200000000026
4145800000	-0.000301807800000000021	0.000338540399999999995
4145950000	-0.000297103700000000027	0.000329574300000000007
4146100000	-0.000293835500000000003	0.000329212299999999999
4146250000	-0.000290458599999999991	0.000326675200000000026
4146400000	-0.000292675899999999981	0.000328021899999999991
4146550000	-0.000293566900000000023	0.000334297899999999983
4146700000	-0.000293588200000000023	0.000328490600000000009
4146850000	-0.000288044500000000003	0.00032482749999999998
4147000000	-0.000300313900000000005	0.000331843800000000016
4147150000	-0.000299008199999999981	0.000325636999999999986
4147300000	-0.000293485699999999981	0.000330232399999999993
4147450000	-0.000291312500000000013	0.000325861700000000011
4147600000	-0.000279982999999999979	0.000332262599999999986
4147750000	-0.00028148060000000001	0.000322990799999999998
4147900000	-0.000289273500000000001	0.000323535699999999979
4148050000	-0.000287356700000000027	0.000327786200000000009
4148200000	-0.000287197899999999976	0.000329440899999999999
4148350000	-0.000287170599999999991	0.000323425600000000002
4148500000	-0.000278139000000000001	0.000326531900000000003
4148650000	-0.000283855300000000006	0.000326809599999999996
4148800000	-0.000282447300000000009	0.000330439999999999987
4148950000	-0.000276600700000000023	0.000327535299999999995
4149100000	-0.000276560900000000004	0.000330100700000000022
4149250000	-0.000280397700000000014	0.000328362800000000013
4149400000	-0.00027867469999999999	0.000326109499999999999
4149550000	-0.000285693200000000018	0.000325633999999999993
4149700000	-0.000280640999999999985	0.000322893599999999974
4149850000	-0.000282187700000000009	0.000323434099999999974
4150000000	-0.000277375099999999986	0.000315371399999999974
4150150000	-0.000275746599999999987	0.000325894800000000023
4150300000	-0.000281808400000000011	0.000323505699999999995
4150450000	-0.000284546899999999978	0.000329746500000000018
4150600000	-0.000272931600000000008	0.000324921599999999976
4150750000	-0.000282447600000000003	0.000322998999999999975
4150900000	-0.000280513199999999989	0.000332422800000000025
4151050000	-0.000276857700000000004	0.000334734599999999985
4151200000	-0.000268455300000000011	0.000314425500000000021
4151350000	-0.000273176600000000016	0.000329773200000000016
4151500000	-0.000268689999999999977	0.000326507999999999985
4151650000	-0.000278649099999999988	0.000326328300000000018
4151800000	-0.00026775509999999998	0.000318593700000000012
4151950000	-0.000274793599999999998	0.000328852699999999996
4152100000	-0.000272702799999999994	0.000328131699999999974
4152250000	-0.000267023699999999989	0.000331024900000000003
4152400000	-0.000274923099999999977	0.000329479999999999996
4152550000	-0.000279498499999999994	0.000331590599999999976
4152700000	-0.000265921699999999985	0.000330928499999999981
4152850000	-0.000279032100000000001	0.000330417099999999984
4153000000	-0.000272403000000000001	0.000328196500000000008
4153150000	-0.000276792400000000017	0.000329171200000000024
4153300000	-0.000276599599999999973	0.0003226301
4153450000	-0.000277344899999999988	0.000339887499999999988
4153600000	-0.000267741400000000025	0.0003218114
4153750000	-0.000268941199999999986	0.000330490399999999989
4153900000	-0.000266300800000000024	0.000325615399999999993
4154050000	-0.000265733100000000019	0.000330201800000000021
4154200000	-0.000268749100000000019	0.000322763500000000007
4154350000	-0.000277627099999999997	0.000330785500000000006
4154500000	-0.000272375899999999975	0.000334985899999999974
4154650000	-0.000274345099999999983	0.00032919710000000002
4154800000	-0.000266335300000000025	0.000333857099999999992
4154950000	-0.000277405700000000013	0.00033088140000000002
4155100000	-0.000265098500000000023	0.000336533699999999993
4155250000	-0.000262924899999999974	0.000337051299999999989
4155400000	-0.000273951900000000016	0.000330900499999999974
4155550000	-0.000267741299999999991	0.000329350599999999997
4155700000	-0.000272016100000000013	0.000339166399999999986
4155850000	-0.000262240899999999992	0.000327718000000000009
4156000000	-0.000262463299999999991	0.000331413499999999974
4156150000	-0.000261716299999999993	0.000330284399999999998
4156300000	-0.000262099999999999974	0.000328330799999999997
4156450000	-0.000254242300000000004	0.000331587400000000023
4156600000	-0.000256074999999999977	0.000340816900000000006
4156750000	-0.000268841900000000005	0.000335547399999999978
4156900000	-0.000260178999999999977	0.000333690799999999987
4157050000	-0.00026077540000000001	0.000337030900000000026
4157200000	-0.000257336400000000019	0.000344696100000000001
4157350000	-0.000262388099999999989	0.000332377800000000021
4157500000	-0.000262070499999999997	0.000345083299999999983
4157650000	-0.000268759199999999993	0.000339461799999999996
4157800000	-0.000264171800000000004	0.000337800699999999993
4157950000	-0.000262456099999999976	0.000340522800000000005
4158100000	-0.000259420099999999986	0.000343906700000000019
4158250000	-0.000261341399999999978	0.000347149299999999987
4158400000	-0.000262231499999999985	0.000337629200000000003
4158550000	-0.000258457999999999984	0.000342333500000000011
4158700000	-0.000253585000000000019	0.000349953999999999977
4158850000	-0.000255743200000000022	0.000351415099999999975
4159000000	-0.000248643099999999978	0.000344029299999999976
4159150000	-0.000252970499999999993	0.00035328330000000002
4159300000	-0.000259275	0.00035112320000000002
4159450000	-0.00025162349999999998	0.000349843099999999998
4159600000	-0.000252509599999999979	0.00034890600000000001
4159750000	-0.000253040099999999983	0.000355571800000000003
4159900000	-0.000251046500000000003	0.000346505700000000012
4160050000	-0.000254002100000000005	0.000356078199999999975
4160200000	-0.000241782199999999997	0.000364262099999999997
4160350000	-0.000255160299999999984	0.000355073600000000008
4160500000	-0.000241845100000000006	0.000355948100000000008
4160650000	-0.000246609399999999984	0.00035981190000000001
4160800000	-0.000245800899999999993	0.000359724999999999975
4160950000	-0.000251045900000000015	0.000360214699999999999
4161100000	-0.000244941299999999979	0.000359884400000000013
4161250000	-0.000244713799999999974	0.000361709200000000003
4161400000	-0.000237683999999999996	0.000358359400000000017
4161550000	-0.000241032900000000001	0.00035519620000000002
4161700000	-0.000247692700000000008	0.000362017399999999987
4161850000	-0.000243754500000000005	0.000366466800000000027
4162000000	-0.000239264200000000005	0.000371301299999999982
4162150000	-0.000234383700000000004	0.000367812300000000016
4162300000	-0.000232161200000000002	0.000370671900000000025
4162450000	-0.0002425037	0.000365895400000000007
4162600000	-0.000233242099999999994	0.000363852000000000012
4162750000	-0.000237119300000000012	0.000365480599999999992
4162900000	-0.000230131800000000011	0.000366703899999999998
4163050000	-0.000227024899999999995	0.000373090300000000015
4163200000	-0.00023147869999999999	0.000371627999999999987
4163350000	-0.000228352200000000012	0.00037346059999999998
4163500000	-0.000223992800000000008	0.000382372099999999998
4163650000	-0.000230638100000000003	0.000374829900000000008
4163800000	-0.000221900100000000007	0.000381800200000000024
4163950000	-0.00022296450000000001	0.000367300700000000005
4164100000	-0.000225238199999999988	0.000379568899999999977
4164250000	-0.000231565499999999991	0.000380903900000000017
4164400000	-0.000213222999999999988	0.000379064699999999996
4164550000	-0.000225446100000000003	0.00038083259999999999
4164700000	-0.000215904500000000006	0.0003813008
4164850000	-0.000227395400000000001	0.000383195499999999974
4165000000	-0.000222979699999999989	0.000385976399999999979
