6964600000	-0.000588206500000000034	3.65305999999999988e-05
6964700000	-0.000584830999999999958	4.22106999999999989e-05
6964800000	-0.000599296700000000052	4.14289999999999992e-05
6964900000	-0.000584785899999999974	4.8803400000000001e-05
6965000000	-0.000596680300000000034	4.80462000000000009e-05
6965100000	-0.000597178999999999982	4.70044000000000001e-05
6965200000	-0.000590684500000000019	6.10455999999999971e-05
6965300000	-0.0006003731	5.50348999999999972e-05
6965400000	-0.00059273500000000005	5.1966999999999999e-05
6965500000	-0.000594699800000000021	5.11686000000000034e-05
6965600000	-0.000585831299999999976	5.82861999999999977e-05
6965700000	-0.000588759899999999987	4.67574000000000006e-05
6965800000	-0.000598340099999999974	5.65451000000000018e-05
6965900000	-0.000593041299999999983	6.8417799999999994e-05
6966000000	-0.000584676799999999958	5.85696000000000025e-05
6966100000	-0.000592074300000000045	5.88296999999999968e-05
6966200000	-0.000583942900000000036	6.05388999999999973e-05
6966300000	-0.00058702159999999995	7.33348999999999948e-05
6966400000	-0.000587238199999999978	7.15136000000000059e-05
6966500000	-0.000586933700000000008	7.40216999999999964e-05
6966600000	-0.000579574799999999966	7.46629000000000064e-05
6966700000	-0.000593148200000000007	7.81634000000000045e-05
6966800000	-0.000579502100000000003	7.07820000000000009e-05
6966900000	-0.000576120699999999974	7.01685999999999976e-05
6967000000	-0.000585933599999999949	8.54205999999999932e-05
6967100000	-0.000592525400000000024	6.97136000000000028e-05
6967200000	-0.000585828499999999997	7.75593000000000013e-05
6967300000	-0.00057651299999999996	7.37971000000000053e-05
6967400000	-0.000580037999999999951	7.75928999999999936e-05
6967500000	-0.000575897000000000019	8.25820999999999966e-05
6967600000	-0.000583531299999999974	7.48095000000000026e-05
6967700000	-0.000573688300000000035	8.89955999999999988e-05
6967800000	-0.000580321099999999996	8.39974999999999966e-05
6967900000	-0.000589669099999999948	8.13598000000000066e-05
6968000000	-0.000580234299999999995	8.21207000000000013e-05
6968100000	-0.000573167500000000031	9.43144999999999997e-05
6968200000	-0.000582467900000000014	8.41799000000000036e-05
6968300000	-0.00057002880000000004	8.46040999999999986e-05
6968400000	-0.000594737199999999981	9.73350999999999958e-05
6968500000	-0.000576243900000000028	9.23842999999999957e-05
6968600000	-0.000578148100000000042	8.90764999999999932e-05
6968700000	-0.000592319599999999993	8.79947000000000064e-05
6968800000	-0.000588951199999999953	9.1043800000000004e-05
6968900000	-0.000572736600000000001	9.49351000000000052e-05
6969000000	-0.000572181999999999964	9.32343999999999962e-05
6969100000	-0.000579894200000000029	9.66973000000000068e-05
6969200000	-0.000574052900000000007	0.000101413299999999993
6969300000	-0.000576066399999999998	9.53867000000000061e-05
6969400000	-0.000582445799999999959	9.83126999999999981e-05
6969500000	-0.000588004300000000038	9.5589599999999997e-05
6969600000	-0.000580546300000000029	9.30022000000000021e-05
6969700000	-0.000580802300000000048	0.000107336400000000005
6969800000	-0.000572277099999999976	0.000108273399999999999
6969900000	-0.000583641699999999999	0.000109813899999999996
6970000000	-0.000578306000000000002	0.000116361700000000001
6970100000	-0.000575029000000000013	0.000105998500000000005
6970200000	-0.00057467200000000003	0.000106100800000000006
6970300000	-0.00057108720000000003	0.000112692399999999999
6970400000	-0.00057769910000000002	0.000106577999999999995
6970500000	-0.000583883800000000049	0.000115052900000000004
6970600000	-0.000577617700000000018	0.000110122899999999996
6970700000	-0.000584951299999999998	0.000120776799999999999
6970800000	-0.000577409599999999961	0.000108515499999999995
6970900000	-0.000581057800000000005	0.000111333100000000006
6971000000	-0.000574819800000000015	0.000109186199999999995
6971100000	-0.000582391099999999954	0.000115740899999999995
6971200000	-0.000571559700000000043	0.000113478899999999995
6971300000	-0.000572550300000000006	0.000122062700000000006
6971400000	-0.00058443039999999996	0.00013073920000000001
6971500000	-0.000579839699999999984	0.000112186
6971600000	-0.000584864499999999997	0.000116797299999999994
6971700000	-0.000573176000000000002	0.000110160099999999996
6971800000	-0.000587612300000000046	0.000120187500000000001
6971900000	-0.000581182599999999954	0.000112952100000000006
6972000000	-0.000570197000000000043	0.000108527899999999995
6972100000	-0.000594075899999999988	0.000123677499999999996
6972200000	-0.000581151499999999974	0.000116532200000000002
6972300000	-0.000578744699999999982	0.000122475000000000009
6972400000	-0.000570076299999999975	0.000124217899999999989
6972500000	-0.000571602900000000029	0.000109106199999999996
6972600000	-0.000573315499999999976	0.0001230119
6972700000	-0.000582944399999999982	0.000122139599999999992
6972800000	-0.000576907700000000006	0.000131814599999999997
6972900000	-0.000581811899999999985	0.000119121800000000002
6973000000	-0.000580540000000000049	0.000124820099999999994
6973100000	-0.000579514699999999962	0.00013238949999999999
6973200000	-0.00057432920000000001	0.000129253099999999998
6973300000	-0.000579862799999999947	0.00012568949999999999
6973400000	-0.000580277399999999948	0.000132848999999999988
6973500000	-0.000583971500000000031	0.000130688999999999995
6973600000	-0.00058217830000000003	0.000127727500000000013
6973700000	-0.000577327700000000005	0.000136840600000000013
6973800000	-0.000590768100000000013	0.000141715100000000001
6973900000	-0.000578053700000000052	0.000133581399999999995
6974000000	-0.000581169800000000034	0.000136079600000000011
6974100000	-0.000580705600000000033	0.000133941900000000006
6974200000	-0.000575138700000000017	0.000138436299999999995
6974300000	-0.000575303700000000012	0.000132187100000000007
6974400000	-0.000584476400000000034	0.000136157000000000004
6974500000	-0.000581352900000000022	0.000138713699999999993
6974600000	-0.000584652800000000014	0.000133278399999999994
6974700000	-0.000590366000000000046	0.000141037500000000006
6974800000	-0.000579391900000000046	0.000134821800000000004
6974900000	-0.000570634800000000041	0.000131921300000000007
6975000000	-0.000580311300000000015	0.000139688599999999996
6975100000	-0.000575414199999999963	0.00013885739999999999
6975200000	-0.000586103199999999996	0.000134690900000000008
6975300000	-0.000585928500000000053	0.000135422500000000013
6975400000	-0.000585910399999999953	0.000136157800000000006
6975500000	-0.000575439699999999985	0.000143983000000000007
6975600000	-0.000580591200000000053	0.000142780300000000006
6975700000	-0.000581116100000000045	0.000154817099999999999
6975800000	-0.00057721249999999997	0.000141821400000000011
6975900000	-0.000589506900000000039	0.000149220300000000005
6976000000	-0.000571305600000000021	0.000134868800000000012
6976100000	-0.000580756700000000002	0.000141393600000000008
6976200000	-0.000579582699999999949	0.00015431860000000001
6976300000	-0.000578484199999999946	0.0001429197
6976400000	-0.00057923060000000001	0.000154601400000000007
6976500000	-0.000586039499999999958	0.000154712200000000006
6976600000	-0.000583208899999999972	0.00014437059999999999
6976700000	-0.000589052399999999985	0.000147419599999999994
6976800000	-0.000583337900000000052	0.000145224400000000005
6976900000	-0.000590603500000000045	0.000153614500000000005
6977000000	-0.000595619499999999985	0.000157035900000000012
6977100000	-0.00058131649999999997	0.000148894100000000008
6977200000	-0.000587081000000000039	0.00015857109999999999
6977300000	-0.000582166699999999977	0.000157948399999999987
6977400000	-0.000579941699999999964	0.000160268999999999993
6977500000	-0.0005896683	0.000147262900000000009
6977600000	-0.000584340199999999993	0.000169196899999999993
6977700000	-0.000587823600000000001	0.000157820999999999992
6977800000	-0.000575137100000000013	0.000153878800000000008
6977900000	-0.000589125099999999948	0.000153168699999999989
6978000000	-0.000593830200000000012	0.000152683100000000009
6978100000	-0.000593535699999999983	0.000165296500000000005
6978200000	-0.000587892700000000037	0.000160012499999999993
6978300000	-0.000597048899999999961	0.000155852200000000012
6978400000	-0.00058094220000000005	0.000165179299999999992
6978500000	-0.000595315799999999963	0.000153375500000000009
6978600000	-0.000598854199999999969	0.000165397700000000011
6978700000	-0.000586607200000000017	0.000168129600000000004
6978800000	-0.000602788499999999997	0.000162718199999999997
6978900000	-0.000593585800000000045	0.000168244999999999999
6979000000	-0.000596181400000000018	0.000168534900000000005
6979100000	-0.00059072539999999998	0.000161181799999999989
6979200000	-0.000588449499999999957	0.00016994969999999999
6979300000	-0.000602065699999999957	0.000167710100000000012
6979400000	-0.00058949079999999997	0.00017194899999999999
6979500000	-0.000595631799999999951	0.000168770299999999992
6979600000	-0.000600919800000000053	0.000161861899999999996
6979700000	-0.000599468199999999988	0.000166585300000000013
6979800000	-0.000606746099999999947	0.000174491199999999994
6979900000	-0.000600174800000000033	0.000160283600000000012
6980000000	-0.000607127200000000017	0.000171354100000000007
6980100000	-0.000588496400000000012	0.000171613199999999999
6980200000	-0.000603327200000000033	0.000169589900000000001
6980300000	-0.000617028900000000024	0.000163986699999999993
6980400000	-0.000606426599999999958	0.000172731699999999991
6980500000	-0.000605107300000000013	0.000171055400000000009
6980600000	-0.000611011299999999948	0.000175958300000000006
6980700000	-0.000624997800000000022	0.000173494999999999991
6980800000	-0.000613411199999999972	0.000186964399999999995
6980900000	-0.000615497899999999988	0.000184859299999999994
6981000000	-0.000618724800000000023	0.000178554099999999992
6981100000	-0.000619122099999999979	0.000173499500000000008
6981200000	-0.000606491300000000012	0.000186768299999999992
6981300000	-0.000623042699999999997	0.0001804059
6981400000	-0.000621507500000000046	0.000187376299999999997
6981500000	-0.000612682600000000015	0.00018352869999999999
6981600000	-0.000613318800000000014	0.000190035200000000006
6981700000	-0.000620598999999999999	0.000182352799999999993
6981800000	-0.000628994700000000038	0.000190011900000000003
6981900000	-0.000629668700000000025	0.000184924299999999987
6982000000	-0.000627522600000000028	0.000187310200000000008
6982100000	-0.00062948129999999998	0.000186825699999999996
6982200000	-0.000625112099999999967	0.000189570499999999997
6982300000	-0.000620544299999999994	0.000193128400000000013
6982400000	-0.000625709799999999957	0.00019933289999999999
6982500000	-0.000633950500000000049	0.000189655500000000007
6982600000	-0.000627340199999999954	0.000193498800000000012
6982700000	-0.000626672199999999953	0.000196445400000000008
6982800000	-0.000640357699999999949	0.000195230600000000001
6982900000	-0.000625503000000000018	0.0001982776
6983000000	-0.000630575999999999988	0.000200535299999999997
6983100000	-0.000635722600000000011	0.000197706699999999989
6983200000	-0.000629497000000000021	0.000198543400000000001
6983300000	-0.000634894899999999978	0.000190856799999999992
6983400000	-0.000633669799999999955	0.000191720899999999996
6983500000	-0.000642637799999999995	0.000203085400000000012
6983600000	-0.000637935399999999984	0.000205678499999999999
6983700000	-0.000637377099999999986	0.000202015699999999991
6983800000	-0.000647232500000000034	0.000189362500000000002
6983900000	-0.000643273200000000047	0.000207798999999999994
6984000000	-0.000647754800000000007	0.00020920039999999999
6984100000	-0.00064561909999999998	0.0002139578
6984200000	-0.000651778499999999946	0.00020624900000000001
6984300000	-0.000642270700000000037	0.000211764299999999995
6984400000	-0.000659129699999999965	0.00021513979999999999
6984500000	-0.000648951399999999961	0.000215255900000000007
6984600000	-0.00064219920000000005	0.000213864699999999992
6984700000	-0.000646553899999999996	0.000218114399999999993
6984800000	-0.000648763100000000043	0.000211096199999999986
6984900000	-0.000661607300000000031	0.000217070099999999987
6985000000	-0.000661164899999999982	0.000225672000000000004
6985100000	-0.000650667299999999949	0.000216772000000000004
6985200000	-0.000659995099999999952	0.000214382100000000002
6985300000	-0.000664381700000000043	0.000229972500000000008
6985400000	-0.000652282600000000001	0.000220741399999999994
6985500000	-0.000662785000000000045	0.000225378700000000004
6985600000	-0.000656597299999999969	0.000236618799999999992
6985700000	-0.000662269000000000052	0.000227909099999999996
6985800000	-0.00066671549999999997	0.000233091100000000002
6985900000	-0.000665512200000000008	0.000231471200000000007
6986000000	-0.000675152099999999969	0.000226746299999999994
6986100000	-0.000665495100000000031	0.000230654299999999998
6986200000	-0.000669307999999999969	0.000233665499999999987
6986300000	-0.000674267299999999981	0.000237120800000000008
6986400000	-0.000674104900000000004	0.000236750999999999997
6986500000	-0.000678643900000000023	0.000243114699999999998
6986600000	-0.000678923299999999999	0.000226791000000000004
6986700000	-0.000677053099999999977	0.00023881529999999999
6986800000	-0.000680165699999999958	0.000232193100000000011
6986900000	-0.000678138799999999952	0.000241978400000000007
6987000000	-0.000696253400000000004	0.000241196999999999988
6987100000	-0.000690005300000000039	0.00025068820000000001
6987200000	-0.000685267000000000038	0.000256915699999999997
6987300000	-0.000690655800000000036	0.000255814599999999975
6987400000	-0.000675689099999999968	0.000255412399999999974
6987500000	-0.000702286199999999951	0.000257854199999999975
6987600000	-0.000702360999999999979	0.000251152400000000011
6987700000	-0.000697074499999999955	0.000248766400000000011
6987800000	-0.000696122200000000042	0.000267913099999999974
6987900000	-0.000697654900000000007	0.000251245400000000012
6988000000	-0.000702374399999999995	0.000256345099999999979
6988100000	-0.000697997299999999999	0.000248563600000000027
6988200000	-0.000700866800000000023	0.000274608000000000024
6988300000	-0.000695082100000000004	0.000272455699999999974
6988400000	-0.000705201199999999986	0.000265599200000000003
6988500000	-0.000694943399999999978	0.000272694799999999976
6988600000	-0.00071306780000000001	0.000273782600000000017
6988700000	-0.000708345700000000003	0.000271673200000000013
6988800000	-0.000719407000000000033	0.000268596399999999989
6988900000	-0.00071342930000000001	0.000278120100000000007
6989000000	-0.000714181399999999958	0.000275426800000000004
6989100000	-0.000730158699999999979	0.000279273699999999989
6989200000	-0.000724838400000000029	0.000287911899999999997
6989300000	-0.000721163199999999994	0.000284903299999999973
6989400000	-0.000730380700000000005	0.000273941400000000013
6989500000	-0.000728321599999999969	0.000305074999999999975
6989600000	-0.000725396599999999993	0.000288892000000000012
6989700000	-0.00072868770000000002	0.000288233400000000018
6989800000	-0.000722513699999999953	0.000296525599999999999
6989900000	-0.000740470300000000011	0.000306216200000000011
6990000000	-0.000733705999999999985	0.000304043499999999997
6990100000	-0.000736710899999999994	0.000315173900000000008
6990200000	-0.000746834699999999953	0.000311148600000000011
6990300000	-0.000741237800000000007	0.000313735400000000018
6990400000	-0.000739311200000000051	0.00031186819999999999
6990500000	-0.000747783799999999967	0.000319462000000000012
6990600000	-0.000745716	0.000323323900000000016
6990700000	-0.000745208600000000013	0.000315104499999999978
6990800000	-0.000756095600000000019	0.00032235050000000001
6990900000	-0.000745477000000000032	0.000318715300000000008
6991000000	-0.00075482450000000003	0.000339184800000000026
6991100000	-0.000744283899999999971	0.000337633200000000012
6991200000	-0.000759189099999999992	0.000341327500000000001
6991300000	-0.000767679399999999981	0.00034065940000000002
6991400000	-0.00076406460000000005	0.000340736099999999992
6991500000	-0.000762783699999999973	0.000348377600000000017
6991600000	-0.000756385200000000003	0.000344629700000000018
6991700000	-0.000771149200000000013	0.00034596090000000001
6991800000	-0.000767612999999999998	0.000352327299999999983
6991900000	-0.000769031700000000012	0.000349162999999999991
6992000000	-0.000780043499999999966	0.000355261500000000007
6992100000	-0.00078237510000000001	0.0003582716
6992200000	-0.00077103209999999998	0.000360537499999999975
6992300000	-0.000778939699999999999	0.000369045100000000008
6992400000	-0.00078341350000000001	0.000370648099999999986
6992500000	-0.0007809367	0.000369170700000000013
6992600000	-0.00079079059999999997	0.000366733200000000014
6992700000	-0.000776111100000000044	0.000379868000000000003
6992800000	-0.000778735000000000017	0.000381697899999999997
6992900000	-0.000789336500000000028	0.000385100199999999996
6993000000	-0.000804886400000000019	0.000381645300000000003
6993100000	-0.000799524000000000025	0.000387716199999999986
6993200000	-0.00080352720000000002	0.00039919389999999998
6993300000	-0.000790822399999999972	0.000394517599999999978
6993400000	-0.00079363019999999999	0.000403106699999999994
6993500000	-0.000801123799999999995	0.000410482599999999979
6993600000	-0.000795845400000000022	0.0004042901
6993700000	-0.000804125200000000004	0.00040475359999999998
6993800000	-0.000815212600000000042	0.000404930099999999994
6993900000	-0.000808679299999999967	0.000417107899999999985
6994000000	-0.00082079169999999999	0.000418285399999999985
6994100000	-0.000811732000000000013	0.000424101399999999998
6994200000	-0.000809044200000000042	0.000427374399999999979
6994300000	-0.000824808799999999956	0.000430212499999999974
6994400000	-0.000831458200000000048	0.0004244052
6994500000	-0.000824597600000000035	0.00044067599999999998
6994600000	-0.000812904499999999989	0.000450761599999999977
6994700000	-0.000825490100000000047	0.000442562100000000003
6994800000	-0.000826976700000000013	0.000449270700000000008
6994900000	-0.000822765699999999955	0.000470056800000000002
6995000000	-0.000822187699999999961	0.000454133699999999978
6995100000	-0.000831186499999999988	0.00046043709999999999
6995200000	-0.00083343559999999998	0.000469922599999999992
6995300000	-0.000844673299999999989	0.000474141600000000014
6995400000	-0.000833644499999999984	0.000483098800000000004
6995500000	-0.000830948699999999995	0.000484045899999999986
6995600000	-0.000843423999999999953	0.000484855600000000007
6995700000	-0.000838126300000000012	0.000498877000000000001
6995800000	-0.000846237400000000037	0.00049468750000000001
6995900000	-0.000847521600000000048	0.000508184099999999992
6996000000	-0.000853129700000000019	0.000497361299999999978
6996100000	-0.000847832500000000031	0.000514710099999999963
6996200000	-0.000844372900000000008	0.000508221799999999946
6996300000	-0.000857796200000000039	0.00052334590000000002
6996400000	-0.00085708189999999997	0.000522064099999999961
6996500000	-0.000848121200000000034	0.000529823100000000047
6996600000	-0.000863576499999999967	0.000530323100000000005
6996700000	-0.000856779400000000032	0.000538817600000000016
6996800000	-0.000858631899999999981	0.000547334700000000037
6996900000	-0.000861643000000000044	0.00053635460000000005
6997000000	-0.000865064000000000024	0.000556879600000000021
6997100000	-0.000862293700000000001	0.000567118399999999947
6997200000	-0.000869376099999999972	0.000565847299999999958
6997300000	-0.00087548789999999997	0.000575254299999999972
6997400000	-0.000869272399999999955	0.000571026500000000039
6997500000	-0.000875911500000000004	0.000572223599999999947
6997600000	-0.000876491299999999961	0.000586527500000000052
6997700000	-0.000880670999999999971	0.00058581750000000004
6997800000	-0.000882541000000000033	0.000596744699999999986
6997900000	-0.000888609999999999964	0.000592586400000000009
6998000000	-0.000881146500000000031	0.00060220409999999999
6998100000	-0.000876514799999999952	0.000617371199999999982
6998200000	-0.000879701400000000014	0.000611642700000000045
6998300000	-0.000879722700000000013	0.000630644899999999956
6998400000	-0.000887153599999999996	0.000622621599999999948
6998500000	-0.000872338399999999983	0.000639485299999999961
6998600000	-0.000887020500000000036	0.000640242599999999947
6998700000	-0.000882455999999999996	0.000640174500000000035
6998800000	-0.000885360100000000001	0.000651817600000000053
6998900000	-0.000881845000000000025	0.000653357600000000014
6999000000	-0.000885539500000000028	0.000659597600000000036
6999100000	-0.000883766199999999982	0.00066832250000000001
6999200000	-0.000889486299999999981	0.000681218000000000036
6999300000	-0.000891880300000000054	0.000684248699999999953
6999400000	-0.000893852299999999987	0.000688076700000000052
6999500000	-0.000892536899999999962	0.000701088400000000021
6999600000	-0.000894943799999999988	0.00070530349999999996
6999700000	-0.000893861700000000048	0.000707026900000000012
6999800000	-0.000887648899999999978	0.000717790999999999959
6999900000	-0.000903377799999999969	0.000730620699999999989
7000000000	-0.000894200999999999959	0.00072899219999999999
7000100000	-0.000891040900000000043	0.000739636000000000004
7000200000	-0.000884790299999999984	0.000737120099999999997
7000300000	-0.000895628500000000046	0.000756064100000000011
7000400000	-0.000891264700000000032	0.000760042000000000053
7000500000	-0.000889757900000000008	0.00076818899999999996
7000600000	-0.000885895799999999989	0.000780547300000000027
7000700000	-0.000887321799999999999	0.000777166600000000021
7000800000	-0.000902201399999999964	0.000785918600000000021
7000900000	-0.000889160200000000019	0.000792946499999999947
7001000000	-0.000892217500000000007	0.000795112699999999967
7001100000	-0.000895960499999999961	0.000794377100000000008
7001200000	-0.000893153900000000027	0.000813569700000000011
7001300000	-0.000896616600000000024	0.000831969499999999956
7001400000	-0.000884187499999999991	0.000826486100000000008
7001500000	-0.000882812500000000025	0.000835276600000000018
7001600000	-0.000895937599999999958	0.000852489899999999984
7001700000	-0.000878778599999999969	0.000855624099999999959
7001800000	-0.000882466300000000039	0.000863211899999999995
7001900000	-0.000895750399999999981	0.000873794799999999951
7002000000	-0.000888023499999999999	0.000877560700000000016
7002100000	-0.000875612400000000033	0.000875634400000000054
7002200000	-0.000888203500000000015	0.000899426600000000033
7002300000	-0.000886739899999999977	0.000897323400000000029
7002400000	-0.000869461299999999969	0.000904936200000000025
7002500000	-0.000878609799999999978	0.00091531329999999995
7002600000	-0.000874543999999999994	0.000932230600000000026
7002700000	-0.000870927099999999998	0.000930483599999999949
7002800000	-0.000878432699999999976	0.000938637599999999966
7002900000	-0.000871756100000000041	0.000945416399999999949
7003000000	-0.000874395399999999953	0.000960922799999999961
7003100000	-0.000869482700000000002	0.000972152700000000021
7003200000	-0.000866457099999999982	0.000966268399999999973
7003300000	-0.000870013499999999947	0.000995809100000000095
7003400000	-0.000856150999999999982	0.000985964800000000037
7003500000	-0.00086011659999999995	0.00100301930000000006
7003600000	-0.00085785080000000001	0.00101528930000000005
7003700000	-0.000847843699999999948	0.00102374210000000005
7003800000	-0.000854270899999999946	0.00102475320000000006
7003900000	-0.00085061160000000002	0.00103500909999999996
7004000000	-0.000838269800000000049	0.00103402409999999996
7004100000	-0.000852918199999999995	0.00105595059999999993
7004200000	-0.000846687699999999961	0.0010544126
7004300000	-0.000832430199999999957	0.00107683200000000001
7004400000	-0.000837943200000000024	0.00106109010000000003
7004500000	-0.000825458600000000039	0.00107089589999999997
7004600000	-0.000832203700000000023	0.0010976254
7004700000	-0.000819266399999999946	0.00111351409999999994
7004800000	-0.000826431800000000031	0.0011139721
7004900000	-0.000822177599999999987	0.00112091800000000004
7005000000	-0.00081262239999999996	0.00112752019999999998
7005100000	-0.000814760599999999973	0.00113481319999999999
7005200000	-0.000802319899999999996	0.0011462461000000001
7005300000	-0.000790297199999999986	0.00116085400000000001
7005400000	-0.00078890000000000004	0.00117188319999999993
7005500000	-0.000792737299999999949	0.0011685923999999999
7005600000	-0.000790945799999999985	0.00118135180000000003
7005700000	-0.000784338500000000046	0.0011925382
7005800000	-0.000779086899999999996	0.0011935546999999999
7005900000	-0.000772588099999999976	0.00121219350000000003
7006000000	-0.000763729700000000014	0.00121640320000000008
7006100000	-0.000765071500000000042	0.00122322490000000006
7006200000	-0.000756466100000000052	0.00121908660000000007
7006300000	-0.000747633799999999991	0.00123911469999999995
7006400000	-0.000751495499999999981	0.00125124339999999989
7006500000	-0.000744333300000000011	0.00126024290000000005
7006600000	-0.000728561800000000022	0.0012709914000000001
7006700000	-0.000725134700000000022	0.00126967469999999995
7006800000	-0.000722508800000000017	0.00129013660000000009
7006900000	-0.000715395299999999957	0.00129469789999999991
7007000000	-0.000699599699999999989	0.00129752269999999998
7007100000	-0.000695498700000000037	0.0013054474999999999
7007200000	-0.000693602899999999959	0.00131770340000000007
7007300000	-0.000691711300000000012	0.00132400729999999998
7007400000	-0.000675339600000000049	0.00133521740000000001
7007500000	-0.000676203299999999998	0.00134139539999999992
7007600000	-0.000667522199999999997	0.00136275770000000005
7007700000	-0.000660159599999999994	0.00136074440000000002
7007800000	-0.000654325100000000015	0.00137237949999999991
7007900000	-0.00064606240000000001	0.0013718185999999999
7008000000	-0.000627713000000000012	0.0013806376999999999
7008100000	-0.000611781699999999957	0.00138973590000000011
7008200000	-0.000616394699999999948	0.00139873499999999991
7008300000	-0.000600718100000000011	0.0014105611000000001
7008400000	-0.000601894699999999975	0.00141995860000000002
7008500000	-0.000585399300000000004	0.00142137040000000006
7008600000	-0.000590899700000000003	0.00142350500000000004
7008700000	-0.000566586400000000027	0.00144005869999999994
7008800000	-0.000571003000000000049	0.00144873859999999997
7008900000	-0.000553482700000000019	0.00144968330000000011
7009000000	-0.000538920900000000006	0.00146188570000000003
7009100000	-0.000530258900000000013	0.00146897270000000005
7009200000	-0.000518183999999999984	0.00147676019999999999
7009300000	-0.000503230100000000053	0.00147559420000000006
7009400000	-0.000497880700000000046	0.00148876499999999997
7009500000	-0.000496582299999999963	0.00149725300000000004
7009600000	-0.000488651100000000028	0.00150395679999999993
7009700000	-0.000478556299999999984	0.00150550529999999997
7009800000	-0.000463968900000000023	0.00151232519999999998
7009900000	-0.000453766199999999992	0.00151909289999999997
7010000000	-0.000441189700000000002	0.00152048279999999992
7010100000	-0.000437971599999999986	0.00153313400000000002
7010200000	-0.000420572600000000013	0.00153685790000000007
7010300000	-0.000412234499999999992	0.00154348060000000006
7010400000	-0.00039726719999999999	0.00155062230000000008
7010500000	-0.000391316899999999987	0.00155551249999999995
7010600000	-0.000378213600000000007	0.00156059379999999993
7010700000	-0.000373317800000000019	0.0015617401999999999
7010800000	-0.000366489699999999975	0.00157522530000000008
7010900000	-0.000344365699999999982	0.0015748025000000001
7011000000	-0.000337444200000000017	0.00158235600000000004
7011100000	-0.000327075399999999996	0.00158617190000000003
7011200000	-0.000306870700000000016	0.00158186780000000009
7011300000	-0.000297156799999999974	0.00159584620000000001
7011400000	-0.000291654399999999997	0.00159164130000000008
7011500000	-0.000285046200000000022	0.00159957200000000006
7011600000	-0.000265321800000000005	0.00161119920000000008
7011700000	-0.000257558699999999984	0.00160831470000000003
7011800000	-0.00024403780000000001	0.00161396910000000007
7011900000	-0.000226512299999999996	0.00160439270000000008
7012000000	-0.000225242300000000003	0.0016228970000000001
7012100000	-0.000201052199999999999	0.00162301869999999997
7012200000	-0.000187032300000000002	0.00162808209999999991
7012300000	-0.000181813899999999997	0.00163185910000000008
7012400000	-0.000161844499999999999	0.00162894730000000005
7012500000	-0.000151833499999999989	0.00162435750000000005
7012600000	-0.000145726500000000001	0.00162593469999999991
7012700000	-0.000119960500000000005	0.00164289639999999995
7012800000	-0.000119840000000000005	0.0016464349000000001
7012900000	-0.000100266799999999993	0.001651467
7013000000	-9.1811799999999994e-05	0.00164503349999999991
7013100000	-8.99951000000000017e-05	0.00164862389999999998
7013200000	-6.84462000000000021e-05	0.00163761510000000007
7013300000	-5.07482000000000031e-05	0.00164074889999999991
7013400000	-4.95757000000000004e-05	0.00165105630000000002
7013500000	-2.93765999999999992e-05	0.0016527308000000001
7013600000	-1.88208000000000011e-05	0.0016509742
7013700000	-1.32967999999999995e-05	0.00165209610000000007
7013800000	2.09346000000000011e-05	0.00166162379999999993
7013900000	2.2356100000000001e-05	0.00165846929999999997
7014000000	3.28114000000000023e-05	0.00165580029999999991
7014100000	4.52463000000000008e-05	0.00164757519999999993
7014200000	6.7140199999999998e-05	0.00165105190000000004
7014300000	7.06057999999999941e-05	0.00165259000000000001
7014400000	8.5747800000000006e-05	0.00165554669999999995
7014500000	9.7651299999999998e-05	0.00165367680000000003
7014600000	0.000103790900000000003	0.00163918039999999998
7014700000	0.000126394399999999997	0.0016508769
7014800000	0.000134303899999999986	0.00164085740000000004
7014900000	0.00015054820000000001	0.00165062169999999992
7015000000	0.00016241540000000001	0.00164112330000000008
7015100000	0.000178036099999999994	0.00164320739999999996
7015200000	0.000189093799999999989	0.00162724279999999994
7015300000	0.000201864800000000006	0.00163735539999999998
7015400000	0.00021435200000000001	0.00163897410000000011
7015500000	0.000223444600000000012	0.00162823029999999993
7015600000	0.000240712299999999989	0.00163603540000000001
7015700000	0.000242937999999999997	0.00162373279999999997
7015800000	0.000256753300000000021	0.00162393020000000006
7015900000	0.000275319200000000012	0.00161439739999999997
7016000000	0.000293363900000000026	0.00161668930000000003
7016100000	0.000294987799999999975	0.00161615400000000007
7016200000	0.000314594000000000017	0.0016048306
7016300000	0.000321513500000000004	0.00160864610000000007
7016400000	0.000332267800000000024	0.00159342889999999991
7016500000	0.000339243100000000011	0.00159104150000000002
7016600000	0.00035030590000000001	0.00159424109999999996
7016700000	0.000372293899999999976	0.00158824630000000007
7016800000	0.000382129700000000008	0.0015941175000000001
7016900000	0.000407391099999999983	0.00158107949999999995
7017000000	0.000403777999999999982	0.00158080070000000007
7017100000	0.000422775500000000025	0.00157387809999999994
7017200000	0.000422191799999999985	0.00156792920000000009
7017300000	0.000429653099999999981	0.00156490870000000008
7017400000	0.000448971200000000009	0.00155076299999999992
7017500000	0.000454035199999999999	0.00155824619999999996
7017600000	0.000473060799999999975	0.00154841580000000009
7017700000	0.000484543199999999999	0.00154176529999999995
7017800000	0.000485248400000000001	0.00153512450000000008
7017900000	0.000494987199999999969	0.00153638410000000005
7018000000	0.000511389400000000034	0.00151965210000000006
7018100000	0.000522910400000000048	0.00151777060000000009
7018200000	0.000538465499999999969	0.00151044809999999999
7018300000	0.000542617100000000047	0.00150535959999999994
7018400000	0.00054935740000000002	0.00149594320000000008
7018500000	0.000571682799999999954	0.00149992029999999996
7018600000	0.000570121300000000033	0.00148155589999999994
7018700000	0.000582510500000000013	0.00148346520000000007
7018800000	0.000596171500000000003	0.00147796030000000005
7018900000	0.000607935500000000048	0.00146242719999999994
7019000000	0.000607073899999999948	0.00144976720000000009
7019100000	0.000615338800000000052	0.00145329159999999999
7019200000	0.000625882900000000004	0.00142748779999999991
7019300000	0.00063594029999999998	0.00143903080000000005
7019400000	0.000648071800000000011	0.00142599179999999999
7019500000	0.000652113999999999971	0.00142227770000000002
7019600000	0.000666210500000000041	0.00141940899999999995
7019700000	0.000672269299999999964	0.00141334699999999991
7019800000	0.000673827400000000026	0.00140069070000000003
7019900000	0.000692376200000000041	0.0013868582
7020000000	0.000699244600000000003	0.00137506660000000008
7020100000	0.000705278399999999966	0.00137454120000000003
7020200000	0.000713893600000000046	0.00137203790000000009
7020300000	0.000715732699999999979	0.00136349809999999991
7020400000	0.000741903099999999954	0.0013469361
7020500000	0.000732330100000000038	0.0013401000000000001
7020600000	0.000743124800000000011	0.00133740690000000006
7020700000	0.000744250899999999993	0.00132633610000000004
7020800000	0.000755806399999999954	0.0013089524999999999
7020900000	0.000756966500000000038	0.00130152159999999992
7021000000	0.000770028800000000023	0.0012979058999999999
7021100000	0.000772272900000000044	0.0012840722000000001
7021200000	0.000782027099999999952	0.00128844190000000007
7021300000	0.000788539299999999987	0.00127985300000000007
7021400000	0.00080643529999999998	0.00126851529999999989
7021500000	0.000798947000000000047	0.0012546390000000001
7021600000	0.000815886399999999961	0.0012498845000000001
7021700000	0.000813679700000000008	0.00123301849999999996
7021800000	0.000816019299999999961	0.00121746630000000005
7021900000	0.00082048980000000004	0.0012245747
7022000000	0.000837951999999999989	0.00122536080000000005
7022100000	0.000828817900000000012	0.00120772900000000005
7022200000	0.000853572600000000021	0.00118352309999999994
7022300000	0.000850305700000000006	0.00118186669999999997
7022400000	0.000856294200000000025	0.00117430880000000005
7022500000	0.000857882700000000046	0.00116788060000000003
7022600000	0.000861757400000000024	0.00116248159999999992
7022700000	0.000872319299999999975	0.00114770569999999997
7022800000	0.000875201399999999958	0.00114550330000000007
7022900000	0.000864994899999999988	0.00111894969999999996
7023000000	0.000881875900000000045	0.0011266691000000001
7023100000	0.000890815599999999976	0.00111691380000000003
7023200000	0.000882186400000000001	0.00109834350000000006
7023300000	0.000882822199999999972	0.0010977344999999999
7023400000	0.000899622400000000015	0.00108037010000000002
7023500000	0.00089710440000000005	0.00107785059999999998
7023600000	0.000899862699999999993	0.00106190499999999992
7023700000	0.000907165099999999959	0.00106135550000000011
7023800000	0.000918275999999999988	0.00105657610000000008
7023900000	0.000918553100000000047	0.00104556039999999999
7024000000	0.0009193014	0.0010393748999999999
7024100000	0.000921884599999999972	0.0010229773000000001
7024200000	0.000921305400000000004	0.00102183380000000004
7024300000	0.000919797899999999957	0.00101617349999999994
7024400000	0.000928968500000000022	0.000997489299999999943
7024500000	0.000932446200000000038	0.000994831999999999965
7024600000	0.000939862299999999961	0.000989357099999999988
7024700000	0.000940546299999999997	0.000975470899999999965
7024800000	0.000942059899999999955	0.000961756600000000014
7024900000	0.000935452399999999948	0.00095763749999999996
7025000000	0.000940909999999999989	0.000946551199999999971
7025100000	0.000942459999999999999	0.000937747500000000013
7025200000	0.00094670669999999998	0.000935316600000000043
7025300000	0.00093926480000000004	0.000927718100000000045
7025400000	0.000945662799999999948	0.000909092600000000004
7025500000	0.000944964699999999982	0.000912833799999999995
7025600000	0.00095371340000000005	0.000903044899999999964
7025700000	0.00095339410000000002	0.000889419499999999971
7025800000	0.000955462499999999975	0.000879871900000000042
7025900000	0.000951105200000000009	0.000869638300000000045
7026000000	0.000957935199999999996	0.000865064900000000006
7026100000	0.000960504799999999993	0.000852482700000000023
7026200000	0.000960248799999999974	0.00085404869999999996
7026300000	0.000961154700000000002	0.000839678900000000042
7026400000	0.000963440400000000006	0.000835919399999999991
7026500000	0.000950107900000000038	0.000831595299999999963
7026600000	0.000963314699999999967	0.000824022800000000048
7026700000	0.000960941599999999975	0.000809515199999999977
7026800000	0.000958955900000000032	0.000813122499999999952
7026900000	0.000957572399999999987	0.000799010399999999983
7027000000	0.000966264400000000018	0.000800345000000000049
7027100000	0.000960046599999999977	0.000785172599999999984
7027200000	0.000965317499999999995	0.000786873499999999953
7027300000	0.000967167400000000033	0.000763031600000000049
7027400000	0.000957148700000000027	0.000754604500000000036
7027500000	0.000970936099999999969	0.000757327499999999976
7027600000	0.000954302299999999965	0.0007391737
7027700000	0.000970352900000000045	0.000730332899999999968
7027800000	0.000977905600000000038	0.000729874499999999993
7027900000	0.000963417399999999969	0.000724441699999999952
7028000000	0.000966998399999999974	0.000716869999999999986
7028100000	0.000956405700000000037	0.000715384599999999995
7028200000	0.000954587899999999995	0.00070586749999999995
7028300000	0.000949282999999999984	0.000699265000000000021
7028400000	0.000954674699999999996	0.000692452599999999964
7028500000	0.000957866499999999988	0.000682312099999999948
7028600000	0.000961334299999999989	0.000675122299999999999
7028700000	0.000961037599999999968	0.000673962500000000017
7028800000	0.00096117269999999996	0.000657713999999999998
7028900000	0.000948146599999999959	0.000655245000000000046
7029000000	0.00095153239999999997	0.000639922100000000051
7029100000	0.000962619500000000015	0.000635044899999999955
7029200000	0.000951298900000000034	0.000636532100000000017
7029300000	0.000957736999999999955	0.000636106599999999986
7029400000	0.000961904200000000039	0.000623093900000000001
7029500000	0.000947684800000000017	0.000609524299999999954
7029600000	0.000953669800000000035	0.000601522300000000053
7029700000	0.000946179100000000043	0.000599630200000000045
7029800000	0.000948836700000000016	0.000602512399999999954
7029900000	0.000958650799999999966	0.000601351999999999985
7030000000	0.000942979399999999959	0.000579935999999999971
7030100000	0.00094101769999999996	0.000578824799999999974
7030200000	0.000940808599999999997	0.000576168500000000011
7030300000	0.000947937099999999967	0.000576366499999999985
7030400000	0.000945253800000000013	0.000560079700000000024
7030500000	0.000937852100000000012	0.0005532763
7030600000	0.000938920500000000051	0.000555382400000000017
7030700000	0.000932834700000000029	0.000551358600000000044
7030800000	0.000937525000000000034	0.000548152299999999986
7030900000	0.000933350899999999982	0.000524625600000000014
7031000000	0.000930179000000000054	0.000530979499999999953
7031100000	0.000940122699999999963	0.000521447699999999991
7031200000	0.000918019299999999947	0.000513191699999999995
7031300000	0.000931775499999999983	0.000513960399999999966
7031400000	0.000926232099999999958	0.00051191959999999999
7031500000	0.000920691299999999951	0.000502823599999999995
7031600000	0.000927527099999999965	0.000497740599999999976
7031700000	0.000922491899999999983	0.000486472399999999974
7031800000	0.000911643900000000049	0.000485942399999999977
7031900000	0.000919083100000000043	0.00049039340000000002
7032000000	0.000911441499999999984	0.000484985500000000014
7032100000	0.000910630699999999968	0.000473369500000000022
7032200000	0.000915952399999999962	0.000463406499999999982
7032300000	0.000909479799999999986	0.000445956800000000013
7032400000	0.000919113399999999968	0.000460534699999999987
7032500000	0.000914239200000000027	0.000462308600000000021
7032600000	0.000900577099999999987	0.000444696899999999994
7032700000	0.000903763499999999981	0.000447601099999999979
7032800000	0.000904323099999999988	0.0004390164
7032900000	0.000897207300000000011	0.000430795499999999992
7033000000	0.00089925729999999998	0.000438276900000000012
7033100000	0.000889351600000000018	0.00042981969999999998
7033200000	0.000886368400000000036	0.000423544299999999976
7033300000	0.00089616540000000001	0.000428926899999999974
7033400000	0.000884983700000000015	0.0004131316
7033500000	0.000888967800000000003	0.000404121500000000024
7033600000	0.000885841500000000013	0.000410893300000000005
7033700000	0.000878435000000000001	0.00041001010000000002
7033800000	0.00088265139999999995	0.000399238899999999983
7033900000	0.000878588099999999951	0.000401287399999999982
7034000000	0.00087676840000000002	0.000387552299999999986
7034100000	0.000873520799999999973	0.00038614010000000002
7034200000	0.000878528600000000044	0.000387348300000000026
7034300000	0.000868963200000000009	0.000377044599999999978
7034400000	0.000871013499999999971	0.000367614799999999996
7034500000	0.000864359899999999964	0.000374995700000000005
7034600000	0.000865032200000000022	0.000370022800000000018
7034700000	0.000850587299999999973	0.000372887900000000005
7034800000	0.000863716200000000009	0.000358454600000000009
7034900000	0.00085076819999999997	0.000350836900000000022
7035000000	0.000851012999999999965	0.000351850000000000014
7035100000	0.000851881800000000027	0.000344022100000000014
7035200000	0.000846854500000000028	0.000339675000000000003
7035300000	0.000842905099999999947	0.000343470099999999997
7035400000	0.000851481200000000029	0.000335653200000000007
7035500000	0.000845320400000000019	0.000331148399999999996
7035600000	0.000842418600000000039	0.000322877099999999985
7035700000	0.000837903299999999971	0.000330461200000000007
7035800000	0.000835367300000000048	0.000326104300000000014
7035900000	0.000830476700000000044	0.00032910159999999998
7036000000	0.000825982399999999981	0.000318301200000000015
7036100000	0.000829123399999999997	0.000313625899999999975
7036200000	0.000832422400000000008	0.000315407300000000018
7036300000	0.00084075549999999995	0.000310503200000000019
7036400000	0.000820265799999999982	0.000306016899999999974
7036500000	0.000820529500000000025	0.000304107100000000001
7036600000	0.000823828299999999967	0.000292927399999999983
7036700000	0.000816665500000000009	0.000297042399999999994
7036800000	0.000814283600000000052	0.000300452900000000025
7036900000	0.00081293520000000005	0.000286883799999999986
7037000000	0.000808644299999999958	0.000296070000000000003
7037100000	0.000810219000000000043	0.000288541500000000022
7037200000	0.000809869999999999969	0.000287152799999999993
7037300000	0.000805871800000000052	0.000278664999999999989
7037400000	0.00080680770000000001	0.000281100000000000002
7037500000	0.000803126799999999983	0.000278411599999999989
7037600000	0.000813169100000000014	0.000276795600000000024
7037700000	0.000801151099999999981	0.000266436500000000003
7037800000	0.000792550799999999995	0.000277318600000000018
7037900000	0.000795949799999999953	0.000262009000000000005
7038000000	0.000798321399999999976	0.000256902400000000016
7038100000	0.000793422199999999967	0.000268032900000000007
7038200000	0.000792306700000000022	0.000256702499999999991
7038300000	0.000793822400000000045	0.000257392200000000019
7038400000	0.000779648400000000001	0.000255500699999999998
7038500000	0.000783839900000000023	0.00024777419999999999
7038600000	0.000781668700000000033	0.000247314599999999985
7038700000	0.000790029499999999989	0.000243924200000000005
7038800000	0.000774367100000000015	0.000244219099999999981
7038900000	0.000774172200000000014	0.00024385849999999999
7039000000	0.00078253410000000002	0.000240275200000000013
7039100000	0.000770247800000000002	0.000240231599999999999
7039200000	0.00077279219999999997	0.000226513099999999998
7039300000	0.00076904930000000005	0.000238235600000000013
7039400000	0.000777001799999999985	0.000237650999999999992
7039500000	0.00076932900000000002	0.000231331099999999992
7039600000	0.000768114699999999993	0.000233219999999999993
7039700000	0.000774811300000000027	0.000230274400000000012
7039800000	0.000754519499999999998	0.000228764700000000002
7039900000	0.000754781699999999963	0.000229717399999999997
7040000000	0.000757113100000000048	0.0002216869
7040100000	0.00075770000000000004	0.000217934100000000011
7040200000	0.000757125599999999973	0.000226738800000000012
7040300000	0.000752512499999999948	0.000219404900000000011
7040400000	0.000759799499999999975	0.000218996800000000004
7040500000	0.000742053299999999999	0.000209799499999999996
7040600000	0.000746350100000000042	0.000209085200000000009
7040700000	0.000741707100000000012	0.0001910088
7040800000	0.000738809499999999947	0.000200211299999999992
7040900000	0.000736102800000000036	0.000198216500000000009
7041000000	0.00074034610000000005	0.000194454300000000013
7041100000	0.000740351500000000049	0.000191286400000000012
7041200000	0.000740756399999999995	0.000201150800000000012
7041300000	0.000737121299999999972	0.000196357900000000013
7041400000	0.000726055699999999995	0.000199313999999999996
7041500000	0.000729549499999999971	0.000194862799999999994
7041600000	0.000728045800000000029	0.000189100399999999989
7041700000	0.000726236499999999958	0.000197081900000000001
7041800000	0.000736660400000000012	0.000176119699999999994
7041900000	0.000729915300000000028	0.000192919100000000008
7042000000	0.00072177020000000001	0.000186721200000000004
7042100000	0.000720332200000000028	0.000178980900000000006
7042200000	0.000713899300000000038	0.000179182300000000001
7042300000	0.000718890300000000018	0.000177655800000000008
7042400000	0.000715289099999999955	0.000180743900000000009
7042500000	0.000713243600000000003	0.000178039400000000008
7042600000	0.000723248100000000046	0.000180327800000000012
7042700000	0.000707802700000000019	0.000175848600000000002
7042800000	0.000709581600000000023	0.000175198299999999993
7042900000	0.000712219200000000006	0.000171276200000000005
7043000000	0.000703914099999999963	0.000167978500000000005
7043100000	0.00071290399999999999	0.000170704199999999998
7043200000	0.000695944199999999949	0.000174063300000000011
7043300000	0.000700565299999999992	0.0001701614
7043400000	0.00071057879999999996	0.000171510200000000003
7043500000	0.000699935800000000001	0.000161770499999999999
7043600000	0.000710331799999999974	0.00016609599999999999
7043700000	0.000688755800000000044	0.000156710199999999996
7043800000	0.000699786200000000053	0.000162312700000000009
7043900000	0.000696975399999999988	0.000148502899999999991
7044000000	0.000701798000000000005	0.000158591100000000007
7044100000	0.000696903700000000041	0.000147071100000000009
7044200000	0.000685177600000000018	0.000155649800000000002
7044300000	0.000684959599999999946	0.000152384899999999992
7044400000	0.000691915200000000046	0.00015201630000000001
7044500000	0.000692763599999999982	0.000148694600000000011
7044600000	0.000691334099999999971	0.00013949080000000001
7044700000	0.000680597199999999976	0.000150568799999999987
7044800000	0.000677926000000000028	0.000149397599999999994
7044900000	0.000681163000000000038	0.000142000599999999997
7045000000	0.000678865999999999975	0.000139792600000000007
7045100000	0.000682082400000000007	0.000148763500000000006
7045200000	0.000675164199999999976	0.000138458100000000002
7045300000	0.000676146599999999961	0.000149390000000000005
7045400000	0.000683392799999999953	0.000137155500000000005
7045500000	0.000670710300000000028	0.00013592770000000001
7045600000	0.000686503800000000039	0.000135364899999999995
7045700000	0.000677813999999999999	0.000132462299999999987
7045800000	0.000674622300000000041	0.000132027800000000003
7045900000	0.000677189700000000046	0.000141270199999999995
7046000000	0.000667856200000000052	0.000131397400000000003
7046100000	0.000664532700000000035	0.000134632700000000003
7046200000	0.000665235199999999983	0.000135041799999999999
7046300000	0.000658842400000000006	0.000129916600000000009
7046400000	0.000676738100000000005	0.000126055200000000012
7046500000	0.000671703999999999964	0.000129190500000000009
7046600000	0.00066127340000000001	0.000136741899999999993
7046700000	0.000657647499999999981	0.000128808100000000011
7046800000	0.000662133899999999952	0.00012754380000000001
7046900000	0.000661986999999999949	0.000117302399999999997
7047000000	0.000659757399999999993	0.000120664500000000003
7047100000	0.000658105500000000037	0.000112930200000000005
7047200000	0.000664909800000000042	0.000121538600000000002
7047300000	0.000657284300000000052	0.000115533000000000007
7047400000	0.000651985599999999987	0.000114157899999999993
7047500000	0.000657230399999999995	0.000116518500000000006
7047600000	0.000654084599999999968	0.000107015499999999999
7047700000	0.000654766800000000041	0.0001165128
7047800000	0.000657625899999999988	0.000113522600000000003
7047900000	0.000647985700000000032	0.00012249409999999999
7048000000	0.000651918099999999954	0.000106977400000000003
7048100000	0.000664310500000000049	0.000104673799999999994
7048200000	0.000643501500000000053	0.000110303000000000004
7048300000	0.000649701699999999946	0.000111818400000000007
7048400000	0.000648628300000000046	0.000102100899999999997
7048500000	0.000655717400000000025	0.000109638300000000004
7048600000	0.000645199500000000008	0.000102888199999999995
7048700000	0.000642256700000000034	9.73689000000000021e-05
7048800000	0.000643498300000000046	0.000106699400000000004
7048900000	0.000649987999999999998	0.000101829400000000005
7049000000	0.000645104999999999984	9.3178199999999995e-05
7049100000	0.000647410500000000018	0.000106195100000000002
7049200000	0.000644961400000000021	0.000102670699999999999
7049300000	0.000648086299999999968	0.000105195100000000005
7049400000	0.00063357120000000005	0.000101122199999999999
7049500000	0.000647930000000000012	0.000107658099999999998
7049600000	0.00063913380000000001	9.27364999999999955e-05
7049700000	0.000639334500000000036	9.64692000000000013e-05
7049800000	0.000633227599999999975	9.69369000000000036e-05
7049900000	0.000639220700000000044	9.94850999999999938e-05
7050000000	0.000644859300000000008	0.000101816899999999998
7050100000	0.000630873700000000024	9.18697999999999992e-05
7050200000	0.000633450499999999982	8.60767999999999955e-05
7050300000	0.000646131200000000052	9.08683000000000055e-05
7050400000	0.000628703299999999981	9.02390000000000012e-05
7050500000	0.000641806999999999989	9.12652999999999951e-05
7050600000	0.000637538100000000028	9.88484000000000004e-05
7050700000	0.000637760700000000041	9.43719000000000036e-05
7050800000	0.000623656100000000027	8.61633000000000022e-05
7050900000	0.000621713899999999956	9.03037000000000007e-05
7051000000	0.000624640500000000045	8.24803999999999972e-05
7051100000	0.000632303699999999988	9.55294000000000005e-05
7051200000	0.00062983020000000002	9.47543000000000018e-05
7051300000	0.000623591900000000036	9.63950999999999946e-05
7051400000	0.000625912900000000043	8.12970000000000045e-05
7051500000	0.000626285299999999965	8.5986499999999994e-05
7051600000	0.00062452860000000005	7.90536000000000049e-05
7051700000	0.000614160800000000044	8.92814999999999955e-05
7051800000	0.000628039200000000009	8.48043999999999973e-05
7051900000	0.000634392899999999989	8.50817999999999957e-05
7052000000	0.000617423100000000008	8.21074999999999995e-05
7052100000	0.000628472199999999996	6.60575999999999958e-05
7052200000	0.000621816500000000032	7.61802000000000063e-05
7052300000	0.000620562900000000048	7.08444000000000022e-05
7052400000	0.000628115300000000047	7.52909999999999945e-05
7052500000	0.000618134100000000035	7.56584000000000005e-05
7052600000	0.000617493100000000026	7.15356999999999934e-05
7052700000	0.000616737499999999968	8.04442999999999982e-05
7052800000	0.000627184600000000019	7.25372999999999941e-05
7052900000	0.000626658500000000051	5.78642000000000007e-05
7053000000	0.000624998100000000016	7.16164999999999944e-05
7053100000	0.000625221700000000045	6.06796000000000009e-05
7053200000	0.000614089099999999988	7.2194300000000001e-05
7053300000	0.000617891599999999958	6.36492000000000004e-05
7053400000	0.000624710700000000022	6.59736999999999948e-05
7053500000	0.000626625499999999966	6.10815999999999947e-05
7053600000	0.000622169100000000033	5.49095e-05
7053700000	0.000616653700000000015	6.21029999999999982e-05
7053800000	0.000628485000000000025	6.7979399999999995e-05
7053900000	0.000615828100000000048	5.59370999999999968e-05
7054000000	0.000618752200000000042	5.4416400000000003e-05
7054100000	0.00062505410000000003	5.82636000000000024e-05
7054200000	0.000617994899999999947	6.88883999999999959e-05
7054300000	0.000619741699999999955	6.09288999999999987e-05
7054400000	0.000623935999999999957	5.56690999999999987e-05
7054500000	0.000612121599999999964	5.62660999999999999e-05
7054600000	0.000618535799999999974	4.62735999999999969e-05
7054700000	0.000627767400000000023	3.86804999999999967e-05
7054800000	0.000618589899999999991	5.90719999999999996e-05
7054900000	0.000622406699999999958	5.29741999999999984e-05
7055000000	0.000616150400000000016	3.80022000000000001e-05
7055100000	0.000610364099999999993	4.24802000000000003e-05
7055200000	0.000616846199999999956	4.42219999999999977e-05
7055300000	0.000617426700000000043	4.61597999999999981e-05
7055400000	0.000606157999999999979	4.3803200000000001e-05
7055500000	0.000606305400000000045	4.4282200000000001e-05
7055600000	0.00061609350000000002	4.90283999999999997e-05
7055700000	0.00061697789999999998	4.1638099999999997e-05
7055800000	0.000604230400000000008	3.53347999999999992e-05
7055900000	0.000611843000000000044	3.20004999999999996e-05
7056000000	0.000622883800000000021	4.55896000000000014e-05
7056100000	0.000618146999999999989	4.50380999999999983e-05
7056200000	0.000610745400000000022	3.9952600000000001e-05
7056300000	0.000613156599999999997	3.57686000000000017e-05
7056400000	0.000616705900000000034	3.77814999999999973e-05
7056500000	0.000620462100000000044	4.29991999999999999e-05
7056600000	0.000607792300000000005	2.97558000000000006e-05
7056700000	0.000621473700000000013	1.99395000000000011e-05
7056800000	0.000608532999999999969	3.61692999999999994e-05
7056900000	0.000608166799999999993	2.26774000000000008e-05
7057000000	0.000613724099999999988	1.66272999999999992e-05
7057100000	0.000617675000000000038	3.54228000000000024e-05
7057200000	0.000613523300000000035	2.26811999999999989e-05
7057300000	0.000616008600000000016	2.77182999999999985e-05
7057400000	0.000615038499999999997	1.75934e-05
7057500000	0.000628855400000000024	1.59899000000000008e-05
7057600000	0.000617186099999999962	2.77562000000000003e-05
7057700000	0.000617025199999999955	2.39682999999999989e-05
7057800000	0.000621293899999999957	2.21515999999999998e-05
7057900000	0.000609369300000000007	1.61957000000000015e-05
7058000000	0.00062734580000000002	1.46802000000000005e-05
7058100000	0.000610987899999999992	8.85669999999999941e-06
7058200000	0.000605704700000000008	2.20665999999999998e-05
7058300000	0.000617887400000000043	1.62510000000000008e-05
7058400000	0.000620655499999999967	1.14238000000000006e-05
7058500000	0.000611749500000000035	1.67582999999999984e-05
7058600000	0.000611968600000000048	1.81775e-05
7058700000	0.000615321200000000013	7.72780000000000079e-06
7058800000	0.000607747399999999981	-1.22400000000000005e-06
7058900000	0.000605485300000000001	1.00023999999999993e-05
7059000000	0.000617729600000000009	4.62389999999999989e-06
7059100000	0.000605634100000000002	5.6876000000000004e-06
7059200000	0.00060403379999999997	-1.40559999999999993e-06
7059300000	0.00061394080000000005	1.13077000000000002e-05
7059400000	0.000609397099999999946	1.58871999999999993e-05
7059500000	0.000609828500000000038	-7.87559999999999961e-06
7059600000	0.000614556000000000043	5.93400000000000006e-07
7059700000	0.000609249599999999955	-4.00180000000000038e-06
7059800000	0.000619476700000000011	6.52600000000000007e-07
7059900000	0.000622201200000000029	-8.32199999999999948e-07
7060000000	0.000616131199999999974	-4.04030000000000009e-06
7060100000	0.000620408199999999987	-3.76350000000000005e-06
7060200000	0.000619138100000000014	-8.15320000000000014e-06
7060300000	0.000624264000000000025	-5.3031000000000001e-06
7060400000	0.00061077820000000004	-1.04960999999999993e-05
7060500000	0.000621657399999999988	-5.28679999999999993e-06
7060600000	0.000607057699999999953	-1.7232300000000001e-05
7060700000	0.000606924299999999999	-2.2504e-05
7060800000	0.000611817999999999976	-1.44209999999999997e-05
7060900000	0.000613427300000000042	-2.13109999999999998e-05
7061000000	0.000610712499999999971	-2.96578999999999994e-05
7061100000	0.000608200600000000026	-2.16870000000000009e-05
7061200000	0.000615303100000000021	-1.5336999999999999e-05
7061300000	0.000619567700000000035	-2.58841999999999986e-05
7061400000	0.000624266099999999983	-3.24902000000000028e-05
7061500000	0.000600540100000000027	-3.1704e-05
7061600000	0.000608559500000000007	-2.67503000000000003e-05
7061700000	0.000616946699999999966	-3.09461999999999986e-05
7061800000	0.000607866700000000005	-3.63284000000000027e-05
7061900000	0.000607133300000000037	-3.13659999999999975e-05
7062000000	0.000604523699999999953	-3.42593999999999993e-05
7062100000	0.000606065699999999946	-3.62706999999999982e-05
7062200000	0.000607692500000000017	-4.15376000000000002e-05
7062300000	0.000614683899999999965	-4.16273000000000004e-05
7062400000	0.000613181699999999991	-4.25293999999999998e-05
7062500000	0.000608078599999999948	-4.33666999999999993e-05
7062600000	0.000609234800000000003	-3.70871999999999996e-05
7062700000	0.000617625599999999998	-5.48731000000000015e-05
7062800000	0.000599507400000000019	-4.77087999999999997e-05
7062900000	0.00060800950000000002	-5.59778999999999981e-05
7063000000	0.00060207619999999996	-4.54483000000000033e-05
7063100000	0.00060104389999999998	-5.04935000000000003e-05
7063200000	0.00061032860000000003	-5.64592000000000032e-05
7063300000	0.000608584199999999973	-6.84051999999999935e-05
7063400000	0.000605820800000000026	-5.34149000000000025e-05
7063500000	0.00062091030000000001	-5.8455500000000003e-05
7063600000	0.000604106999999999995	-6.3785e-05
7063700000	0.000609048800000000002	-7.22904000000000016e-05
7063800000	0.000618495699999999961	-6.07902999999999997e-05
7063900000	0.000614063700000000001	-6.1190000000000002e-05
7064000000	0.00060321140000000001	-6.06900999999999968e-05
7064100000	0.000611294099999999999	-7.30537000000000016e-05
7064200000	0.000609720700000000032	-7.00420000000000046e-05
7064300000	0.000603311499999999992	-7.41367000000000046e-05
7064400000	0.000601471199999999975	-6.78195000000000035e-05
7064500000	0.000607504799999999978	-7.05441000000000011e-05
7064600000	0.000606410799999999991	-7.87302000000000005e-05
