# Time(us) Voltage(mV)
0.000000	2.197333
1.001252	4.211554
2.002503	1.281777
3.003755	4.333628
4.005006	0.793481
5.006258	1.037629
6.007509	4.821924
7.008761	4.211554
8.010013	1.892148
9.011264	0.732444
10.012516	2.868740
11.013767	5.310221
12.015019	5.432295
13.016270	1.770074
14.017522	2.868740
15.018773	2.136296
16.020025	3.357036
17.021277	2.197333
18.022528	3.051851
19.023780	4.272591
20.025031	2.502518
21.026283	2.197333
22.027534	4.028443
23.028786	3.723258
24.030038	1.892148
25.031289	4.760887
26.032541	5.920591
27.033792	4.882962
28.035044	5.249184
29.036295	1.586962
30.037547	6.042665
31.038798	1.342814
32.040050	6.164739
33.041302	4.150517
34.042553	3.479110
35.043805	3.112888
36.045056	2.807703
37.046308	5.188147
38.047559	2.746666
39.048811	4.821924
40.050063	2.563555
41.051314	4.943999
42.052566	2.136296
43.053817	-0.305185
44.055069	5.615406
45.056320	3.418073
46.057572	1.281777
47.058824	4.638813
48.060075	4.089480
49.061327	3.418073
50.062578	2.807703
51.063830	3.967406
52.065081	6.897183
53.066333	2.197333
54.067584	4.394665
55.068836	1.281777
56.070088	3.723258
57.071339	4.272591
58.072591	4.699850
59.073842	2.929777
60.075094	2.136296
61.076345	7.324442
62.077597	1.342814
63.078849	2.441481
64.080100	4.028443
65.081352	0.671407
66.082603	5.310221
67.083855	3.601184
68.085106	4.211554
69.086358	2.136296
70.087610	3.051851
71.088861	4.211554
72.090113	5.371258
73.091364	1.831111
74.092616	2.746666
75.093867	1.525925
76.095119	3.357036
77.096370	3.662221
78.097622	4.333628
79.098874	3.051851
80.100125	0.976592
81.101377	1.892148
82.102628	5.066073
83.103880	4.211554
84.105131	3.357036
85.106383	5.249184
86.107635	6.164739
87.108886	5.249184
88.110138	-0.366222
89.111389	3.540147
90.112641	3.540147
91.113892	3.723258
92.115144	2.258370
93.116395	3.173925
94.117647	7.263405
95.118899	3.051851
96.120150	2.807703
97.121402	3.051851
98.122653	3.662221
99.123905	2.929777
100.125156	3.723258
101.126408	3.601184
102.127660	2.868740
103.128911	6.286813
104.130163	-1.831111
105.131414	0.183111
106.132666	2.380444
107.133917	3.357036
108.135169	1.220740
109.136421	2.685629
110.137672	2.258370
111.138924	3.845332
112.140175	2.075259
113.141427	1.342814
114.142678	1.403851
115.143930	0.488296
116.145181	1.464888
117.146433	3.723258
118.147685	2.075259
119.148936	5.249184
120.150188	4.333628
121.151439	5.310221
122.152691	4.028443
123.153942	1.892148
124.155194	6.469924
125.156446	4.211554
126.157697	3.234962
127.158949	1.586962
128.160200	2.380444
129.161452	1.525925
130.162703	0.976592
131.163955	1.098666
132.165207	9.155553
133.166458	2.136296
134.167710	5.249184
135.168961	2.075259
136.170213	5.554369
137.171464	3.479110
138.172716	2.136296
139.173967	0.061037
140.175219	1.586962
141.176471	1.403851
142.177722	2.624592
143.178974	3.418073
144.180225	-2.563555
145.181477	2.502518
146.182728	1.648000
147.183980	4.394665
148.185232	1.892148
149.186483	4.028443
150.187735	6.103702
151.188986	3.906369
152.190238	0.793481
153.191489	4.028443
154.192741	4.455702
155.193992	1.037629
156.195244	4.516739
157.196496	5.127110
158.197747	4.577776
159.198999	5.005036
160.200250	-0.244148
161.201502	4.455702
162.202753	3.662221
163.204005	1.586962
164.205257	0.061037
165.206508	3.967406
166.207760	3.112888
167.209011	7.568590
168.210263	-0.183111
169.211514	2.990814
170.212766	2.319407
171.214018	4.028443
172.215269	1.770074
173.216521	5.798517
174.217772	2.014222
175.219024	3.723258
176.220275	6.225776
177.221527	3.357036
178.222778	0.854518
179.224030	4.028443
180.225282	5.798517
181.226533	4.638813
182.227785	4.455702
183.229036	7.324442
184.230288	12.512589
185.231539	4.028443
186.232791	7.446516
187.234043	6.591998
188.235294	4.028443
189.236546	1.892148
190.237797	3.662221
191.239049	5.981628
192.240300	3.357036
193.241552	9.033479
194.242804	3.357036
195.244055	2.319407
196.245307	1.648000
197.246558	4.943999
198.247810	14.404736
199.249061	73.000275
200.250313	127.445296
201.251564	186.773278
202.252816	238.654744
203.254068	287.850581
204.255319	330.271310
205.256571	369.090854
206.257822	408.703879
207.259074	448.683126
208.260325	464.003418
209.261577	484.084597
210.262829	499.526963
211.264080	503.433332
212.265332	506.118961
213.266583	493.911557
214.267835	480.727561
215.269086	460.280160
216.270338	431.897946
217.271589	400.463881
218.272841	360.667745
219.274093	320.505387
220.275344	270.699179
221.276596	219.611194
222.277847	168.767357
223.279099	109.195227
224.280350	55.299539
225.281602	-2.624592
226.282854	-60.426649
227.284105	-117.007965
228.285357	-178.472243
229.286608	-226.325266
230.287860	-281.441694
231.289111	-325.937681
232.290363	-369.457076
233.291615	-404.553362
234.292866	-435.682241
235.294118	-458.021790
236.295369	-477.187414
237.296621	-491.958373
238.297872	-498.550371
239.299124	-495.864742
240.300375	-486.404004
241.301627	-471.388897
242.302879	-455.702383
243.304130	-425.733207
244.305382	-394.787439
245.306633	-360.850856
246.307885	-323.801386
247.309136	-264.656514
248.310388	-219.550157
249.311640	-163.579211
250.312891	-104.434339
251.314143	-47.486801
252.315394	8.117924
253.316646	66.103092
254.317897	119.632557
255.319149	179.448836
256.320401	232.306894
257.321652	281.014435
258.322904	329.844050
259.324155	371.288186
260.325407	411.511582
261.326658	441.785943
262.327910	466.444899
263.329161	482.863857
264.330413	496.719260
265.331665	503.738517
266.332916	498.550371
267.334168	496.536149
268.335419	481.398968
269.336671	464.064455
270.337922	433.668020
271.339174	403.820917
272.340426	367.870113
273.341677	326.425977
274.342929	274.605548
275.344180	228.339488
276.345432	173.833430
277.346683	121.158483
278.347935	60.060427
279.349186	-1.648000
280.350438	-55.482650
281.351690	-114.078188
282.352941	-168.706320
283.354193	-221.991638
284.355444	-269.173254
285.356696	-319.956053
286.357947	-355.906858
287.359199	-401.135289
288.360451	-435.254982
289.361702	-451.796014
290.362954	-477.919858
291.364205	-492.996002
292.365457	-499.038667
293.366708	-496.292001
294.367960	-490.554521
295.369212	-475.295267
296.370463	-459.242531
297.371715	-433.729057
298.372966	-397.900327
299.374218	-360.423597
300.375469	-318.552202
301.376721	-272.652364
302.377972	-221.808527
303.379224	-168.095950
304.380476	-113.162633
305.381727	-56.825465
306.382979	-1.159703
307.384230	64.088870
308.385482	118.106632
309.386733	168.645283
310.387985	225.653859
311.389237	277.047029
312.390488	322.031312
313.391740	363.048189
314.392991	404.919584
315.394243	437.025056
316.395494	455.702383
317.396746	482.863857
318.397997	494.338816
319.399249	501.846370
320.400501	504.287851
321.401752	496.780297
322.403004	485.183264
323.404255	465.895566
324.405507	440.626240
325.406758	409.802545
326.408010	369.212928
327.409262	324.228645
328.410513	285.348064
329.411765	233.527635
330.413016	180.364391
331.414268	126.224555
332.415519	68.178350
333.416771	13.489181
334.418023	-51.881466
335.419274	-102.969451
336.420526	-158.635212
337.421777	-214.117862
338.423029	-266.060366
339.424280	-316.843165
340.425532	-354.441969
341.426783	-391.003143
342.428035	-430.494095
343.429287	-451.185644
344.430538	-477.004303
345.431790	-487.563707
346.433041	-493.911557
347.434293	-495.559557
348.435544	-493.179113
349.436796	-476.943266
350.438048	-459.059420
351.439299	-433.057649
352.440551	-404.004028
353.441802	-365.550707
354.443054	-324.777978
355.444305	-281.319620
356.445557	-231.086154
357.446809	-173.772393
358.448060	-118.778039
359.449312	-64.088870
360.450563	-7.141331
361.451815	51.820429
362.453066	110.232856
363.454318	169.560839
364.455569	221.686453
365.456821	270.638142
366.458073	316.537980
367.459324	364.452040
368.460576	399.182104
369.461827	436.414686
370.463079	458.571123
371.464330	480.056154
372.465582	496.597186
373.466834	503.189184
374.468085	500.747703
375.469337	498.916593
376.470588	488.906522
377.471840	469.740898
378.473091	444.593646
379.474343	409.558397
380.475594	376.354259
381.476846	332.956938
382.478098	288.583026
383.479349	239.814447
384.480601	184.453871
385.481852	128.727073
386.483104	75.197607
387.484355	17.273476
388.485607	-43.031098
389.486859	-100.039674
390.488110	-157.109287
391.489362	-210.638752
392.490613	-261.421552
393.491865	-310.190130
394.493116	-357.310709
395.494368	-392.651143
396.495620	-428.052614
397.496871	-453.566088
398.498123	-472.243416
399.499374	-484.939116
400.500626	-497.512741
401.501877	-501.052889
402.503129	-494.766076
403.504380	-479.323710
404.505632	-459.608753
405.506884	-437.513352
406.508135	-403.210547
407.509387	-367.870113
408.510638	-326.914274
409.511890	-286.446730
410.513141	-236.640522
411.514393	-187.932981
412.515645	-124.393445
413.516896	-74.037904
414.518148	-16.052736
415.519399	44.923246
416.520651	103.762932
417.521902	160.161138
418.523154	214.300974
419.524406	259.712516
420.525657	317.697684
421.526909	356.334117
422.528160	399.060030
423.529412	430.616169
424.530663	454.176458
425.531915	481.582080
426.533166	497.878964
427.534418	500.320444
428.535670	504.348888
429.536921	498.428297
430.538173	488.296152
431.539424	473.464156
432.540676	447.523423
433.541927	417.065950
434.543179	377.147740
435.544431	337.107456
436.545682	293.710135
437.546934	243.781854
438.548185	192.632832
439.549437	137.394330
440.550688	80.324717
441.551940	23.865474
442.553191	-37.842952
443.554443	-95.889157
444.555695	-146.183660
445.556946	-209.479049
446.558198	-255.195776
447.559449	-305.734428
448.560701	-348.277230
449.561952	-384.472182
450.563204	-419.263283
451.564456	-449.415571
452.565707	-470.534379
453.566959	-487.868892
454.568210	-495.132298
455.569462	-501.113926
456.570713	-492.507706
457.571965	-480.178228
458.573217	-458.571123
459.574468	-445.509201
460.575720	-408.276620
461.576971	-375.927000
462.578223	-331.614124
463.579474	-290.719321
464.580726	-236.823634
465.581977	-192.266610
466.583229	-130.619221
467.584481	-77.761162
468.585732	-18.494217
469.586984	39.063692
470.588235	97.903378
471.589487	155.827509
472.590738	210.028382
473.591990	260.811182
474.593242	312.021241
475.594493	350.962859
476.595745	391.308329
477.596996	423.718986
478.598248	454.359569
479.599499	478.286081
480.600751	492.141484
481.602003	505.142369
482.603254	505.203406
483.604506	498.489334
484.605757	491.225929
485.607009	470.961638
486.608260	451.307718
487.609512	416.577654
488.610763	385.692923
489.612015	345.164342
490.613267	296.884060
491.614518	248.298593
492.615770	199.896237
493.617021	144.657735
494.618273	87.099826
495.619524	29.725028
496.620776	-27.527696
497.622028	-86.001160
498.623279	-146.244697
499.624531	-200.262459
500.625782	-247.871334
501.627034	-298.226875
502.628285	-342.356639
503.629537	-382.152776
504.630788	-417.065950
505.632040	-445.997497
506.633292	-468.092898
507.634543	-486.953337
508.635795	-499.649037
509.637046	-498.794519
510.638298	-493.301187
511.639549	-485.976745
512.640801	-469.740898
513.642053	-443.922239
514.643304	-413.403729
515.644556	-380.687887
516.645807	-343.394269
517.647059	-299.691763
518.648310	-247.444075
519.649562	-194.463942
520.650814	-137.882626
521.652065	-83.315531
522.653317	-23.865474
523.654568	4.699850
524.655820	3.784295
525.657071	2.014222
526.658323	-0.122074
527.659574	2.258370
528.660826	6.958220
529.662078	3.845332
530.663329	5.127110
531.664581	5.127110
532.665832	3.051851
533.667084	0.183111
534.668335	1.770074
535.669587	2.136296
536.670839	2.624592
537.672090	1.220740
538.673342	4.150517
539.674593	1.586962
540.675845	6.042665
541.677096	5.371258
542.678348	4.699850
543.679599	4.516739
544.680851	2.136296
545.682103	2.563555
546.683354	5.798517
547.684606	6.347850
548.685857	2.441481
549.687109	1.892148
550.688360	5.005036
551.689612	4.455702
552.690864	1.464888
553.692115	4.760887
554.693367	5.859554
555.694618	4.150517
556.695870	5.371258
557.697121	3.357036
558.698373	3.357036
559.699625	4.699850
560.700876	4.699850
561.702128	3.051851
562.703379	1.953185
563.704631	0.732444
564.705882	0.366222
565.707134	3.662221
566.708385	3.418073
567.709637	6.408887
568.710889	1.586962
569.712140	2.563555
570.713392	3.112888
571.714643	2.807703
572.715895	4.028443
573.717146	0.915555
574.718398	4.699850
575.719650	3.051851
576.720901	3.479110
577.722153	3.662221
578.723404	3.662221
579.724656	3.112888
580.725907	8.301035
581.727159	5.676443
582.728411	3.662221
583.729662	5.615406
584.730914	6.103702
585.732165	4.394665
586.733417	3.540147
587.734668	1.342814
588.735920	1.770074
589.737171	2.502518
590.738423	2.990814
591.739675	3.662221
592.740926	0.000000
593.742178	2.929777
594.743429	4.272591
595.744681	6.103702
596.745932	2.990814
597.747184	4.516739
598.748436	2.807703
599.749687	2.014222
600.750939	3.357036
601.752190	8.728294
602.753442	5.798517
603.754693	0.671407
604.755945	3.723258
605.757196	6.408887
606.758448	0.915555
607.759700	6.591998
608.760951	3.662221
609.762203	5.310221
610.763454	6.164739
611.764706	9.460738
612.765957	0.671407
613.767209	3.540147
614.768461	0.915555
615.769712	3.601184
616.770964	6.530961
617.772215	5.371258
618.773467	3.845332
619.774718	3.662221
620.775970	3.112888
621.777222	4.455702
622.778473	4.028443
623.779725	6.958220
624.780976	0.915555
625.782228	-0.488296
626.783479	-0.244148
627.784731	1.831111
628.785982	3.540147
629.787234	-0.854518
630.788486	5.737480
631.789737	2.319407
632.790989	5.798517
633.792240	5.432295
634.793492	4.028443
635.794743	2.624592
636.795995	4.638813
637.797247	1.037629
638.798498	5.127110
639.799750	7.995849
640.801001	5.188147
641.802253	0.000000
642.803504	2.258370
643.804756	2.136296
644.806008	5.554369
645.807259	3.845332
646.808511	2.319407
647.809762	2.563555
648.811014	3.784295
649.812265	2.929777
650.813517	6.286813
651.814768	1.342814
652.816020	5.920591
653.817272	3.051851
654.818523	4.638813
655.819775	3.967406
656.821026	1.709037
657.822278	5.798517
658.823529	4.516739
659.824781	1.281777
660.826033	4.760887
661.827284	3.906369
662.828536	3.173925
663.829787	1.464888
664.831039	4.333628
665.832290	0.366222
666.833542	1.953185
667.834793	2.807703
668.836045	4.211554
669.837297	1.831111
670.838548	7.446516
671.839800	3.906369
672.841051	3.601184
673.842303	3.723258
674.843554	2.197333
675.844806	2.502518
676.846058	6.714072
677.847309	2.685629
678.848561	4.089480
679.849812	7.324442
680.851064	2.624592
681.852315	2.807703
682.853567	1.709037
683.854819	4.699850
684.856070	2.258370
685.857322	3.112888
686.858573	3.967406
687.859825	3.051851
688.861076	5.615406
689.862328	-0.488296
690.863579	2.929777
691.864831	-1.892148
692.866083	5.066073
693.867334	3.540147
694.868586	3.418073
695.869837	5.676443
696.871089	3.051851
697.872340	7.995849
698.873592	3.662221
699.874844	6.408887
700.876095	0.793481
701.877347	1.281777
702.878598	1.770074
703.879850	4.638813
704.881101	3.906369
705.882353	3.845332
706.883605	3.173925
707.884856	0.732444
708.886108	4.638813
709.887359	5.371258
710.888611	2.380444
711.889862	3.845332
712.891114	-1.342814
713.892365	-1.159703
714.893617	8.423109
715.894869	5.493332
716.896120	5.798517
717.897372	0.122074
718.898623	2.441481
719.899875	2.258370
720.901126	-0.671407
721.902378	2.502518
722.903630	3.479110
723.904881	1.098666
724.906133	3.723258
725.907384	5.188147
726.908636	2.624592
727.909887	6.530961
728.911139	5.737480
729.912390	4.211554
730.913642	2.441481
731.914894	5.615406
732.916145	2.685629
733.917397	1.098666
734.918648	3.112888
735.919900	6.042665
736.921151	7.690664
737.922403	4.638813
738.923655	0.976592
739.924906	4.028443
740.926158	3.234962
741.927409	5.798517
742.928661	5.737480
743.929912	3.112888
744.931164	0.488296
745.932416	1.709037
746.933667	2.563555
747.934919	1.709037
748.936170	4.821924
749.937422	2.136296
750.938673	6.408887
751.939925	0.671407
752.941176	7.080294
753.942428	-0.122074
754.943680	3.479110
755.944931	5.493332
756.946183	2.380444
757.947434	5.798517
758.948686	0.793481
759.949937	0.976592
760.951189	3.173925
761.952441	4.211554
762.953692	5.493332
763.954944	0.915555
764.956195	4.150517
765.957447	5.676443
766.958698	1.892148
767.959950	0.061037
768.961202	3.357036
769.962453	4.455702
770.963705	3.540147
771.964956	5.249184
772.966208	6.530961
773.967459	-0.488296
774.968711	2.075259
775.969962	5.859554
776.971214	3.418073
777.972466	4.150517
778.973717	4.882962
779.974969	3.418073
780.976220	0.549333
781.977472	3.784295
782.978723	1.892148
783.979975	7.080294
784.981227	2.624592
785.982478	3.540147
786.983730	4.455702
787.984981	3.234962
788.986233	4.699850
789.987484	3.112888
790.988736	0.976592
791.989987	0.488296
792.991239	2.990814
793.992491	3.357036
794.993742	-0.183111
795.994994	4.821924
796.996245	2.807703
797.997497	0.854518
798.998748	2.929777
800.000000	7.629627
