Frequenze (Hz),Parte Reale,Parte Immaginaria,Ampiezza,Fase
4300000000.0,0.5993235392,0.6737656318,0.9017476538555935,0.8438052449822491
4300200200.0,0.5986526665,0.6742108299,0.9016347698830204,0.8446893620495619
4300400400.0,0.5991916347,0.6736708735,0.9015891863241879,0.8438447057509115
4300600601.0,0.6000968995,0.6728414677,0.9015719213940745,0.8424830433302167
4300800801.0,0.6011520219,0.6718239129,0.9015160139335989,0.8408582990103741
4301001001.0,0.6022996182,0.6707965778,0.9015169875670992,0.8391497802331461
4301201201.0,0.6034409584,0.6697140503,0.9014754014635904,0.8374054443607833
4301401401.0,0.6046273452,0.6686374386,0.9014711591954392,0.8356282893455054
4301601602.0,0.6058107902,0.6675241976,0.9014406624422221,0.8338262325357109
4301801802.0,0.6069715328,0.6664035521,0.9013923318295308,0.83203714799771
4302002002.0,0.6081601984,0.6652866916,0.9013685200504846,0.8302278453221277
4302202202.0,0.6093218356,0.6641942505,0.9013473812777236,0.8284588644410334
4302402402.0,0.6105264701,0.6630309669,0.9013060710774754,0.8266014726437868
4302602603.0,0.6117102647,0.6618869842,0.9012679001233291,0.8247754333313552
4302802803.0,0.6128907698,0.6607257659,0.9012178612467566,0.8229389154472054
4303003003.0,0.6140927401,0.6595793299,0.9011963081786671,0.8210959442969357
4303203203.0,0.6152736774,0.6584760409,0.9011949814222546,0.8193026327899398
4303403403.0,0.6164560145,0.6572797367,0.9011296633058117,0.8174375815873195
4303603604.0,0.6176501554,0.6561372866,0.9011147836610244,0.8156036940318161
4303803804.0,0.6188344595,0.6549689276,0.9010773465059208,0.8137579405600668
4304004004.0,0.6200299313,0.6537886216,0.9010419953817416,0.8118939229665518
4304204204.0,0.6211741753,0.6526354254,0.9009940924038703,0.810091693034581
4304404404.0,0.6223831251,0.6514771548,0.9009901429180818,0.8082334562079094
4304604605.0,0.623560358,0.6502823204,0.9009409616028657,0.8063725303214941
4304804805.0,0.6247338675,0.6491046525,0.9009046870222474,0.8045275992204297
4305005005.0,0.6259306058,0.6479145812,0.9008786976106864,0.8026544151497202
4305205205.0,0.6271017174,0.6467591591,0.9008629051336106,0.8008283268934036
4305405405.0,0.6282758614,0.6455858494,0.9008394124167922,0.7989859198566962
4305605606.0,0.6294605447,0.6443553847,0.9007854567686502,0.7970907171356553
4305805806.0,0.6306223888,0.6431458364,0.9007336810259035,0.7952296569544431
4306006006.0,0.6318011122,0.6419611045,0.9007145524904197,0.79337435919548
4306206206.0,0.632965055,0.6407908857,0.9006984623320634,0.7915419873307492
4306406406.0,0.6341367225,0.6395633944,0.9006501642033337,0.7896586945795898
4306606607.0,0.6352935852,0.638365644,0.9006156976401224,0.7878101530192678
4306806807.0,0.6364463072,0.6371864677,0.9005945239498849,0.7859793045483853
4307007007.0,0.6376303335,0.6359582637,0.9005639096519691,0.7840852835216499
4307207207.0,0.6387956372,0.6347610733,0.9005451050795412,0.7822302240587583
4307407407.0,0.6399555585,0.6335291953,0.9005011705447763,0.7803519242236961
4307607608.0,0.6411016991,0.6322774318,0.9004366381664567,0.7784684707109337
4307807808.0,0.642270844,0.6310786928,0.9004288720152354,0.7766088540445427
4308008008.0,0.6434190303,0.6298606457,0.9003957360815372,0.7747501711014073
4308208208.0,0.644598957,0.6286269986,0.9003775423311781,0.7728543406728802
4308408408.0,0.6457352836,0.6273985551,0.9003349395794545,0.7709963305596231
4308608609.0,0.6469443656,0.6262103796,0.9003757280715439,0.7691140837440507
4308808809.0,0.6479992017,0.6249255562,0.9002415876839487,0.767273668011673
4309009009.0,0.6491574217,0.6237110907,0.9002337934172295,0.7654094986905039
4309209209.0,0.6502775987,0.6224829217,0.9001921701388024,0.7635635296502866
4309409409.0,0.6514268329,0.6212320997,0.9001590083534105,0.7616769065008812
4309609610.0,0.6525652518,0.6199858209,0.9001243391742301,0.7598020860504316
4309809810.0,0.6536824331,0.6187328777,0.9000728288813405,0.7579379702130437
4310010010.0,0.6548133154,0.6174860886,0.9000386367482603,0.7560681782453521
4310210210.0,0.6559530875,0.616242562,0.9000163044195958,0.7541941295874619
4310410410.0,0.6570767601,0.6149946348,0.8999823717697466,0.7523286484995354
4310610611.0,0.6581812774,0.6137183949,0.8999182530422016,0.7504545394947044
4310810811.0,0.6593223764,0.6124797231,0.8999096661501064,0.7485830891962164
4311011011.0,0.6604393437,0.611201564,0.8998596993659249,0.7466976188658094
4311211211.0,0.6615505049,0.6099438098,0.8998224945214381,0.7448329917287098
4311411411.0,0.6626813332,0.6086710439,0.8997927478336581,0.742941144071959
4311611612.0,0.6637905328,0.6073946073,0.8997477871114933,0.741062395824939
4311811812.0,0.664908976,0.6061255099,0.899717778037593,0.7391825734195603
4312012012.0,0.666012826,0.6048590504,0.8996819189287378,0.7373157076661789
4312212212.0,0.6671159546,0.6035837419,0.8996427237341916,0.7354419438090787
4312412412.0,0.6682066625,0.6022937266,0.8995876149164708,0.7335651240273602
4312612613.0,0.6693079376,0.6009899449,0.899534340203458,0.7316688452941277
4312812813.0,0.670434283,0.5997313941,0.8995331416300645,0.7297912445635121
4313013013.0,0.6715499211,0.5984271036,0.8994966897396017,0.7278836020838283
4313213213.0,0.6726495012,0.5971256554,0.8994533894546667,0.7259900271969985
4313413413.0,0.6737128261,0.5958203539,0.8993836034602645,0.7241197718380029
4313613614.0,0.6748133239,0.5945326237,0.8993564714597723,0.7222365682327926
4313813814.0,0.6759270506,0.5932464863,0.8993435223762448,0.7203448856359675
4314014014.0,0.6770227692,0.5919482697,0.8993122839236993,0.7184562241093151
4314214214.0,0.6781013887,0.5906094172,0.8992446702884551,0.7165458517630962
4314414414.0,0.679198675,0.5892995876,0.8992134585665884,0.7146459738388897
4314614615.0,0.6802873793,0.5880019544,0.8991869754467542,0.7127624739064689
4314814815.0,0.6813650526,0.586663758,0.8991288560908739,0.7108526881343955
4315015015.0,0.682456001,0.5853520685,0.8991013499034137,0.7089554280210812
4315215215.0,0.6835332703,0.5840161784,0.8990509597569837,0.7070474772692642
4315415415.0,0.6846035431,0.5826773976,0.8989966412056177,0.7051419151180975
4315615616.0,0.6856906549,0.5813339418,0.8989554082967167,0.7032200492977579
4315815816.0,0.68676184,0.5800300899,0.8989308816975795,0.7013431052260125
4316016016.0,0.6878402996,0.5786710756,0.8988795756328424,0.6994138971877152
4316216216.0,0.6889203164,0.5773384604,0.8988497650918748,0.6975058741985267
4316416416.0,0.6899945941,0.5760212707,0.8988287068101832,0.6956149980368002
4316616617.0,0.6910500294,0.5746577673,0.8987667620979104,0.6936978248894939
4316816817.0,0.69211999,0.5733027323,0.898724709474623,0.6917773410515763
4317017017.0,0.6931735842,0.5719245059,0.8986585882756775,0.6898483695308699
4317217217.0,0.6942579138,0.5705827998,0.8986427445328512,0.6879288021229817
4317417417.0,0.6953102161,0.5692286671,0.8985975584551025,0.6860210507982042
4317617618.0,0.696362385,0.5678764259,0.8985567351791686,0.6841148397358198
4317817818.0,0.6974219504,0.5665190962,0.8985217099541919,0.6821988764633335
4318018018.0,0.6984624036,0.5651322826,0.8984565799633144,0.6802706402521155
4318218218.0,0.6995346718,0.5637722289,0.8984363545233506,0.6783431017918293
4318418418.0,0.7005805589,0.5623938347,0.8983874135456303,0.6764179462265156
4318618619.0,0.7016273693,0.5610215401,0.8983463328844921,0.6744972491903428
4318818819.0,0.702661723,0.5596407512,0.898293530742056,0.6725776261046513
4319019019.0,0.7037014685,0.5582657921,0.8982518863871631,0.6706591382934006
4319219219.0,0.7047547116,0.5568820785,0.8982187110480829,0.668723515743104
4319419419.0,0.7057868772,0.5554806777,0.8981613993741765,0.6667867964664351
4319619620.0,0.7068074134,0.55409089,0.8981054693176023,0.6648680024840838
4319819820.0,0.7078512536,0.5526803853,0.8980584644211355,0.6629148239515791
4320020020.0,0.708889284,0.5513010934,0.8980294608497363,0.6609928571205953
4320220220.0,0.7098841846,0.5498938112,0.8979525372430707,0.6590755439569347
4320420420.0,0.7109290423,0.5484948766,0.8979235673719921,0.6571312832316487
4320620621.0,0.7119553849,0.5470781659,0.8978724796387375,0.6551837704477365
4320820821.0,0.7129509335,0.5456636361,0.897801669267993,0.6532588182048134
4321021021.0,0.7139909559,0.5442586363,0.8977753328612518,0.6513119792273933
4321221221.0,0.7150023099,0.5428486609,0.897726557367698,0.6493799291711833
4321421421.0,0.7160264167,0.5414411654,0.8976928010193421,0.6474413113306292
4321621622.0,0.7170383275,0.540003945,0.897634794178323,0.6454842768683494
4321821822.0,0.7180482115,0.5385880254,0.8975913853990688,0.643547336309156
4322022022.0,0.7190600241,0.537150531,0.8975399775008769,0.6415896722582187
4322222222.0,0.7200771266,0.5357161821,0.897498131483466,0.6396310851929754
4322422422.0,0.7210638371,0.5342884071,0.8974392230869067,0.6376983695426713
4322622623.0,0.7220731509,0.5328531207,0.8973973944080643,0.6357437163121716
4322822823.0,0.723095778,0.5314308951,0.8973774570537264,0.6337918303341676
4323023023.0,0.7240755093,0.5299840715,0.897311795983855,0.6318459793228625
4323223223.0,0.7250625659,0.5285412148,0.8972577891619284,0.629898614371155
4323423423.0,0.7260541575,0.5270857941,0.8972034741155779,0.6279367207475026
4323623624.0,0.7270691368,0.5256259135,0.8971689532244228,0.6259552954893961
4323823824.0,0.7280326992,0.524170341,0.8970987445585319,0.6240111097870783
4324024024.0,0.7290320676,0.5227218555,0.8970651558312217,0.6220497885343219
4324224224.0,0.7300110385,0.5212603137,0.8970108310218283,0.62008969644742
4324424424.0,0.7310008981,0.5197991734,0.8969690594944343,0.6181227043113311
4324624625.0,0.7319795564,0.5183252559,0.8969142332973322,0.6161511277926238
4324824825.0,0.7329550849,0.5168622013,0.8968665963304955,0.6141912275036562
4325025025.0,0.7339268442,0.5153934501,0.8968160463792741,0.6122283436057147
4325225225.0,0.7348926958,0.5139082149,0.8967546641539681,0.6102539575421277
4325425425.0,0.735866076,0.5124337351,0.8967091025946903,0.608284353944193
4325625626.0,0.7368342295,0.5109594282,0.8966628234901509,0.6063180379310028
4325825826.0,0.7377878333,0.509483922,0.896607357622059,0.604359646800075
4326026026.0,0.7387735114,0.5079901979,0.8965714373705908,0.6023640074645026
4326226226.0,0.7397141474,0.506495152,0.8965011761638754,0.600395383687289
4326426426.0,0.7406831636,0.5050323771,0.896476017950163,0.5984383669668538
4326626627.0,0.7416156181,0.5035002062,0.8963850638276429,0.5964401109636925
4326826827.0,0.7425787214,0.5020229235,0.8963538214318861,0.5944730386816416
4327027027.0,0.7435238727,0.5005330799,0.8963041410977557,0.5925053965446131
4327227227.0,0.7444739459,0.4990260582,0.8962524548845298,0.5905185655390313
4327427427.0,0.745411116,0.497521728,0.8961950689936156,0.5885420038950722
4327627628.0,0.7463465248,0.4960065944,0.89613373821619,0.5865562442697275
4327827828.0,0.7472968835,0.4944961499,0.8960909966932687,0.5845653779543993
4328028028.0,0.7482266854,0.4929801493,0.8960315844592315,0.5825817737940305
4328228228.0,0.749156519,0.4914684984,0.8959781107146246,0.5806019541459189
4328428428.0,0.7500883584,0.4899367193,0.8959188212810655,0.578601872207583
4328628629.0,0.7510222521,0.4884272876,0.8958770219297116,0.576621195071666
4328828829.0,0.7519310412,0.4868947356,0.8958050983752605,0.5746339089799825
4329029029.0,0.7528757254,0.4853694635,0.8957708267156583,0.5726314288710731
4329229229.0,0.7537885769,0.4838426694,0.895712536139271,0.5706465703505873
4329429429.0,0.754701708,0.4823028482,0.8956509953324171,0.5686490373791678
4329629630.0,0.7556187729,0.4807789928,0.8956049184080468,0.5666639205673084
4329829830.0,0.7565321649,0.4792343655,0.8955481525883845,0.5646612081872436
4330030030.0,0.7574509803,0.4776922568,0.8955009099739141,0.5626573982255534
4330230230.0,0.7583498736,0.4761459669,0.8954381679291271,0.5606612606625926
4330430430.0,0.7592498834,0.4746075294,0.8953841032797519,0.5586716268795012
4330630631.0,0.7601541317,0.4730561794,0.8953303595930979,0.5566670148605304
4330830831.0,0.7610735179,0.471511477,0.895296583591942,0.554659577243501
4331031031.0,0.7619632971,0.4699445668,0.8952295582655561,0.5526482432877725
4331231231.0,0.7628540251,0.4683975523,0.8951773738270548,0.5506550020245717
4331431431.0,0.763740856,0.4668359276,0.8951178014215588,0.5486498805502404
4331631632.0,0.7646479774,0.4652628095,0.8950731876476605,0.5466217467947296
4331831832.0,0.765526489,0.4636965589,0.8950113429987178,0.5446165428374841
4332032032.0,0.7664198272,0.4621331228,0.8949672478443877,0.5426052083294821
4332232232.0,0.7672984335,0.4605596728,0.8949089888146152,0.5405925615709539
4332432432.0,0.7681665434,0.4589853692,0.8948449069748144,0.538584858474717
4332632633.0,0.7690508847,0.4574104426,0.8947980645136536,0.5365670045252601
4332832833.0,0.7699229633,0.4558150888,0.8947339071446913,0.5345362841893853
4333033033.0,0.7707964297,0.4542586553,0.8946943958432014,0.5325419714264318
4333233233.0,0.7716620528,0.452657014,0.8946288035017128,0.5305083408695658
4333433433.0,0.7725388763,0.4510725615,0.8945852509029187,0.5284847006067186
4333633634.0,0.7733878008,0.4494822273,0.8945182854949525,0.5264708583328115
4333833834.0,0.7742610871,0.4478882164,0.8944741949252907,0.5244395265120374
4334034034.0,0.7751074311,0.446283062,0.8944048866003232,0.5224122359849639
4334234234.0,0.7759676281,0.4446868423,0.8943557164651461,0.5203856057358638
4334434434.0,0.7768209303,0.4430873658,0.8943026173973441,0.5183594174467466
4334634635.0,0.7776626723,0.4414749452,0.894236746688549,0.5163267910703708
4334834835.0,0.7785068603,0.4398823708,0.8941864635940272,0.5143118515985267
4335035035.0,0.7793566952,0.4382717383,0.8941358817011927,0.5122759945706327
4335235235.0,0.7801939504,0.4366541286,0.8940746211945527,0.5102399774386758
4335435435.0,0.781027579,0.4350295842,0.8940105247075261,0.5081988871406237
4335635636.0,0.7818490639,0.4334153223,0.8939445174761793,0.506174158795855
4335835836.0,0.7826782402,0.4317874213,0.8938823216036171,0.5041316232940878
4336036036.0,0.7835078216,0.4301628852,0.8938258299646334,0.5020918939169209
4336236236.0,0.7843334171,0.4285347377,0.8937678281272885,0.5000505075590561
4336436436.0,0.7851463972,0.4268972783,0.8936980201701735,0.4980064536945289
4336636637.0,0.7859614299,0.4252605909,0.8936341194600114,0.49596175576957113
4336836837.0,0.7867722935,0.4236133017,0.8935652584990228,0.49390853927734996
4337037037.0,0.7875821237,0.4219815341,0.8935065845830078,0.49187087346988806
4337237237.0,0.7883823281,0.4203397542,0.8934384165801762,0.48982812864585595
4337437437.0,0.7891882802,0.4187038625,0.8933818142750907,0.4877878875830276
4337637638.0,0.7899918574,0.4170429327,0.8933151417463596,0.48572385149700237
4337837838.0,0.7907864606,0.415396745,0.8932511864111183,0.48367879876442077
4338038038.0,0.7915882166,0.413727046,0.8931864157340587,0.4816064236764208
4338238238.0,0.792378923,0.412075392,0.8931240038799728,0.4795573903687567
4338438438.0,0.7931641688,0.4104188076,0.8930582267131302,0.47750598603140915
4338638639.0,0.7939537568,0.4087593778,0.8929987664472312,0.47544922942170864
4338838839.0,0.7947359948,0.4070890522,0.8929315751231109,0.473385099965039
4339039039.0,0.7955149959,0.4054226672,0.8928670941306657,0.4713262469739564
4339239239.0,0.7962923649,0.4037517403,0.8928028887684635,0.4692633947225493
4339439439.0,0.7970739544,0.4020732796,0.8927428582470727,0.46719059073429287
4339639640.0,0.7978426722,0.4003942301,0.8926748955138195,0.46512339478562426
4339839840.0,0.7986084611,0.3987223775,0.8926113423320157,0.46306457224797765
4340040040.0,0.7993742239,0.3970503817,0.8925514861585538,0.46100533456431236
4340240240.0,0.800137128,0.3953556155,0.8924827652741941,0.4589243749780118
4340440440.0,0.8008908739,0.3936695828,0.8924135433296785,0.4568564135679209
4340640641.0,0.8016470246,0.3919832065,0.8923501477716327,0.45478661045913965
4340840841.0,0.8023986804,0.390285057,0.8922813838835564,0.4527068602685082
4341041041.0,0.8031524874,0.3886002291,0.8922242184974467,0.4506391887139889
4341241241.0,0.8038898026,0.3869091248,0.8921532859199527,0.448572938634274
4341441441.0,0.8046386907,0.3852103926,0.8920933074171425,0.4464930546604943
4341641642.0,0.8053740662,0.3835060371,0.8920225709025913,0.4444137210172366
4341841842.0,0.8061160985,0.3818007382,0.891961304065892,0.44232991610696065
4342042042.0,0.8068469448,0.3800996285,0.8918955768019775,0.4402554279052613
4342242242.0,0.8075817044,0.3783791335,0.8918290071251438,0.4381590980764719
4342442442.0,0.8083102072,0.3766803926,0.891769874593775,0.4360875394475525
4342642643.0,0.8090380197,0.3749588012,0.8917043343605765,0.43399279075457065
4342842843.0,0.8097560206,0.3732445902,0.891636886300423,0.4319098668137757
4343043043.0,0.8104758509,0.3715341331,0.8915765345445379,0.4298296091406858
4343243243.0,0.811189777,0.3698057725,0.8915072426422745,0.4277335531793684
4343443443.0,0.8119052436,0.3680814927,0.8914449561545769,0.42564063633499855
4343643644.0,0.8126116147,0.3663511881,0.8913758070351825,0.4235454681953442
4343843844.0,0.8133190356,0.3646289348,0.8913148230354394,0.4214577449764167
4344044044.0,0.8140251465,0.3628982219,0.8912530833565336,0.41936167435256083
4344244244.0,0.8147229339,0.3611720451,0.8911894889328196,0.4172737607948906
4344444444.0,0.8154178813,0.3594326778,0.8911218609226571,0.4151732992813569
4344644645.0,0.8161134933,0.3576902596,0.891057549072474,0.41306909286676624
4344844845.0,0.8167988906,0.3559559789,0.8909910698767121,0.4109775446050298
4345045045.0,0.8174903225,0.3542202525,0.8909334513095339,0.40888151145217794
4345245245.0,0.8181684813,0.3524724756,0.8908627895744333,0.4067786884093861
4345445445.0,0.8188474925,0.3507283306,0.8907982812393614,0.4046789121284806
4345645646.0,0.819527965,0.3489741412,0.8907351102563089,0.4025678232016859
4345845846.0,0.8202014556,0.3472257398,0.8906717364708594,0.4004654844682686
4346046046.0,0.8208665114,0.3454752205,0.8906037039657594,0.39836433783955477
4346246246.0,0.821533463,0.3437252148,0.8905415510340202,0.3962625898257202
4346446446.0,0.8221987016,0.3419615911,0.8904765211393108,0.3941471762053588
4346646647.0,0.8228524952,0.3402090416,0.8904091311544691,0.3920478676618404
4346846847.0,0.8235086018,0.3384406258,0.8903417739444143,0.3899307803651511
4347047047.0,0.824172126,0.3366793832,0.8902879873093269,0.38781769028266644
4347247247.0,0.8248208579,0.3349139228,0.8902228840645339,0.385706215747453
4347447447.0,0.8254663637,0.3331464324,0.8901579989085918,0.3835936833905253
4347647648.0,0.8261073382,0.3313748323,0.8900913513284703,0.38147846250152506
4347847848.0,0.8267506023,0.3296059695,0.8900318272586929,0.3793648384656375
4348048048.0,0.8273869469,0.3278263734,0.8899658931650694,0.37724259292065787
4348248248.0,0.8280204739,0.3260494678,0.8899023320849563,0.37512401562989206
4348448448.0,0.8286483533,0.3242702195,0.889836652808469,0.37300500636357375
4348648649.0,0.8292766536,0.3224873911,0.8897740643694324,0.3708817723046166
4348848849.0,0.8299061459,0.3207019968,0.8897156746703406,0.36875507608717395
4349049049.0,0.8305235295,0.3189133255,0.889648830851031,0.3666295506624982
4349249249.0,0.8311374288,0.3171284641,0.8895841097359485,0.364509113102623
4349449449.0,0.8317518698,0.3153358974,0.889521163944321,0.3623800609181517
4349649650.0,0.8323565426,0.3135401054,0.8894519726793959,0.36025119499736646
4349849850.0,0.8329637102,0.3117420987,0.8893883733285647,0.35811869211039965
4350050050.0,0.8335711911,0.3099508484,0.8893314674831608,0.3559928919887927
4350250250.0,0.8341682527,0.3081451803,0.8892638112251563,0.35385568098192094
4350450450.0,0.8347619149,0.3063448028,0.8891988488353354,0.35172505718962027
4350650651.0,0.8353555772,0.3045387502,0.889135979888635,0.34958813506181813
4350850851.0,0.8359406305,0.3027286986,0.8890677154619817,0.34744998843357183
4351051051.0,0.8365264819,0.3009163657,0.8890034949684321,0.3453088046845562
4351251251.0,0.8371034446,0.2991091583,0.8889367050246715,0.3431761155319488
4351451451.0,0.8376867305,0.297298882,0.8888788914662276,0.3410374825600667
4351651652.0,0.8382630382,0.2954753284,0.8888141486865421,0.3388871027014259
4351851852.0,0.838832257,0.2936627315,0.888750445994687,0.33675069074558595
4352052052.0,0.839399954,0.2918395461,0.8886858857003729,0.33460329066958133
4352252252.0,0.839958508,0.2900191453,0.8886176904620617,0.3324619084931259
4352452452.0,0.8405232585,0.2881954124,0.8885583513804053,0.33031439828856657
4352652653.0,0.8410751869,0.2863713487,0.8884908662305578,0.32817091002816745
4352852853.0,0.8416330639,0.2845442151,0.8884321159191493,0.3260216881034399
4353053053.0,0.8421756998,0.2827121767,0.8883614603234832,0.3238724175661087
4353253253.0,0.842723525,0.2808816784,0.8883003190640126,0.3217226126593945
4353453453.0,0.8432699564,0.2790450677,0.8882400402900984,0.3195664816398787
4353653654.0,0.8438012106,0.2772116971,0.8881704836455037,0.3174188671478875
4353853854.0,0.8443344135,0.2753722157,0.88810498196999,0.31526370420386196
4354054054.0,0.8448653831,0.2735261751,0.8880394608493171,0.31310198091704106
4354254254.0,0.8453916114,0.271686251,0.8879754476380096,0.3109481401739994
4354454454.0,0.8459249429,0.2698410078,0.8879207050806327,0.30878586047882645
4354654655.0,0.8464409983,0.2679920396,0.8878525197869681,0.3066251977452385
4354854855.0,0.8469561401,0.2661471688,0.887788836781217,0.3044689247241799
4355055055.0,0.8474603913,0.264296221,0.8877170761324972,0.3023094697202739
4355255255.0,0.8479759361,0.2624460937,0.8876604870687106,0.30014679695935464
4355455455.0,0.8484841951,0.260593305,0.8876003041602216,0.2979834022123685
4355655656.0,0.8489846134,0.2587395733,0.8875365009854037,0.2958212832493135
4355855856.0,0.8494858727,0.2568779444,0.8874753665516864,0.29365007164927975
4356056056.0,0.8499793838,0.2550226514,0.8874128157808595,0.291487918806149
4356256256.0,0.8504659353,0.2531617618,0.8873461470831908,0.2893216639704973
4356456456.0,0.8509588645,0.2512990403,0.8872892407365427,0.28715107792346106
4356656657.0,0.8514391192,0.2494315314,0.8872230061042269,0.28497906158985375
4356856857.0,0.8519122276,0.2475689504,0.8871554704427809,0.28281431309362515
4357057057.0,0.8523844276,0.2456976285,0.8870887988614802,0.2806400608080419
4357257257.0,0.8528584568,0.2438330837,0.8870299431484423,0.27847227100957517
4357457457.0,0.853327918,0.2419679251,0.8869706942258092,0.2763049429006595
4357657658.0,0.8537930266,0.2400923869,0.8869086122696789,0.27412739785817924
4357857858.0,0.8542587854,0.2382190442,0.8868519523870062,0.27195174597127747
4358058058.0,0.8547118012,0.2363446012,0.8867869155704403,0.2697784602621337
4358258258.0,0.8551567871,0.2344679532,0.8867177406598968,0.26760486237506353
4358458458.0,0.8556053404,0.2325830035,0.8866540204826688,0.2654208450914472
4358658659.0,0.856058862,0.2307040138,0.8866008781814767,0.26324155689492995
4358858859.0,0.8565046398,0.2288262232,0.8865447751935059,0.26106557902328664
4359059059.0,0.8569438813,0.2269413078,0.8864847279471219,0.25888345434838844
4359259259.0,0.8573707416,0.2250509397,0.8864155425146759,0.25669864086732574
4359459459.0,0.8578032987,0.2231687934,0.8863581723029429,0.25452085565211313
4359659660.0,0.8582308481,0.2212777058,0.8862979249183407,0.2523344406479953
4359859860.0,0.8586537874,0.219388746,0.8862379750878524,0.2501513527467258
4360060060.0,0.8590693794,0.2174905111,0.8861728505439785,0.24795986845916515
4360260260.0,0.8594850957,0.215597485,0.8861133704378709,0.24577374006133498
4360460460.0,0.859900798,0.2137117832,0.886059878721275,0.2435953545397761
4360660661.0,0.8602991175,0.2117870853,0.8859843909861778,0.24137866896053362
4360860861.0,0.8607071105,0.2098945582,0.8859302769559423,0.23919430935853414
4361061061.0,0.8611014034,0.2079880182,0.8858637833505855,0.23699794837428934
4361261261.0,0.8615021219,0.206086294,0.8858089334686442,0.23480486805229808
4361461461.0,0.8618913491,0.2041770937,0.8857454393025102,0.23260630419583436
4361661662.0,0.8622769167,0.2022724518,0.8856837052982527,0.2304133901193151
4361861862.0,0.8626647248,0.2003753875,0.8856301278355626,0.22822794281927195
4362062062.0,0.8630487128,0.1984675598,0.8855746456164513,0.2260313633622459
4362262262.0,0.8634221832,0.196560286,0.8855133045156669,0.2238377655903457
4362462462.0,0.8637971414,0.1946548343,0.8854580769337258,0.2216455125349017
4362662663.0,0.8641681553,0.1927566675,0.8854048415839562,0.21946199675504474
4362862863.0,0.8645391319,0.1908523701,0.8853544701187163,0.2172714762359375
4363063063.0,0.8648965642,0.1889405762,0.8852935152251782,0.2150757095086565
4363263263.0,0.8652569557,0.1870338113,0.8852407841692767,0.21288449742752338
4363463463.0,0.8656172283,0.1851247135,0.8851916998471187,0.21069048570456336
4363663664.0,0.8659646531,0.183208554,0.8851328457793068,0.2084914403364349
4363863864.0,0.8663082502,0.181299957,0.8850760751329728,0.20630136228504914
4364064064.0,0.8666599188,0.179390495,0.8850312788544638,0.20410820809529165
4364264264.0,0.8670050577,0.1774752415,0.8849831814350281,0.20190991088002044
4364464464.0,0.8673383026,0.175558459,0.8849274002332077,0.1997123582898469
4364664665.0,0.8676721332,0.1736401495,0.8848761677490365,0.19751271725281505
4364864865.0,0.8679948483,0.17171648,0.8848172727625351,0.19530932760890024
4365065065.0,0.868326972,0.1698050174,0.8847742504373096,0.1931171547835761
4365265265.0,0.868646505,0.1678842674,0.8847213560715881,0.19091717312468773
4365465465.0,0.8689625721,0.1659643577,0.8846694974607304,0.18871860698678436
4365665666.0,0.8692791018,0.1640350715,0.8846206314054771,0.18650928111677012
4365865866.0,0.8695879125,0.1621134102,0.8845698928478072,0.1843097950124653
4366066066.0,0.8698913708,0.1601840168,0.8845167698978272,0.182102566063834
4366266266.0,0.8701980633,0.1582622065,0.8844724955459721,0.17990286368723857
4366466466.0,0.8704908055,0.1563292255,0.8844167960896427,0.17769330830066904
4366666667.0,0.8707898505,0.1543957789,0.8843715397252164,0.17548172274785862
4366866867.0,0.8710796258,0.1524698785,0.8843227794949493,0.17328013437370884
4367067067.0,0.8713662839,0.1505381996,0.8842742505899993,0.1710724746728048
4367267267.0,0.871653261,0.1486009066,0.884229402844237,0.16885826394138664
4367467467.0,0.8719385827,0.1466705282,0.8841884051735533,0.1666518619464937
4367667668.0,0.8722123468,0.1447393261,0.8841401757811064,0.16444648697856765
4367867868.0,0.8724836466,0.1427979616,0.8840921736004389,0.1622299885897127
4368068068.0,0.8727442564,0.1408642626,0.8840391832701934,0.16002374728312563
4368268268.0,0.8730053976,0.1389163577,0.8839887887724416,0.15780128721958916
4368468468.0,0.873277382,0.1369818159,0.8839555440179305,0.15559161878419203
4368668669.0,0.8735332052,0.1350421175,0.8839098563122085,0.15337882297592023
4368868869.0,0.8737812645,0.1330998363,0.8838604327688313,0.15116424318645685
4369069069.0,0.8740260247,0.1311456877,0.8838103208580397,0.14893670165916542
4369269269.0,0.8742766435,0.1292013701,0.8837718276825435,0.14671895392320622
4369469469.0,0.8745078548,0.1272544889,0.883718107233352,0.14450131558884238
4369669670.0,0.8747542076,0.1253110061,0.8836842037536363,0.14228479564662178
4369869870.0,0.8749843832,0.1233594692,0.8836374989129819,0.14006164698696863
4370070070.0,0.8752108102,0.1214131835,0.8835921703017434,0.13784474386356146
4370270270.0,0.8754232193,0.1194569051,0.8835359444106653,0.13561856337009653
4370470470.0,0.8756483723,0.1175096229,0.883497924947048,0.13340028418529815
4370670671.0,0.8758635531,0.1155616236,0.8834542730090927,0.1311824967686421
4370870871.0,0.8760794953,0.1136069292,0.883414860893429,0.12895687452051394
4371071071.0,0.8762855323,0.1116475581,0.8833694082024729,0.12672723023269664
4371271271.0,0.8764917292,0.1096946292,0.8833293061091835,0.12450458173705349
4371471471.0,0.8766851018,0.1077372572,0.8832802977011631,0.12227852071901583
4371671672.0,0.8768883071,0.1057820107,0.8832456832141546,0.12005327957223898
4371871872.0,0.8770755892,0.1038235055,0.8831992467528692,0.11782633035956941
4372072072.0,0.8772634442,0.1018541797,0.8831565118663885,0.11558691276869604
4372272272.0,0.877455057,0.0999060467,0.8831243373512565,0.11337065193699282
4372472472.0,0.8776314077,0.0979403232,0.8830793818734555,0.11113636103210678
4372672673.0,0.877809174,0.0959769698,0.8830405000284824,0.10890434767325932
4372872873.0,0.8779754734,0.0940159741,0.8829948670733744,0.10667618646722593
4373073073.0,0.8781403496,0.0920526719,0.8829519624529634,0.10444537603829628
4373273273.0,0.8783057186,0.0900915838,0.8829141684201555,0.10221679758039695
4373473473.0,0.8784705434,0.0881211892,0.8828792893751181,0.09997761249107974
4373673674.0,0.8786296482,0.0861619108,0.8828442295041424,0.09775142520142066
4373873874.0,0.8787676856,0.084195466,0.8827918903964499,0.09551926744718943
4374074074.0,0.8789293695,0.0822274183,0.8827673447120429,0.09328255301636815
4374274274.0,0.8790667297,0.0802564877,0.8827227305804428,0.09104497832558843
4374474474.0,0.8792036133,0.0782884614,0.8826823193132143,0.08881051388134181
4374674675.0,0.8793423511,0.0763207748,0.8826481921491417,0.0865760577663864
4374874875.0,0.879474946,0.0743442242,0.8826116044521524,0.08433201910411472
4375075075.0,0.8795922193,0.0723796025,0.8825651698946414,0.08210269981332
4375275275.0,0.8797309284,0.0704175242,0.8825446924082562,0.07987409176737945
4375475475.0,0.8798437389,0.0684317691,0.882500941587989,0.07762091935279256
4375675676.0,0.8799580828,0.0664624088,0.8824644351295694,0.07538592981039396
4375875876.0,0.8800719674,0.0644902998,0.882431678132421,0.07314769796443774
4376076076.0,0.8801760758,0.0625130693,0.8823932276734642,0.07090430659826188
4376276276.0,0.8802788183,0.0605322973,0.882357612855502,0.06865683298623472
4376476476.0,0.8803707485,0.0585612116,0.8823163096749997,0.06642095656367232
4376676677.0,0.8804663816,0.0565825331,0.8822826260217355,0.06417602464376869
4376876877.0,0.8805581138,0.0546064844,0.8822496584966986,0.061934181348957416
4377077077.0,0.8806543776,0.052634528,0.8822258930250382,0.05969650568867877
4377277277.0,0.8807447439,0.0506605843,0.8822005433625022,0.057456855628180856
4377477477.0,0.8808073188,0.0486763338,0.8821513012651819,0.05520716086740834
4377677678.0,0.8808790932,0.0466924932,0.8821157326326781,0.052957138322381615
4377877878.0,0.8809583825,0.0447116521,0.8820922874226527,0.05070990997166719
4378078078.0,0.8810178012,0.0427364901,0.8820537249041863,0.048470095767142445
4378278278.0,0.8810795386,0.0407573513,0.8820217202680332,0.04622547154396742
4378478478.0,0.8811265475,0.0387737238,0.8819792482630123,0.04397634551682681
4378678679.0,0.8811922217,0.0367936996,0.8819600375951492,0.041730213416563036
4378878879.0,0.8812429784,0.0348145638,0.8819304058891989,0.03948566903066598
4379079079.0,0.8812885979,0.0328341977,0.881900038171646,0.03723980791714354
4379279279.0,0.881313883,0.0308458485,0.8818535177330885,0.03498556311001477
4379479479.0,0.8813617993,0.0288540991,0.8818339868139616,0.032726398295275724
4379679680.0,0.8813950801,0.0268813543,0.8818049072405344,0.0304891924594981
4379879880.0,0.8814217468,0.0248965061,0.8817732881801028,0.028238341423547964
4380080080.0,0.8814418132,0.0229126899,0.8817395655270083,0.025988704888722965
4380280280.0,0.8814726828,0.0209258938,0.8817210349957396,0.02373523813742605
4380480480.0,0.8814895525,0.0189431265,0.8816930719974186,0.021486597514813605
4380680681.0,0.881491218,0.0169503932,0.8816541744021621,0.01922685570462759
4380880881.0,0.881495718,0.0149708602,0.8816228374466394,0.016981842058901003
4381081081.0,0.8815069349,0.0129748335,0.8816024175222896,0.014717861111558006
4381281281.0,0.8814951047,0.0109977516,0.8815637073690814,0.012475600794418666
4381481481.0,0.8814903115,0.0090023041,0.8815362787472084,0.01021224060061811
4381681682.0,0.8814800194,0.007016782,0.8815079465501487,0.00796005994978718
4381881882.0,0.8814702043,0.0050356609,0.8814845880384883,0.005712735490248152
4382082082.0,0.8814535598,0.0030525513,0.8814588454111351,0.0034630742176811782
4382282282.0,0.8814405345,0.0010583237,0.881441169851227,0.0012006745208667567
4382482482.0,0.8814065909,-0.0009316295,0.881407083256928,-0.0010569800165752886
4382682683.0,0.881374738,-0.0029160607,0.8813795619337759,-0.0033085246651722022
4382882883.0,0.8813380597,-0.0048962626,0.8813516601579695,-0.005555430376807939
4383083083.0,0.8813041866,-0.0068950951,0.8813311589040328,-0.007823580694363444
4383283283.0,0.8812480167,-0.0088867265,0.8812928235527447,-0.010083909538831301
4383483483.0,0.8812185012,-0.0108710021,0.8812855527828836,-0.012335704104719599
4383683684.0,0.8811675836,-0.0128639579,0.8812614775424579,-0.014597727360681604
4383883884.0,0.8811071895,-0.0148470746,0.8812322707508883,-0.016848880360459936
4384084084.0,0.8810536715,-0.0168250308,0.8812143063551856,-0.019094167091175743
4384284284.0,0.8809863891,-0.0188228488,0.8811874473779142,-0.021362402033431867
4384484484.0,0.8809144627,-0.0208128046,0.8811602938338446,-0.023621968049843536
4384684685.0,0.8808625148,-0.0227960654,0.881157438019734,-0.025873479626185678
4384884885.0,0.8807765843,-0.0247848404,0.8811252350062553,-0.028132334603779424
4385085085.0,0.8806951524,-0.0267752802,0.8811020752958465,-0.03039307660715697
4385285285.0,0.880613526,-0.0287557625,0.8810828996474219,-0.032642637702862125
4385485485.0,0.8805302854,-0.0307451974,0.881066882063882,-0.034902504151827586
4385685686.0,0.8804287673,-0.032740113,0.8810373030063201,-0.03716942844185436
4385885886.0,0.8803333043,-0.0347227133,0.8810178167770901,-0.0394222547070197
4386086086.0,0.8802387482,-0.0367139751,0.8810040691167926,-0.04168494916710928
4386286286.0,0.8801417604,-0.0387045143,0.8809923710380301,-0.043947004504861685
4386486486.0,0.8800343137,-0.0406896099,0.8809744818343175,-0.04620348426765259
4386686687.0,0.8799056618,-0.0426798732,0.8809401485027595,-0.04846706944576424
4386886887.0,0.879801448,-0.0446588816,0.8809341653089973,-0.050716653084498194
4387087087.0,0.8796827249,-0.0466484474,0.8809187102862099,-0.05297909560405445
4387287287.0,0.8795526821,-0.0486447558,0.880896834400116,-0.055249958002526925
4387487487.0,0.8794210774,-0.0506189525,0.8808766711223394,-0.05749596300559463
4387687688.0,0.8792801777,-0.0526166394,0.8808530760790322,-0.05976930952333055
4387887888.0,0.8791507865,-0.0546001919,0.8808446437136832,-0.062025940454472
4388088088.0,0.8789983111,-0.0565895098,0.8808180308872298,-0.06429081862487564
4388288288.0,0.8788557631,-0.0585762842,0.8808056728954251,-0.06655219115233692
4388488488.0,0.8787069243,-0.0605526898,0.8807908304783724,-0.06880236237889656
4388688689.0,0.8785648202,-0.0625302527,0.8807872477481632,-0.07105336584464429
4388888889.0,0.8783899923,-0.0645156394,0.8807560651508368,-0.07331595653885552
4389089089.0,0.8782430767,-0.0664966795,0.880756896172836,-0.0755713819751144
4389289289.0,0.878058353,-0.068474865,0.8807242919380848,-0.07782689790651912
4389489489.0,0.8778933469,-0.0704566305,0.8807161093750342,-0.08008483022729032
4389689690.0,0.8777194183,-0.072437406,0.8807034433047819,-0.08234250598104377
4389889890.0,0.8775203105,-0.0744259213,0.880670831299283,-0.08461140817736132
4390090090.0,0.8773563414,-0.0764048945,0.8806769315125436,-0.0868662105018989
4390290290.0,0.877163081,-0.0783856025,0.880658488489551,-0.08912589250003247
4390490490.0,0.8769732155,-0.0803614861,0.8806474829082348,-0.09137985042226145
4390690691.0,0.8767670952,-0.082341797,0.8806251817649976,-0.09364058445122288
4390890891.0,0.8765706527,-0.0843167357,0.8806165005801377,-0.09589429664035146
4391091091.0,0.8763708555,-0.0863033728,0.8806101001728618,-0.09816163560664758
4391291291.0,0.8761605965,-0.0882739314,0.8805962058878335,-0.1004120203521073
4391491491.0,0.8759442695,-0.0902557578,0.8805818900510849,-0.1026758993951977
4391691692.0,0.8757311718,-0.0922256252,0.8805740464070765,-0.10492595010532851
4391891892.0,0.8755084631,-0.0941996189,0.88056154649214,-0.10718185615595682
4392092092.0,0.8752824166,-0.0961785031,0.8805507442888755,-0.10944374946378979
4392292292.0,0.8750457334,-0.0981577623,0.8805339186205646,-0.11170745650013388
4392492492.0,0.8748097431,-0.1001351936,0.8805220858218138,-0.1139690864975362
4392692693.0,0.8745732812,-0.102111639,0.8805141742233344,-0.1162297156930471
4392892893.0,0.8743323617,-0.1040824266,0.880505667354188,-0.11848459184953497
4393093093.0,0.8740856435,-0.1060551014,0.8804961082854219,-0.12074242107061879
4393293293.0,0.8738460954,-0.1080335953,0.8804988677785281,-0.12300584764768586
4393493493.0,0.8735848445,-0.1100083375,0.8804841366314348,-0.1252681005356833
4393693694.0,0.8733340903,-0.1119758191,0.880483399811288,-0.12752072212107804
4393893894.0,0.8730568741,-0.1139509803,0.8804618852196807,-0.12978587430090344
4394094094.0,0.8728048614,-0.1159179231,0.8804687904629503,-0.13203810370612895
4394294294.0,0.8725270191,-0.1178948682,0.8804559040675615,-0.1343054722357414
4394494494.0,0.8722615017,-0.1198587471,0.880457975490211,-0.1365562875862715
4394694695.0,0.8719800726,-0.1218283653,0.8804495429058792,-0.13881603735528936
4394894895.0,0.871695557,-0.1238058545,0.8804436573126161,-0.14108516278688693
4395095095.0,0.8714036281,-0.1257725911,0.8804334317470294,-0.1433434222203451
4395295295.0,0.871120551,-0.1277384922,0.8804363331689992,-0.14559932497794803
4395495495.0,0.870834073,-0.1296993684,0.8804396111381678,-0.14785012544056242
4395695696.0,0.8705329453,-0.13167272,0.8804347301446549,-0.15011739619473802
4395895896.0,0.8702310432,-0.1336451585,0.8804334710467625,-0.1523837888623343
4396096096.0,0.8699297939,-0.1356043389,0.8804353372300561,-0.15463518330542775
4396296296.0,0.8696293082,-0.1375639601,0.880442489205743,-0.15688691579242567
4396496496.0,0.8693061832,-0.1395296298,0.8804327105133458,-0.15914945820437545
4396696697.0,0.8689799079,-0.1414948675,0.88042426015117,-0.16141213005212904
4396896897.0,0.8686619652,-0.1434554918,0.8804277868813012,-0.16366812167417596
4397097097.0,0.8683404073,-0.1454203474,0.8804329278189602,-0.1659295018574805
4397297297.0,0.868016622,-0.147375195,0.880438699836382,-0.16818006090410126
4397497497.0,0.8676722426,-0.1493428257,0.8804308037356336,-0.17044885508940189
4397697698.0,0.8673389157,-0.1512972292,0.8804360546066075,-0.17270072091884425
4397897898.0,0.8669939818,-0.1532545417,0.8804348465554369,-0.17495809677853352
4398098098.0,0.8666503002,-0.1552112003,0.8804392423871831,-0.17721448551772107
4398298298.0,0.8663031575,-0.1571675144,0.8804446537273902,-0.17947115697644858
4398498498.0,0.8659463409,-0.1591314874,0.8804464183584572,-0.18173833060184186
4398698699.0,0.8655875958,-0.1610779727,0.880447613030989,-0.18398635727209073
4398898899.0,0.8652286529,-0.1630337564,0.8804547844864284,-0.18624478636976355
4399099099.0,0.8648669703,-0.1649952621,0.8804648277082673,-0.1885101339655402
4399299299.0,0.8644974635,-0.1669446956,0.880469417860104,-0.190763640956375
4399499499.0,0.8641142815,-0.16889905,0.8804660019462215,-0.19302557751031224
4399699700.0,0.8637401419,-0.1708414564,0.8804736429640045,-0.1952722151476509
4399899900.0,0.8633624914,-0.1727912625,0.8804837374720551,-0.1975278256652261
4400100100.0,0.8629633117,-0.1747428437,0.8804775628967464,-0.19979020157019084
4400300300.0,0.8625819901,-0.1766904456,0.8804925912301609,-0.20204409997164952
4400500501.0,0.8621940533,-0.1786343132,0.8805048571122813,-0.20429528132314057
4400700701.0,0.8618003506,-0.1805791031,0.8805161308974887,-0.20654875667290257
4400900901.0,0.8613933872,-0.1825225916,0.880518633508837,-0.2088038387667043
4401101101.0,0.8609903981,-0.1844621136,0.8805286690245673,-0.2110535462887542
4401301301.0,0.8605786726,-0.1864040314,0.880535129711558,-0.2133079506454823
4401501502.0,0.8601601197,-0.1883481048,0.8805398571922057,-0.21556636033099444
4401701702.0,0.8597494973,-0.1902938468,0.8805571794253595,-0.21782463810431332
4401901902.0,0.8593356445,-0.1922299077,0.8805737262277252,-0.22007288749191803
4402102102.0,0.8589124375,-0.194162436,0.8805848209262102,-0.22231947035197125
4402302302.0,0.8584750336,-0.1960972477,0.8805870279932791,-0.22457210331682706
4402502503.0,0.85805525,-0.1980349409,0.8806115204048998,-0.22682340214736033
4402702703.0,0.8576107191,-0.1999689811,0.8806155454665737,-0.22907690583394263
4402902903.0,0.8571798583,-0.201901244,0.8806369409716786,-0.23132485404612496
4403103103.0,0.8567284676,-0.2038358447,0.8806433550426681,-0.23358065999865743
4403303303.0,0.8562845613,-0.2057633318,0.8806598654612179,-0.23582658186894456
4403503504.0,0.8558306352,-0.207688357,0.8806705001191961,-0.2380723747119998
4403703704.0,0.8553716867,-0.2096215772,0.8806826488785949,-0.24032849720419697
4403903904.0,0.8549225617,-0.2115474829,0.8807070591434,-0.24257380453169
4404104104.0,0.8544580251,-0.2134770023,0.8807218330260619,-0.2448271982197911
4404304304.0,0.8539987175,-0.2154073628,0.8807463547696894,-0.24707997881143226
4404504505.0,0.85352062,-0.2173205128,0.880752890457272,-0.2493189504095902
4404704705.0,0.8530629665,-0.219244079,0.8807862345599745,-0.25156355382405815
4404904905.0,0.8525750102,-0.2211606503,0.8807929275707481,-0.2538089273782275
4405105105.0,0.8521051958,-0.2230823051,0.8808228990881685,-0.2560546222424306
4405305305.0,0.8516114422,-0.2250025919,0.8808338179518778,-0.2583055936593915
4405505506.0,0.8511220432,-0.2269190071,0.8808524100007857,-0.2605509773661119
4405705706.0,0.8506458866,-0.2288338755,0.8808878288214961,-0.26279065399616086
4405905906.0,0.8501355603,-0.2307418063,0.8808928720685516,-0.26503269917921013
4406106106.0,0.849639804,-0.2326568872,0.8809182843503431,-0.26727816771474405
4406306306.0,0.8491433511,-0.2345641225,0.8809453775811148,-0.2695151215680607
4406506507.0,0.8486234619,-0.2364779893,0.8809560826230283,-0.2717663188413545
4406706707.0,0.8481311515,-0.2383889113,0.8809970052023532,-0.2740057612049302
4406906907.0,0.8476143515,-0.2402871768,0.8810153325585656,-0.27623874464857084
4407107107.0,0.8470914015,-0.2422036531,0.8810371456812812,-0.27849341634144464
4407307307.0,0.8465703377,-0.2441061263,0.8810613699230512,-0.2807321005721113
4407507508.0,0.8460368282,-0.2460060922,0.881077358732042,-0.2829718619238483
4407707708.0,0.8455021275,-0.2479054221,0.8810964452962033,-0.285211218470969
4407907908.0,0.8449768032,-0.2498032986,0.8811285297489421,-0.2874458680639456
4408108108.0,0.8444414996,-0.251698881,0.8811547951088669,-0.2896810837367528
4408308308.0,0.8439049549,-0.2535991729,0.8811856293655356,-0.29192167872653185
4408508509.0,0.8433566396,-0.255498129,0.8812092347904128,-0.29416452770981616
4408708709.0,0.8428060737,-0.2573949276,0.881234490144263,-0.2964056497120561
4408908909.0,0.8422644465,-0.259280253,0.881269338757281,-0.2986312049946717
4409109109.0,0.841714699,-0.2611772224,0.8813042471321919,-0.3008719224815869
4409309309.0,0.841140837,-0.263063176,0.8813172767149566,-0.30310868909722916
4409509510.0,0.8405821445,-0.2649464324,0.881348372491665,-0.30533728541088906
4409709710.0,0.840021138,-0.2668271745,0.8813808787002748,-0.3075637894084749
4409909910.0,0.8394432938,-0.2687147767,0.881403809115166,-0.30980335460115754
4410110110.0,0.838882957,-0.2706038951,0.8814482875293115,-0.31203833136561654
4410310310.0,0.8383030192,-0.2724751143,0.8814729944318395,-0.3142606338811818
4410510511.0,0.8377287711,-0.2743571103,0.8815108155325619,-0.3164924102571464
4410710711.0,0.8371474318,-0.2762377922,0.8815458810571722,-0.31872508906295516
4410910911.0,0.8365613059,-0.2781074443,0.8815773188462773,-0.3209474195031488
4411111111.0,0.8359676387,-0.279993275,0.8816110973659981,-0.3231896982008059
4411311311.0,0.8353780462,-0.2818593131,0.8816468411184453,-0.3254090449095009
4411511512.0,0.8347806656,-0.2837273299,0.8816801899735314,-0.3276331681295344
4411711712.0,0.8341864228,-0.2855937364,0.8817203469665271,-0.32985423154857774
4411911912.0,0.8335769099,-0.2874653233,0.8817521062171648,-0.3320862815924795
4412112112.0,0.8329686761,-0.2893385138,0.8817899925332445,-0.334319401652016
4412312312.0,0.8323577729,-0.2911968479,0.8818248501453924,-0.33653741617592225
4412512513.0,0.8317368169,-0.2930526071,0.8818537084545549,-0.3387562787592656
4412712713.0,0.8311276371,-0.294915588,0.88190042136106,-0.34097823716418396
4412912913.0,0.8304971678,-0.2967805198,0.881932096397778,-0.3432101553313028
4413113113.0,0.8298714751,-0.2986460847,0.8819728732173624,-0.34544074362269167
4413313313.0,0.8292494707,-0.3004960655,0.8820161960175167,-0.34765307825687736
4413513514.0,0.8286180717,-0.3023492901,0.8820561217812619,-0.3498722902855019
4413713714.0,0.8279802099,-0.3042032345,0.8820945730851709,-0.3520945831267726
4413913914.0,0.8273438513,-0.3060543564,0.8821378108636625,-0.35431307917786337
4414114114.0,0.8266959721,-0.3078880983,0.8821685277548471,-0.35651744242816075
4414314314.0,0.8260461381,-0.3097461866,0.8822102484006669,-0.3587482597780806
4414514515.0,0.8253918138,-0.3115867233,0.8822459591434152,-0.3609620405748331
4414714715.0,0.8247508523,-0.3134299046,0.8822994239299612,-0.3631730528726966
4414914915.0,0.8241146232,-0.3152851064,0.8823659164370171,-0.36539459379921185
4415115115.0,0.8234207988,-0.3171042451,0.8823700551111596,-0.3676011076640543
4415315315.0,0.8227646018,-0.3189372334,0.8824185791470841,-0.3698068120280765
4415515516.0,0.8220924416,-0.3207569799,0.88245171125134,-0.3720048592269724
4415715716.0,0.8214324195,-0.3225792044,0.8825013104335658,-0.3742003167974941
4415915916.0,0.8207518372,-0.3244056336,0.8825375875160177,-0.3764085110044412
4416116116.0,0.8200690967,-0.3262409278,0.8825794391068482,-0.3786267498417172
4416316316.0,0.8193954193,-0.3280444591,0.8826222410046296,-0.38080754205564465
4416516517.0,0.8187039001,-0.3298682318,0.8826602553586569,-0.3830169369935255
4416716717.0,0.8180202694,-0.3316808051,0.8827056800661435,-0.3852110149534848
4416916917.0,0.8173274056,-0.3334946973,0.8827473030669907,-0.38741019137382166
4417117117.0,0.8166298046,-0.3353003049,0.8827856660747654,-0.38960250670008917
4417317317.0,0.8159268354,-0.337130343,0.8828326392341622,-0.391822518794095
4417517518.0,0.8152365557,-0.3389283331,0.8828833766288409,-0.3940032482187523
4417717718.0,0.8145295662,-0.3407358664,0.8829265795440292,-0.396200991364156
4417917918.0,0.8138239599,-0.3425422475,0.8829748745177679,-0.39839669839724806
4418118118.0,0.8131177479,-0.3443365633,0.8830221632412308,-0.4005798402641286
4418318318.0,0.8124011187,-0.3461417137,0.8830683233069706,-0.40277864922258005
4418518519.0,0.8116878739,-0.3479388521,0.8831187063113134,-0.40496736922267235
4418718719.0,0.8109552759,-0.3497257113,0.8831514777513176,-0.40715381913369403
4418918919.0,0.8102335311,-0.351525535,0.8832035873318285,-0.4093486717095649
4419119119.0,0.8095024768,-0.3533086592,0.8832447387961256,-0.4115301426918048
4419319319.0,0.8087654686,-0.355110329,0.8832920971922401,-0.4137333344861168
4419519520.0,0.8080417232,-0.3568971867,0.8833498900811614,-0.4159148744839516
4419719720.0,0.8072994292,-0.3586804696,0.8833934840483726,-0.41810094578894824
4419919920.0,0.806548164,-0.3604631544,0.8834328647564392,-0.420290316241967
4420120120.0,0.8058256877,-0.3622261224,0.8834946534677602,-0.42244576568498104
4420320320.0,0.8050720728,-0.3640180083,0.8835440864887204,-0.4246452453544988
4420520521.0,0.8043259973,-0.3657923337,0.8835973864415465,-0.4268228450556109
4420720721.0,0.803562801,-0.3675636246,0.8836380442692898,-0.4290051082362216
4420920921.0,0.8028139056,-0.36932998,0.8836938390367595,-0.4311753226202924
4421121121.0,0.8020498326,-0.3711088743,0.8837452860173576,-0.43336534123107634
4421321321.0,0.8012844514,-0.3728757645,0.8837947203999685,-0.4355434045528157
4421521522.0,0.8005223081,-0.3746349162,0.8838479994896931,-0.43771173106747946
4421721722.0,0.7997479453,-0.3763934113,0.8838940977750801,-0.4398850008044137
4421921922.0,0.798977358,-0.3781622773,0.8839522196190144,-0.44206681101989154
4422122122.0,0.798199238,-0.3799190819,0.8840025635344728,-0.44423966645650004
4422322322.0,0.7974168104,-0.3816640541,0.8840480867580436,-0.446402295115793
4422522523.0,0.7966335485,-0.3834238165,0.8841034066528234,-0.448580174235159
4422722723.0,0.7958574924,-0.3851712878,0.8841640510418451,-0.45074170716409945
4422922923.0,0.7950573134,-0.386924948,0.884209843292659,-0.4529211651233207
4423123123.0,0.7942641196,-0.3886614531,0.884258568977291,-0.45507948885669264
4423323323.0,0.7934696464,-0.3904164464,0.8843184275914107,-0.45725696248275655
4423523524.0,0.7926821089,-0.3921543172,0.8843811023923734,-0.4594133000383235
4423723724.0,0.7918857229,-0.3938888633,0.8844384855741081,-0.46157041183364206
4423923924.0,0.7910692878,-0.3956324979,0.8844861171861279,-0.4637465628190632
4424124124.0,0.7902600381,-0.397377211,0.8845448409436075,-0.4659199090811628
4424324324.0,0.7894425635,-0.3991107842,0.8845953759376037,-0.46808591304667435
4424524525.0,0.7886348238,-0.4008280884,0.8846513673535216,-0.4702302791510353
4424724725.0,0.7878193267,-0.4025530078,0.8847079832412886,-0.47238601854630163
4424924925.0,0.7869975258,-0.4042819062,0.8847649209230819,-0.47454872789419966
4425125125.0,0.7861730986,-0.406000129,0.8848187643299287,-0.4767017906465023
4425325325.0,0.7853577928,-0.4077200125,0.8848855696103807,-0.47885149750478034
4425525526.0,0.7845182769,-0.4094420132,0.8849359801496457,-0.48101564853447604
4425725726.0,0.7836928254,-0.4111411699,0.8849923763344945,-0.48314930177650356
4425925926.0,0.7828517446,-0.4128780756,0.8850565853856028,-0.48532863772554014
4426126126.0,0.7820162488,-0.4145798799,0.8851134900142026,-0.4874696538731146
4426326326.0,0.7811684616,-0.4162884024,0.885166763593875,-0.4896236133375836
4426526527.0,0.7803297719,-0.4179858617,0.885226938979264,-0.49176143425283725
4426726727.0,0.7794778406,-0.4197039169,0.8852892645049081,-0.49392652977703594
4426926927.0,0.7786237422,-0.4213929451,0.8853400172236561,-0.49606364155796917
4427127127.0,0.7777820611,-0.423106487,0.8854174348353692,-0.49821811778435227
4427327327.0,0.776913126,-0.4247996816,0.8854652872013409,-0.5003668116633097
4427527528.0,0.7760556037,-0.4264882849,0.8855250178233899,-0.502504512195607
4427727728.0,0.7751893605,-0.428180522,0.8855829176607866,-0.5046502676721477
4427927928.0,0.7743318832,-0.4298625046,0.8856475812652815,-0.5067808054056459
4428128128.0,0.7734476845,-0.4315521036,0.8856966403797616,-0.5089332315564652
4428328328.0,0.7725858316,-0.4332458934,0.8857713425805939,-0.5110771965769882
4428528529.0,0.7717156893,-0.4349282441,0.8858372777365396,-0.5132141349808446
4428728729.0,0.770825386,-0.4366171426,0.8858929421291478,-0.5153683927261503
4428928929.0,0.7699515654,-0.4382895168,0.8859588667645287,-0.5174969567808702
4429129129.0,0.7690575046,-0.4399873882,0.8860238976216367,-0.5196615163476919
4429329329.0,0.7681666759,-0.4416669317,0.8860867454829398,-0.5218059985983935
4429529530.0,0.7672814456,-0.4433329979,0.8861517724346248,-0.5239338375279874
4429729730.0,0.7663948501,-0.4449964931,0.8862183394238126,-0.5260596192456024
4429929930.0,0.7654928792,-0.4466674783,0.8862794053100788,-0.5282011143499804
4430130130.0,0.7645961258,-0.4483207592,0.8863400807353992,-0.5303220961789853
4430330330.0,0.7637053587,-0.4499809852,0.88641342608777,-0.5324461002581262
4430530531.0,0.7628002117,-0.4516428705,0.8864792414055981,-0.534579618251194
4430730731.0,0.7618839803,-0.4532896241,0.8865318283933691,-0.536704534267243
4430930931.0,0.7609859694,-0.4549312448,0.8866014229172742,-0.5388136741691504
4431131131.0,0.7600820435,-0.4565763764,0.8866716981711383,-0.5409293030234518
4431331331.0,0.7591697339,-0.4582245205,0.8867403205320324,-0.543052381193531
4431531532.0,0.7582511678,-0.4598814199,0.886812129957244,-0.5451872213302636
4431731732.0,0.7573212152,-0.4615247466,0.886871193982643,-0.54731531901613
4431931932.0,0.7563892309,-0.4631560392,0.8869262569508952,-0.549432748599787
4432132132.0,0.7554485205,-0.464802532,0.8869858290182825,-0.5515696566862771
4432332332.0,0.7545356952,-0.4664352727,0.8870659383324729,-0.5536765515202992
4432532533.0,0.7535997447,-0.4680889903,0.8871414081486552,-0.5558168962814635
4432732733.0,0.7526696461,-0.4697178209,0.8872127295250806,-0.5579295783728789
4432932933.0,0.7517291955,-0.4713418208,0.8872766735365787,-0.5600434965603892
4433133133.0,0.7507990362,-0.4729739001,0.8873575958623748,-0.562158622736126
4433333333.0,0.7498451002,-0.4745983973,0.8874183416031453,-0.5642804632359283
4433533534.0,0.7489138191,-0.476190495,0.8874848144995454,-0.5663574998488038
4433733734.0,0.7479694553,-0.4778194351,0.8875639236815914,-0.5684771331076343
4433933934.0,0.7470106531,-0.4794275587,0.8876236251283144,-0.5705854283794549
4434134134.0,0.7460730192,-0.4810228264,0.8876980959177777,-0.5726683368897239
4434334334.0,0.7451061616,-0.4826436482,0.8877657817251635,-0.5747929419512854
4434534535.0,0.7441459374,-0.484257176,0.8878390556043475,-0.5769062524919009
4434734735.0,0.7431984327,-0.4858430128,0.8879117881041547,-0.5789852627895764
4434934935.0,0.742236741,-0.4874531651,0.8879898467078939,-0.5810955818390596
4435135135.0,0.7412585061,-0.4890544341,0.8880531585318949,-0.5832074297164754
4435335335.0,0.7402928372,-0.4906474687,0.8881263555099259,-0.5853034220549849
4435535536.0,0.7392996486,-0.4922406644,0.8881806359682904,-0.587416382167227
4435735736.0,0.7383412809,-0.493825232,0.8882630279601345,-0.5894992061247911
4435935936.0,0.7373542634,-0.4954258073,0.8883344191761419,-0.5916145779331353
4436136136.0,0.7363651297,-0.4970154573,0.8884019186343679,-0.5937207398728791
4436336336.0,0.7353937106,-0.4985953146,0.8884825250566887,-0.5958062607617326
4436536537.0,0.7343966463,-0.5001668469,0.8885411126304598,-0.5978998967843532
4436736737.0,0.7334222946,-0.5017322866,0.8886189001102743,-0.5999731570137027
4436936937.0,0.7324364685,-0.5032935481,0.8886886833688379,-0.6020494827173667
4437137137.0,0.7314380986,-0.504878123,0.8887652171229398,-0.6041550788967889
4437337337.0,0.7304447898,-0.5064498139,0.8888425085161661,-0.6062451467099181
4437537538.0,0.7294544104,-0.5080145898,0.8889221339924402,-0.608326575055139
4437737738.0,0.7284406115,-0.50956583,0.8889786609284178,-0.6104102456037462
4437937938.0,0.7274415884,-0.5111283682,0.8890576321660535,-0.6124944851281675
4438138138.0,0.7264369107,-0.5127133407,0.8891487811154634,-0.6146026267006505
4438338338.0,0.7254395207,-0.5142507847,0.8892223387646148,-0.6166619834391331
4438538539.0,0.7244086769,-0.5158002515,0.8892793883901009,-0.6187538229924808
4438738739.0,0.7234127017,-0.5173284657,0.8893563281409816,-0.6208031404721768
4438938939.0,0.7223913551,-0.5189015475,0.8894425703333009,-0.6229097070412338
4439139139.0,0.7213810647,-0.5204400864,0.8895215140960588,-0.6249770913642595
4439339339.0,0.7203595395,-0.5219850557,0.889598934645711,-0.6270573634110257
4439539540.0,0.7193454733,-0.5235139595,0.8896767816171043,-0.6291177306176436
4439739740.0,0.7183138939,-0.5250427732,0.8897442126023226,-0.6311892618937611
4439939940.0,0.71728617,-0.5265873744,0.8898279117620185,-0.6332722082581285
4440140140.0,0.7162542494,-0.528090113,0.8898872497299364,-0.6353196897840983
4440340340.0,0.7152183004,-0.529638464,0.8899742242196366,-0.6374107722413354
4440540541.0,0.7141820116,-0.5311616411,0.8900497933649936,-0.639478970078064
4440740741.0,0.713148341,-0.5326659659,0.8901199848892464,-0.6415280792587598
4440940941.0,0.7121034728,-0.534211763,0.8902098425098368,-0.643621672187593
4441141141.0,0.711067553,-0.5357141494,0.8902846257218942,-0.6456698413286575
4441341341.0,0.7100161218,-0.5372239735,0.8903552610722537,-0.6477348311576678
4441541542.0,0.7090006722,-0.5387716196,0.8904812245446048,-0.6498088550461212
4441741742.0,0.70791387,-0.5402450083,0.8905092455058756,-0.6518646058636473
4441941942.0,0.706864466,-0.541750226,0.8905900744251062,-0.6539230408242194
4442142142.0,0.7058049068,-0.5432436858,0.8906594571577432,-0.6559775864896615
4442342342.0,0.7047451601,-0.5447499866,0.8907403036716565,-0.6580433381237426
4442542543.0,0.7036578562,-0.5462424063,0.8907946705231201,-0.6601153664647272
4442742743.0,0.7026027112,-0.5477313805,0.8908761052862662,-0.6621618882268954
4442942943.0,0.7015180261,-0.5492180539,0.8909365923975417,-0.6642264325615054
4443143143.0,0.7004730474,-0.5507022079,0.8910305336630039,-0.6662609221918037
4443343343.0,0.6993869095,-0.55217166,0.8910867473411984,-0.6683106463613863
4443543544.0,0.6983216195,-0.5536679371,0.8911797062510302,-0.6703691563592881
4443743744.0,0.6972497865,-0.5551541179,0.8912650331947409,-0.6724229389292172
4443943944.0,0.6961595221,-0.5566124571,0.8913223365367883,-0.6744648366443173
4444144144.0,0.6950701934,-0.5580773501,0.8913881884161082,-0.6765115392262978
4444344344.0,0.6939987988,-0.5595446519,0.8914732470499241,-0.6785474072476176
4444544545.0,0.6929177317,-0.5610168888,0.8915575878332845,-0.6805940071803698
4444744745.0,0.6918089446,-0.5624780373,0.8916171590281482,-0.6826501746013418
4444944945.0,0.6907269052,-0.5639601241,0.891714460543316,-0.684705276340872
4445145145.0,0.6896414885,-0.56539448,0.8917826532709447,-0.6867209325485351
4445345345.0,0.6885481286,-0.5668620795,0.8918694649855585,-0.688770710227138
4445545546.0,0.6874438642,-0.568322381,0.8919469688113398,-0.6908215638757983
4445745746.0,0.6863459558,-0.5697522611,0.8920136826706069,-0.6928412608840206
4445945946.0,0.6852250364,-0.5712159768,0.8920880240542183,-0.6949062978017683
4446146146.0,0.6841351559,-0.5726575745,0.8921757725754159,-0.6969296405098266
4446346346.0,0.6830037699,-0.5741099607,0.8922423418962853,-0.698991763732595
4446546547.0,0.6819024264,-0.5755516609,0.892328769846045,-0.7010227030111763
4446746747.0,0.6807795811,-0.5769797182,0.8923936537519992,-0.7030571560770463
4446946947.0,0.6796665001,-0.5784214594,0.8924785353455897,-0.7050958907088363
4447147147.0,0.6785441781,-0.5798686404,0.8925636345677259,-0.7071455884882097
4447347347.0,0.6774302971,-0.5812973231,0.8926468424143,-0.7091730024040557
4447547548.0,0.676305868,-0.5826983871,0.892707699877275,-0.7111843046975556
4447747748.0,0.6751834466,-0.5841391618,0.892799667848875,-0.7132274916310645
4447947948.0,0.6740341701,-0.585526345,0.8928399426277113,-0.7152446623252288
4448148148.0,0.6729143573,-0.5869534896,0.8929323217434171,-0.7172736796629241
4448348348.0,0.6717675706,-0.5883540027,0.8929905382493913,-0.719299735873294
4448548549.0,0.6706410839,-0.5897778952,0.8930831031214894,-0.7213301671033602
4448748749.0,0.6695163522,-0.5912028578,0.8931813729215817,-0.723359766605331
4448948949.0,0.6683625786,-0.5925988782,0.8932423897894343,-0.7253862371328215
4449149149.0,0.6672248957,-0.5939964712,0.8933201381587276,-0.7274017602964582
4449349349.0,0.6660834126,-0.5953976736,0.893401087009163,-0.7294227713662881
4449549550.0,0.6649369911,-0.5967815933,0.8934704652280389,-0.7314327043256321
4449749750.0,0.663777411,-0.598188489,0.893549058376744,-0.7334712769075663
4449949950.0,0.6626201416,-0.5995652496,0.8936128583351486,-0.7354827424017293
4450150150.0,0.6614702828,-0.6009162545,0.8936684396071177,-0.7374670050593751
4450350350.0,0.6603053432,-0.6023481534,0.8937709125737198,-0.7395292549599375
4450550551.0,0.6591367206,-0.6037404751,0.8938477374347916,-0.7415611565498265
4450750751.0,0.6579969006,-0.6051204194,0.8939410736586827,-0.7435606986060763
4450950951.0,0.6568204554,-0.6064498957,0.8939768378578967,-0.7455461309971416
4451151151.0,0.6556743927,-0.6078590293,0.8940925616199098,-0.7475736331364551
4451351351.0,0.6545042323,-0.6092169923,0.894159456587957,-0.749577076159308
4451551552.0,0.653344165,-0.6105903995,0.8942478593215177,-0.7515851230004246
4451751752.0,0.6521486069,-0.6119540382,0.8943073019666662,-0.7536119544943864
4451951952.0,0.6509565027,-0.6133232109,0.8943767267969919,-0.7556403635120309
4452152152.0,0.6498228807,-0.6147005595,0.894497934112125,-0.7576301581111308
4452352352.0,0.6486452696,-0.6160526429,0.8945733869272725,-0.759632789860384
4452552553.0,0.6474320402,-0.6173837677,0.8946121859761257,-0.7616455970731408
4452752753.0,0.6462631931,-0.6187358176,0.894701138222674,-0.7636408090666305
4452952953.0,0.6450829391,-0.6200849756,0.8947834236745487,-0.7656421208360132
4453153153.0,0.6438844254,-0.6214180025,0.8948449514322457,-0.7676442558148403
4453353353.0,0.6427274323,-0.6227804374,0.8949603485289649,-0.7696374212223795
4453553554.0,0.6415146104,-0.6241199013,0.8950232659296548,-0.771655164283271
4453753754.0,0.6403181964,-0.6254362726,0.8950854281713733,-0.7736413507728869
4453953954.0,0.639134985,-0.6267654249,0.8951694961855144,-0.7756271211048206
4454154154.0,0.6379204909,-0.6281020895,0.8952400725751517,-0.777643005853726
4454354354.0,0.6367442054,-0.6294001582,0.8953143259507592,-0.7795979047126179
4454554555.0,0.6355299562,-0.6307394561,0.8953940957527572,-0.7816150212009275
4454754755.0,0.6343102042,-0.632074624,0.8954706949180342,-0.7836328407025429
4454954955.0,0.6330808689,-0.6333692249,0.8955154725729789,-0.7856258517970376
4455155155.0,0.6318872447,-0.6347167451,0.8956265050370584,-0.7876320863252093
4455355355.0,0.6306884271,-0.636043309,0.8957226038241646,-0.7896254593986882
4455555556.0,0.6294853386,-0.6373003852,0.8957698211529707,-0.7915672789086814
4455755756.0,0.6282525444,-0.6386392697,0.8958578996403521,-0.7935965687172725
4455955956.0,0.6270544272,-0.6399322405,0.8959411404230023,-0.7955619403250683
4456156156.0,0.6258013818,-0.6412106602,0.895979062376409,-0.7975594674877726
4456356356.0,0.6246121398,-0.6425381588,0.8961002235797225,-0.7995439386229432
4456556557.0,0.6233691649,-0.6438349926,0.8961655056095194,-0.8015471386494867
4456756757.0,0.6221483897,-0.6451121817,0.8962356530422324,-0.8035169935102876
4456956957.0,0.6209239227,-0.646394239,0.8963102308874672,-0.8054932654494221
4457157157.0,0.6197147781,-0.6476874126,0.8964069336166554,-0.8074654235006563
4457357357.0,0.6184997778,-0.64896294,0.896490308164061,-0.8094282969254477
4457557558.0,0.6172265668,-0.6502063626,0.8965137749801938,-0.8114132326254208
4457757758.0,0.6160222026,-0.6515028208,0.8966266110296484,-0.8133829012911671
4457957958.0,0.6147833675,-0.6527973991,0.8967179228867709,-0.8153786132181757
4458158158.0,0.6135322036,-0.654041442,0.8967675131870642,-0.8173453847860354
4458358358.0,0.6123353543,-0.6552979361,0.896866752189324,-0.8192771594593784
4458558559.0,0.6110481995,-0.6565671553,0.896917126344974,-0.8212918638922884
4458758759.0,0.6098246396,-0.6578180566,0.8970009401624229,-0.823240455609161
4458958959.0,0.6085342026,-0.6591275619,0.897085847948933,-0.8252877644598191
4459159159.0,0.6073560848,-0.6603368237,0.8971767576558087,-0.8271668949407697
4459359359.0,0.6060710587,-0.6615999821,0.8972383543454099,-0.8291740693714799
4459559560.0,0.6048197206,-0.6627989156,0.897278828986396,-0.8311049814316269
4459759760.0,0.6036015501,-0.6640934924,0.8974157330530549,-0.8330800500158159
4459959960.0,0.6023502634,-0.6653540781,0.8975087125272658,-0.8350564442330096
4460160160.0,0.6010301311,-0.6665911805,0.8975416538581743,-0.8370718654163275
4460360360.0,0.5997882462,-0.6678218139,0.8976257100820798,-0.8390174567862138
4460560561.0,0.5985058108,-0.6690656062,0.8976959345798213,-0.8410061158018719
4460760761.0,0.5972665106,-0.6702857951,0.8977807815926664,-0.8429410930510529
4460960961.0,0.5960371727,-0.6715067308,0.8978761611435696,-0.8448679513555732
4461161161.0,0.5947506306,-0.6727048129,0.8979198616234756,-0.8468252614121218
4461361361.0,0.5934741474,-0.6739542812,0.898012214159677,-0.8488117851358908
4461561562.0,0.5921921027,-0.6751809887,0.8980873309440217,-0.8507858369391728
4461761762.0,0.590913319,-0.6763588651,0.8981313183332134,-0.8527210462441847
4461961962.0,0.5896687168,-0.6776002386,0.8982490071930698,-0.8546737596348157
4462162162.0,0.5883739714,-0.6787973869,0.898303858771227,-0.8566358870755773
4462362362.0,0.5871106135,-0.6799614205,0.8983576157926888,-0.858547232378575
4462562563.0,0.5858452926,-0.6812251993,0.8984889977194513,-0.8605323897126591
4462762763.0,0.5845626526,-0.6824191896,0.8985596503010076,-0.8624810726326823
4462962963.0,0.5832889009,-0.6835943861,0.8986251869498016,-0.8644083426996316
4463163163.0,0.5819802174,-0.6847765084,0.8986767160116294,-0.8663699331482397
4463363363.0,0.5806920279,-0.6859954798,0.8987730690072142,-0.868340377011185
4463563564.0,0.5794274385,-0.68719592,0.8988739560980269,-0.8702770290766526
4463763764.0,0.5781285106,-0.6883879878,0.8989497185693466,-0.872236499993341
4463963964.0,0.5767890145,-0.6895520093,0.8989813906736605,-0.8742102296885542
4464164164.0,0.5755318843,-0.6907139815,0.8990677138489019,-0.8761119675386886
4464364364.0,0.5742298383,-0.6918956893,0.8991437883152874,-0.8780657901382221
4464564565.0,0.5729320786,-0.6930674265,0.8992183407628257,-0.8800085361424166
4464764765.0,0.5716360996,-0.6942388405,0.8992971689184202,-0.8819491956589646
4464964965.0,0.5703292182,-0.6954301471,0.8993878510565677,-0.8839129066201938
4465165165.0,0.5690379926,-0.6966171017,0.8994885343366784,-0.8858596734811712
4465365365.0,0.5677377921,-0.6977459404,0.8995418822507728,-0.8877729624835347
4465565566.0,0.5664260682,-0.6989096978,0.8996183948849636,-0.8897204088074222
4465765766.0,0.56510339,-0.7000606649,0.8996814858213557,-0.8916680611285214
4465965966.0,0.5638136962,-0.7012708962,0.8998148442206637,-0.893628134112208
4466166166.0,0.5624820833,-0.7023618537,0.8998323552564713,-0.8955411297330241
4466366366.0,0.5611721111,-0.7035151573,0.8999153931494196,-0.8974784481165172
4466566567.0,0.5598741946,-0.7046443056,0.89999039505625,-0.8993882176660501
4466766767.0,0.5585610146,-0.7057650991,0.9000526552033576,-0.9013051989567848
4466966967.0,0.5572298751,-0.7069085229,0.9001248765880329,-0.9032531415551124
4467167167.0,0.5558961582,-0.7080941933,0.9002321507737309,-0.9052319958109111
4467367367.0,0.5545785832,-0.7092039014,0.900293051569932,-0.9071442755520447
4467567568.0,0.5532764632,-0.7103511895,0.9003963889061116,-0.9090683950862634
4467767768.0,0.5519402725,-0.7114595966,0.9004514545502212,-0.9109954942774098
4467967968.0,0.5506188972,-0.7125770315,0.9005260661275142,-0.9129154619740917
4468168168.0,0.5493368806,-0.7137562771,0.9006769850989813,-0.9148423316841615
4468368368.0,0.5479586035,-0.7148016879,0.9006664666647467,-0.9167629668424675
4468568569.0,0.5466150929,-0.7159500601,0.9007622041045401,-0.9187223307141793
4468768769.0,0.5452695545,-0.7170540839,0.9008248699399328,-0.9206532641081725
4468968969.0,0.543942416,-0.7181578653,0.9009018100859661,-0.9225674780425945
4469169169.0,0.5426469208,-0.7192617095,0.9010011583824873,-0.9244533632906742
4469369369.0,0.5412931489,-0.7204186898,0.9011111816303392,-0.9264259519724968
4469569570.0,0.5399335357,-0.7214767197,0.9011419866161912,-0.9283374549009968
4469769770.0,0.5386042134,-0.7226281573,0.9012690788077811,-0.9302838123437034
4469969970.0,0.5372352675,-0.723693187,0.9013065857720187,-0.9322077705991564
4470170170.0,0.535887885,-0.7248004346,0.9013941952809116,-0.9341401710455647
4470370370.0,0.5345676615,-0.7258174885,0.9014286501626328,-0.935988598897396
4470570571.0,0.5332302057,-0.726981869,0.9015747834348504,-0.9379489526844756
4470770771.0,0.5318809707,-0.7280413608,0.9016327356680712,-0.9398505932536529
4470970971.0,0.530532839,-0.729128519,0.9017169680540192,-0.9417690455409239
4471171171.0,0.5291604093,-0.7302007294,0.9017781567474539,-0.9436992232606157
4471371371.0,0.5278144816,-0.7313126323,0.9018903997428023,-0.9456310609339389
4471571572.0,0.5264426541,-0.7323015833,0.9018910560370023,-0.9475061598066947
4471771772.0,0.5250877012,-0.7334241118,0.902013315711647,-0.9494522538556127
4471971972.0,0.5237548033,-0.7344845235,0.902101218955414,-0.9513379312825256
4472172172.0,0.5223864115,-0.7355786746,0.9021992847736802,-0.9532769641042012
4472372372.0,0.5210276181,-0.7366179087,0.9022614489384554,-0.9551717367596522
4472572573.0,0.5196735368,-0.737745658,0.9024019286039198,-0.9571184639232101
4472772773.0,0.5183241256,-0.7387017433,0.9024079813108169,-0.9589510952888723
4472972973.0,0.5169681293,-0.7398289146,0.9025535272714609,-0.9608982694976245
4473173173.0,0.5155897607,-0.7408658714,0.902615666130366,-0.9628080643902049
4473373373.0,0.5142389356,-0.7418862313,0.9026831465578262,-0.9646820375061799
4473573574.0,0.512848073,-0.7429615406,0.9027762717254696,-0.9666268013128969
4473773774.0,0.5114985291,-0.7439630196,0.9028353780196108,-0.9684871180040178
4473973974.0,0.5101181866,-0.7449932009,0.9029038895072389,-0.9703932898719844
4474174174.0,0.5087412006,-0.7460381546,0.9029897769669948,-0.9723053114868532
4474374374.0,0.5073563994,-0.7470659444,0.9030603752210569,-0.9742134435770808
4474574575.0,0.5059711291,-0.7480975827,0.9031371859935301,-0.9761240879725468
4474774775.0,0.5045946325,-0.7490942132,0.9031931595165772,-0.9780046901065083
4474974975.0,0.5032313477,-0.7501495964,0.903308477922709,-0.9799091424759966
4475175175.0,0.5018111572,-0.7511396416,0.9033411308433706,-0.9818253021613456
4475375375.0,0.50046629,-0.7521994336,0.9034768925293689,-0.9837146650470059
4475575576.0,0.499062558,-0.7531378356,0.9034821726020696,-0.9855835516038234
4475775776.0,0.4976800826,-0.7542053561,0.9036100839337012,-0.9875114833730706
4475975976.0,0.496286646,-0.7551608045,0.9036416743660158,-0.989380891339626
4476176176.0,0.4949284953,-0.7561816152,0.9037504360310998,-0.9912571011331439
4476376376.0,0.4935464474,-0.7572127081,0.9038579429585695,-0.9931612139350007
4476576577.0,0.4921572085,-0.7582196783,0.903944577084164,-0.9950570104790952
4476776777.0,0.4907423271,-0.7591441246,0.903951234039881,-0.9969267007634938
4476976977.0,0.4893190746,-0.7601947881,0.9040626486155725,-0.9988797160429299
4477177177.0,0.4879409975,-0.7611301523,0.9041048201295667,-1.0007213596267017
4477377377.0,0.4865568754,-0.7621502045,0.9042181856269,-1.0026188618475007
4477577578.0,0.4851116132,-0.7631240754,0.9042630323731096,-1.0045455411849002
4477777778.0,0.4837535726,-0.7640976118,0.9043576059069371,-1.0063903324516683
4477977978.0,0.4823788263,-0.7650713733,0.9044465370079724,-1.0082504885401724
4478178178.0,0.480979658,-0.7660541236,0.9045332231014851,-1.0101384225355308
4478378378.0,0.4795766006,-0.767013818,0.904601521580629,-1.0120161213704288
4478578579.0,0.4781624256,-0.7679975321,0.9046875231633108,-1.013917995458514
4478778779.0,0.4767553882,-0.7689404312,0.904745868690084,-1.0157890254563158
4478978979.0,0.4753307372,-0.7698936948,0.9048069468234046,-1.0176823893868143
4479179179.0,0.4739093793,-0.7708799176,0.9049010703648737,-1.0195914664868388
4479379379.0,0.4724739482,-0.7718206751,0.9049523668345842,-1.0214871731833688
4479579580.0,0.471105561,-0.7727583182,0.9050391527179457,-1.0233176134737232
4479779780.0,0.4696763444,-0.7737130862,0.905112041819175,-1.0252149631739926
4479979980.0,0.4682603808,-0.7746738956,0.9052002147321004,-1.02710292308659
4480180180.0,0.4668601476,-0.7756126433,0.9052808237579689,-1.0289630536671988
4480380380.0,0.465428834,-0.7765109714,0.9053139169499005,-1.0308293394669266
4480580581.0,0.4640112581,-0.7774413242,0.9053847028845773,-1.0327005812883039
4480780781.0,0.4625645276,-0.7784258597,0.9054903429874309,-1.034629773302956
4480980981.0,0.46115798,-0.7793209414,0.9055428273816002,-1.0364700172111976
4481181181.0,0.4597049673,-0.780224094,0.9055817433111243,-1.0383587719180418
4481381381.0,0.4583406382,-0.7811880289,0.9057211917153372,-1.0401968608426282
4481581582.0,0.4568881015,-0.782095197,0.9057701885482559,-1.0420868461900425
4481781782.0,0.4554508255,-0.7829788571,0.9058097731390702,-1.043949008544112
4481981982.0,0.4540243215,-0.7839328489,0.905918758000962,-1.0458396233778007
4482182182.0,0.4525890539,-0.7848131775,0.9059627891297433,-1.0476975393000203
4482382382.0,0.4511623532,-0.7857490581,0.9060623881665095,-1.04957759920624
4482582583.0,0.4497061729,-0.786648125,0.9061185984794597,-1.0514653195390005
4482782783.0,0.4482752206,-0.7875723898,0.9062124158161053,-1.0533423588810482
4482982983.0,0.4468579451,-0.7884358783,0.9062632935795684,-1.0551728090279588
4483183183.0,0.4453874961,-0.7893104642,0.9063007395880502,-1.057060161330025
4483383383.0,0.4439728021,-0.7902323877,0.9064099930906372,-1.0589193018682221
4483583584.0,0.4425602756,-0.7911453517,0.9065156176567862,-1.0607710760937161
4483783784.0,0.441112349,-0.7920214997,0.9065749612841373,-1.0626367662117484
4483983984.0,0.4396673923,-0.7929051828,0.9066454901244386,-1.0645033711603011
4484184184.0,0.4382229214,-0.7937878755,0.9067185451567394,-1.066368682261978
4484384384.0,0.4367728228,-0.7946360872,0.9067618264005196,-1.0682208089349698
4484584585.0,0.4352998279,-0.7955183549,0.9068271021272865,-1.0701129303257761
4484784785.0,0.4338727096,-0.7963791693,0.9068987316291737,-1.0719490336460393
4484984985.0,0.4323994586,-0.7973116069,0.907014382628541,-1.0738672001639271
4485185185.0,0.4309129646,-0.7981196574,0.9070176241885569,-1.0757325719761086
4485385385.0,0.4294706071,-0.7989447409,0.9070599216008889,-1.0775639545980569
4485585586.0,0.4279985629,-0.7998513628,0.9071631454250567,-1.0794664250857837
4485785786.0,0.4265752102,-0.8006531802,0.9072000468042029,-1.0812667736802932
4485985986.0,0.425134992,-0.8015541331,0.9073195631708448,-1.083134593311214
4486186186.0,0.4236482627,-0.802446933,0.9074133185984404,-1.0850430458851683
4486386386.0,0.4221894448,-0.8032420547,0.9074368990399332,-1.086873795828266
4486586587.0,0.4207162316,-0.8040438003,0.9074627156707713,-1.0887218839820956
4486786787.0,0.4192864228,-0.8049562431,0.9076098598241904,-1.0905837928216646
4486986987.0,0.4177832272,-0.8057594338,0.9076293792552902,-1.0924614628175267
4487187187.0,0.4163157742,-0.8066124454,0.9077127634455259,-1.0943292271022733
4487387387.0,0.4148823486,-0.8074242056,0.9077781727760603,-1.0961425341389406
4487587588.0,0.4133495767,-0.808227187,0.907793510862466,-1.0980485992877251
4487787788.0,0.411909059,-0.8090579449,0.9078787535194758,-1.099877914048063
4487987988.0,0.4104528622,-0.8098803573,0.9079525016368135,-1.101718127218996
4488188188.0,0.4089300367,-0.8106950301,0.9079924045631127,-1.1036197109312336
4488388388.0,0.4074965336,-0.8114795599,0.908048732740437,-1.1054183161538005
4488588589.0,0.406003566,-0.8123165546,0.9081283392130933,-1.1073010949285056
4488788789.0,0.404519268,-0.8130772025,0.9081466706476888,-1.1091375460478858
4488988989.0,0.4030220907,-0.8139310378,0.9082458587223968,-1.1110321577673425
4489189189.0,0.4015489482,-0.8147373128,0.9083162701774593,-1.112879468107006
4489389389.0,0.400067716,-0.8154927419,0.9083405691022706,-1.1147098280787797
4489589590.0,0.3985419298,-0.8163600453,0.9084488941987469,-1.1166381912817116
4489789790.0,0.3970822142,-0.8171034064,0.9084779917997234,-1.1184410561324514
4489989990.0,0.3955831653,-0.817880582,0.9085233552757056,-1.120298980456957
4490190190.0,0.3941359876,-0.8186659014,0.9086016920722203,-1.1221091610619147
4490390390.0,0.3926246701,-0.8194648838,0.9086676110396372,-1.1239891766971482
4490590591.0,0.3911363062,-0.8202285915,0.9087147805234898,-1.125829405666477
4490790791.0,0.3896124026,-0.8209818625,0.9087403605066265,-1.127699844520827
4490990991.0,0.3881352746,-0.821745252,0.9087982452521357,-1.1295283858563476
4491191191.0,0.386646798,-0.8225500702,0.9088918331626035,-1.1313873799141925
4491391391.0,0.3851237196,-0.8233383583,0.9089589273705818,-1.1332727603080603
4491591592.0,0.3836562227,-0.8240617742,0.9089938970719681,-1.1350723043878834
4491791792.0,0.3821601572,-0.8248487548,0.9090774741716128,-1.1369296153778452
4491991992.0,0.380644477,-0.8255556133,0.9090832131998383,-1.138769270674165
4492192192.0,0.3791408015,-0.8263665053,0.9091915906143201,-1.140644615423274
4492392392.0,0.3776155023,-0.8270653523,0.9091922593997402,-1.142489961620696
4492592593.0,0.3761232856,-0.8278256899,0.9092656920993721,-1.144330147624278
4492792793.0,0.3746300871,-0.8286044575,0.9093585921678108,-1.1461793635924378
4492992993.0,0.3730882467,-0.8293021382,0.9093606964504084,-1.1480403913241983
4493193193.0,0.3715909432,-0.8300334601,0.9094148525034348,-1.1498718192078319
4493393393.0,0.3700619285,-0.8307477042,0.9094435545753842,-1.1517272325304009
4493593594.0,0.3685542973,-0.8314768524,0.9094976779163915,-1.153567668120533
4493793794.0,0.3670486036,-0.8322068651,0.9095564543909738,-1.1554063129916898
4493993994.0,0.3654946332,-0.8329666969,0.9096262117169333,-1.1573064868436895
4494194194.0,0.3639897855,-0.8336627256,0.9096604333503556,-1.1591288106483422
4494394394.0,0.3624532171,-0.8343519822,0.9096788250735579,-1.1609800072591105
4494594595.0,0.3609409785,-0.8351169835,0.9097795150972992,-1.1628396061321642
4494794795.0,0.3594152697,-0.8358000161,0.9098027275218974,-1.1646767984844102
4494994995.0,0.3578809477,-0.8365204398,0.9098599996317212,-1.1665387595275343
4495195195.0,0.3563218497,-0.8371804113,0.9098550992537584,-1.168399515283197
4495395395.0,0.354817318,-0.8379433971,0.9099694862445671,-1.1702492062686363
4495595596.0,0.3532763061,-0.8385628898,0.9099405852039945,-1.1720741521262092
4495795796.0,0.3517580631,-0.8393481719,0.9100764191142058,-1.1739465536938243
4495995996.0,0.3501863006,-0.8399957213,0.9100677210681746,-1.1758144350948811
4496196196.0,0.3486676472,-0.840658475,0.9100965881670524,-1.177634841151786
4496396396.0,0.3471087746,-0.8413913508,0.9101779532626366,-1.1795253593628487
4496596597.0,0.3456161637,-0.8420746488,0.9102418616842166,-1.1813275099303868
4496796797.0,0.3440487364,-0.8427144866,0.9102402094743663,-1.18318744705558
4496996997.0,0.342514139,-0.843393294,0.9102901646063642,-1.1850300768059259
4497197197.0,0.3409645258,-0.8440974797,0.9103611168596288,-1.1868982333709799
4497397397.0,0.3394158885,-0.8447640208,0.9104006789345158,-1.188749682269796
4497597598.0,0.3378358586,-0.8453875383,0.9103917603257035,-1.1906154464559053
4497797798.0,0.3363071798,-0.8460887275,0.9104771573123616,-1.192460337896779
4497997998.0,0.3347443572,-0.8467404893,0.9105071339079364,-1.1943197916753985
4498198198.0,0.3331881189,-0.8474414189,0.9105884257134866,-1.1961921451305233
4498398398.0,0.3316279565,-0.8480043474,0.9105429560112284,-1.1980129794802683
4498598599.0,0.3301043054,-0.848683279,0.9106218537339241,-1.1998428021043812
4498798799.0,0.3284962241,-0.8493608877,0.9106721071837489,-1.201758244669839
4498998999.0,0.3269774065,-0.850007628,0.9107289344363956,-1.2035698209052197
4499199199.0,0.3254160843,-0.8506363305,0.9107567154227576,-1.2054176761807496
4499399399.0,0.3238261177,-0.851248161,0.9107616516468708,-1.2072882209321014
4499599600.0,0.3222705678,-0.851886578,0.9108068185113045,-1.2091337235584114
4499799800.0,0.3207068345,-0.8525331443,0.9108598332482639,-1.210990595994375
4500000000.0,0.3191524372,-0.8530953221,0.910840220214063,-1.2128051857021427
