Frequenze (Hz),Parte Reale,Parte Immaginaria,Ampiezza,Fase
4000000000.0,8.8187e-06,-0.0002389395,0.0002391021834487088,-1.5339054022629357
4000110110.0,6.49e-08,-0.0002493028,0.0002493028084475785,-1.5705360008036364
4000220220.0,3.575e-06,-0.0002396445,0.000239671164317383,-1.555879502764455
4000330330.0,6.6814e-06,-0.000241528,0.0002416203962623189,-1.5431403346055415
4000440440.0,5.412e-07,-0.000255259,0.0002552595737253355,-1.5686761304881656
4000550551.0,1.8373e-06,-0.0002518646,0.0002518713012719988,-1.5635016636663173
4000660661.0,1.3013e-06,-0.0002525392,0.0002525425526883143,-1.5656435090033995
4000770771.0,-1.7761e-06,-0.000249914,0.0002499203111537956,-1.5779030519040744
4000880881.0,7.621e-06,-0.0002495613,0.0002496776363607482,-1.5402682266792167
4000990991.0,8.589e-07,-0.0002563993,0.00025640073859039484,-1.5674464861857311
4001101101.0,-3.254e-06,-0.0002507382,0.0002507593137955996,-1.583773277808817
4001211211.0,-5.561e-07,-0.0002612153,0.00026121589193864146,-1.5729252187850842
4001321321.0,5.5451e-06,-0.0002556711,0.0002557312251353362,-1.5491113150853089
4001431431.0,-4.6979e-06,-0.0002562396,0.0002562826620600192,-1.5891282853537918
4001541542.0,-5.9953e-06,-0.0002471005,0.0002471732200751934,-1.5950541651655745
4001651652.0,4.2243e-06,-0.0002585966,0.0002586311006859964,-1.5544622979966132
4001761762.0,-1.7322e-06,-0.0002572062,0.0002572120328353244,-1.5775308993372823
4001871872.0,1.0563e-06,-0.0002537002,0.0002537023989830014,-1.5666327751056108
4001981982.0,-6.8145e-06,-0.0002555007,0.0002555915591539361,-1.5974611651144817
4002092092.0,-4.0059e-06,-0.0002620785,0.0002621091135330094,-1.5860802515398031
4002202202.0,-5.3828e-06,-0.0002602942,0.0002603498513337006,-1.5914730567427815
4002312312.0,-1.12653e-05,-0.0002530277,0.00025327835270978055,-1.615288947357951
4002422422.0,-1.29365e-05,-0.0002587305,0.00025905370999563,-1.6207546261321613
4002532533.0,-8.0667e-06,-0.0002533921,0.0002535204685844912,-1.6026204308974916
4002642643.0,-9.3787e-06,-0.0002606294,0.0002607980907868192,-1.6067656186775356
4002752753.0,-3.414e-06,-0.0002670063,0.0002670281251772742,-1.5835818452253705
4002862863.0,-1.16328e-05,-0.000257102,0.00025736503344440557,-1.6160113448119677
4002972973.0,-1.38499e-05,-0.0002681115,0.0002684689854755293,-1.6224076912360086
4003083083.0,-1.60397e-05,-0.0002616884,0.0002621795008589535,-1.6320128687626394
4003193193.0,-2.11819e-05,-0.0002650246,0.0002658697265443548,-1.6505510723160504
4003303303.0,-1.90481e-05,-0.0002666474,0.00026732688985653874,-1.642110721011419
4003413413.0,-1.07809e-05,-0.0002657998,0.00026601834802293244,-1.611334332571298
4003523524.0,-1.54618e-05,-0.0002654276,0.0002658775622368311,-1.628982990317696
4003633634.0,-1.17011e-05,-0.0002611347,0.00026139672393758116,-1.6155750490278182
4003743744.0,-2.51721e-05,-0.0002626478,0.00026385128664315816,-1.6663442477639463
4003853854.0,-1.78129e-05,-0.0002671676,0.0002677607624282729,-1.6373709248307553
4003963964.0,-1.98249e-05,-0.0002631367,0.0002638824540337989,-1.6459949481735472
4004074074.0,-1.88021e-05,-0.000268453,0.00026911063184759164,-1.6407208428412516
4004184184.0,-1.62208e-05,-0.0002651597,0.0002656553798753754,-1.6318938893888502
4004294294.0,-2.69469e-05,-0.0002680239,0.0002693751035096228,-1.670998780774439
4004404404.0,-2.60546e-05,-0.0002641073,0.0002653893518859602,-1.6691297233787263
4004514515.0,-2.94753e-05,-0.0002693542,0.0002709621345644627,-1.6797921559670477
4004624625.0,-2.86518e-05,-0.0002624496,0.00026400893580218074,-1.6795363698053338
4004734735.0,-2.19613e-05,-0.0002733861,0.00027426676497691076,-1.6509549125276013
4004844845.0,-2.74125e-05,-0.0002636605,0.0002650816938539891,-1.6743930488946372
4004954955.0,-2.78951e-05,-0.0002868092,0.0002881625475467796,-1.6677515070079787
4005065065.0,-2.87998e-05,-0.0002775932,0.00027908316532223866,-1.6741746930881953
4005175175.0,-2.43587e-05,-0.0002732276,0.00027431126055532245,-1.6597129352171318
4005285285.0,-2.91371e-05,-0.0002727891,0.0002743407801899309,-1.6772047069822846
4005395395.0,-3.31571e-05,-0.0002739078,0.00027590736884188145,-1.691262236398575
4005505506.0,-3.65424e-05,-0.0002769412,0.00027934168191517717,-1.7019884740011852
4005615616.0,-3.73374e-05,-0.0002670834,0.0002696805962510466,-1.7096929517901847
4005725726.0,-4.46215e-05,-0.0002792734,0.00028281568239722847,-1.7292342663255815
4005835836.0,-4.1362e-05,-0.0002770033,0.00028007435308305184,-1.7190207026747988
4005945946.0,-3.57611e-05,-0.0002764576,0.0002787609385673861,-1.6994367387977953
4006056056.0,-4.08988e-05,-0.000272927,0.00027597438136616956,-1.7195420411312041
4006166166.0,-3.31669e-05,-0.0002795359,0.000281496647661069,-1.6888940832393122
4006276276.0,-3.44343e-05,-0.000280774,0.0002828776415563627,-1.6928275778764974
4006386386.0,-4.14128e-05,-0.0002850984,0.0002880904678853502,-1.7150453461540056
4006496496.0,-4.10054e-05,-0.0002791079,0.0002821039926544287,-1.7166687245201442
4006606607.0,-4.15942e-05,-0.0002908443,0.00029380347907424445,-1.7128450537674806
4006716717.0,-4.64069e-05,-0.0002708368,0.00027478386525021806,-1.740494735871886
4006826827.0,-3.86624e-05,-0.0002723632,0.000275093609318719,-1.7118058658291246
4006936937.0,-4.84511e-05,-0.0002770678,0.00028127224336583584,-1.7439167423006046
4007047047.0,-4.85028e-05,-0.0002754911,0.0002797282034172636,-1.745069735808312
4007157157.0,-5.1037e-05,-0.0002883649,0.00029284653134536184,-1.7459698397941767
4007267267.0,-4.99482e-05,-0.0002871337,0.00029144567994556034,-1.7430273831337963
4007377377.0,-4.71582e-05,-0.0002738299,0.00027786095436611814,-1.7413405480436264
4007487487.0,-5.3857e-05,-0.0002850115,0.0002900553939875106,-1.7575584745938302
4007597598.0,-5.1505e-05,-0.0002791158,0.0002838281079009618,-1.7532727816826477
4007707708.0,-5.67548e-05,-0.0002858896,0.0002914686444734665,-1.7667683941234127
4007817818.0,-6.58385e-05,-0.000282838,0.00029039979739361045,-1.7995016566109265
4007927928.0,-5.44883e-05,-0.0002919078,0.00029694972392263643,-1.7553352971713536
4008038038.0,-5.55169e-05,-0.0002846644,0.0002900274932018859,-1.7634044511029012
4008148148.0,-5.62956e-05,-0.0002938665,0.0002992101509000154,-1.7600718030430846
4008258258.0,-5.59035e-05,-0.0002872017,0.0002925918963251375,-1.7630413603059172
4008368368.0,-5.67524e-05,-0.000290135,0.0002956334776894525,-1.7639641792071514
4008478478.0,-6.94281e-05,-0.000291043,0.00029920943988886783,-1.804969153296196
4008588589.0,-6.48625e-05,-0.0002893606,0.000296541229407666,-1.7913092188528552
4008698699.0,-6.08697e-05,-0.0002851348,0.00029155955574998736,-1.7811162494971318
4008808809.0,-6.03919e-05,-0.0002876512,0.0002939224293024437,-1.7777390693217252
4008918919.0,-6.24718e-05,-0.0002873985,0.0002941098835426821,-1.7848366276211807
4009029029.0,-6.44355e-05,-0.0002979212,0.00030480973585121917,-1.7837991471104528
4009139139.0,-7.15784e-05,-0.0002863763,0.00029518613203917627,-1.815723473329191
4009249249.0,-6.70433e-05,-0.0002931235,0.00030069285047559747,-1.7956489871359735
4009359359.0,-7.39529e-05,-0.0002888269,0.00029814427645356536,-1.8214569628097317
4009469469.0,-6.80411e-05,-0.0002904938,0.00029835589340190686,-1.8008743390728916
4009579580.0,-7.18606e-05,-0.0002913616,0.00030009253204123557,-1.8126074762063344
4009689690.0,-7.29158e-05,-0.0002915648,0.00030054408410195004,-1.8158543975920198
4009799800.0,-7.51762e-05,-0.0002892897,0.0002988979618072529,-1.8250377095020547
4009909910.0,-7.03253e-05,-0.0002902868,0.0002986839032728915,-1.8084784887508512
4010020020.0,-7.72617e-05,-0.0003008673,0.0003106292041907522,-1.8221614906245043
4010130130.0,-7.45812e-05,-0.0003010044,0.00031010644013435126,-1.8136792613187036
4010240240.0,-8.39305e-05,-0.0002929344,0.00030472100605900143,-1.8498373752537396
4010350350.0,-7.92635e-05,-0.0003051246,0.00031525184211580743,-1.8249528747683121
4010460460.0,-8.27998e-05,-0.0002981812,0.0003094637861099098,-1.841655030268137
4010570571.0,-7.96057e-05,-0.0002868293,0.0002976711521309715,-1.8415194925723133
4010680681.0,-7.75736e-05,-0.0002983294,0.0003082500516160865,-1.8251893650548145
4010790791.0,-8.4902e-05,-0.0002953466,0.0003073076044219537,-1.850714414175714
4010900901.0,-8.21504e-05,-0.0002990175,0.0003100970066389065,-1.8389156150930555
4011011011.0,-8.29645e-05,-0.0002940277,0.00030550842316954207,-1.8458120513805805
4011121121.0,-9.15137e-05,-0.0002988354,0.0003125337639053579,-1.8679629577707253
4011231231.0,-9.45985e-05,-0.0002949787,0.0003097762251302382,-1.8811305267834777
4011341341.0,-9.21085e-05,-0.0002993294,0.00031318056369546626,-1.8693170673457167
4011451451.0,-9.40157e-05,-0.0003016593,0.00031597038646521925,-1.8729174451485215
4011561562.0,-8.29369e-05,-0.0003085547,0.0003195067014535063,-1.8333814911400559
4011671672.0,-9.58289e-05,-0.0003027136,0.00031751960837115244,-1.8773813511756057
4011781782.0,-9.96418e-05,-0.0002966546,0.0003129415920078378,-1.8948415286899325
4011891892.0,-9.18017e-05,-0.0003089106,0.00032226279790762384,-1.8596629141813703
4012002002.0,-9.27396e-05,-0.0003072551,0.0003209459921609398,-1.8639335395157592
4012112112.0,-0.0001056629,-0.0002992522,0.0003173586734930211,-1.91022109734065
4012222222.0,-0.0001024727,-0.0003058493,0.0003225592171304054,-1.8940848881327899
4012332332.0,-0.0001027118,-0.0003026655,0.00031961870838467826,-1.8979587756006273
4012442442.0,-0.0001107876,-0.0003047345,0.00032424837363356193,-1.9194950290935713
4012552553.0,-0.0001009724,-0.0003021689,0.00031859295298071173,-1.8932896259913021
4012662663.0,-0.0001078052,-0.0003053926,0.00032386200963033625,-1.9101459421381826
4012772773.0,-0.0001074943,-0.0003052959,0.00032366743903163936,-1.909339617837796
4012882883.0,-0.0001041756,-0.000301124,0.0003186349306202319,-1.9038637789758648
4012992993.0,-0.0001035075,-0.0002967847,0.0003143166567497497,-1.9063686498964028
4013103103.0,-0.000106392,-0.0003041031,0.0003221768972065036,-1.9073419935449298
4013213213.0,-0.0001039499,-0.0003051678,0.000322386364269412,-1.8991011827151478
4013323323.0,-0.0001021928,-0.000311914,0.00032822813981717044,-1.8874063338259723
4013433433.0,-0.0001165836,-0.0003140219,0.0003349649078165801,-1.926283590635181
4013543544.0,-0.0001187286,-0.0003012533,0.00032380554538001663,-1.946219602920055
4013653654.0,-0.0001124414,-0.0003112773,0.0003309631791140066,-1.9174366696238543
4013763764.0,-0.0001167348,-0.0003167887,0.0003376123427523496,-1.9238511224183585
4013873874.0,-0.0001238059,-0.000304545,0.0003287484720874152,-1.9569171133029708
4013983984.0,-0.0001124778,-0.000310799,0.00033052575375277496,-1.9180318804796923
4014094094.0,-0.0001195655,-0.0003165491,0.00033837736552709904,-1.9319455770115668
4014204204.0,-0.0001243888,-0.0003120591,0.00033593668370431056,-1.9501008735593348
4014314314.0,-0.0001281358,-0.0003046332,0.00033048474969940746,-1.9689539761695767
4014424424.0,-0.000126054,-0.0003050964,0.00033011123005581013,-1.9625968416592792
4014534535.0,-0.0001260105,-0.0003111419,0.0003356902263186404,-1.9556001653791848
4014644645.0,-0.0001265561,-0.0003084776,0.00033342896717137525,-1.960116342706579
4014754755.0,-0.0001280486,-0.0003062077,0.00033190299712604283,-1.9668725072072715
4014864865.0,-0.000125843,-0.0003188113,0.00034274933356126313,-1.9467476038050902
4014974975.0,-0.0001306255,-0.0003052646,0.0003320383972726799,-1.97512842478593
4015085085.0,-0.0001273717,-0.0003178853,0.00034245381282295575,-1.9518926169482478
4015195195.0,-0.0001393974,-0.0003109646,0.00034077942657959856,-1.9922141301920202
4015305305.0,-0.0001234599,-0.0003149898,0.00033832073689333615,-1.9443428749331386
4015415415.0,-0.0001429319,-0.0003152867,0.0003461722565927258,-1.9964238712255358
4015525526.0,-0.0001428707,-0.0003073115,0.00033889879750559755,-2.0059760122748247
4015635636.0,-0.0001298418,-0.0003131786,0.00033902762206817306,-1.963819629553798
4015745746.0,-0.0001393935,-0.0003113739,0.0003411513644168231,-1.9917129308097143
4015855856.0,-0.0001381679,-0.000317228,0.0003460115208694792,-1.9815668741533017
4015965966.0,-0.000146427,-0.0003160984,0.00034836627967063633,-2.0045996150135745
4016076076.0,-0.0001363866,-0.0003208279,0.0003486141793989023,-1.9727586933875532
4016186186.0,-0.0001531019,-0.0003133616,0.0003487630773722614,-2.0252654687295766
4016296296.0,-0.0001451306,-0.0003198375,0.00035122488161092746,-1.9967756137958441
4016406406.0,-0.0001559198,-0.0003186709,0.00035477052659268354,-2.0258324876477385
4016516517.0,-0.0001559908,-0.0003126063,0.0003493648930335302,-2.033644272267814
4016626627.0,-0.0001505988,-0.0003180696,0.0003519208277519249,-2.013001709565986
4016736737.0,-0.000156275,-0.0003222617,0.0003581542669184467,-2.022317008568893
4016846847.0,-0.000151848,-0.0003122965,0.0003472562728249124,-2.0233675651804868
4016956957.0,-0.0001545626,-0.0003206231,0.0003559336589483636,-2.0199968725680777
4017067067.0,-0.0001542182,-0.0003160745,0.00035169069188917984,-2.024731094507914
4017177177.0,-0.000156823,-0.0003203275,0.0003566555208955134,-2.0260658442758666
4017287287.0,-0.0001595398,-0.0003190913,0.0003567523027532268,-2.0344292690394488
4017397397.0,-0.0001649045,-0.0003265584,0.0003658331350914102,-2.038417650038293
4017507508.0,-0.0001613329,-0.0003201971,0.000358544958785952,-2.0375231533968066
4017617618.0,-0.000167932,-0.0003207056,0.0003620127601278165,-2.053171007235131
4017727728.0,-0.000168933,-0.0003247069,0.0003660231268603256,-2.0505226520496214
4017837838.0,-0.0001637344,-0.0003233306,0.00036242465512119896,-2.039550286363667
4017947948.0,-0.0001704339,-0.0003190178,0.00036169057353772715,-2.0614637335763963
4018058058.0,-0.0001628464,-0.0003192062,0.00035834557079919376,-2.042539270662291
4018168168.0,-0.0001790485,-0.0003219591,0.0003683965627215596,-2.078327484558937
4018278278.0,-0.0001691263,-0.0003203851,0.00036228485705822706,-2.056501818616697
4018388388.0,-0.0001757476,-0.0003282633,0.00037234931587509334,-2.0623504465250684
4018498498.0,-0.0001737591,-0.0003191865,0.0003634174550225402,-2.069315374966029
4018608609.0,-0.0001723801,-0.0003207038,0.0003640959024906075,-2.063996356419417
4018718719.0,-0.0001822544,-0.0003227313,0.00037063750258041885,-2.084874309341276
4018828829.0,-0.0001882895,-0.000318275,0.0003697998261698483,-2.105011829989961
4018938939.0,-0.0001857986,-0.0003158291,0.0003664275374051055,-2.1025598567374177
4019049049.0,-0.0001841993,-0.0003240548,0.0003727477639416902,-2.0876716664275614
4019159159.0,-0.0001881194,-0.0003207007,0.0003718035067570638,-2.1012961930619527
4019269269.0,-0.0001840694,-0.0003284505,0.0003765119851566614,-2.081602402280315
4019379379.0,-0.0001830515,-0.0003323654,0.00037943986449687916,-2.074218070461107
4019489489.0,-0.000191637,-0.0003257902,0.0003779735363554438,-2.1025106017096147
4019599600.0,-0.0001920118,-0.0003330839,0.0003844651034599239,-2.0937322245663297
4019709710.0,-0.0001963162,-0.0003262725,0.0003807805071674363,-2.112460471824039
4019819820.0,-0.0001973985,-0.0003342179,0.00038815946785137164,-2.1042962610168425
4019929930.0,-0.0002000947,-0.0003272005,0.00038353364411527184,-2.1196546166283046
4020040040.0,-0.0002018412,-0.0003271416,0.0003843975760433461,-2.1236106983870893
4020150150.0,-0.0002012639,-0.0003245024,0.0003818494010064308,-2.125953225406285
4020260260.0,-0.0002095828,-0.0003381782,0.00039785606066903136,-2.1256047430041
4020370370.0,-0.0002093142,-0.0003306201,0.0003913081711971397,-2.135196177255866
4020480480.0,-0.0002079762,-0.0003224156,0.00038367423537396926,-2.1436883019736044
4020590591.0,-0.0002065827,-0.0003258862,0.00038584741451735814,-2.1357775830251198
4020700701.0,-0.0002119881,-0.0003282559,0.00039075681750472377,-2.1442142758297518
4020810811.0,-0.0002059675,-0.000330129,0.00038911151062034904,-2.1286042766612683
4020920921.0,-0.0002123165,-0.0003277202,0.0003904853718902796,-2.145665018692865
4021031031.0,-0.0002197058,-0.0003209912,0.00038898070521695545,-2.1710167912953895
4021141141.0,-0.0002194448,-0.0003286701,0.00039519622326263446,-2.159496663452463
4021251251.0,-0.000217512,-0.0003291928,0.00039456225074864927,-2.1546870526790225
4021361361.0,-0.0002220139,-0.0003232019,0.0003921092194233897,-2.1726898270236705
4021471471.0,-0.0002238126,-0.0003384724,0.00040577782773399535,-2.1550348740225447
4021581582.0,-0.0002240628,-0.0003381629,0.0004056578426214018,-2.1559701675139396
4021691692.0,-0.0002263165,-0.0003360773,0.00040517540614842356,-2.16345018248721
4021801802.0,-0.000233109,-0.00034046,0.00041261703488949656,-2.1711719374809464
4021911912.0,-0.0002317998,-0.000331657,0.000404632565334329,-2.1807932212426637
4022022022.0,-0.0002299064,-0.0003296893,0.0004019353023752081,-2.1797365867309484
4022132132.0,-0.0002301601,-0.0003319877,0.0004039672073118065,-2.176997294607889
4022242242.0,-0.0002395931,-0.0003387538,0.0004149204629589266,-2.186390152143529
4022352352.0,-0.0002325494,-0.0003314257,0.0004048730888325995,-2.1826380303613395
4022462462.0,-0.0002442579,-0.0003294282,0.0004101034755615343,-2.2088095247776063
4022572573.0,-0.0002342744,-0.0003317621,0.0004061410906221753,-2.1856390864677895
4022682683.0,-0.0002395458,-0.0003283449,0.00040643888058802883,-2.2010839943280955
4022792793.0,-0.0002400634,-0.0003339028,0.0004112438642307019,-2.1941353797568284
4022902903.0,-0.0002503293,-0.0003404604,0.000422584952887168,-2.2048014507420395
4023013013.0,-0.0002481661,-0.0003284278,0.00041164454691159215,-2.21788354689493
4023123123.0,-0.0002460133,-0.0003375269,0.00041766847139866804,-2.2006366547255283
4023233233.0,-0.0002481168,-0.0003370897,0.0004185587321850185,-2.20531319921041
4023343343.0,-0.0002533387,-0.000330195,0.0004161841358613877,-2.2252398298018936
4023453453.0,-0.0002466477,-0.0003302351,0.0004121775214483439,-2.2123009643983536
4023563564.0,-0.0002528362,-0.000333432,0.00041845315467139207,-2.2195782424023527
4023673674.0,-0.0002511668,-0.0003371332,0.00042040879625012605,-2.211094642701785
4023783784.0,-0.0002578221,-0.0003399679,0.000426673655477837,-2.2196339516305303
4023893894.0,-0.0002646024,-0.0003310383,0.00042379332952826194,-2.245116720864661
4024004004.0,-0.0002632459,-0.0003328964,0.000424403601539584,-2.239886438866292
4024114114.0,-0.000270802,-0.0003412813,0.00043566804901632394,-2.241552796906538
4024224224.0,-0.0002629789,-0.0003352949,0.0004261227191915728,-2.235903644101598
4024334334.0,-0.0002729498,-0.0003262546,0.0004253747257903318,-2.267468756212658
4024444444.0,-0.0002679643,-0.0003367612,0.00043036376694597554,-2.242916018549111
4024554555.0,-0.0002701066,-0.0003262443,0.00042354801220882856,-2.2623357312429495
4024664665.0,-0.0002703336,-0.0003345475,0.00043011891965502976,-2.250431074588107
4024774775.0,-0.0002839637,-0.0003370189,0.00044070071689855466,-2.2709639714151995
4024884885.0,-0.0002739312,-0.0003380409,0.00043509763548685255,-2.2518160249556773
4024994995.0,-0.0002782476,-0.0003309823,0.0004324014452092523,-2.2698501021752984
4025105105.0,-0.0002774748,-0.0003350234,0.00043500912999913004,-2.262512343914033
4025215215.0,-0.0002855491,-0.0003287938,0.000435480942670572,-2.285918613804316
4025325325.0,-0.0002849636,-0.0003334615,0.0004386351847574588,-2.277933039693794
4025435435.0,-0.0002839777,-0.0003323428,0.00043714422197843356,-2.277881039286837
4025545546.0,-0.0002907904,-0.0003336401,0.00044257742041384126,-2.2876798518801604
4025655656.0,-0.0002884357,-0.0003367261,0.000443373002623863,-2.279102932375008
4025765766.0,-0.0002917703,-0.0003343733,0.0004437740548015172,-2.2882588940641373
4025875876.0,-0.0002865402,-0.0003321669,0.0004386799923311411,-2.282582505817213
4025985986.0,-0.0002998713,-0.0003312939,0.0004468539411719449,-2.3064504965704384
4026096096.0,-0.0002979315,-0.0003295438,0.00044425476340799095,-2.3058568992623463
4026206206.0,-0.0003027406,-0.0003328156,0.00044990898467547853,-2.308909007662914
4026316316.0,-0.0003022695,-0.0003346607,0.0004509596819614144,-2.3053830836292586
4026426426.0,-0.000307281,-0.0003363356,0.0004555691481963633,-2.3110824038198245
4026536537.0,-0.0003030098,-0.0003348872,0.00045162415305193763,-2.3062633818028946
4026646647.0,-0.0003146069,-0.0003367339,0.0004608331812454698,-2.322236086350643
4026756757.0,-0.000311726,-0.0003378501,0.0004596909713557685,-2.315999000992401
4026866867.0,-0.0003162506,-0.0003388614,0.0004635099679729876,-2.3216937817871925
4026976977.0,-0.0003219566,-0.0003362273,0.0004655156813135837,-2.3345159526558943
4027087087.0,-0.0003135555,-0.000334999,0.0004588478850133778,-2.3231430024112596
4027197197.0,-0.0003351815,-0.0003353585,0.0004741433975755647,-2.3559305238430013
4027307307.0,-0.0003258478,-0.0003326582,0.0004656589597463792,-2.34585266005006
4027417417.0,-0.0003231695,-0.0003418504,0.0004704255751023854,-2.3281111370617777
4027527528.0,-0.0003300462,-0.0003470848,0.000478955480734358,-2.3310368689371903
4027637638.0,-0.0003327213,-0.000339244,0.00047517360512731556,-2.3464878950053336
4027747748.0,-0.0003332239,-0.0003346386,0.00047225116213850653,-2.3540762429721562
4027857858.0,-0.0003324715,-0.0003372391,0.00047356890615945216,-2.3490757146139174
4027967968.0,-0.0003391676,-0.0003330849,0.0004753737597909355,-2.3652424803598278
4028078078.0,-0.0003441365,-0.0003395233,0.00048343148622647655,-2.362942188367064
4028188188.0,-0.0003398958,-0.0003377072,0.00047914017551180157,-2.3594243938222
4028298298.0,-0.0003417195,-0.0003412529,0.000482934528107755,-2.356877680212037
4028408408.0,-0.0003489027,-0.000348027,0.0004928041059044557,-2.3574510007688674
4028518519.0,-0.0003517716,-0.0003332794,0.0004845806610162234,-2.38318183914511
4028628629.0,-0.0003534864,-0.0003312755,0.0004844544270467657,-2.388619068166612
4028738739.0,-0.0003556275,-0.0003369983,0.0004899375194442043,-2.383084492987052
4028848849.0,-0.0003627743,-0.0003377851,0.0004956853503206444,-2.3918497244921784
4028958959.0,-0.0003626288,-0.0003380439,0.0004957553075022495,-2.3912676681779512
4029069069.0,-0.0003620992,-0.0003344308,0.0004929095156611202,-2.3958968157292353
4029179179.0,-0.0003580351,-0.0003324085,0.0004885535218420394,-2.3932935985289783
4029289289.0,-0.0003675198,-0.000336588,0.0004983595942048674,-2.400096751617832
4029399399.0,-0.0003621919,-0.0003321015,0.000491400426055839,-2.3995069880388273
4029509510.0,-0.0003756344,-0.0003410621,0.0005073702381099723,-2.4043955368545675
4029619620.0,-0.0003722719,-0.000337184,0.0005022742451944057,-2.405611702856154
4029729730.0,-0.0003796105,-0.0003313815,0.0005039025999660053,-2.4239241276733936
4029839840.0,-0.0003756377,-0.0003356407,0.0005037443410677484,-2.4123678839493095
4029949950.0,-0.0003804924,-0.0003339393,0.0005062508494237318,-2.4212635231461417
4030060060.0,-0.0003842431,-0.0003319268,0.000507757974290754,-2.429115089025134
4030170170.0,-0.00038277,-0.0003376917,0.0005104395724754205,-2.4186816607289985
4030280280.0,-0.0003897054,-0.0003334492,0.0005128924524398853,-2.4338309017117488
4030390390.0,-0.0003878237,-0.0003315263,0.0005102126124209201,-2.4342967806579687
4030500501.0,-0.0003881321,-0.0003337098,0.000511867910369902,-2.4314457806062433
4030610611.0,-0.0004019535,-0.0003375207,0.0005248684016882137,-2.443108241129991
4030720721.0,-0.0004009188,-0.0003403882,0.0005259277620478691,-2.437667630502991
4030830831.0,-0.0004059781,-0.0003340936,0.0005257725280390465,-2.4530225465527864
4030940941.0,-0.0003972814,-0.0003300077,0.0005164664489056864,-2.4484312800653303
4031051051.0,-0.0004026607,-0.0003325882,0.0005222552537827935,-2.4512119651833144
4031161161.0,-0.0004113741,-0.0003323909,0.000528878398645303,-2.461991740689874
4031271271.0,-0.0004155651,-0.0003291197,0.0005301076581847314,-2.471760453983327
4031381381.0,-0.0004158368,-0.0003431842,0.0005391619787817758,-2.4516225857379554
4031491491.0,-0.0004242047,-0.0003350932,0.0005405895672211312,-2.4730204731312124
4031601602.0,-0.0004180593,-0.0003412695,0.0005396651275992734,-2.456980366870551
4031711712.0,-0.0004315176,-0.000338767,0.0005486078010735538,-2.4760283842693083
4031821822.0,-0.0004291016,-0.0003392507,0.0005470093423087488,-2.472605491655975
4031931932.0,-0.0004279672,-0.0003308817,0.0005409608337677784,-2.4834410876616104
4032042042.0,-0.0004322672,-0.0003346877,0.0005466907615161701,-2.4827443504560307
4032152152.0,-0.0004368509,-0.0003237614,0.0005437464050095136,-2.503795374354284
4032262262.0,-0.000432775,-0.0003296364,0.0005440168718247256,-2.4906576627649195
4032372372.0,-0.0004385518,-0.0003267002,0.000546864427407086,-2.5013298667762243
4032482482.0,-0.0004520892,-0.0003282045,0.0005586616494595723,-2.513647061224415
4032592593.0,-0.0004469305,-0.0003333342,0.0005575469134699698,-2.500765654796761
4032702703.0,-0.0004504115,-0.0003331528,0.0005602332616688249,-2.504740003027308
4032812813.0,-0.0004566954,-0.0003274089,0.0005619317362281383,-2.5196084874827127
4032922923.0,-0.0004508565,-0.0003224864,0.000554318556226661,-2.5206883816101673
4033033033.0,-0.0004604287,-0.0003252211,0.0005637050218588619,-2.526621575663004
4033143143.0,-0.0004571266,-0.0003323976,0.0005652016391636882,-2.512879514347762
4033253253.0,-0.0004655143,-0.0003316907,0.0005715962595844902,-2.5225098413640468
4033363363.0,-0.0004669356,-0.0003250037,0.0005689079535048266,-2.5335324636950096
4033473473.0,-0.0004719642,-0.0003298218,0.0005757886989485639,-2.5316536966429366
4033583584.0,-0.0004725833,-0.0003316316,0.0005773339532345643,-2.529698447496658
4033693694.0,-0.0004802768,-0.0003260874,0.0005805159748508218,-2.5451294033817287
4033803804.0,-0.0004733624,-0.0003336299,0.0005791207748887705,-2.5276467126683064
4033913914.0,-0.0004852487,-0.0003236525,0.0005832814428797989,-2.5533712726703115
4034024024.0,-0.0004861694,-0.0003277145,0.0005863083480615042,-2.548478920953905
4034134134.0,-0.0004899854,-0.0003278651,0.0005895601886246815,-2.551884955402001
4034244244.0,-0.0004910798,-0.000325465,0.0005891407609332765,-2.5563038570711676
4034354354.0,-0.0005023439,-0.0003220042,0.000596687605606862,-2.571567880056379
4034464464.0,-0.000502321,-0.0003242525,0.0005978846634571337,-2.5683813504505317
4034574575.0,-0.0005002191,-0.0003264204,0.0005973017876592787,-2.563423500748879
4034684685.0,-0.000501081,-0.0003228435,0.0005960789327373096,-2.5692391193827993
4034794795.0,-0.000506344,-0.0003291079,0.0006039008661845171,-2.565239230557636
4034904905.0,-0.0005120945,-0.0003220582,0.0006049481474618217,-2.5801910031445687
4035015015.0,-0.0005147283,-0.0003205545,0.000606383055742111,-2.5846025215179695
4035125125.0,-0.0005167442,-0.0003173463,0.0006064101271889595,-2.5908507319233083
4035235235.0,-0.0005158758,-0.0003186493,0.0006063540363650019,-2.588270083937963
4035345345.0,-0.0005226299,-0.0003212494,0.0006134681649233072,-2.5904499420323863
4035455455.0,-0.0005378762,-0.0003140429,0.0006228432784953612,-2.613127419049885
4035565566.0,-0.000536446,-0.000314405,0.0006217916169754945,-2.611464767900659
4035675676.0,-0.0005341317,-0.0003160649,0.0006206397457115521,-2.6072718606020375
4035785786.0,-0.0005430454,-0.0003083296,0.0006244721360455724,-2.6252023223485406
4035895896.0,-0.0005490275,-0.0003180719,0.0006345084154886048,-2.616505172789428
4036006006.0,-0.0005439655,-0.0003191066,0.0006306563940481457,-2.6110618827427263
4036116116.0,-0.0005456348,-0.0003117269,0.0006284035289164519,-2.6225355383054443
4036226226.0,-0.0005510628,-0.0003129671,0.0006337338678232765,-2.6250851488600087
4036336336.0,-0.0005620517,-0.0003148657,0.0006442379393588831,-2.630946217214754
4036446446.0,-0.0005606511,-0.0003172212,0.0006441730712010942,-2.6266934078510014
4036556557.0,-0.000560632,-0.0003086306,0.000639969598246948,-2.6383619725242267
4036666667.0,-0.0005697332,-0.0003117138,0.0006494316070939879,-2.6409614109267716
4036776777.0,-0.0005763733,-0.0003194384,0.0006589742577274548,-2.6355142457204703
4036886887.0,-0.0005805296,-0.0003082466,0.000657290333785398,-2.6534733378779456
4036996997.0,-0.0005805498,-0.0003125847,0.0006593536721321343,-2.647676707771473
4037107107.0,-0.0005814207,-0.0003118844,0.000659789291631692,-2.6492370192586234
4037217217.0,-0.0005881429,-0.0003090669,0.000664405312663904,-2.657756691055582
4037327327.0,-0.0005913947,-0.0003095118,0.000667491756898413,-2.6594328677039427
4037437437.0,-0.0006032032,-0.0003052275,0.0006760310105657062,-2.6731477557950614
4037547548.0,-0.0005991179,-0.0003055333,0.000672527215441353,-2.6699993775686788
4037657658.0,-0.0006043967,-0.0002979872,0.0006738632964739436,-2.68353458581832
4037767768.0,-0.0005987629,-0.0003040698,0.0006715470599209335,-2.6717006348920296
4037877878.0,-0.0006109477,-0.0003018124,0.0006814307132269942,-2.6827509815414876
4037987988.0,-0.0006201301,-0.0003007998,0.000689232805810961,-2.6899689806949594
4038098098.0,-0.0006204497,-0.0002993302,0.0006888805403421771,-2.6920908879092518
4038208208.0,-0.000621091,-0.0003013589,0.0006903413770666003,-2.6898477627607393
4038318318.0,-0.0006192561,-0.0003032389,0.000689515734309537,-2.686233027918683
4038428428.0,-0.0006285724,-0.0002969491,0.0006951848890997056,-2.700252865285023
4038538539.0,-0.000632645,-0.0002902328,0.0006960422215791511,-2.7114770775125123
4038648649.0,-0.0006431817,-0.0002958807,0.0007079746378560322,-2.710431946632761
4038758759.0,-0.0006448957,-0.0002876678,0.0007061467461054607,-2.7220127874423667
4038868869.0,-0.0006508906,-0.0002936089,0.0007140481491661259,-2.717834363984671
4038978979.0,-0.0006477861,-0.0002868588,0.0007084594571961404,-2.724717687057084
4039089089.0,-0.0006585057,-0.0002889367,0.0007191065105666754,-2.728111452245521
4039199199.0,-0.0006646431,-0.0002900238,0.0007251649846373238,-2.730139291878637
4039309309.0,-0.0006663083,-0.0002891896,0.0007263589852112039,-2.732108789296402
4039419419.0,-0.0006687342,-0.0002798382,0.0007249240294188627,-2.7452748587324654
4039529530.0,-0.0006705478,-0.0002824045,0.0007275896190196023,-2.742983332529574
4039639640.0,-0.0006807289,-0.000274643,0.000734044012811364,-2.7581119855481235
4039749750.0,-0.0006869846,-0.0002726961,0.0007391285433484286,-2.763721413444051
4039859860.0,-0.0006940699,-0.000279367,0.0007481837653778716,-2.75892817116615
4039969970.0,-0.0006923379,-0.000276423,0.0007454806789618427,-2.7617241584073993
4040080080.0,-0.000700483,-0.0002693578,0.0007504865473210296,-2.774491870095043
4040190190.0,-0.0007036631,-0.0002673358,0.0007527351381882275,-2.7785154082518684
4040300300.0,-0.0007012579,-0.0002687859,0.0007510049948909927,-2.775572975501653
4040410410.0,-0.0007150618,-0.0002696146,0.000764202466858358,-2.781025264108654
4040520521.0,-0.0007081003,-0.0002562258,0.0007530323335991158,-2.794400658193979
4040630631.0,-0.0007220244,-0.0002582742,0.0007668277489638726,-2.7980672268841844
4040740741.0,-0.0007302241,-0.0002607872,0.0007753948670868604,-2.798577362372278
4040850851.0,-0.0007342706,-0.0002625559,0.0007798005608161422,-2.798186606303499
4040960961.0,-0.0007325253,-0.0002565523,0.0007761523032081912,-2.804712992677385
4041071071.0,-0.0007370327,-0.0002591269,0.0007812579287104227,-2.8035098167433223
4041181181.0,-0.0007443382,-0.0002541343,0.0007865262859025945,-2.8125790107843835
4041291291.0,-0.0007443424,-0.000248627,0.0007847681145196713,-2.8192221095899015
4041401401.0,-0.0007556887,-0.0002414516,0.0007933248303502482,-2.832332451773568
4041511512.0,-0.0007622463,-0.0002537418,0.0008033706012363969,-2.8202439522538914
4041621622.0,-0.0007618457,-0.0002419551,0.0007993441943396474,-2.8340767503574416
4041731732.0,-0.0007722927,-0.0002437905,0.0008098579025752233,-2.8358214090591627
4041841842.0,-0.0007793305,-0.0002364648,0.0008144149003237171,-2.847000806181759
4041951952.0,-0.0007835396,-0.000247645,0.0008217434823551446,-2.8354684166510356
4042062062.0,-0.0007835226,-0.0002348189,0.0008179532874852757,-2.850414417463804
4042172172.0,-0.0007881114,-0.000237051,0.0008229901308101817,-2.849417096655349
4042282282.0,-0.0007978272,-0.0002279317,0.0008297476127864002,-2.8633149292964477
4042392392.0,-0.0008105469,-0.0002318134,0.0008430443223930577,-2.863032300219072
4042502503.0,-0.0008169449,-0.0002230523,0.0008468478601090635,-2.875056767712909
4042612613.0,-0.0008236818,-0.0002232495,0.0008534002852715073,-2.87691311183193
4042722723.0,-0.0008208227,-0.0002195792,0.0008496851945914616,-2.880202037449211
4042832833.0,-0.0008329209,-0.000218281,0.000861048094253631,-2.885289544749966
4042942943.0,-0.000835757,-0.0002194652,0.000864091856841644,-2.8847959076073284
4043053053.0,-0.0008427811,-0.0002123072,0.0008691112297566117,-2.894814683608057
4043163163.0,-0.0008399909,-0.000207375,0.000865210438395082,-2.899554801788469
4043273273.0,-0.0008480469,-0.0002084781,0.0008732964346539037,-2.9005394944045153
4043383383.0,-0.0008561744,-0.0002068614,0.0008808099920103768,-2.9045246978812895
4043493493.0,-0.0008604754,-0.0001983971,0.0008830511442116872,-2.9149859648250134
4043603604.0,-0.000866788,-0.0001879481,0.00088693062030669,-2.92806529878677
4043713714.0,-0.0008721656,-0.0001905441,0.0008927373005919323,-2.9264999052045213
4043823824.0,-0.0008793544,-0.0001890229,0.0008994408360330155,-2.9298581199135616
4043933934.0,-0.0008850534,-0.0001877902,0.0009047566966138466,-2.9325139202256136
4044044044.0,-0.0008974775,-0.0001891823,0.0009171999812688288,-2.9338407277550766
4044154154.0,-0.0008926785,-0.0001772309,0.0009101020252021528,-2.945602938416296
4044264264.0,-0.0009122577,-0.0001728443,0.0009284876214854886,-2.954343524686135
4044374374.0,-0.0009151205,-0.0001750117,0.0009317052241224904,-2.9526299086717036
4044484484.0,-0.0009246642,-0.0001700496,0.0009401705958079098,-2.9597206633693
4044594595.0,-0.0009250913,-0.0001648765,0.0009396691830574949,-2.965217337387632
4044704705.0,-0.0009286611,-0.0001551472,0.0009415317797722231,-2.976055979713756
4044814815.0,-0.0009384321,-0.0001524645,0.0009507366775667489,-2.980532638595638
4044924925.0,-0.0009492908,-0.0001547778,0.0009618259667619086,-2.979969116744846
4045035035.0,-0.0009572304,-0.0001422106,0.0009677364793354232,-2.9941067653154976
4045145145.0,-0.0009547023,-0.0001400608,0.0009649215042281574,-2.9959255176114628
4045255255.0,-0.0009664669,-0.0001346407,0.0009758003827074983,-3.00317128300253
4045365365.0,-0.0009776592,-0.0001366167,0.0009871583632140944,-3.002753124329464
4045475475.0,-0.0009801452,-0.000131511,0.0009889285900427998,-3.008214229759453
4045585586.0,-0.000975712,-0.0001237711,0.000983530981789191,-3.01541448684246
4045695696.0,-0.0009872836,-0.0001151036,0.0009939706965307982,-3.025530456794017
4045805806.0,-0.0009982777,-0.000119504,0.0010054051781910067,-3.022449446313071
4045915916.0,-0.0010019076,-0.0001119881,0.0010081469007438202,-3.030279807863682
4046026026.0,-0.0010146292,-0.0001046684,0.0010200136702276103,-3.0387970067224113
4046136136.0,-0.0010241531,-9.70179e-05,0.0010287380838483718,-3.0471446186310547
4046246246.0,-0.0010216947,-8.56651e-05,0.001025279751758563,-3.0579422285462496
4046356356.0,-0.0010351224,-8.43482e-05,0.0010385533216089582,-3.0602860858625887
4046466466.0,-0.0010412325,-8.25436e-05,0.0010444991933731733,-3.0624832003635456
4046576577.0,-0.0010509864,-7.56672e-05,0.0010537067609827698,-3.0697203007273686
4046686687.0,-0.0010524439,-7.33553e-05,0.0010549972334965149,-3.0720052330152807
4046796797.0,-0.0010664434,-6.11129e-05,0.0010681930124981955,-3.084349920177417
4046906907.0,-0.0010719491,-5.50719e-05,0.0010733628404041291,-3.090262302552429
4047017017.0,-0.0010723945,-4.76362e-05,0.0010734519882978884,-3.0972014285689786
4047127127.0,-0.0010870317,-4.00705e-05,0.0010877699948863915,-3.104747026072117
4047237237.0,-0.001093571,-3.7829e-05,0.0010942250980863124,-3.1070142660297675
4047347347.0,-0.0011006417,-2.62026e-05,0.0011009535539820243,-3.117790492074233
4047457457.0,-0.0011108971,-2.24497e-05,0.0011111239156001008,-3.121386781522262
4047567568.0,-0.0011134598,-1.00034e-05,0.0011135047347127,-3.1326088259953404
4047677678.0,-0.0011251389,-8.5383e-06,0.0011251712966744664,-3.1340041362031794
4047787788.0,-0.0011329655,8.549e-07,0.00113296582254023,-3.1423472218778365
4047897898.0,-0.0011423415,1.09058e-05,0.001142393557009094,-3.15113924599595
4048008008.0,-0.001147262,1.19645e-05,0.0011473243856487362,-3.1520210180615504
4048118118.0,-0.0011495567,2.33327e-05,0.0011497934690213628,-3.1618869954356694
4048228228.0,-0.0011626717,4.12792e-05,0.0011634042523274229,-3.1770814925653736
4048338338.0,-0.0011680514,4.35222e-05,0.0011688619486213074,-3.1788359422564954
4048448448.0,-0.0011746306,5.56147e-05,0.0011759464449167957,-3.1889038667792837
4048558559.0,-0.0011865335,5.92299e-05,0.0011880109122715413,-3.191469691256264
4048668669.0,-0.0011839813,5.97887e-05,0.0011854899440304756,-3.1920478054103594
4048778779.0,-0.0012001538,7.43479e-05,0.0012024544706095322,-3.203462233726172
4048888889.0,-0.0012099092,9.00095e-05,0.0012132526457151824,-3.215849465149269
4048998999.0,-0.0012164198,9.6242e-05,0.0012202211489709723,-3.220547247623431
4049109109.0,-0.0012277222,0.0001046498,0.0012321742494521139,-3.2266260987406485
4049219219.0,-0.0012323731,0.0001158146,0.0012378030857841523,-3.2352943502576825
4049329329.0,-0.0012368463,0.0001251152,0.0012431583097476885,-3.2424063498401408
4049439439.0,-0.0012484241,0.0001365292,0.001255867411757089,-3.250521007189838
4049549550.0,-0.001252191,0.0001416725,0.0012601799068931586,-3.2542532649211964
4049659660.0,-0.0012570579,0.0001639072,0.0012676987552901716,-3.271250703681769
4049769770.0,-0.0012710913,0.0001678593,0.0012821270754227836,-3.272892099658435
4049879880.0,-0.0012734576,0.0001847175,0.0012867846804357013,-3.28563994891943
4049989990.0,-0.0012778916,0.0002020432,0.001293765201269844,-3.2984013129173797
4050100100.0,-0.0012931811,0.0002105266,0.0013102056352743909,-3.3029743529537243
4050210210.0,-0.0012921847,0.0002173361,0.0013103344150549128,-3.308225801739491
4050320320.0,-0.0013112591,0.0002290166,0.0013311081963568439,-3.3145025470401097
4050430430.0,-0.0013113534,0.0002467552,0.0013343672164807558,-3.327586172579938
4050540541.0,-0.0013186641,0.000259283,0.0013439131976127811,-3.3357414150777323
4050650651.0,-0.0013279103,0.0002717937,0.0013554399950590878,-3.343481982747711
4050760761.0,-0.0013304836,0.0002784438,0.001359307750153511,-3.3478952973141767
4050870871.0,-0.0013491694,0.0002989065,0.0013818839190172995,-3.359619520805172
4050980981.0,-0.0013482091,0.0003149277,0.0013845025220454096,-3.3710676610375323
4051091091.0,-0.0013609511,0.0003321586,0.0014008987230150402,-3.3809763427204302
4051201201.0,-0.0013673904,0.0003502197,0.0014115276633067627,-3.392325490055297
4051311311.0,-0.0013706779,0.0003642385,0.0014182480708362201,-3.4013259901196347
4051421421.0,-0.0013747724,0.000375325,0.001425085263212963,-3.40810674584605
4051531532.0,-0.0013790607,0.0003898325,0.0014331007614054008,-3.417084532416646
4051641642.0,-0.0013897733,0.0004061595,0.0014479072362665849,-3.4259231203891205
4051751752.0,-0.0013958822,0.0004196898,0.0014576099082061979,-3.433657377156988
4051861862.0,-0.0014010002,0.0004392888,0.0014682561800331301,-3.4454371905648458
4051971972.0,-0.0014014032,0.0004577885,0.0014742799054801262,-3.4573291853783394
4052082082.0,-0.0014123858,0.0004776301,0.0014909608178847794,-3.4676921570600014
4052192192.0,-0.0014159995,0.0004984098,0.0015011551927553294,-3.480034258834212
4052302302.0,-0.0014128721,0.0005121106,0.0015028189636781836,-3.489324898984262
4052412412.0,-0.0014241006,0.0005286726,0.001519064592738281,-3.497056333322112
4052522523.0,-0.0014368415,0.0005457665,0.001537001811529349,-3.504597791896691
4052632633.0,-0.0014321874,0.0005694565,0.0015412467207137897,-3.5200396831431444
4052742743.0,-0.0014439324,0.0005885308,0.0015592656214764692,-3.528624006996717
4052852853.0,-0.001445111,0.0006076985,0.0015676872357786326,-3.5396628378607913
4052962963.0,-0.0014443288,0.0006321128,0.0015765951523562668,-3.5541303267397564
4053073073.0,-0.0014459961,0.0006466212,0.0015839898034724373,-3.5620993749497982
4053183183.0,-0.001445613,0.0006676461,0.0015923404976996,-3.574251376071428
4053293293.0,-0.0014596164,0.0006806947,0.0016105357213539383,-3.577961203864952
4053403403.0,-0.0014597536,0.0007031366,0.001620272091647733,-3.5904785255063425
4053513514.0,-0.0014547474,0.0007346449,0.001629721794326495,-3.6092308677818195
4053623624.0,-0.0014592461,0.0007508991,0.0016411120128577512,-3.616836243837297
4053733734.0,-0.0014590906,0.0007843839,0.0016565637571755486,-3.634853553592967
4053843844.0,-0.0014595678,0.0007996782,0.0016642786384353072,-3.642812140072226
4053953954.0,-0.0014568471,0.0008239289,0.0016736971963391765,-3.6563007004729733
4054064064.0,-0.0014604792,0.000849606,0.0016896241738530615,-3.668470731901796
4054174174.0,-0.0014543087,0.0008739532,0.0016967050393883818,-3.6827035134300914
4054284284.0,-0.0014568664,0.0008996612,0.0017122645771709463,-3.6948034789067816
4054394394.0,-0.0014530086,0.0009167797,0.0017180567540119418,-3.7044611149864988
4054504505.0,-0.0014522258,0.0009455931,0.0017329472250917654,-3.718764410281328
4054614615.0,-0.001441597,0.0009668415,0.0017357950329838054,-3.7323643755683267
4054724725.0,-0.0014397671,0.0009914352,0.00174810556261384,-3.7446320193307154
4054834835.0,-0.0014329337,0.0010285489,0.00176386275778103,-3.764160276196177
4054944945.0,-0.0014386974,0.0010412641,0.0017759732922303674,-3.7680841503549414
4055055055.0,-0.0014226684,0.0010700396,0.0017801601394050817,-3.7864591680572355
4055165165.0,-0.0014175956,0.0010893062,0.0017877822245726128,-3.7967775541512396
4055275275.0,-0.0014144798,0.0011265786,0.001808295453344392,-3.814172201868748
4055385385.0,-0.0014086387,0.0011382622,0.0018110504750245174,-3.821227918072596
4055495495.0,-0.0013969199,0.0011718593,0.001823359379281139,-3.8396001339154555
4055605606.0,-0.0013913793,0.001193619,0.0018332110281223735,-3.850636477665362
4055715716.0,-0.0013762261,0.0012206648,0.0018395708282858394,-3.8671594125456723
4055825826.0,-0.0013603771,0.0012501716,0.0018475808192474207,-3.8848004136688132
4055935936.0,-0.0013470397,0.0012746024,0.0018544884015441697,-3.8993673383755887
4056046046.0,-0.0013279519,0.0012995189,0.001858011200227496,-3.916169806070276
4056156156.0,-0.0013183411,0.0013289249,0.0018719147004575877,-3.9309888072193204
4056266266.0,-0.0013088805,0.0013532823,0.0018826951815876993,-3.9436681153850017
4056376376.0,-0.0012962115,0.0013737782,0.001888764356802481,-3.9560339588006155
4056486486.0,-0.0012819621,0.0014016216,0.0018994656973535928,-3.971550743103157
4056596597.0,-0.0012664334,0.0014277451,0.0019084835936443285,-3.986793591967082
4056706707.0,-0.001249898,0.0014523715,0.0019161492594305513,-4.001778276195254
4056816817.0,-0.0012287059,0.0014708122,0.001916508991986119,-4.016436520454885
4056926927.0,-0.0012095106,0.0014971167,0.001924649138136936,-4.032853528190275
4057037037.0,-0.0011927519,0.0015178702,0.0019304370072607006,-4.0463628802124685
4057147147.0,-0.0011716365,0.0015462766,0.0019400266523529543,-4.0639687234567905
4057257257.0,-0.0011532344,0.0015763915,0.001953192192953784,-4.080790401717827
4057367367.0,-0.0011307208,0.0015964099,0.0019562857910772266,-4.096121052606142
4057477477.0,-0.0011053855,0.0016176982,0.001959291854189541,-4.112954027167536
4057587588.0,-0.0010829959,0.0016353454,0.001961436895930626,-4.127455232315014
4057697698.0,-0.0010579593,0.0016543326,0.0019636940270518852,-4.14342474471918
4057807808.0,-0.0010392407,0.0016778889,0.001973659644741134,-4.157845586921624
4057917918.0,-0.0010109511,0.0016967768,0.001975113575369642,-4.175058444108414
4058028028.0,-0.0009888498,0.0017125945,0.0019775752446848363,-4.188753899049165
4058138138.0,-0.0009540533,0.0017302408,0.001975841826975411,-4.208472203535113
4058248248.0,-0.0009339572,0.0017551464,0.0019881687395351534,-4.223372904712461
4058358358.0,-0.0009012755,0.0017671747,0.0019837348480127933,-4.2407660464300605
4058468468.0,-0.0008702682,0.0017847496,0.0019856227926349453,-4.2586994918330205
4058578579.0,-0.0008431563,0.0017980396,0.0019859151415400032,-4.27390413161166
4058688689.0,-0.0008100759,0.0018139639,0.00198662729123105,-4.29238464972545
4058798799.0,-0.0007876408,0.0018334837,0.0019955050759119432,-4.30663950953162
4058908909.0,-0.0007666393,0.0018397535,0.001993095270444125,-4.317562967142762
4059019019.0,-0.00072411,0.0018587761,0.0019948393123335045,-4.340912453954132
4059129129.0,-0.0006984886,0.0018677506,0.0019940859129261006,-4.35451885434469
4059239239.0,-0.0006658054,0.0018779038,0.0019924405920186427,-4.371669024300955
4059349349.0,-0.0006311869,0.0018809622,0.0019840402467088338,-4.388630403119499
4059459459.0,-0.0005984063,0.001894506,0.0019867669928594267,-4.406442314898997
4059569570.0,-0.0005738785,0.0018993409,0.001984145253547497,-4.418964425355387
4059679680.0,-0.0005489598,0.0019030458,0.0019806413554487043,-4.43154917913106
4059789790.0,-0.0005134821,0.0019098745,0.001977696759559124,-4.449743291167895
4059899900.0,-0.0004750702,0.0019161863,0.0019741989847114525,-4.469364351713725
4060010010.0,-0.0004496375,0.0019195402,0.001971499039011252,-4.482295192582312
4060120120.0,-0.0004148547,0.001919205,0.0019635305584933204,-4.499504661898978
4060230230.0,-0.0003855053,0.0019240392,0.0019622795874861283,-4.514644889257067
4060340340.0,-0.0003518093,0.0019216853,0.00195362334542833,-4.531320779723963
4060450450.0,-0.0003231213,0.0019210821,0.0019480666850634502,-4.545751166943721
4060560561.0,-0.0002917932,0.0019209935,0.0019430283833769618,-4.561644268721899
4060670671.0,-0.000263709,0.0019204247,0.0019384461470598273,-4.5759243833254875
4060780781.0,-0.0002260894,0.001920443,0.0019337056996971797,-4.59520066412338
4060890891.0,-0.0001956754,0.0019175497,0.0019275076430808906,-4.610696483096517
4061001001.0,-0.0001595787,0.0019111879,0.0019178385100419952,-4.629085086027635
4061111111.0,-0.0001400079,0.0019062134,0.0019113481468330071,-4.639072452471765
4061221221.0,-0.0001056056,0.001899109,0.001902042990216667,-4.656838220178535
4061331331.0,-8.11046e-05,0.0018957691,0.0018975032112373276,-4.669633155004243
4061441441.0,-4.80598e-05,0.0018953827,0.0018959919102768687,-4.687038161194508
4061551552.0,-2.07157e-05,0.0018741842,0.0018742986837097576,-4.701336247985257
4061661662.0,1.3416e-06,0.0018728456,0.0018728460805228816,-4.713105323349919
4061771772.0,3.02624e-05,0.0018634901,0.0018637358089739463,-4.728627188516866
4061881882.0,5.63607e-05,0.0018531048,0.0018539616846870192,-4.742793807631212
4061991992.0,8.2823e-05,0.0018429495,0.001844809613179433,-4.7572992233307865
4062102102.0,0.0001151637,0.0018347473,0.0018383580534419783,-4.775074895929375
4062212212.0,0.0001398281,0.0018254716,0.001830819068055653,-4.788838040059618
4062322322.0,0.0001582555,0.0018108125,0.0018177146952799,-4.799562238934799
4062432432.0,0.0001804582,0.0018062177,0.0018152100544401274,-4.811967969295032
4062542543.0,0.0002081642,0.0017863739,0.001798461577227284,-4.828394696398244
4062652653.0,0.00022329,0.0017749444,0.0017889343328337571,-4.837532695706264
4062762763.0,0.0002463904,0.0017587264,0.0017759016806313125,-4.8515790006190365
4062872873.0,0.0002761326,0.0017405226,0.0017622905929197716,-4.869726928953557
4062982983.0,0.0002908981,0.0017278945,0.001752210349162982,-4.8791790210161
4063093093.0,0.0003137829,0.0017163443,0.0017447915246455376,-4.893212539721755
4063203203.0,0.0003372556,0.0017004452,0.0017335671945253232,-4.908181823185014
4063313313.0,0.0003524655,0.0016889349,0.0017253211368114228,-4.9181271262698685
4063423423.0,0.0003671082,0.001670625,0.0017104842358619504,-4.928694165607574
4063533534.0,0.0003910749,0.0016508614,0.0016965503055966155,-4.9449926163419144
4063643644.0,0.0004185813,0.0016394947,0.0016920854517540715,-4.9623601054298385
4063753754.0,0.0004233281,0.001622075,0.0016764050780985512,-4.967674169928494
4063863864.0,0.000442127,0.0016092047,0.001668836735762696,-4.980521602825074
4063973974.0,0.0004556592,0.0015948554,0.0016586708695379563,-4.990680656155389
4064084084.0,0.0004751345,0.0015793045,0.0016492287581807747,-5.004625839179945
4064194194.0,0.0004943599,0.0015592132,0.0016357070378836944,-5.019420275499567
4064304304.0,0.0004987531,0.0015459845,0.0016244453604230152,-5.024459471129974
4064414414.0,0.0005133991,0.0015305048,0.001614318301545222,-5.036038193466371
4064524525.0,0.0005287191,0.0015200874,0.0016094128091771762,-5.047121737762565
4064634635.0,0.0005412875,0.0014915033,0.0015866865637444404,-5.060521878295255
4064744745.0,0.0005618438,0.0014821587,0.0015850750353166659,-5.074724208352072
4064854855.0,0.0005650648,0.0014658129,0.0015709569332115537,-5.080329597245474
4064964965.0,0.0005809308,0.0014454755,0.0015578446698849312,-5.094528758053427
4065075075.0,0.0005973877,0.0014392342,0.0015582898146881826,-5.10582167752679
4065185185.0,0.0006076987,0.0014255084,0.0015496360567734122,-5.115362876980584
4065295295.0,0.0006133196,0.0014028352,0.0015310478536294022,-5.124547621223735
4065405405.0,0.0006252726,0.0013877106,0.0015220731039155512,-5.135723907047991
4065515516.0,0.0006313473,0.0013647938,0.001503749157850381,-5.145667714807424
4065625626.0,0.0006426816,0.0013515626,0.001496583141926074,-5.156253389855975
4065735736.0,0.0006528899,0.0013443192,0.0014944762738199125,-5.164503635650259
4065845846.0,0.0006644879,0.0013202458,0.0014780369216173357,-5.1786780519712625
4065955956.0,0.0006663469,0.0013093599,0.0014691635507551976,-5.183139491615996
4066066066.0,0.0006726455,0.0012917549,0.0014563937277893846,-5.192476615070551
4066176176.0,0.0006729047,0.0012720364,0.0014390543207978806,-5.198964966037515
4066286286.0,0.0006946414,0.0012591257,0.0014380278867234982,-5.2165253253962875
4066396396.0,0.0006956979,0.0012393096,0.001421226179296093,-5.223911449861788
4066506507.0,0.0006994968,0.0012312761,0.001416099081152675,-5.229027698568339
4066616617.0,0.0007092849,0.0012173173,0.0014088812860732092,-5.2399626165496995
4066726727.0,0.0007115858,0.00120113,0.0013960901216116528,-5.247223928781581
4066836837.0,0.0007201172,0.0011869513,0.0013883163077294488,-5.257716603000812
4066946947.0,0.0007241777,0.0011740307,0.0013794134353846855,-5.26509186753961
4067057057.0,0.0007314229,0.0011527419,0.0013652081697162598,-5.277795657122661
4067167167.0,0.0007334708,0.0011421774,0.0013574051081101028,-5.2832393171969025
4067277277.0,0.0007353955,0.0011214823,0.0013410924989103248,-5.292785465781232
4067387387.0,0.0007403008,0.0011117311,0.0013356613766924046,-5.299860041411848
4067497497.0,0.0007539079,0.0010971998,0.0013312492339161927,-5.314418227152624
4067607608.0,0.0007561274,0.0010857983,0.0013231351379634846,-5.320680771836589
4067717718.0,0.0007510628,0.0010714763,0.0013084940928431927,-5.3237594331286076
4067827828.0,0.0007592288,0.0010520485,0.001297395243209135,-5.337509103929376
4067937938.0,0.0007694945,0.0010454975,0.0012981474523475751,-5.346874889476599
4068048048.0,0.0007669187,0.0010266461,0.001281470447203095,-5.353976114881611
4068158158.0,0.0007624076,0.001020859,0.0012741343910352473,-5.35385786887178
4068268268.0,0.0007699076,0.0010042602,0.0012654233528119354,-5.3664558881536655
4068378378.0,0.0007734902,0.0009878067,0.0012546111613009547,-5.376701337721171
4068488488.0,0.0007667592,0.0009774169,0.001242281557131977,-5.377591559263968
4068598599.0,0.0007725652,0.00097066,0.0012405796322086866,-5.384635580410038
4068708709.0,0.0007773624,0.0009592623,0.0012346969106363918,-5.393424337804162
4068818819.0,0.0007744573,0.0009408614,0.001218607518249108,-5.401079158773139
4068928929.0,0.0007790288,0.0009265316,0.0012105150461799309,-5.4115183152149235
4069039039.0,0.0007776662,0.0009143328,0.0012003204521202993,-5.417189846461523
4069149149.0,0.0007793429,0.0009005279,0.0011909348657499368,-5.425772418489176
4069259259.0,0.0007832727,0.000890047,0.0011856221087573773,-5.434063675145283
4069369369.0,0.0007848376,0.0008803274,0.0011793839025374731,-5.440504332209482
4069479479.0,0.0007815413,0.0008647436,0.0011655849593001147,-5.447290678081355
4069589590.0,0.0007908707,0.0008603005,0.0011685860748865441,-5.455763080092831
4069699700.0,0.000782511,0.0008476803,0.0011536400461708539,-5.4578319451726145
4069809810.0,0.0007873563,0.0008361944,0.0011485429977763349,-5.467715168022558
4069919920.0,0.0007853642,0.0008264378,0.001140086121269126,-5.472309626937902
4070030030.0,0.0007883203,0.0008178472,0.0011359238257647075,-5.479405764220634
4070140140.0,0.0007806394,0.0008036763,0.0011203987986489676,-5.483247568967954
4070250250.0,0.0007868902,0.0007979174,0.0011206553279571735,-5.490829187468972
4070360360.0,0.0007873864,0.0007800404,0.0011083502914408963,-5.5024737717102985
4070470470.0,0.0007827781,0.0007884945,0.001111064863259504,-5.494149089646724
4070580581.0,0.0007867071,0.0007680972,0.001099491414172139,-5.509755859952883
4070690691.0,0.000781849,0.0007563735,0.0010878367204241867,-5.514347278075862
4070800801.0,0.0007875885,0.0007444166,0.0010837212370752038,-5.52595968554683
4070910911.0,0.0007851438,0.0007400206,0.0010789259822169453,-5.527364310135829
4071021021.0,0.0007862834,0.0007240648,0.0010688832582254246,-5.538958736162751
4071131131.0,0.0007822129,0.0007242609,0.0010660257371167077,-5.536236825989107
4071241241.0,0.0007855545,0.0007049534,0.0010554881186644453,-5.551810790246003
4071351351.0,0.0007796112,0.0007083821,0.0010533749677896517,-5.545619864791853
4071461461.0,0.0007774403,0.000690714,0.0010399515613047034,-5.556790229962822
4071571572.0,0.000781003,0.0006837502,0.0010380173514970932,-5.5640851856134335
4071681682.0,0.0007754601,0.0006718128,0.0010259974682892009,-5.569280673526745
4071791792.0,0.0007735547,0.0006645319,0.0010197987644676278,-5.573453417777186
4071901902.0,0.0007755145,0.0006590155,0.0010177053448569974,-5.578819885500067
4072012012.0,0.0007741182,0.0006485839,0.0010099109183044066,-5.5857957460662835
4072122122.0,0.00077391,0.0006413239,0.001005103493582233,-5.591199429278759
4072232232.0,0.0007730994,0.0006289364,0.0009966161134184616,-5.600251097072679
4072342342.0,0.0007700298,0.0006274211,0.000993278978743258,-5.599484259967698
4072452452.0,0.0007678263,0.0006200375,0.0009869162722226947,-5.603873892998074
4072562563.0,0.000768617,0.0006105971,0.0009816317594787823,-5.6118621530819475
4072672673.0,0.000758829,0.0006023538,0.0009688403127530564,-5.612240070350554
4072782783.0,0.000763473,0.0005959104,0.0009685041179866815,-5.620432166887518
4072892893.0,0.0007670251,0.0005900165,0.0009677019036367863,-5.627491980658934
4073003003.0,0.0007627121,0.0005802928,0.0009583681344964731,-5.632790154126699
4073113113.0,0.0007664275,0.0005708289,0.000955644675510443,-5.64302580225319
4073223223.0,0.0007598699,0.0005601335,0.0009440083700626071,-5.647962969550807
4073333333.0,0.0007601859,0.0005666888,0.0009481660184821275,-5.642595612469926
4073443443.0,0.0007492553,0.0005466718,0.0009274877689184532,-5.65285536205377
4073553554.0,0.0007469961,0.000541913,0.0009228612425409413,-5.655578112740998
4073663664.0,0.0007587927,0.0005356623,0.0009288166994701268,-5.668483721033898
4073773774.0,0.0007542354,0.0005335893,0.0009238985765156531,-5.66747199294391
4073883884.0,0.0007568257,0.0005232901,0.0009201182907314146,-5.678235900215641
4073993994.0,0.0007478188,0.0005165349,0.0009088681205496482,-5.678713364677215
4074104104.0,0.0007399382,0.0005093298,0.0008982902565358704,-5.680327108791661
4074214214.0,0.0007415117,0.0004977746,0.0008930952657147219,-5.691983916299675
4074324324.0,0.0007443248,0.0004950641,0.0008939283366153296,-5.696255365319551
4074434434.0,0.0007400137,0.0004909079,0.0008880376357284077,-5.697463782256166
4074544545.0,0.0007415937,0.0004864082,0.0008868788828847657,-5.702676564704605
4074654655.0,0.0007386633,0.0004819575,0.0008819900807679982,-5.70507390327575
4074764765.0,0.0007337301,0.000475054,0.0008740916213773073,-5.708604365456098
4074874875.0,0.0007301286,0.0004649977,0.0008656273063757,-5.716095079912981
4074984985.0,0.0007308137,0.0004710469,0.0008694675647241247,-5.7106500169235375
4075095095.0,0.0007251272,0.0004579226,0.0008576144610316456,-5.719920777461902
4075205205.0,0.0007288276,0.0004473243,0.000855154196558872,-5.7327104729709575
4075315315.0,0.000725878,0.00044328,0.0008505269127335125,-5.734949026796752
4075425425.0,0.0007227273,0.0004324544,0.0008422301100320803,-5.743969206931029
4075535536.0,0.0007178893,0.0004294679,0.0008365451118648056,-5.744063180995928
4075645646.0,0.0007166345,0.0004309755,0.0008362445145951631,-5.741745729532649
4075755756.0,0.0007131237,0.0004226117,0.000828942736549745,-5.748209603881731
4075865866.0,0.0007184058,0.0004182194,0.0008312727350334545,-5.755994772764553
4075975976.0,0.0007077266,0.0004087061,0.0008172622691185309,-5.759480610526204
4076086086.0,0.000712193,0.0004138801,0.0008237205875932748,-5.756752823307052
4076196196.0,0.0007148261,0.0004014127,0.0008198222422955479,-5.771515564286956
4076306306.0,0.0007119496,0.0004038362,0.0008185083441056664,-5.767213151875056
4076416416.0,0.0007021697,0.0003898578,0.0008031384636654692,-5.77634419149632
4076526527.0,0.0007013006,0.0003828501,0.0007989973282998948,-5.7834842397236175
4076636637.0,0.000698293,0.0003830014,0.0007964315326824773,-5.78150800943006
4076746747.0,0.0006969667,0.0003821007,0.0007948355338366421,-5.781699117830995
4076856857.0,0.0006972499,0.0003754107,0.0007918905332964273,-5.789279021707107
4076966967.0,0.0006909961,0.0003717547,0.0007846509843155107,-5.789603154178094
4077077077.0,0.0006864476,0.0003627624,0.0007764063796746649,-5.797027152713616
4077187187.0,0.0006881745,0.000365295,0.0007791178213051285,-5.795188797145859
4077297297.0,0.0006872391,0.0003552046,0.0007736070633273523,-5.806142921832088
4077407407.0,0.0006838356,0.0003459098,0.0007663450381932411,-5.8148784832207845
4077517518.0,0.0006845049,0.0003465025,0.0007672098413278209,-5.81458289229342
4077627628.0,0.0006824683,0.0003436926,0.0007641253717811299,-5.816660019143651
4077737738.0,0.0006782949,0.0003313548,0.0007549039507440996,-5.828770736467136
4077847848.0,0.0006805098,0.0003351883,0.0007585807698280586,-5.8255116589500195
4077957958.0,0.0006753593,0.000329049,0.0007512545697015693,-5.829813341346419
4078068068.0,0.0006754499,0.000326302,0.0007501370292246677,-5.833158293617771
4078178178.0,0.0006692283,0.000312428,0.0007385646706314147,-5.846409121818293
4078288288.0,0.0006770675,0.000316073,0.0007472098372513908,-5.846426967602293
4078398398.0,0.0006638778,0.0003098467,0.0007326245360576794,-5.846512307859548
4078508509.0,0.0006636819,0.0003109176,0.0007329006879362101,-5.845075192921194
4078618619.0,0.0006655873,0.0003072611,0.0007330865143313578,-5.850694596844695
4078728729.0,0.0006611311,0.0003051191,0.0007281428407750913,-5.850800389203764
4078838839.0,0.0006586565,0.000296928,0.0007224919530183365,-5.859659170608639
4078948949.0,0.000664882,0.0002935135,0.0007267862468472075,-5.867462581771874
4079059059.0,0.0006566968,0.0002902776,0.0007179914847628765,-5.866981626656099
4079169169.0,0.0006616816,0.0002837619,0.0007199606625852346,-5.878058524249423
4079279279.0,0.0006496402,0.0002858669,0.0007097550802718147,-5.868645918670993
4079389389.0,0.0006566858,0.0002822002,0.0007147539386402008,-5.877311782072251
4079499499.0,0.0006580621,0.0002779407,0.0007143505863180207,-5.883550834573429
4079609610.0,0.0006440702,0.0002758677,0.0007006635500947156,-5.878506541856333
4079719720.0,0.0006457005,0.0002685826,0.0006993323592706189,-5.889000403071299
4079829830.0,0.0006418106,0.0002639721,0.000693975587359361,-5.892981795673039
4079939940.0,0.0006369104,0.0002640512,0.0006894765361124336,-5.890172304373703
4080050050.0,0.0006398491,0.0002567309,0.00068943282905996,-5.901613319938864
4080160160.0,0.0006386645,0.0002552858,0.0006877958877762282,-5.90292191757118
4080270270.0,0.0006325719,0.0002499157,0.0006801507669451679,-5.906928594241346
4080380380.0,0.0006352635,0.0002494218,0.0006824741377865465,-5.909050809403051
4080490490.0,0.000633825,0.0002426113,0.0006786710348266604,-5.917617147517275
4080600601.0,0.0006232417,0.0002311411,0.0006647228179685876,-5.928041140767042
4080710711.0,0.0006290507,0.0002356222,0.0006717310505725712,-5.9247935176834705
4080820821.0,0.0006287939,0.0002436567,0.0006743518044256277,-5.913502312958298
4080930931.0,0.0006230352,0.0002284682,0.0006636042335988221,-5.931709443868673
4081041041.0,0.0006164306,0.0002301323,0.0006579875075711165,-5.9258791737196965
4081151151.0,0.0006172816,0.000224574,0.0006568638026064155,-5.9342598369993595
4081261261.0,0.0006127439,0.0002232697,0.0006521536980845083,-5.9337604416576415
4081371371.0,0.0006117039,0.0002249782,0.000651764414302016,-5.930751210632829
4081481481.0,0.0006098443,0.0002242597,0.0006497711006859108,-5.930801127769082
4081591592.0,0.0006066899,0.0002120655,0.0006426853126159489,-5.9469157746001535
4081701702.0,0.0006077198,0.0002114474,0.0006434542394598081,-5.948350710794755
4081811812.0,0.0006082869,0.0002101739,0.000643572855978886,-5.9505091816480284
4081921922.0,0.000602093,0.0002102802,0.0006377568056563881,-5.947179950440074
4082032032.0,0.0006055395,0.0002030118,0.0006386641347371012,-5.959703794147343
4082142142.0,0.0005965729,0.0002028064,0.0006301028970694944,-5.95548945230758
4082252252.0,0.0005994113,0.0001995228,0.0006317461945176481,-5.961856676008121
4082362362.0,0.0005986055,0.0001900568,0.0006280526505449125,-5.97575246224536
4082472472.0,0.0005959727,0.00019401,0.0006267562039942564,-5.968469553893277
4082582583.0,0.0005885461,0.0001823109,0.0006161361668365362,-5.982794176042153
4082692693.0,0.0005933864,0.0001819357,0.0006206512858598217,-5.985679236239617
4082802803.0,0.0005847037,0.0001849785,0.0006132662246169603,-5.976785184146522
4082912913.0,0.0005870737,0.0001779581,0.0006134530255751454,-5.988861851658973
4083023023.0,0.0005848446,0.0001822505,0.0006125834236244155,-5.98110043737966
4083133133.0,0.0005847733,0.0001711158,0.000609295026569666,-5.998513718186761
4083243243.0,0.000584797,0.0001788724,0.0006115413859182059,-5.986351082964926
4083353353.0,0.0005844241,0.0001727814,0.0006094300130833482,-5.995729742286632
4083463463.0,0.0005778112,0.0001663129,0.0006012701252780234,-6.002928304415219
4083573574.0,0.0005736029,0.0001734429,0.0005992518055448978,-5.989551482689134
4083683684.0,0.0005730518,0.0001622803,0.0005955864851147397,-6.007224592163711
4083793794.0,0.0005731333,0.0001663233,0.0005967790375773766,-6.000743383948137
4083903904.0,0.0005762134,0.0001636093,0.0005989907222871236,-6.006527970094421
4084014014.0,0.0005648205,0.0001571376,0.0005862716286449567,-6.011839067026861
4084124124.0,0.0005712183,0.0001558999,0.0005921107371724482,-6.016748991790322
4084234234.0,0.0005639457,0.0001522722,0.0005841417425944922,-6.019462133330913
4084344344.0,0.0005713486,0.0001514871,0.0005910901489522305,-6.024009205547896
4084454454.0,0.000564051,0.0001530438,0.0005844449805751094,-6.018234517838575
4084564565.0,0.0005553931,0.0001489555,0.0005750210748380097,-6.021153488559508
4084674675.0,0.0005611499,0.0001451303,0.0005796136767262312,-6.030100759060453
4084784785.0,0.0005596182,0.0001357514,0.0005758480462528287,-6.045203594423438
4084894895.0,0.0005548303,0.0001339199,0.0005707637001545385,-6.0463444745754815
4085005005.0,0.0005545032,0.0001409075,0.0005721264915789951,-6.034337605128915
4085115115.0,0.0005525537,0.0001315576,0.0005679991139970643,-6.049446929997424
4085225225.0,0.0005425785,0.0001324622,0.0005585137984786858,-6.043734567406838
4085335335.0,0.0005438354,0.0001246342,0.000557934248906446,-6.057899348736854
4085445445.0,0.000549125,0.0001248785,0.0005631455454740364,-6.059574744535584
4085555556.0,0.0005420439,0.0001250089,0.0005562722486394769,-6.056523356876803
4085665666.0,0.0005532223,0.0001268071,0.0005675693383435191,-6.057862176590693
4085775776.0,0.000546038,0.000124167,0.0005599776257432077,-6.059591242160626
4085885886.0,0.0005333191,0.0001131782,0.0005451958981687684,-6.074072818924129
4085995996.0,0.0005400296,0.0001168011,0.0005525164846747742,-6.0701798351441445
4086106106.0,0.0005376033,0.00012003,0.0005508398216095946,-6.063519332932777
4086216216.0,0.000533186,0.0001129567,0.0005450197488815336,-6.074419676587932
4086326326.0,0.0005331652,0.0001151696,0.0005454623426554761,-6.070442923698645
4086436436.0,0.000536168,0.000113418,0.0005480326331050003,-6.07472393385301
4086546547.0,0.0005285518,0.0001072664,0.0005393265113567105,-6.082960617372406
4086656657.0,0.0005301981,0.0001059424,0.0005406790335877377,-6.085966066454107
4086766767.0,0.0005323556,0.0001092211,0.0005434443242288671,-6.080827714988779
4086876877.0,0.0005222714,0.0001068696,0.0005330933564227938,-6.081346953435246
4086986987.0,0.0005232655,0.0001019607,0.0005331067133649136,-6.090742088271669
4087097097.0,0.0005166885,0.0001023136,0.0005267210635404759,-6.087696284485427
4087207207.0,0.0005200351,9.60684e-05,0.0005288342298968269,-6.100510312060318
4087317317.0,0.0005216914,0.0001034012,0.0005318399430236507,-6.087517490814919
4087427427.0,0.0005217877,9.52099e-05,0.0005304029872929639,-6.102702221163386
4087537538.0,0.0005196981,9.42112e-05,0.0005281684062390044,-6.103852204830335
4087647648.0,0.0005114711,9.54243e-05,0.0005202965338782299,-6.09873755417655
4087757758.0,0.0005132839,9.08527e-05,0.0005212624819575067,-6.107996993346597
4087867868.0,0.0005113165,8.94423e-05,0.0005190804255619162,-6.110011917288045
4087977978.0,0.0005090318,8.57454e-05,0.0005162031063761628,-6.116303921133725
4088088088.0,0.0005136373,9.06411e-05,0.0005215736620655802,-6.108514574225952
4088198198.0,0.0005016383,8.04996e-05,0.0005080562662019335,-6.124068502589977
4088308308.0,0.0005013494,8.17717e-05,0.0005079742432459051,-6.121505760696009
4088418418.0,0.0005085333,8.87833e-05,0.000516225330226811,-6.110340402719833
4088528529.0,0.0005041862,8.33379e-05,0.0005110273278865329,-6.119374528298099
4088638639.0,0.0005013114,8.24335e-05,0.0005080437005732971,-6.12020806468308
4088748749.0,0.0004963667,7.9731e-05,0.000502729483151615,-6.123916583106892
4088858859.0,0.0004946328,7.42357e-05,0.0005001725162284809,-6.13421472974097
4088968969.0,0.0004949164,7.27705e-05,0.0005002377321426383,-6.1371954448946235
4089079079.0,0.0004975276,7.16117e-05,0.0005026548998454606,-6.140231984554135
4089189189.0,0.0004936347,7.10641e-05,0.0004987236943969074,-6.140206729551951
4089299299.0,0.000488662,7.42818e-05,0.0004942755669211659,-6.132329592582021
4089409409.0,0.0004926364,6.30971e-05,0.0004966607158144984,-6.155798396576403
4089519520.0,0.0004878897,6.7421e-05,0.0004925260912957708,-6.1458659717469875
4089629630.0,0.0004959712,6.24454e-05,0.0004998868464068643,-6.157939045281359
4089739740.0,0.0004916584,6.30653e-05,0.0004956866090128418,-6.155611372374593
4089849850.0,0.0004893741,6.10214e-05,0.0004931638885895541,-6.159132851784546
4089959960.0,0.0004836214,6.22271e-05,0.0004876083166972955,-6.1552193682797025
4090070070.0,0.0004780822,6.04333e-05,0.0004818866813948379,-6.157444451480126
4090180180.0,0.0004773941,6.08314e-05,0.0004812541801800479,-6.156444456928763
4090290290.0,0.0004777995,5.3366e-05,0.00048077051922538886,-6.1719551069109855
4090400400.0,0.0004764129,5.7154e-05,0.0004798289601539386,-6.163788553560935
4090510511.0,0.0004742276,5.70673e-05,0.0004776489226733899,-6.163423818111226
4090620621.0,0.0004722276,4.7038e-05,0.00047456451578869655,-6.183904047908408
4090730731.0,0.0004736849,5.62575e-05,0.00047701393144672415,-6.1649733756303196
4090840841.0,0.0004708998,5.32577e-05,0.0004739018930636699,-6.170566121211086
4090950951.0,0.0004714253,4.65813e-05,0.0004737210476533421,-6.184695502143844
4091061061.0,0.0004669608,4.13457e-05,0.00046878764450988895,-6.194873484562721
4091171171.0,0.0004655912,3.97339e-05,0.0004672835844823248,-6.198050841350299
4091281281.0,0.0004691885,4.33176e-05,0.0004711838951004268,-6.191121779271962
4091391391.0,0.0004614598,3.80432e-05,0.0004630253039330356,-6.200930335684225
4091501502.0,0.0004662688,4.05894e-05,0.0004680321497993487,-6.196352700484408
4091611612.0,0.000467776,4.78966e-05,0.0004702217247932724,-6.1811487341997235
4091721722.0,0.0004640467,4.01381e-05,0.00046577935425746385,-6.196904230614489
4091831832.0,0.0004601084,4.37644e-05,0.0004621850954519412,-6.188353028863398
4091941942.0,0.0004577095,3.6097e-05,0.0004591306783468624,-6.204483768864931
4092052052.0,0.0004563874,3.48506e-05,0.0004577160945380007,-6.206971335281625
4092162162.0,0.000457718,3.15117e-05,0.0004588014328234928,-6.214448538842869
4092272272.0,0.0004592447,3.13261e-05,0.0004603118714733523,-6.215078588948527
4092382382.0,0.0004531626,3.13464e-05,0.00045424546099187384,-6.214122795774385
4092492492.0,0.0004523699,3.66369e-05,0.0004538510646320222,-6.202372876883462
4092602603.0,0.0004457152,3.30751e-05,0.00044694071391074904,-6.209114266282801
4092712713.0,0.0004532568,3.19536e-05,0.00045438173301663433,-6.212803965971955
4092822823.0,0.0004488359,3.31924e-05,0.0004500615519532523,-6.209367484585785
4092932933.0,0.0004449477,3.26809e-05,0.00044614627305414084,-6.209868103308393
4093043043.0,0.000440631,3.14935e-05,0.0004417550437779403,-6.21183300605302
4093153153.0,0.0004427553,2.76419e-05,0.00044361732418121366,-6.220834680343599
4093263263.0,0.0004453128,2.28654e-05,0.00044589944646859564,-6.231883532613649
4093373373.0,0.0004403413,2.50431e-05,0.00044105285096380457,-6.2263744828215
4093483483.0,0.0004354289,2.39142e-05,0.00043608510169100025,-6.228319405675476
4093593594.0,0.0004410593,2.04174e-05,0.00044153162552556754,-6.236926596828363
4093703704.0,0.0004337553,1.09853e-05,0.00043389438472303375,-6.257864689269744
4093813814.0,0.0004365908,1.61743e-05,0.00043689030044752656,-6.246155423534542
4093923924.0,0.0004324138,1.69034e-05,0.0004327440575698296,-6.244114403542645
4094034034.0,0.0004349209,1.27815e-05,0.00043510867148226315,-6.253805660720347
4094144144.0,0.0004345644,1.95375e-05,0.0004350033697037415,-6.23825674824048
4094254254.0,0.000428278,1.38243e-05,0.00042850105782190316,-6.2509177106105405
4094364364.0,0.0004322432,1.22852e-05,0.00043241774950304707,-6.254770994183989
4094474474.0,0.0004304557,6.9319e-06,0.00043051151076376577,-6.267083067428264
4094584585.0,0.0004294639,3.8845e-06,0.00042948146728754205,-6.274140556101985
4094694695.0,0.0004271738,9.1405e-06,0.0004272715812532937,-6.261790958166453
4094804805.0,0.0004291514,1.26626e-05,0.000429338171562604,-6.253687728514595
4094914915.0,0.0004252856,9.28e-06,0.0004253868356770811,-6.2613681387611475
4095025025.0,0.0004249268,4.94e-06,0.00042495551409322836,-6.271560299140261
4095135135.0,0.0004205704,7.0799e-06,0.00042062998744760226,-6.266352854552
4095245245.0,0.0004240912,3.3298e-06,0.00042410427194910453,-6.275333855469312
4095355355.0,0.0004197006,2.515e-06,0.0004197081353337817,-6.277193011963929
4095465465.0,0.0004107579,-7.219e-07,0.00041075853436297585,-6.284942788305929
4095575576.0,0.0004205398,5.335e-07,0.0004205401384009498,-6.281916700227756
4095685686.0,0.0004170233,4.5644e-06,0.00041704827836864405,-6.272240552424593
4095795796.0,0.0004163858,5.9837e-06,0.00041642879236110706,-6.268815729382507
4095905906.0,0.0004103772,4.4587e-06,0.0004104014209107103,-6.272320852309731
4096016016.0,0.0004103888,-6.84e-07,0.0004103893700151601,-6.284852017788241
4096126126.0,0.0004124605,2.43e-07,0.0004124605715813938,-6.282596159923339
4096236236.0,0.0004047541,6.9222e-06,0.00040481328822019913,-6.26608473862415
4096346346.0,0.000410857,2.963e-07,0.00041085710684213555,-6.282464131810462
4096456456.0,0.0004047303,-3.3224e-06,0.0004047439364337037,-6.29139404612204
4096566567.0,0.0003992231,-4.4682e-06,0.0003992481037961859,-6.294377078002847
4096676677.0,0.0003995111,-1.2584e-06,0.00039951308188064375,-6.286335146666557
4096786787.0,0.0004029672,-6.9431e-06,0.0004030270101537241,-6.300413540779075
4096896897.0,0.0004034248,-8.3546e-06,0.0004035112992175064,-6.303891535354394
4097007007.0,0.0003996527,-1.5047e-06,0.00039965553260198965,-6.286950308367288
4097117117.0,0.0004016253,-6.6883e-06,0.00040168098655149215,-6.299836852350599
4097227227.0,0.0004026661,-6.8313e-06,0.00040272404292381156,-6.30014885271982
4097337337.0,0.0003928623,-1.1642e-05,0.00039303476045419956,-6.312810430134162
4097447447.0,0.0003972327,-1.15724e-05,0.0003974012309883425,-6.312309615963577
4097557558.0,0.0003977773,-1.90151e-05,0.00039823153368775304,-6.330952325619703
4097667668.0,0.0003961361,-1.36969e-05,0.0003963728229745576,-6.317747786135807
4097777778.0,0.0003935603,-1.23284e-05,0.00039375334815420934,-6.314500381018087
4097887888.0,0.0003874963,-1.48044e-05,0.0003877789999123857,-6.321372002789116
4097997998.0,0.0003906151,-1.46255e-05,0.000390888809763416,-6.3206100538088315
4098108108.0,0.0003941846,-1.48265e-05,0.00039446333667327054,-6.320780672464142
4098218218.0,0.000384875,-1.88888e-05,0.00038533823115600665,-6.332223713230042
4098328328.0,0.0003850058,-1.83749e-05,0.00038544403352970715,-6.330875413646525
4098438438.0,0.0003883189,-2.23712e-05,0.00038896277288019476,-6.340732079929188
4098548549.0,0.0003839626,-1.71288e-05,0.00038434447308137524,-6.327766344093119
4098658659.0,0.0003886998,-1.95406e-05,0.00038919065966233054,-6.333414722344523
4098768769.0,0.0003802657,-2.07195e-05,0.0003808297523523339,-6.337618384562092
4098878879.0,0.0003770321,-1.75401e-05,0.00037743987539530055,-6.32967329237821
4098988989.0,0.0003830965,-1.86677e-05,0.0003835510544054598,-6.331875247612582
4099099099.0,0.0003867787,-2.46222e-05,0.0003875616280109913,-6.346759179590861
4099209209.0,0.0003801888,-1.89164e-05,0.00038065910449429683,-6.332899589684651
4099319319.0,0.0003775042,-2.24451e-05,0.0003781708655246329,-6.342571951176765
4099429429.0,0.0003733691,-2.17091e-05,0.00037399969232289484,-6.341263722089677
4099539540.0,0.0003787622,-2.69884e-05,0.0003797225011549882,-6.354319289954859
4099649650.0,0.0003814376,-2.96009e-05,0.00038258444293328233,-6.36063360252538
4099759760.0,0.0003655802,-2.84084e-05,0.0003666823145757101,-6.36073716863601
4099869870.0,0.0003705377,-2.11185e-05,0.0003711390280791553,-6.340117915608904
4099979980.0,0.0003748608,-2.94951e-05,0.0003760193881978029,-6.361706340068673
4100090090.0,0.0003717901,-2.33917e-05,0.0003725252341612579,-6.346018900505359
4100200200.0,0.0003632611,-3.09136e-05,0.00036457410417934245,-6.368080983256972
4100310310.0,0.0003680097,-2.59162e-05,0.00036892111448998143,-6.353491836039719
4100420420.0,0.0003634121,-2.70622e-05,0.000364418327057312,-6.357515091004912
4100530531.0,0.0003609834,-3.41032e-05,0.0003625907380584893,-6.377378782811271
4100640641.0,0.0003658769,-3.70424e-05,0.00036774725743555175,-6.384084297805869
4100750751.0,0.0003612926,-2.89104e-05,0.0003624474500433408,-6.363034522527532
4100860861.0,0.000356026,-2.68166e-05,0.0003570345119334544,-6.358365372961748
4100970971.0,0.0003610595,-3.02242e-05,0.00036232232170526013,-6.366700346774961
4101081081.0,0.0003682211,-2.67857e-05,0.00036919405765762264,-6.355800925510368
4101191191.0,0.0003532575,-3.71505e-05,0.00035520560377969826,-6.387965652731633
4101301301.0,0.0003626478,-3.60312e-05,0.00036443336046289727,-6.382216200267082
4101411411.0,0.0003531022,-3.0271e-05,0.0003543973717253558,-6.368704930877172
4101521522.0,0.0003575089,-3.51213e-05,0.0003592298975487703,-6.381110046409638
4101631632.0,0.0003578054,-3.49538e-05,0.0003595086541428454,-6.380565731682239
4101741742.0,0.0003573932,-4.05875e-05,0.00035969048439247044,-6.3962662245246
4101851852.0,0.0003507959,-4.04144e-05,0.0003531162516568304,-6.397887349617595
4101961962.0,0.0003554577,-3.71378e-05,0.00035739249107686916,-6.387286437365962
4102072072.0,0.0003497537,-3.83313e-05,0.00035184789216844824,-6.3923447804596245
4102182182.0,0.0003518404,-3.58076e-05,0.0003536578166673543,-6.384608383521671
4102292292.0,0.0003480657,-3.96904e-05,0.0003503213658466323,-6.396726217605616
4102402402.0,0.0003488241,-3.70025e-05,0.00035078118214502323,-6.3888679114457245
4102512513.0,0.0003532525,-3.19179e-05,0.00035469152949663173,-6.373294972996997
4102622623.0,0.0003470223,-4.37777e-05,0.00034977273151945394,-6.408674822447203
4102732733.0,0.0003515252,-4.15353e-05,0.00035397054592314594,-6.400797385670496
4102842843.0,0.0003407376,-4.52665e-05,0.00034373124396250336,-6.415260505032702
4102952953.0,0.0003448192,-3.74737e-05,0.0003468494758253644,-6.391436843954749
4103063063.0,0.0003418072,-3.87094e-05,0.0003439921214507681,-6.395954067583781
4103173173.0,0.0003424443,-3.95638e-05,0.000344722196664111,-6.398208871613336
4103283283.0,0.0003412666,-4.23383e-05,0.0003438828636650131,-6.406616865852741
4103393393.0,0.0003388285,-4.57869e-05,0.0003419081640204867,-6.417504618404392
4103503504.0,0.0003462443,-4.06448e-05,0.0003486217363411668,-6.400038163245557
4103613614.0,0.0003400055,-4.56747e-05,0.0003430596424098002,-6.4167210570194335
4103723724.0,0.000331743,-4.76237e-05,0.00033514390170595376,-6.425767180262644
4103833834.0,0.0003364253,-4.51407e-05,0.0003394402234217094,-6.416566152352141
4103943944.0,0.0003338205,-3.92472e-05,0.00033611972409855684,-6.400217819131167
4104054054.0,0.0003329813,-4.69066e-05,0.0003362689032206963,-6.4231330214279785
4104164164.0,0.0003351479,-4.58294e-05,0.00033826683073983173,-6.419086233275136
4104274274.0,0.0003303234,-4.3428e-05,0.0003331659342903473,-6.413906747069248
4104384384.0,0.000331676,-4.35835e-05,0.0003345272641329104,-6.413840571925924
4104494494.0,0.0003287464,-4.52857e-05,0.0003318508552609892,-6.420076459666073
4104604605.0,0.0003250091,-4.42364e-05,0.0003280057532540702,-6.418462228540685
4104714715.0,0.0003272872,-4.99777e-05,0.0003310810803732675,-6.434717610231167
4104824825.0,0.0003266158,-5.00866e-05,0.0003304338788762435,-6.43535011801839
4104934935.0,0.0003294623,-4.72237e-05,0.0003328295133592873,-6.425551288390913
4105045045.0,0.0003185627,-4.81992e-05,0.00032218838699110496,-6.433348441476981
4105155155.0,0.0003317307,-5.00046e-05,0.0003354783410946972,-6.432797460824926
4105265265.0,0.000324506,-4.60138e-05,0.0003277520615136387,-6.4240427323897356
4105375375.0,0.0003219454,-5.22914e-05,0.000326164423405006,-6.444202380298512
4105485485.0,0.0003162259,-5.07961e-05,0.0003202796646776376,-6.44245704525652
4105595596.0,0.0003241649,-4.76784e-05,0.0003276524259311534,-6.429218976971673
4105705706.0,0.0003191642,-5.18425e-05,0.00032334723033898094,-6.444211023517838
4105815816.0,0.0003178394,-5.65395e-05,0.0003228290557750495,-6.459230814744663
4105925926.0,0.000315655,-5.39764e-05,0.0003202366793200929,-6.452545353016469
4106036036.0,0.0003152919,-5.21509e-05,0.0003195758103743461,-6.4471063000541955
4106146146.0,0.0003140224,-5.05789e-05,0.00031806963518539455,-6.442881551170298
4106256256.0,0.0003135212,-4.92585e-05,0.0003173672047828666,-6.43902512941099
4106366366.0,0.0003112384,-5.79049e-05,0.0003165790881889863,-6.467129016488395
4106476476.0,0.0003090073,-5.27928e-05,0.00031348459481309445,-6.452398023083571
4106586587.0,0.0003134236,-4.84826e-05,0.00031715125025722347,-6.436656072043631
4106696697.0,0.0003091747,-5.30028e-05,0.0003136850202479073,-6.452968051873572
4106806807.0,0.0003100087,-5.22196e-05,0.0003143760180100416,-6.450064333123957
4106916917.0,0.0003138795,-5.20471e-05,0.00031816543045821305,-6.447508851668112
4107027027.0,0.0003036312,-5.0672e-05,0.0003078304033025978,-6.44854803464875
4107137137.0,0.0003100974,-5.17752e-05,0.0003143899947864117,-6.448623574472873
4107247247.0,0.0003108192,-5.32865e-05,0.0003153538110930166,-6.4529736093743
4107357357.0,0.0003089163,-5.24105e-05,0.00031333072130887516,-6.4512442423125655
4107467467.0,0.0003016317,-5.19903e-05,0.0003060795219203336,-6.453871691434125
4107577578.0,0.0003033844,-5.32002e-05,0.00030801356373283303,-6.45677613486168
4107687688.0,0.0002977329,-5.8918e-05,0.000303506524586227,-6.4785500249391585
4107797798.0,0.0003006697,-5.18206e-05,0.0003051026762951286,-6.453859138857823
4107907908.0,0.0003026982,-5.03501e-05,0.00030685718641291425,-6.448013819902486
4108018018.0,0.0002934962,-5.38585e-05,0.00029839697960383244,-6.464672742488696
4108128128.0,0.0002948272,-5.66688e-05,0.00030022396765295073,-6.473079594093754
4108238238.0,0.0003003266,-5.53733e-05,0.00030538871789974494,-6.465514566477513
4108348348.0,0.0002936771,-5.37468e-05,0.00029855478153037506,-6.464195387471534
4108458458.0,0.0002911429,-5.37064e-05,0.00029605500438494535,-6.465602136469284
4108568569.0,0.0002958647,-4.59281e-05,0.000299408268215325,-6.437189578413531
4108678679.0,0.0002934337,-5.47827e-05,0.00029850373618261464,-6.467755797641488
4108788789.0,0.0002944108,-5.75924e-05,0.0002999910060225139,-6.476365015709679
4108898899.0,0.0002933345,-5.12761e-05,0.0002977824160716344,-6.4562409768935805
4109009009.0,0.0002946737,-5.35319e-05,0.00029949666740933863,-6.462890530496804
4109119119.0,0.0002905959,-5.55644e-05,0.0002958604056716106,-6.472113367536403
4109229229.0,0.0002887147,-5.52671e-05,0.0002939568511508109,-6.47232187102096
4109339339.0,0.0002893424,-5.64114e-05,0.00029479021436899837,-6.475734064064661
4109449449.0,0.0002832613,-5.66464e-05,0.00028886983004573183,-6.480560975015272
4109559560.0,0.0002906699,-5.08109e-05,0.00029507751240109777,-6.45624292396098
4109669670.0,0.000288204,-5.1751e-05,0.00029281344166038557,-6.460855684443396
4109779780.0,0.0002881762,-5.33762e-05,0.00029307770466700464,-6.466330469921595
4109889890.0,0.0002923776,-5.38903e-05,0.0002973025822556037,-6.465457051091131
4110000000.0,0.0002845467,-5.053e-05,0.00028899845221192795,-6.4589338787861506
