Frequenze (Hz),Parte Reale,Parte Immaginaria,Ampiezza,Fase
4300000000.0,0.0016028679,-0.001032284,0.0019065140339127877,-0.5721620720622066
4300200200.0,0.001605022,-0.0010347018,0.0019096343721789362,-0.5726157625083351
4300400400.0,0.0015992268,-0.0010416511,0.001908550070595333,-0.5773213521833178
4300600601.0,0.0016031161,-0.0010482778,0.0019154288230190256,-0.5791120682615711
4300800801.0,0.0016064106,-0.0010558161,0.0019223170011243124,-0.5814561972352112
4301001001.0,0.0015982954,-0.0010599849,0.0019178415403492465,-0.5855967591015053
4301201201.0,0.0015998478,-0.0010646657,0.0019217247555051505,-0.5871801758259406
4301401401.0,0.0016023933,-0.0010716287,0.0019277065021803968,-0.5894556765638366
4301601602.0,0.0016018274,-0.001076945,0.0019301972832888768,-0.5919081371249955
4301801802.0,0.0015986919,-0.001081478,0.0019301322378556373,-0.5947635273565766
4302002002.0,0.0015920314,-0.0010874788,0.0019279974375074776,-0.5992771964248735
4302202202.0,0.0015933794,-0.0010937085,0.0019326293476289265,-0.6015455074712012
4302402402.0,0.0015902509,-0.0010883827,0.001927037837358182,-0.6001856753728413
4302602603.0,0.0015986915,-0.001095211,0.0019378600689144842,-0.6006334417469071
4302802803.0,0.0015940715,-0.0011028254,0.001938372464207385,-0.6052212107262892
4303003003.0,0.0015843268,-0.0011046696,0.001931420807168236,-0.608876980967155
4303203203.0,0.0015864179,-0.0010996409,0.0019302673033528854,-0.6061203674862771
4303403403.0,0.0015904944,-0.0011069487,0.0019377842658209014,-0.60802135769711
4303603604.0,0.0015896529,-0.0011231972,0.0019464244893050051,-0.6151201487468457
4303803804.0,0.0015818511,-0.0011159384,0.0019358645136387438,-0.6143834177434623
4304004004.0,0.00158088,-0.0011196383,0.0019372071384410315,-0.6162330356524678
4304204204.0,0.0015858909,-0.0011252112,0.0019445179843108292,-0.6170824508207021
4304404404.0,0.0015746719,-0.0011323432,0.0019395341490254432,-0.6234286629347824
4304604605.0,0.0015814191,-0.001137311,0.0019479123903722699,-0.6234769707611235
4304804805.0,0.0015860848,-0.0011468181,0.001957257455542998,-0.6260286296767266
4305005005.0,0.0015784751,-0.0011498552,0.0019528826442689919,-0.6295720692384731
4305205205.0,0.001574326,-0.0011531502,0.0019514757846399325,-0.6321886902554148
4305405405.0,0.0015777999,-0.0011507568,0.0019528680798216375,-0.6301488116962449
4305605606.0,0.0015799496,-0.0011624062,0.001961486403811813,-0.6343014250728555
4305805806.0,0.0015724605,-0.0011687887,0.0019592598217969817,-0.6391906206901053
4306006006.0,0.0015777392,-0.0011722768,0.0019655772381249434,-0.6390128040607562
4306206206.0,0.0015797419,-0.0011761669,0.0019695057875698716,-0.6399917846622503
4306406406.0,0.0015701199,-0.0011811361,0.0019647796281260705,-0.6449450065949262
4306606607.0,0.0015752402,-0.0011794851,0.0019678838351940516,-0.6427103913056361
4306806807.0,0.0015711896,-0.0011948712,0.0019739184237798683,-0.6501798538970304
4307007007.0,0.0015748808,-0.0011949428,0.001976901067195948,-0.6490784324871064
4307207207.0,0.0015688833,-0.0011947038,0.0019719817389502697,-0.6508202378592655
4307407407.0,0.0015699465,-0.0011981952,0.0019749439865893136,-0.6519005647611081
4307607608.0,0.0015618684,-0.0012089772,0.001975109811893607,-0.6587214679304818
4307807808.0,0.0015653128,-0.0012175942,0.0019831136623293887,-0.6610943917643152
4308008008.0,0.0015704994,-0.0012208435,0.001989202658577705,-0.6607828427496959
4308208208.0,0.0015632933,-0.0012280703,0.001987974497715446,-0.6658776393842379
4308408408.0,0.0015633239,-0.0012269037,0.0019872781147551796,-0.6654064984036878
4308608609.0,0.0015606176,-0.0012406062,0.001993647671206776,-0.671651424776565
4308808809.0,0.0015606659,-0.0012496697,0.0019993379930669302,-0.6751850053340512
4309009009.0,0.0015619075,-0.0012482658,0.0019994305554346943,-0.6742487766363495
4309209209.0,0.0015532776,-0.0012486756,0.001992953099472519,-0.6771128040544883
4309409409.0,0.0015384477,-0.0012530817,0.001984196329124258,-0.6835263532683213
4309609610.0,0.0015407108,-0.0012559554,0.001987766016417878,-0.6839282651760431
4309809810.0,0.0015387528,-0.0012598054,0.0019886854515928356,-0.6860509101964938
4310010010.0,0.001537859,-0.0012635112,0.0019903444064800543,-0.6877760330096796
4310210210.0,0.0015376404,-0.0012723826,0.0019958195009807172,-0.6912800371032514
4310410410.0,0.0015384203,-0.0012693899,0.0019945144114982224,-0.6898747459623695
4310610611.0,0.0015368502,-0.0012768159,0.001998040885400709,-0.6932416205020133
4310810811.0,0.0015324547,-0.0012857222,0.002000374710679209,-0.6980704388448499
4311011011.0,0.0015324026,-0.001283998,0.001999226998739953,-0.6974264924480524
4311211211.0,0.00153174,-0.0012998338,0.0020089289024807326,-0.7036804404236864
4311411411.0,0.0015267214,-0.0012977352,0.002003745213977316,-0.7045024337116828
4311611612.0,0.0015273628,-0.0012990968,0.002005115861638444,-0.704812661878307
4311811812.0,0.0015221903,-0.0013085867,0.0020073521018573147,-0.71008330439232
4312012012.0,0.0015187057,-0.0013174387,0.0020105003684332363,-0.7145519276091785
4312212212.0,0.0015307965,-0.0013179393,0.002019975723343412,-0.7108168736349099
4312412412.0,0.0015287737,-0.0013327922,0.002028172594774057,-0.717017442222171
4312612613.0,0.0015268785,-0.0013394435,0.0020311245268211644,-0.7200989689678851
4312812813.0,0.0015350207,-0.0013481112,0.00204296166312389,-0.7206601215589961
4313013013.0,0.0015290861,-0.0013436976,0.002035590219434887,-0.7209548177845423
4313213213.0,0.0015335095,-0.0013532196,0.0020452028438309997,-0.7230244427304475
4313413413.0,0.0015290056,-0.0013581222,0.0020450804470641738,-0.7262791071303546
4313613614.0,0.0015197214,-0.0013557573,0.002036573345136691,-0.7284383470040879
4313813814.0,0.0015209645,-0.0013691012,0.002046404433659605,-0.7328997864302428
4314014014.0,0.001515332,-0.0013753121,0.002046390588971326,-0.7369969981867193
4314214214.0,0.0015249235,-0.0013810616,0.0020573582147615445,-0.7359331651909167
4314414414.0,0.0015201271,-0.0013824416,0.002054733845918972,-0.7379979526084314
4314614615.0,0.0015151468,-0.0013878541,0.0020547040732030123,-0.7415775735098185
4314814815.0,0.0015095574,-0.0014027809,0.0020607177869129897,-0.7487510832358237
4315015015.0,0.0015141155,-0.001413208,0.002071159723103037,-0.7509408986265624
4315215215.0,0.0015135682,-0.0014098237,0.0020684514887066917,-0.7499253341471959
4315415415.0,0.001513668,-0.0014085342,0.002067645861068486,-0.7494360818152374
4315615616.0,0.0015053577,-0.0014191663,0.0020688486633886442,-0.7559347505999157
4315815816.0,0.0015039586,-0.0014271617,0.0020733263101742694,-0.7592036280277453
4316016016.0,0.0015037081,-0.0014289234,0.002074357764001468,-0.7599028034749227
4316216216.0,0.0015033568,-0.0014370664,0.002079721497247937,-0.7628574717663447
4316416416.0,0.0015000865,-0.0014444877,0.0020824995133093167,-0.7665186275982696
4316616617.0,0.0014936406,-0.001448093,0.0020803690967271552,-0.7699161493909579
4316816817.0,0.00149107,-0.0014467888,0.0020776158395395044,-0.7703266946336645
4317017017.0,0.0014916958,-0.0014612832,0.002088182211958497,-0.7750995717733352
4317217217.0,0.0014920601,-0.0014679032,0.0020930798232705436,-0.777237128531108
4317417417.0,0.0014899465,-0.0014743701,0.0020961173069836193,-0.7801435773517362
4317617618.0,0.0014862014,-0.0014866518,0.002102124681317738,-0.7855496676818017
4317817818.0,0.0014842438,-0.0014876387,0.0021014396397651134,-0.7865405028147324
4318018018.0,0.001481726,-0.001493529,0.0021038395406772353,-0.789365197511807
4318218218.0,0.0014837847,-0.0014979193,0.00210840680734686,-0.790138571608579
4318418418.0,0.0014786626,-0.0014961802,0.002103567986900067,-0.7912866753980696
4318618619.0,0.0014768297,-0.0015011511,0.002105820644744775,-0.7935650593245421
4318818819.0,0.0014799318,-0.0015090019,0.0021135952466957457,-0.7951237666918788
4319019019.0,0.0014754671,-0.0015151539,0.002114874583484236,-0.7986678055811441
4319219219.0,0.0014685286,-0.0015256528,0.002117591253090596,-0.8044742523479471
4319419419.0,0.0014690216,-0.0015240748,0.0021167967444375947,-0.8037894830968374
4319619620.0,0.0014701372,-0.001532886,0.002123921579489186,-0.8062903330432512
4319819820.0,0.0014689519,-0.0015487686,0.002134596884861301,-0.8118413331421784
4320020020.0,0.0014716562,-0.0015462556,0.002134637756512753,-0.8101120107617007
4320220220.0,0.0014692214,-0.0015536982,0.002138361433177563,-0.8133363261114113
4320420420.0,0.0014641993,-0.0015548063,0.0021357205389844853,-0.8154013573233193
4320620621.0,0.001465635,-0.0015571895,0.0021384398733972506,-0.8156766395902268
4320820821.0,0.0014643183,-0.0015648661,0.002143136485304681,-0.8185790081508664
4321021021.0,0.0014591095,-0.0015772626,0.0021486641995316557,-0.824291130014714
4321221221.0,0.001454944,-0.0015880425,0.002153773670779325,-0.8291097338246182
4321421421.0,0.0014571279,-0.0015899246,0.002156636721991808,-0.8289526206993835
4321621622.0,0.0014521373,-0.0015972544,0.002158685793803871,-0.8329511555891221
4321821822.0,0.0014510465,-0.0015996482,0.0021597245909896682,-0.8340704661349478
4322022022.0,0.001447027,-0.0016176083,0.0021703787114137224,-0.8410019944504357
4322222222.0,0.0014519072,-0.0016174954,0.0021735514455455155,-0.8392939403493337
4322422422.0,0.0014385898,-0.0016260971,0.0021711131686976727,-0.846505173586827
4322622623.0,0.0014354303,-0.0016286461,0.0021709325796079666,-0.8483731957803389
4322822823.0,0.0014395292,-0.0016385834,0.002181100611252998,-0.8499758592244188
4323023023.0,0.0014360475,-0.0016378676,0.0021782659840767866,-0.8509597835740196
4323223223.0,0.0014308415,-0.0016423574,0.0021782206562827857,-0.8541157662299603
4323423423.0,0.0014336577,-0.001649978,0.0021858183367455975,-0.8554344826664303
4323623624.0,0.0014265876,-0.0016606552,0.0021892756504745584,-0.8610710719094118
4323823824.0,0.0014295725,-0.0016593271,0.002190215504819254,-0.859642174352428
4324024024.0,0.0014325339,-0.0016683016,0.002198950568614895,-0.8612857545080937
4324224224.0,0.0014249567,-0.0016698994,0.002195237026609029,-0.8643786295875695
4324424424.0,0.001431337,-0.0016771785,0.002204915719121992,-0.8643203571475981
4324624625.0,0.001423609,-0.0016844108,0.002205425656882961,-0.8691145683549858
4324824825.0,0.0014212743,-0.0016946658,0.0022117668976476997,-0.8729137024902589
4325025025.0,0.0014188297,-0.0017054727,0.002218493824207627,-0.8768882756456515
4325225225.0,0.0014129452,-0.0017022022,0.00221221754533497,-0.8779876649020062
4325425425.0,0.0014090445,-0.0017161844,0.0022205168987836166,-0.8833611497953432
4325625626.0,0.0014111585,-0.0017168275,0.0022223557268984864,-0.8828095835049685
4325825826.0,0.0014045484,-0.0017239919,0.0022237140731686186,-0.8871517684137858
4326026026.0,0.0013996825,-0.0017306034,0.002225780588669469,-0.8907228327355844
4326226226.0,0.0014027397,-0.0017403131,0.0022352557688076103,-0.8923910508617021
4326426426.0,0.0014036335,-0.0017459928,0.0022402405808247673,-0.8936714576315823
4326626627.0,0.0014019635,-0.0017462882,0.0022394249558293955,-0.8943353086767365
4326826827.0,0.0013946204,-0.001753395,0.0022403928419188366,-0.8988770370083305
4327027027.0,0.0013966606,-0.0017676399,0.0022528230395804216,-0.9021043614931774
4327227227.0,0.0013850959,-0.0017698307,0.0022473965735622407,-0.9067463079603103
4327427427.0,0.0013850389,-0.001786817,0.0022607626469849083,-0.9113968510712379
4327627628.0,0.0013854977,-0.0017890227,0.0022627872409531967,-0.9118337847379929
4327827828.0,0.0013829472,-0.0017963323,0.0022670140471578756,-0.9146975301190765
4328028028.0,0.0013786679,-0.0018057454,0.002271880636853875,-0.9187176023259271
4328228228.0,0.0013790634,-0.0018034047,0.0022702608601659962,-0.917953468408821
4328428428.0,0.0013703486,-0.0018196821,0.0022779592249604404,-0.9253331008491363
4328628629.0,0.001368627,-0.0018197664,0.0022769913516959084,-0.9259593495529124
4328828829.0,0.001366164,-0.0018305499,0.00228414470016372,-0.9296587920021022
4329029029.0,0.0013676978,-0.0018374178,0.0022905679304228636,-0.930915480908362
4329229229.0,0.0013593277,-0.0018433703,0.0022903680618864253,-0.9353988164775948
4329429429.0,0.0013551576,-0.0018550137,0.002297287084372663,-0.9398678307644381
4329629630.0,0.0013576658,-0.0018647764,0.002306652866490014,-0.941486472871635
4329829830.0,0.0013517837,-0.0018741326,0.0023107773960224834,-0.9459275151741423
4330030030.0,0.0013515979,-0.0018766263,0.0023126917548899812,-0.9466234501552468
4330230230.0,0.0013528899,-0.0018806759,0.002316733243678007,-0.9471924857110756
4330430430.0,0.0013450392,-0.0018917223,0.00232115137590247,-0.9527172462205992
4330630631.0,0.0013377842,-0.0018984149,0.0023224223772414115,-0.9569330897453321
4330830831.0,0.001336873,-0.0019033704,0.0023259510523063807,-0.9584805675309085
4331031031.0,0.0013320235,-0.0019103882,0.002328920281858417,-0.961916508969979
4331231231.0,0.0013342652,-0.0019148438,0.0023338574083112875,-0.962220526425421
4331431431.0,0.0013249149,-0.0019266592,0.0023382504496282366,-0.9683903214647324
4331631632.0,0.0013220683,-0.0019303794,0.0023397070794886374,-0.9702937620139995
4331831832.0,0.001324179,-0.001930823,0.002341266213263669,-0.9696570221872417
4332032032.0,0.0013189958,-0.0019442368,0.0023494268779623425,-0.9747055735310749
4332232232.0,0.0013126937,-0.0019546157,0.002354503617475705,-0.9793953498205208
4332432432.0,0.0013124328,-0.0019544724,0.002354239201287244,-0.9794534134090951
4332632633.0,0.0013050418,-0.0019651931,0.002359050236861193,-0.9845879142238538
4332832833.0,0.0013076446,-0.0019691654,0.002363799224229147,-0.9846002902940224
4333033033.0,0.0013024757,-0.0019824802,0.0023720604318782715,-0.9895207806764228
4333233233.0,0.0013033435,-0.0019888582,0.002377869049947766,-0.9906885591802601
4333433433.0,0.001297643,-0.0019892219,0.0023750539199960514,-0.9927799943726476
4333633634.0,0.001294534,-0.0020036996,0.002385504215925044,-0.9971874731971241
4333833834.0,0.001299366,-0.0020100292,0.0023934429984456785,-0.9969268590870994
4334034034.0,0.0012944503,-0.0020174063,0.0023969834706250646,-1.0003199467411925
4334234234.0,0.0012847257,-0.0020300431,0.002402414433876491,-1.0065674269809923
4334434434.0,0.0012797553,-0.0020387752,0.002407151416926889,-1.0102521267401905
4334634635.0,0.0012802115,-0.0020448328,0.0024125261997930904,-1.0114268791029704
4334834835.0,0.001271583,-0.0020507315,0.0024129697492884673,-1.015754997184849
4335035035.0,0.0012637881,-0.0020611422,0.002417740170142865,-1.020764213754827
4335235235.0,0.0012628048,-0.0020681214,0.002423180160046091,-1.022615666350619
4335435435.0,0.001252943,-0.0020700601,0.0024197138216865664,-1.026511639205501
4335635636.0,0.001256829,-0.0020821746,0.0024320917334932418,-1.0277239701166725
4335835836.0,0.0012482247,-0.002092896,0.0024368583398519683,-1.0330205034260114
4336036036.0,0.0012457605,-0.0020965635,0.0024387492148420058,-1.0346586270867708
4336236236.0,0.0012438867,-0.0021039706,0.00244416578981485,-1.036865751691702
4336436436.0,0.0012331879,-0.00211029,0.002444192357570576,-1.0419495567499706
4336636637.0,0.0012334763,-0.0021206165,0.002453258674240028,-1.043971811256042
4336836837.0,0.0012284332,-0.002123464,0.0024531912860921057,-1.0463324093998712
4337037037.0,0.0012214016,-0.0021411286,0.0024650057911129787,-1.0523900516524272
4337237237.0,0.0012228981,-0.002150874,0.002474214769752135,-1.0538163374595932
4337437437.0,0.0012151828,-0.0021524754,0.002471804924548254,-1.0568499696399172
4337637638.0,0.0012103048,-0.0021655051,0.0024807760977220514,-1.0611443836267211
4337837838.0,0.0012076581,-0.0021682914,0.00248191975732689,-1.0626229590664262
4338038038.0,0.0012064899,-0.0021764228,0.0024884601831578197,-1.0646230627451412
4338238238.0,0.0012056254,-0.0021844065,0.0024950279281738333,-1.066477498217621
4338438438.0,0.0012010384,-0.0021943763,0.002501555632856533,-1.0700086902335673
4338638639.0,0.0011987134,-0.0022024315,0.0025075123783406955,-1.0723643881242537
4338838839.0,0.0011873247,-0.0022088369,0.00250772813399533,-1.07757437357298
4339039039.0,0.0011941045,-0.0022172428,0.002518342945484608,-1.0767834491747912
4339239239.0,0.001187235,-0.002222098,0.0025193742212757915,-1.0800978967376105
4339439439.0,0.0011803228,-0.0022332385,0.0025259683509660387,-1.0845898364533997
4339639640.0,0.0011754089,-0.0022405795,0.0025301744165214103,-1.0876626356274177
4339839840.0,0.0011676515,-0.0022404055,0.0025264257024267506,-1.0903497086958807
4340040040.0,0.0011614111,-0.0022504373,0.002532458051860781,-1.0943657250047143
4340240240.0,0.0011615647,-0.0022701053,0.002550021691157583,-1.0978494085888548
4340440440.0,0.001150317,-0.0022717605,0.0025463945039701234,-1.1020777529179222
4340640641.0,0.0011508516,-0.0022849576,0.0025584156501671732,-1.1042215661099268
4340840841.0,0.0011439703,-0.002287603,0.0025576934008772613,-1.1070896883146868
4341041041.0,0.0011355529,-0.0022989126,0.0025640747904726122,-1.1119986651533806
4341241241.0,0.0011354137,-0.002314474,0.002577974818888596,-1.1147203741512162
4341441441.0,0.0011235074,-0.0023105045,0.0025691827343291506,-1.1182004949400313
4341641642.0,0.0011213703,-0.002324717,0.0025810425180169136,-1.1213531306163493
4341841842.0,0.0011165284,-0.0023302308,0.002583913939990107,-1.1239680020056386
4342042042.0,0.0011192394,-0.002339646,0.0025935767271913048,-1.124593986229567
4342242242.0,0.0011115523,-0.0023486963,0.0025984462328993803,-1.1287657478605972
4342442442.0,0.0010960425,-0.0023564847,0.002598909252578924,-1.135441968475588
4342642643.0,0.0010983263,-0.0023636568,0.00260637566928828,-1.1358079684940927
4342842843.0,0.0010849998,-0.0023780611,0.0026138858355584794,-1.14275379011502
4343043043.0,0.001079796,-0.0023829274,0.0026161617677977716,-1.1453355405619867
4343243243.0,0.0010810455,-0.0023895982,0.002622754073586292,-1.145951383380928
4343443443.0,0.0010642909,-0.0024023588,0.0026275545520046298,-1.1537628395400295
4343643644.0,0.0010651256,-0.0024112447,0.002636018502790421,-1.1548387320041027
4343843844.0,0.0010638021,-0.0024147277,0.0026386710240406436,-1.1558309009331538
4344044044.0,0.0010548591,-0.0024313268,0.002650297668046186,-1.1614439130081686
4344244244.0,0.0010519489,-0.0024363539,0.0026537552287760864,-1.163203917436781
4344444444.0,0.0010465878,-0.0024475279,0.002661905115586814,-1.16671692822364
4344644645.0,0.001028913,-0.0024564896,0.00266326925346972,-1.1741420245758807
4344844845.0,0.0010389536,-0.0024624484,0.002672653495239426,-1.1715382630747657
4345045045.0,0.0010282376,-0.0024698877,0.0026753724624180926,-1.1763096161881963
4345245245.0,0.0010256361,-0.0024838274,0.002687252865402504,-1.1791970280282429
4345445445.0,0.0010150956,-0.0024936824,0.0026923727433639496,-1.1842126666498543
4345645646.0,0.0010069434,-0.0025000246,0.0026951916465084115,-1.1879013792910282
4345845846.0,0.0010058604,-0.0025142335,0.0027079743789058287,-1.1902326907923921
4346046046.0,0.000998854,-0.0025122831,0.002703567215340061,-1.192370854914965
4346246246.0,0.0009964476,-0.0025290773,0.00271829722600768,-1.1954760719980069
4346446446.0,0.0009881373,-0.0025326149,0.0027185572562212663,-1.1987971787002263
4346646647.0,0.0009816425,-0.0025516771,0.002733985738893065,-1.2035445780911507
4346846847.0,0.0009763926,-0.0025593912,0.0027393111951679017,-1.2063444044732834
4347047047.0,0.000959627,-0.0025705901,0.0027438690641768985,-1.2135081196217905
4347247247.0,0.0009528315,-0.0025753546,0.002745967804460462,-1.216433382964917
4347447447.0,0.0009464035,-0.0025819252,0.0027499122391827875,-1.2194547806163332
4347647648.0,0.0009362053,-0.0025943751,0.00275812663292462,-1.2244799299764906
4347847848.0,0.0009276543,-0.002604014,0.002764313913524383,-1.228573219064497
4348048048.0,0.0009185709,-0.00260731,0.0027643874428934178,-1.2320686627599973
4348248248.0,0.000915072,-0.0026216453,0.0027767572533795764,-1.234972602601066
4348448448.0,0.0009091775,-0.0026292999,0.002782053502477309,-1.2378797322270516
4348648649.0,0.0009022613,-0.0026397182,0.0027896572601108062,-1.2414433184744158
4348848849.0,0.0008904715,-0.0026449961,0.002790867940503001,-1.2460523509006052
4349049049.0,0.0008842776,-0.0026547363,0.002798137183270229,-1.2492608939301273
4349249249.0,0.0008740534,-0.0026644482,0.00280414934633211,-1.253814666207168
4349449449.0,0.0008745083,-0.0026770276,0.002816246000961324,-1.2550534652866732
4349649650.0,0.0008666811,-0.0026871199,0.0028234286755774826,-1.2587986219965255
4349849850.0,0.0008547448,-0.0026947775,0.002827085857846077,-1.2636483780871612
4350050050.0,0.0008494393,-0.0026982897,0.0028288362323596215,-1.2658114899035606
4350250250.0,0.0008423967,-0.0027091991,0.0028371450374648985,-1.2693338603596043
4350450450.0,0.0008338607,-0.0027177416,0.0028427879047468615,-1.2730933716985642
4350650651.0,0.0008275606,-0.0027233605,0.002846322005612262,-1.2757884810986715
4350850851.0,0.000822544,-0.0027348984,0.0028559145453354445,-1.2786437861380286
4351051051.0,0.000808565,-0.0027397968,0.002856617556571975,-1.283823874281412
4351251251.0,0.0008062738,-0.0027559153,0.0028714363272307696,-1.2861780432019665
4351451451.0,0.0007948643,-0.0027578307,0.002870093974990537,-1.2901808185110222
4351651652.0,0.0007955208,-0.0027754235,0.002887183566658845,-1.2916498819969089
4351851852.0,0.0007826586,-0.0027817932,0.0028897972059852574,-1.2965358475873132
4352052052.0,0.0007744123,-0.0027867917,0.0028923904282755777,-1.299748375882247
4352252252.0,0.0007625057,-0.0028059278,0.00290768735618968,-1.3054558375095247
4352452452.0,0.0007585018,-0.0028019961,0.0029028446608488113,-1.3064316859557894
4352652653.0,0.0007519774,-0.0028097023,0.002908590212583418,-1.3092892025367147
4352852853.0,0.0007374707,-0.0028199708,0.0029148067425150384,-1.3150077182544144
4353053053.0,0.0007260633,-0.0028319593,0.0029235528715012803,-1.3198201831678784
4353253253.0,0.0007229657,-0.0028505337,0.0029407859116590213,-1.3224091195538072
4353453453.0,0.0007162119,-0.0028559634,0.0029443991624508335,-1.3250858555559557
4353653654.0,0.000705202,-0.0028650878,0.0029505995937288473,-1.3294574163151371
4353853854.0,0.0006850811,-0.0028719534,0.0029525332251049727,-1.3366305289123583
4354054054.0,0.0006804855,-0.0028819682,0.0029612161727103764,-1.3389248343380462
4354254254.0,0.0006638935,-0.0028885961,0.0029639065451321943,-1.344886951174285
4354454454.0,0.0006570087,-0.0028991013,0.0029726164871266827,-1.3479357687042628
4354654655.0,0.00065146,-0.0029087313,0.0029807914900575804,-1.3504652680409694
4354854855.0,0.0006493501,-0.0029128679,0.0029843684348988177,-1.3514580941925964
4355055055.0,0.0006360663,-0.0029347053,0.003002844574040385,-1.3573582025818056
4355255255.0,0.0006223147,-0.002940851,0.0030059740833941148,-1.3622622380406197
4355455455.0,0.000618514,-0.002952061,0.003016160426090927,-1.3642644938358852
4355655656.0,0.0006097618,-0.0029617729,0.003023889575350537,-1.36775595956273
4355855856.0,0.0005992535,-0.0029734935,0.0030332768340203473,-1.3719283162852318
4356056056.0,0.0005902025,-0.0029763554,0.003034308892996132,-1.3750387523970407
4356256256.0,0.0005857793,-0.0029852319,0.0030421615481571814,-1.377032495579871
4356456456.0,0.0005752675,-0.0029973061,0.0030520118862241443,-1.3811740437558349
4356656657.0,0.0005660729,-0.0030009954,0.003053917470878277,-1.384358542538945
4356856857.0,0.0005607442,-0.0030076535,0.003059479307643033,-1.386473446597917
4357057057.0,0.000551972,-0.0030247275,0.003074678769894548,-1.390295950358649
4357257257.0,0.0005415644,-0.0030302265,0.0030782405105270138,-1.3939427523090513
4357457457.0,0.0005283119,-0.0030388426,0.0030844250373864446,-1.398663794407183
4357657658.0,0.0005172287,-0.0030530451,0.003096548063689259,-1.4029757276311374
4357857858.0,0.0005127076,-0.0030609784,0.0031036201198542837,-1.4048389445788947
4358058058.0,0.0005002299,-0.0030678693,0.003108384145297441,-1.409164233638942
4358258258.0,0.0004899959,-0.0030812865,0.003120003602097129,-1.4130936716834197
4358458458.0,0.000471471,-0.003092534,0.0031282665239709038,-1.4195066718368239
4358658659.0,0.0004682154,-0.0031040571,0.0031391712506420493,-1.4210851451776403
4358858859.0,0.0004558464,-0.0031055799,0.0031388568708491586,-1.4250540438972301
4359059059.0,0.0004459281,-0.0031149866,0.003146743298801027,-1.4286066944057172
4359259259.0,0.0004263698,-0.0031270406,0.003155974353571397,-1.4352826865023967
4359459459.0,0.0004212931,-0.0031384294,0.003166579696595677,-1.4373570951580612
4359659660.0,0.0004115839,-0.0031458124,0.0031726230413859397,-1.4406998079249917
4359859860.0,0.0003953471,-0.0031594244,0.003184063735039512,-1.4463107399987267
4360060060.0,0.0003873046,-0.00317021,0.003193780878094357,-1.4492287436832016
4360260260.0,0.000376398,-0.0031717435,0.003193999418314952,-1.4526764880512868
4360460460.0,0.000366713,-0.0031860927,0.0032071272374762884,-1.4562025485127676
4360660661.0,0.0003533614,-0.0031899307,0.003209442654077566,-1.460472112777524
4360860861.0,0.0003469647,-0.003210522,0.0032292160063287947,-1.4631430194782218
4361061061.0,0.0003307219,-0.0032144342,0.003231402822501282,-1.4682705729961816
4361261261.0,0.0003137848,-0.0032193244,0.003234580419953475,-1.4736340931427478
4361461461.0,0.0003079175,-0.0032371553,0.003251766846365886,-1.4759618734796007
4361661662.0,0.0002944248,-0.0032467488,0.0032600711239413904,-1.4803607189621075
4361861862.0,0.0002767873,-0.0032482716,0.0032600428826639457,-1.485791027539306
4362062062.0,0.0002731958,-0.0032711634,0.0032825517413495858,-1.4874732907864792
4362262262.0,0.0002580858,-0.0032721612,0.0032823234452057097,-1.4920860827704072
4362462462.0,0.0002552259,-0.003282954,0.003292860037436576,-1.4932096268548694
4362662663.0,0.0002341386,-0.0032881367,0.0032964623222322517,-1.4997092365295188
4362862863.0,0.0002185516,-0.0033047112,0.003311930089429425,-1.5047591453828817
4363063063.0,0.0002082451,-0.0033128296,0.003319368310433503,-1.5080187358040489
4363263263.0,0.0001913833,-0.0033214014,0.003326910703256228,-1.5132387217009355
4363463463.0,0.000188413,-0.0033378848,0.0033431982287384695,-1.5144093383177517
4363663664.0,0.0001742419,-0.0033398174,0.0033443595059530263,-1.5186724973572843
4363863864.0,0.0001629004,-0.0033500725,0.0033540307535227538,-1.5222086648296471
4364064064.0,0.0001456935,-0.0033641845,0.00336733781286976,-1.5275161443703476
4364264264.0,0.0001305656,-0.0033680542,0.0033705839953991653,-1.5320498438793224
4364464464.0,0.0001260685,-0.0033838908,0.003386238357383734,-1.5335580618846276
4364664665.0,0.000112777,-0.0033871932,0.0033890701417727018,-1.5375135030828717
4364864865.0,9.98012e-05,-0.0033963317,0.0033977977126289213,-1.5414197822455444
4365065065.0,8.3966e-05,-0.0033855347,0.003386575777102897,-1.546000010201813
4365265265.0,7.94556e-05,-0.0033940664,0.0033949963063279348,-1.5473904529580262
4365465465.0,6.5953e-05,-0.0034075404,0.003408178600930585,-1.551443726851195
4365665666.0,5.3753e-05,-0.0034093912,0.0034098149128136616,-1.5550314750411143
4365865866.0,3.23725e-05,-0.0034221527,0.0034223058134645917,-1.5613369200225422
4366066066.0,1.74193e-05,-0.0034583479,0.0034583917692255313,-1.5657594845813594
4366266266.0,5.0006e-06,-0.0034711868,0.0034711904019362866,-1.5693557254015353
4366466466.0,-9.8091e-06,-0.0034761008,0.0034761146399685167,-1.573618187991698
4366666667.0,-2.84174e-05,-0.0034877047,0.003487820468863736,-1.5789440266753914
4366866867.0,-5.00166e-05,-0.0035001042,0.0035004615511576753,-1.5850853859235847
4367067067.0,-5.79018e-05,-0.003518281,0.003518757424632201,-1.5872522532405444
4367267267.0,-6.04323e-05,-0.0035185825,0.003519101429653533,-1.5879698217478633
4367467467.0,-8.52849e-05,-0.0035353174,0.003536345943613375,-1.594915338529655
4367667668.0,-0.0001057914,-0.0035418017,0.0035433813092069066,-1.6006568227089222
4367867868.0,-0.0001135845,-0.0035580035,0.0035598160548899853,-1.60270915042147
4368068068.0,-0.0001323799,-0.0035639703,0.0035664280081344835,-1.6079231990512686
4368268268.0,-0.0001519868,-0.0035784751,0.003581701275747916,-1.6132433200504472
4368468468.0,-0.0001637168,-0.0035842001,0.0035879372273553297,-1.616441959578456
4368668669.0,-0.0001774048,-0.003590715,0.003595094807413017,-1.6201627238256067
4368868869.0,-0.0001928556,-0.0036001183,0.00360528016337791,-1.6243144126017806
4369069069.0,-0.0002066544,-0.0036166069,0.0036225062470846025,-1.6278746697264022
4369269269.0,-0.0002190004,-0.0036280692,0.003634672928227353,-1.6310859684063594
4369469469.0,-0.0002461909,-0.0036352389,0.003643565811031279,-1.638416518249014
4369669670.0,-0.0002581765,-0.0036388924,0.0036480396110692126,-1.6416268360210247
4369869870.0,-0.0002724842,-0.003655223,0.003665365304983753,-1.645205228227568
4370070070.0,-0.0002815699,-0.0036643059,0.0036751080715212744,-1.647486886688844
4370270270.0,-0.0003077752,-0.0036771337,0.0036899915747072827,-1.6543014450100568
4370470470.0,-0.0003271148,-0.003679641,0.003694152403631994,-1.6594618076669594
4370670671.0,-0.0003369863,-0.0036912428,0.0037065932033255996,-1.6618374120600974
4370870871.0,-0.0003616242,-0.0036988413,0.003716476695017921,-1.6682534911179994
4371071071.0,-0.0003746737,-0.0037149763,0.0037338223432607743,-1.6713113795310386
4371271271.0,-0.0003970023,-0.0037269931,0.0037480779599219785,-1.67691696532278
4371471471.0,-0.0004100401,-0.0037329765,0.003755428927986823,-1.6802004003085471
4371671672.0,-0.0004325899,-0.0037367907,0.0037617467694129147,-1.6860483885177957
4371871872.0,-0.0004439063,-0.0037572549,0.0037833869993371947,-1.6883976089315855
4372072072.0,-0.0004670696,-0.0037638996,0.003792768673426356,-1.694257130926977
4372272272.0,-0.0004886512,-0.0037754215,0.003806913119303314,-1.6995103449144617
4372472472.0,-0.0005117313,-0.0037762186,0.0038107342912338626,-1.7054900316439503
4372672673.0,-0.0005249948,-0.0037941762,0.003830325387832407,-1.7082918592560745
4372872873.0,-0.0005436034,-0.0038058034,0.0038444302797609846,-1.712672060211754
4373073073.0,-0.0005585406,-0.0038131167,0.0038538067634051464,-1.7162407511727278
4373273273.0,-0.0005834416,-0.0038256146,0.003869848985211661,-1.7221393972711412
4373473473.0,-0.0005974833,-0.0038335981,0.003879878952506444,-1.7254069163179273
4373673674.0,-0.0006216495,-0.0038424014,0.0038923638858118356,-1.7311932185148455
4373873874.0,-0.00063921,-0.0038507495,0.0039034422162817074,-1.7352926419729664
4374074074.0,-0.0006602696,-0.0038578658,0.003913960203616511,-1.7403029291634322
4374274274.0,-0.0006788941,-0.0038675087,0.003926642426245418,-1.7445637977769612
4374474474.0,-0.0007002729,-0.0038808943,0.0039435672559558176,-1.749316504873415
4374674675.0,-0.0007197598,-0.0038894998,0.003955535724007063,-1.7537783923921297
4374874875.0,-0.0007358721,-0.0038977196,0.00396657608370022,-1.7573955288278433
4375075075.0,-0.0007663098,-0.0039037559,0.003978258518040382,-1.7646322969401564
4375275275.0,-0.000789871,-0.0039138707,0.003992778487840202,-1.7699347950777298
4375475475.0,-0.0008077197,-0.0039238131,0.004006085415652005,-1.7738111845763664
4375675676.0,-0.0008325804,-0.0039362043,0.00402329397556314,-1.7792425287100933
4375875876.0,-0.0008442843,-0.0039414592,0.004030870452457028,-1.7818134661180423
4376076076.0,-0.0008682134,-0.0039553925,0.004049558536062395,-1.7868708093433963
4376276276.0,-0.0008931384,-0.0039605913,0.004060046754310872,-1.7925926469474454
4376476476.0,-0.000907827,-0.0039734853,0.00407587233500328,-1.7954122518438898
4376676677.0,-0.0009359986,-0.0039895654,0.004097892807294881,-1.8012402483086354
4376876877.0,-0.0009585623,-0.0039965111,0.00410985920140879,-1.8061992621795282
4377077077.0,-0.0009833784,-0.0040096262,0.004128454352577124,-1.811303563825789
4377277277.0,-0.0010043511,-0.0040178073,0.0041414365420714225,-1.8157513948232138
4377477477.0,-0.0010333995,-0.0040233594,0.0041539541870570275,-1.8222115010537197
4377677678.0,-0.0010519875,-0.0040266175,0.004161769598555703,-1.8263427084795714
4377877878.0,-0.0010740774,-0.0040386745,0.0041790589823716305,-1.8307276428463246
4378078078.0,-0.0010970988,-0.0040503477,0.004196301022073694,-1.8353145269145288
4378278278.0,-0.0011282073,-0.0040611414,0.004214940234756271,-1.8417688865482902
4378478478.0,-0.0011569478,-0.0040651467,0.004226576144404089,-1.8480670982937568
4378678679.0,-0.0011775721,-0.0040764599,0.004243135794080414,-1.8520122559377883
4378878879.0,-0.0011999627,-0.0040809912,0.004253751245179804,-1.856773606302049
4379079079.0,-0.0012198259,-0.0040766734,0.004255260419360767,-1.86153820110799
4379279279.0,-0.0012573479,-0.0041032838,0.0042916036262656936,-1.8681369568676813
4379479479.0,-0.0012748589,-0.0041053475,0.004298737408898741,-1.8718910866120968
4379679680.0,-0.0012978097,-0.0041053522,0.004305604104357358,-1.8769814290333366
4379879880.0,-0.0013350045,-0.0041148948,0.004326037012103259,-1.8845146124966887
4380080080.0,-0.0013520408,-0.0041249443,0.0043408731613544214,-1.8875332615678282
4380280280.0,-0.0013881767,-0.0041333645,0.004360245020670644,-1.8948071753744664
4380480480.0,-0.0014132662,-0.004141877,0.004376353097636369,-1.899622587037972
4380680681.0,-0.0014454878,-0.0041453871,0.004390178719459522,-1.9063106806148857
4380880881.0,-0.0014633289,-0.0041648406,0.0044144341305521325,-1.908675910002151
4381081081.0,-0.0014823951,-0.0041684211,0.0044241642939010775,-1.9124735404356963
4381281281.0,-0.0015138576,-0.0041696212,0.004435933473866262,-1.9190655860835455
4381481481.0,-0.0015437493,-0.0041864268,0.004461987365850416,-1.9240772467456606
4381681682.0,-0.0015732771,-0.0041890791,0.004474772009772254,-1.9300634206909846
4381881882.0,-0.0016093131,-0.0041951622,0.004493247660450117,-1.9370954806454224
4382082082.0,-0.0016363312,-0.0042024801,0.004509813608896652,-1.9421078375913983
4382282282.0,-0.0016707636,-0.0042117753,0.004531059719842042,-1.9484448655281805
4382482482.0,-0.0016929918,-0.0042184113,0.004545460937114621,-1.9524521581729364
4382682683.0,-0.0017247435,-0.0042219351,0.004560644266921534,-1.9586255955259602
4382882883.0,-0.0017519344,-0.0042256342,0.004574413463397576,-1.9638224744498962
4383083083.0,-0.0017815125,-0.0042337399,0.004593292972205045,-1.9690950847095117
4383283283.0,-0.0018174195,-0.0042388087,0.004611996621223387,-1.9758449976204562
4383483483.0,-0.0018425027,-0.0042491,0.004631378521510339,-1.9799470540076796
4383683684.0,-0.0018820289,-0.0042501186,0.004648176082561973,-1.987661648685003
4383883884.0,-0.0019108418,-0.0042659256,0.004674338200147974,-1.9919286282665483
4384084084.0,-0.0019407071,-0.0042625377,0.004683542643332256,-1.9980438711022797
4384284284.0,-0.0019680029,-0.004264451,0.0046966560174031705,-2.003164422611333
4384484484.0,-0.002003977,-0.0042773571,0.004723527027280506,-2.008934650912767
4384684685.0,-0.002031274,-0.0042802024,0.004737742779852211,-2.0138972618926614
4384884885.0,-0.0020654774,-0.0042991267,0.004769558393872922,-2.0186747867638353
4385085085.0,-0.0021076116,-0.0042885029,0.004778418543803271,-2.027585613376588
4385285285.0,-0.002135583,-0.0042947235,0.0047963907984380555,-2.032247441975645
4385485485.0,-0.0021577108,-0.0042991435,0.004810233957930621,-2.0359573321235063
4385685686.0,-0.0022041739,-0.0043027549,0.004834468151815173,-2.0442119867889783
4385885886.0,-0.002243073,-0.0043008686,0.0048506543061524144,-2.051526703831565
4386086086.0,-0.0022771574,-0.0043079391,0.004872759496802973,-2.057057806696714
4386286286.0,-0.0023162797,-0.0043138093,0.0048963356017943235,-2.0635615320797656
4386486486.0,-0.0023503583,-0.0043176451,0.0049159173455147614,-2.06929998917915
4386686687.0,-0.0023791549,-0.0043216949,0.004933297563180233,-2.074034318193009
4386886887.0,-0.0024165097,-0.0043214425,0.004951200300028301,-2.080668209605447
4387087087.0,-0.0024541458,-0.0043152417,0.004964286709797947,-2.0878949802754914
4387287287.0,-0.0024912041,-0.0043179398,0.004985047841724375,-2.094089415575302
4387487487.0,-0.0025325752,-0.004323953,0.00501103848417312,-2.100640946201038
4387687688.0,-0.0025679015,-0.004333452,0.005037154390130032,-2.10573943584919
4387887888.0,-0.0026125024,-0.0043209643,0.005049346618314121,-2.114599347467732
4388088088.0,-0.0026472068,-0.0043305523,0.005075567659385651,-2.1194731897836676
4388288288.0,-0.0026857481,-0.0043222165,0.005088693184848725,-2.1267897973360887
4388488488.0,-0.0027256911,-0.004332053,0.005118210152722161,-2.132404106967404
4388688689.0,-0.0027553969,-0.0043184581,0.005122625541456766,-2.1387256967440536
4388888889.0,-0.0028096976,-0.0043361036,0.005166836075721652,-2.145748445337991
4389089089.0,-0.0028444522,-0.0043276313,0.00517873546213982,-2.1522701393845267
4389289289.0,-0.0028798945,-0.0043300014,0.00520026003726085,-2.1577152228141316
4389489489.0,-0.0029209947,-0.0043296076,0.005222806908876285,-2.16430946533942
4389689690.0,-0.002963918,-0.0043304075,0.005247593641544689,-2.1710050097734586
4389889890.0,-0.0030011398,-0.0043304352,0.005268729364898436,-2.176831959094237
4390090090.0,-0.0030488215,-0.0043248301,0.005291452346258847,-2.1848417422068365
4390290290.0,-0.0030850818,-0.0043169794,0.00530603815032606,-2.19127969976992
4390490490.0,-0.0031285143,-0.0043186176,0.0053327347299799415,-2.197727482652912
4390690691.0,-0.00317162,-0.0043177077,0.005357403588216898,-2.204343079929314
4390890891.0,-0.0032092007,-0.0043062601,0.005370553526568048,-2.211244579791027
4391091091.0,-0.0032562992,-0.0043127967,0.005404044768083581,-2.2175100976977813
4391291291.0,-0.0033022747,-0.0043020168,0.00542331695014613,-2.225473426645886
4391491491.0,-0.0033413864,-0.0042986741,0.0054445809840717565,-2.231545652954787
4391691692.0,-0.0033907678,-0.0042853031,0.005464533734216164,-2.240182201223099
4391891892.0,-0.0034382524,-0.004274061,0.005485360243213454,-2.2482425310157126
4392092092.0,-0.0034865798,-0.0042781131,0.0055189211262854304,-2.254605352388459
4392292292.0,-0.0035356271,-0.0042621156,0.005537715086388769,-2.263296143283192
4392492492.0,-0.0035807981,-0.0042497897,0.005557232002282224,-2.270968311562115
4392692693.0,-0.0036260532,-0.0042450324,0.005582881145634394,-2.2777163763277053
4392892893.0,-0.0036673283,-0.0042287349,0.005597454395924893,-2.285214376795014
4393093093.0,-0.0037115115,-0.0042199711,0.00561991758831635,-2.292175591224591
4393293293.0,-0.0037556832,-0.004210479,0.005642099760568156,-2.2991654421183396
4393493493.0,-0.0037976304,-0.0042003629,0.005662600563937083,-2.305882790781309
4393693694.0,-0.0038510196,-0.0041858737,0.0056878722376593385,-2.3145539548749414
4393893894.0,-0.0038984716,-0.0041642797,0.005704323468724283,-2.3232390070137234
4394094094.0,-0.0039428519,-0.0041583644,0.005730451604238619,-2.329598276148533
4394294294.0,-0.0039953238,-0.0041441429,0.005756434021377024,-2.3379128845517276
4394494494.0,-0.00404413,-0.0041259073,0.005777378168779788,-2.3461854087015603
4394694695.0,-0.0040931859,-0.0041079764,0.005799106906663799,-2.354391028265399
4394894895.0,-0.0041483171,-0.0040921718,0.005827040827286835,-2.3630077305132935
4395095095.0,-0.0041949647,-0.0040867167,0.005856533293707548,-2.369264521609183
4395295295.0,-0.0042464084,-0.0040613674,0.005875941580493574,-2.378464037920258
4395495495.0,-0.0043080745,-0.0040414903,0.005907042385368869,-2.38811156337711
4395695696.0,-0.0043527592,-0.0040216157,0.005926204982252228,-2.3957163736644036
4395895896.0,-0.0044012727,-0.0039983967,0.005946291075143916,-2.404121077600688
4396096096.0,-0.0044690366,-0.0039710704,0.0059784352680191935,-2.4151261598139637
4396296296.0,-0.0045175297,-0.0039630957,0.006009509307567514,-2.4214781329186303
4396496496.0,-0.0045646016,-0.0039289965,0.006022673929720487,-2.430888700036797
4396696697.0,-0.0046052561,-0.0039107168,0.0060416959238602415,-2.437571626537877
4396896897.0,-0.0046682675,-0.0038817174,0.006071280871860485,-2.447930611600764
4397097097.0,-0.0047224392,-0.0038557843,0.006096597786128189,-2.456882491800498
4397297297.0,-0.0047791253,-0.0038310128,0.006125087567281298,-2.465868460359751
4397497497.0,-0.0048167897,-0.0038067153,0.006139425411981172,-2.472793577047511
4397697698.0,-0.0048793368,-0.0037846026,0.006175042060404205,-2.481883658126634
4397897898.0,-0.0049243189,-0.0037519115,0.006190779961582342,-2.490509574510362
4398098098.0,-0.0049741596,-0.0037168661,0.006209457088313065,-2.4998635009597248
4398298298.0,-0.0050273876,-0.0036883275,0.006235253469418064,-2.5086399178551892
4398498498.0,-0.0050803304,-0.0036612458,0.006262146419653712,-2.517127956881764
4398698699.0,-0.0051273675,-0.0036270679,0.006280566776276378,-2.525921635307758
4398898899.0,-0.0051816143,-0.0035971703,0.006307833298460461,-2.534757726191187
4399099099.0,-0.0052303084,-0.0035636496,0.00632895919015842,-2.5434961806263328
4399299299.0,-0.0052869805,-0.0035346284,0.006359698163707677,-2.5522850380828452
4399499499.0,-0.0053395103,-0.0034945979,0.0063814249761703305,-2.562075121918678
4399699700.0,-0.0053976404,-0.0034616239,0.006412282114252567,-2.5713423854852504
4399899900.0,-0.005443585,-0.0034251933,0.006431529117915108,-2.579967019181849
4400100100.0,-0.0054834735,-0.003384254,0.006443730034825967,-2.588641260102553
4400300300.0,-0.0055403449,-0.003340865,0.006469683188470747,-2.598965289379806
4400500501.0,-0.00559513,-0.0033076492,0.006499694065658833,-2.6076942520510054
4400700701.0,-0.0056369354,-0.0032659415,0.006514707559453103,-2.6164710759290055
4400900901.0,-0.0056887414,-0.0032224712,0.006538050118414771,-2.626196534480659
4401101101.0,-0.0057597419,-0.0031611032,0.006570175050610589,-2.639650286764955
4401301301.0,-0.005807998,-0.0031091959,0.006587863076338246,-2.65008207377827
4401501502.0,-0.0058552539,-0.0030640872,0.006608526961635933,-2.659474862232067
4401701702.0,-0.0059029074,-0.0030176569,0.006629522527233192,-2.6690130695749357
4401901902.0,-0.0059589735,-0.0029678599,0.006657143348293641,-2.67950718235156
4402102102.0,-0.006000101,-0.0029205134,0.006673125993848801,-2.688605939136016
4402302302.0,-0.0060548286,-0.0028731541,0.00670193732123218,-2.698533757825875
4402502503.0,-0.0061005683,-0.0028155869,0.006718962953791046,-2.709192987090216
4402702703.0,-0.0061400752,-0.0027690288,0.006735580446916545,-2.7179270775047812
4402902903.0,-0.0061806438,-0.0027155247,0.006750883807235059,-2.727622499934585
4403103103.0,-0.0062347643,-0.0026635373,0.006779875870917238,-2.73785382499603
4403303303.0,-0.0062788,-0.0026052869,0.0067978562261430345,-2.748278891583046
4403503504.0,-0.0063135455,-0.0025510902,0.006809472666007721,-2.757585872928773
4403703704.0,-0.0063641892,-0.002499441,0.0068374051719843,-2.767364696965547
4403903904.0,-0.0064065879,-0.002438294,0.00685489942675036,-2.777928730307882
4404104104.0,-0.0064495126,-0.0023719457,0.006871851219380935,-2.789174476463415
4404304304.0,-0.0065032907,-0.0023117439,0.006901952606899999,-2.8000505035393037
4404504505.0,-0.0065318401,-0.0022352846,0.006903725974788192,-2.8118712517830056
4404704705.0,-0.0065670884,-0.0021704716,0.006916472874220004,-2.8223875522710875
4404904905.0,-0.0066114382,-0.0021082928,0.006939453408082734,-2.8329008713541293
4405105105.0,-0.0066527023,-0.0020276762,0.0069548485723609915,-2.8457473061874476
4405305305.0,-0.0066957973,-0.0019554005,0.006975477947645419,-2.857460039111602
4405505506.0,-0.0067325349,-0.0018796841,0.00699000990668188,-2.869331406869386
4405705706.0,-0.0067794765,-0.0018116203,0.007017354895216882,-2.8804725529669657
4405905906.0,-0.0068029064,-0.0017268537,0.007018657933562844,-2.8930026069973303
4406106106.0,-0.0068397676,-0.0016529118,0.007036656751653374,-2.904476800295077
4406306306.0,-0.0068673818,-0.001578964,0.007046563708664475,-2.9155980932407544
4406506507.0,-0.0069079812,-0.0014969716,0.0070683186282708,-2.928190503541376
4406706707.0,-0.00692578,-0.001419601,0.007069773377386365,-2.9394195389214453
4406906907.0,-0.006955025,-0.0013420923,0.007083331454361308,-2.9509683729387945
4407107107.0,-0.0069880614,-0.0012620739,0.007101114888468653,-2.962914447145953
4407307307.0,-0.0070164788,-0.0011997795,0.007118317610184986,-2.9722360594167334
4407507508.0,-0.0070379281,-0.0011212512,0.007126684796893367,-2.983604853806337
4407707708.0,-0.0070507704,-0.0010509926,0.00712867089146153,-2.9936214869043716
4407907908.0,-0.0070725303,-0.0009812452,0.007140274993789885,-3.003732378586732
4408108108.0,-0.0070880295,-0.0009048959,0.007145557975603239,-3.0146141625891127
4408308308.0,-0.0071177265,-0.0008377524,0.007166858420012775,-3.0244322464662154
4408508509.0,-0.0071289827,-0.0007524264,0.007168580042401441,-3.036437258044729
4408708709.0,-0.0071338836,-0.0006711552,0.00716538516207161,-3.047788836668485
4408908909.0,-0.0071606111,-0.0005952132,0.007185306540357026,-3.0586600690480745
4409109109.0,-0.0071697619,-0.0005057584,0.00718757798301084,-3.0711688340657846
4409309309.0,-0.0071786816,-0.0004218594,0.007191066323400649,-3.0828945789709996
4409509510.0,-0.0071854571,-0.0003398703,0.007193490498830348,-3.094328133758509
4409709710.0,-0.0071808034,-0.0002471689,0.0071850560147140655,-3.107185451343443
4409909910.0,-0.0071910084,-0.0001482251,0.007192535887233415,-3.120983011020335
4410110110.0,-0.0072057295,-7.96363e-05,0.00720616954889683,-3.1305413009243575
4410310310.0,-0.0071978441,3.40514e-05,0.007197924644350395,-3.1463233959487513
4410510511.0,-0.0071984059,0.0001241021,0.00719947559426235,-3.1588311656288646
4410710711.0,-0.0071905219,0.0002199449,0.00719388496943172,-3.1721712882719424
4410910911.0,-0.0071912086,0.0003161417,0.007198154395620648,-3.185526613315048
4411111111.0,-0.0071844328,0.0004118328,0.0071962268525159545,-3.1988529294654757
4411311311.0,-0.007165872,0.0005111674,0.007184080569648893,-3.212805621885862
4411511512.0,-0.0071751748,0.0006010045,0.007200301370052179,-3.2251592358622765
4411711712.0,-0.0071659784,0.0006850862,0.0071986519245409416,-3.2369055804255784
4411911912.0,-0.0071484485,0.0007726389,0.007190082532693589,-3.249259523348007
4412112112.0,-0.0071281644,0.0008570141,0.0071794986510916045,-3.261247602370576
4412312312.0,-0.0071155656,0.0009343462,0.007176648007904372,-3.272155847138681
4412512513.0,-0.0070982802,0.0010248058,0.007171876234670094,-3.284975731313754
4412712713.0,-0.0070842128,0.0010989125,0.007168938532191505,-3.295487433377746
4412912913.0,-0.0070616992,0.0011774799,0.007159193705033037,-3.3068143590130803
4413113113.0,-0.0070442595,0.0012520675,0.007154667352707357,-3.317498523009888
4413313313.0,-0.0070170893,0.001337049,0.007143335514490097,-3.329877494533868
4413513514.0,-0.006999073,0.0014043582,0.007138574424437714,-3.3396123389838537
4413713714.0,-0.0069663602,0.0014903933,0.007124004956822316,-3.3523568267587796
4413913914.0,-0.0069457918,0.0015655162,0.007120032633451175,-3.3632788460921077
4414114114.0,-0.0069104837,0.0016508703,0.007104938966337978,-3.3760912258113223
4414314314.0,-0.0068869258,0.001722524,0.007099072890545753,-3.386679624724174
4414514515.0,-0.0068454833,0.0017865094,0.007074762006376416,-3.3968750435131656
4414714715.0,-0.0068270556,0.0018687335,0.007078195607604639,-3.4087728085704763
4414914915.0,-0.0067857394,0.0019466384,0.007059437673431711,-3.420962292840107
4415115115.0,-0.0067507865,0.002018512,0.007046098854169324,-3.4321354136380298
4415315315.0,-0.0067133142,0.002097076,0.007033229364786679,-3.444364246473941
4415515516.0,-0.0066784567,0.0021643146,0.007020401810548172,-3.454986846874065
4415715716.0,-0.0066288445,0.0022341569,0.006995215254657848,-3.4666715818658056
4415915916.0,-0.0065947789,0.0023116813,0.006988202857148245,-3.4787413718957074
4416116116.0,-0.0065405309,0.0023910564,0.0069638850623653875,-3.492075061316898
4416316316.0,-0.0064922594,0.0024574381,0.006941788972031632,-3.5034441672575793
4416516517.0,-0.0064390506,0.0025392889,0.006921658814693452,-3.5172254972363746
4416716717.0,-0.0063999667,0.0026044263,0.006909602746413181,-3.5280706325533946
4416916917.0,-0.0063362152,0.0026860363,0.0068820356047922865,-3.542546564043554
4417117117.0,-0.0062733821,0.0027559517,0.006852050258523597,-3.5555202571321343
4417317317.0,-0.0062279405,0.0028179181,0.006835781249414573,-3.5664936509746257
4417517518.0,-0.0061696698,0.0028918486,0.006813781165135405,-3.57990474656755
4417717718.0,-0.0061094085,0.002945103,0.006782219688308633,-3.5907857393830276
4417917918.0,-0.00606028,0.0030059774,0.00676482769978,-3.602045543646271
4418118118.0,-0.0060068677,0.003059687,0.006741227195642666,-3.6127040095657583
4418318318.0,-0.0059594665,0.0031114526,0.006722825168533613,-3.6227655434451047
4418518519.0,-0.0059078007,0.0031681485,0.006703676157823611,-3.6338298713623156
4418718719.0,-0.0058517946,0.0032126842,0.006675690212219168,-3.643674215565814
4418918919.0,-0.0057888568,0.0032711444,0.00664915398652773,-3.655936849032555
4419119119.0,-0.0057313168,0.0033122701,0.006619601610166299,-3.66562221808624
4419319319.0,-0.0056717631,0.0033641102,0.006594401724210139,-3.676947632909065
4419519520.0,-0.0056130422,0.0034187635,0.006572228435463354,-3.6886582178220366
4419719720.0,-0.0055529831,0.0034625936,0.006544094723309448,-3.699152610838939
4419919920.0,-0.0055023585,0.0035129967,0.006528176994899352,-3.7098075229246055
4420120120.0,-0.0054428492,0.0035564919,0.006501787604090605,-3.720371603421928
4420320320.0,-0.0053846518,0.0035936956,0.006473725594485961,-3.730100078011707
4420520521.0,-0.0053246911,0.0036321081,0.006445505764523434,-3.7402213751006363
4420720721.0,-0.0052733974,0.0036741857,0.006427158057525212,-3.7501271922265866
4420920921.0,-0.0052060614,0.0037025715,0.006388435725056816,-3.7597985446943682
4421121121.0,-0.0051569625,0.0037448508,0.006373238559842781,-3.7696697739906573
4421321321.0,-0.0050816345,0.0037786764,0.0063325669777355865,-3.7809817405956454
4421521522.0,-0.0050181791,0.0038147072,0.006303500019941988,-3.791575651172097
4421721722.0,-0.0049386906,0.003842365,0.006257350368626753,-3.802782305495463
4421921922.0,-0.0048906291,0.0038813964,0.006243676081260124,-3.8124431868125073
4422122122.0,-0.0048216521,0.0039101471,0.006207864312070039,-3.8229783973592797
4422322322.0,-0.0047615181,0.0039461348,0.0061841761356221615,-3.8336232285641554
4422522523.0,-0.0047098195,0.0039741439,0.006162484844645662,-3.842476045323423
4422722723.0,-0.0046502698,0.0039958966,0.006131247740116493,-3.8514512047035097
4422922923.0,-0.0045924619,0.0040149519,0.006100044677071244,-3.8599967395472397
4423123123.0,-0.0045344226,0.0040430417,0.006075127529799654,-3.8697659317836863
4423323323.0,-0.0044756046,0.004059335,0.006042287412707722,-3.878257021211625
4423523524.0,-0.0044278221,0.0040786397,0.006020042387862771,-3.8859647736056684
4423723724.0,-0.0043724164,0.0041014253,0.0059949741172476345,-3.8950219904343064
4423923924.0,-0.0043115978,0.0041258724,0.00596763761048261,-3.904982394085122
4424124124.0,-0.0042504256,0.0041439964,0.005936229775231777,-3.9143129342380947
4424324324.0,-0.0041901003,0.0041635737,0.005906969314241592,-3.9238153865310292
4424524525.0,-0.0041372177,0.0041893943,0.005887919403156413,-3.9332569810761577
4424724725.0,-0.0040846993,0.0041928512,0.005853611667745132,-3.9400557625102404
4424924925.0,-0.0040052,0.0042209562,0.005818771200375423,-3.9532128751917113
4425125125.0,-0.003944539,0.0042238283,0.005779283124263934,-3.9611690720029284
4425325325.0,-0.0038917931,0.0042507118,0.005763211287109545,-3.9710419429715795
4425525526.0,-0.0038213683,0.0042603404,0.005723054779409074,-3.981254237979342
4425725726.0,-0.0037641898,0.0042794871,0.005699397747963415,-3.9909658015382736
4425925926.0,-0.0037036384,0.0042872247,0.00566544199743009,-3.9998930875162464
4426126126.0,-0.0036361259,0.0042991704,0.005630655174034987,-4.010353536545811
4426326326.0,-0.0035750871,0.0043042975,0.005595375299396159,-4.019274568162755
4426526527.0,-0.0035180832,0.0043144651,0.005567002649652706,-4.02831856307688
4426726727.0,-0.0034630626,0.0043239878,0.005539826086265488,-4.03710220779643
4426926927.0,-0.0034119592,0.0043294228,0.005512292387348886,-4.044954766308125
4427127127.0,-0.0033646792,0.0043347174,0.0054873346040473425,-4.052319339470442
4427327327.0,-0.0033009982,0.004333162,0.0054472820777565064,-4.061379219798802
4427527528.0,-0.0032578417,0.0043223042,0.005412563730765351,-4.066506217937432
4427727728.0,-0.0032006643,0.0043443788,0.005396098509032607,-4.0774304140539845
4427927928.0,-0.0031503738,0.0043544768,0.00537459982523952,-4.086078284530295
4428128128.0,-0.0031004272,0.0043544618,0.0053454640949275,-4.093646964376392
4428328328.0,-0.0030451385,0.0043588045,0.005317146335526463,-4.102591255691603
4428528529.0,-0.0030074459,0.0043514263,0.0052895785924550265,-4.107633932945653
4428728729.0,-0.0029534102,0.0043530059,0.005260350955487557,-4.116255156884845
4428928929.0,-0.0029028924,0.0043569276,0.005235418072859084,-4.124660685174307
4429129129.0,-0.0028552815,0.0043544951,0.005207135490859275,-4.13201088721787
4429329329.0,-0.0028028796,0.0043643508,0.0051868768982458804,-4.1415014510294785
4429529530.0,-0.0027567432,0.0043539762,0.005153323376318692,-4.147946647532814
4429729730.0,-0.0027067852,0.0043567747,0.00512914923798276,-4.156467834404225
4429929930.0,-0.002639156,0.004348212,0.0050864616374528965,-4.166873384596993
4430130130.0,-0.0025947836,0.0043431211,0.005059209703115119,-4.1738489823801
4430330330.0,-0.0025470132,0.0043342153,0.005027195889134253,-4.181097871486076
4430530531.0,-0.0024963503,0.0043419031,0.005008381709704213,-4.190596931769778
4430730731.0,-0.0024419716,0.0043313245,0.004972282898177336,-4.199017638878437
4430930931.0,-0.0023940418,0.0043095106,0.004929839525954126,-4.205313661517904
4431131131.0,-0.0023541558,0.0043116242,0.004912448755223741,-4.212620367287153
4431331331.0,-0.0023161266,0.0043072216,0.00489046013568602,-4.21901411509522
4431531532.0,-0.0022732063,0.0042911804,0.004856098856871002,-4.225234061016122
4431731732.0,-0.0022239554,0.0042840715,0.004826929276289576,-4.233561124809212
4431931932.0,-0.0022001107,0.0042740555,0.004807082016081559,-4.237003605891757
4432132132.0,-0.0021547064,0.0042711679,0.004783893278511904,-4.245166108584167
4432332332.0,-0.0021066054,0.0042539679,0.004747002128242578,-4.25258109454586
4432532533.0,-0.0020789249,0.0042450098,0.004726736394377843,-4.256987987133503
4432732733.0,-0.002028128,0.0042429044,0.004702716335472868,-4.266491981818352
4432932933.0,-0.0019881637,0.0042373269,0.004680569853710262,-4.273681630775834
4433133133.0,-0.0019452977,0.0042216051,0.00464823974876203,-4.280593659665648
4433333333.0,-0.0019074684,0.0042113014,0.0046231477565226616,-4.287092535414091
4433533534.0,-0.0018742124,0.0042009488,0.004600069884309933,-4.292749447031824
4433733734.0,-0.0018316889,0.0041707142,0.004555210331528594,-4.298570388565142
4433933934.0,-0.0017763719,0.0041697094,0.004532325408392249,-4.309656263782211
4434134134.0,-0.0017693998,0.0041699975,0.0045298625588693405,-4.311097191451428
4434334334.0,-0.0017195917,0.0041676438,0.00450846431264431,-4.321063461804273
4434534535.0,-0.0016905512,0.0041521275,0.004483093366870435,-4.325731467202917
4434734735.0,-0.0016492196,0.0041342254,0.004451038636883454,-4.332815152210999
4434934935.0,-0.0016140643,0.0041293305,0.004433573495811786,-4.339771077412881
4435135135.0,-0.001576466,0.0041084534,0.004400526603615476,-4.346001689895379
4435335335.0,-0.0015440152,0.0041100955,0.004390543013905146,-4.353036239675596
4435535536.0,-0.001492555,0.0040941779,0.004357753217527745,-4.362806439974683
4435735736.0,-0.0014646821,0.0040861557,0.004340732894189978,-4.368206333296396
4435935936.0,-0.0014267978,0.0040712158,0.004313994674574191,-4.375304527266908
4436136136.0,-0.0013997534,0.0040564888,0.004291201575938493,-4.380117103916069
4436336336.0,-0.0013679145,0.0040424863,0.004267655745839622,-4.386099331182594
4436536537.0,-0.0013373963,0.0040343256,0.0042502249246444655,-4.392285454669359
4436736737.0,-0.0013095618,0.0039866482,0.004196226397441215,-4.395006518485568
4436936937.0,-0.0012818109,0.0039634279,0.0041655491717008,-4.399596154242566
4437137137.0,-0.0012626932,0.0039478705,0.004144885475148437,-4.402829732928755
4437337337.0,-0.0012331037,0.0039368558,0.004125454923392974,-4.408847904145795
4437537538.0,-0.0012023207,0.0039214784,0.004101654289102758,-4.414889259737134
4437737738.0,-0.0011739339,0.0039105856,0.004082989166835563,-4.420754315474124
4437937938.0,-0.0011580567,0.0038944756,0.004063008185988585,-4.423357037449634
4438138138.0,-0.001104686,0.0038771898,0.004031492515659683,-4.434824511029602
4438338338.0,-0.0010784693,0.00387502,0.004022297357411867,-4.440945110459615
4438538539.0,-0.0010432678,0.003850988,0.003989801533743356,-4.447829984425565
4438738739.0,-0.0010075382,0.0038610008,0.003990295778768772,-4.457128846630269
4438938939.0,-0.000975462,0.0038528072,0.003974374093340464,-4.4644176048066075
4439139139.0,-0.0009416208,0.0038313654,0.0039453783797387286,-4.471398854006232
4439339339.0,-0.0009131854,0.0038102972,0.003918197586531465,-4.477163131114467
4439539540.0,-0.0008860544,0.0037698505,0.003872578623102391,-4.4815419445849685
4439739740.0,-0.0008611321,0.0037646247,0.0038618580535152375,-4.487514625893914
4439939940.0,-0.0008449507,0.003770383,0.003863900833629079,-4.491929348494899
4440140140.0,-0.000819664,0.0037639788,0.003852192295271024,-4.49797119901042
4440340340.0,-0.0008061028,0.0037487723,0.003834461563429099,-4.500583051627454
4440540541.0,-0.0007734842,0.0037220242,0.00380154467986834,-4.507492541742619
4440740741.0,-0.0007505893,0.0037089509,0.003784138088902848,-4.512713309632769
4440940941.0,-0.0007364914,0.0036951564,0.0037678376295608757,-4.515654424981603
4441141141.0,-0.0007048618,0.0036788269,0.0037457439204065792,-4.523083611581049
4441341341.0,-0.0006891724,0.0036641096,0.003728358587600436,-4.526473758336376
4441541542.0,-0.0006626959,0.0036215555,0.003681688484304051,-4.531404745637753
4441741742.0,-0.0006420887,0.0036293456,0.0036857058188231803,-4.53728501654683
4441941942.0,-0.0006222545,0.0036251568,0.0036781737978725925,-4.542396589274538
4442142142.0,-0.0006001503,0.0036004588,0.00365013478560553,-4.5472203506242845
4442342342.0,-0.0005832655,0.0035928575,0.0036398933581626397,-4.551452688660243
4442542543.0,-0.0005558064,0.0035726007,0.0036155769271198545,-4.558051480156923
4442742743.0,-0.000536408,0.003558037,0.0035982441323280166,-4.56275629515255
4442942943.0,-0.0005097894,0.0035477647,0.0035842041793009575,-4.569672758372513
4443143143.0,-0.0004921929,0.0035307407,0.003564882009470566,-4.573879428997001
4443343343.0,-0.0004723408,0.0035111391,0.0035427677895811137,-4.578665433557308
4443543544.0,-0.0004506841,0.0034896879,0.0035186698903703966,-4.58395250344215
4443743744.0,-0.0004257337,0.0034758073,0.0035017831986073867,-4.590511213135441
4443943944.0,-0.0004075841,0.0034563605,0.0034803092828846493,-4.595008155867614
4444144144.0,-0.0003835496,0.0034509055,0.00347215481590185,-4.601698653493564
4444344344.0,-0.0003689242,0.0034258582,0.0034456653162855035,-4.60511427277193
4444544545.0,-0.000351045,0.0034103642,0.0034283839587576303,-4.60981548309004
4444744745.0,-0.0003285926,0.003393125,0.0034089984397766685,-4.615849316295634
4444944945.0,-0.00031119,0.00337129,0.0033856218749588676,-4.62034389621926
4445145145.0,-0.0003057927,0.003356031,0.0033699337157182025,-4.621522530606081
4445345345.0,-0.0002777161,0.0033465939,0.003358097223684332,-4.629593984711454
4445545546.0,-0.0002618117,0.0033330391,0.003343305999813014,-4.63399949784907
4445745746.0,-0.0002459918,0.0033082252,0.003317358277241438,-4.638167935675732
4445945946.0,-0.0002296627,0.003296995,0.0033049842640769547,-4.642843131383122
4446146146.0,-0.0002206906,0.003285397,0.0032928009032641738,-4.645316550587371
4446346346.0,-0.0002069941,0.0032731864,0.003279724952885496,-4.649233755722778
4446546547.0,-0.0001888638,0.0032576585,0.003263128627187823,-4.654478482211946
4446746747.0,-0.0001691349,0.0032399442,0.0032443558734380003,-4.660233294785749
4446946947.0,-0.0001645939,0.00322618,0.0032303759137780248,-4.661414974650305
4447147147.0,-0.0001434947,0.0032093708,0.003212577105817186,-4.667707575851036
4447347347.0,-0.0001330082,0.0031877579,0.003190531556070187,-4.67068848183858
4447547548.0,-0.0001268295,0.0031768085,0.0031793392344546217,-4.6724866128810305
4447747748.0,-0.0001044572,0.0031609526,0.0031626780813226313,-4.679354887787216
4447947948.0,-0.0001048102,0.0031487676,0.0031505114786068945,-4.67911516333681
4448148148.0,-7.8257e-05,0.0031482967,0.003149269164310966,-4.687537164958016
4448348348.0,-6.14014e-05,0.0031323561,0.0031329578466888393,-4.692789185422298
4448548549.0,-4.59731e-05,0.0031091958,0.0031095356644780985,-4.697603887062426
4448748749.0,-3.02599e-05,0.0030944532,0.0030946011485388954,-4.702610536965157
4448948949.0,-1.71115e-05,0.0030820367,0.0030820842012474516,-4.706837026969075
4449149149.0,-1.05159e-05,0.0030664108,0.003066428831476356,-4.708959609872559
4449349349.0,5.9408e-06,0.0030492155,0.003049221287237922,-4.714337282327646
4449549550.0,2.05808e-05,0.0030381919,0.0030382616066682356,-4.719162905760633
4449749750.0,4.09791e-05,0.0030203234,0.0030206013850265596,-4.725955933425054
4449949950.0,5.41125e-05,0.0029992289,0.002999717012861623,-4.73042916051317
4450150150.0,6.21692e-05,0.0029912657,0.0029919116794158767,-4.733169565287042
4450350350.0,7.20576e-05,0.0029625654,0.0029634415882542585,-4.736706889258281
4450550551.0,8.5561e-05,0.0029428232,0.0029440667572558947,-4.74145525364545
4450750751.0,0.0001039679,0.0029244861,0.002926333588865702,-4.747924841830219
4450950951.0,0.0001034681,0.0029184101,0.0029202436815272143,-4.747827721850691
4451151151.0,0.0001127154,0.0029040596,0.0029062461908360964,-4.7511825543766175
4451351351.0,0.0001215491,0.0028921463,0.002894699363373423,-4.7543915623194914
4451551552.0,0.000136019,0.0028762525,0.002879466897208101,-4.759644128958751
4451751752.0,0.0001474413,0.0028702052,0.002873989705453506,-4.7637134688967135
4451951952.0,0.0001586965,0.0028464138,0.0028508342813889924,-4.7680844574817485
4452152152.0,0.0001611198,0.0028333068,0.002837884249379858,-4.7691941455760185
4452352352.0,0.0001719759,0.0028268766,0.0028321029327706944,-4.773150107270311
4452552553.0,0.0001892675,0.0028276899,0.0028340170001463047,-4.779222904089753
4452752753.0,0.000196318,0.0028189646,0.0028257923089245536,-4.781918601353364
4452952953.0,0.0002111951,0.0027932083,0.0028011811754067068,-4.787855609229767
4453153153.0,0.0002205758,0.0027904729,0.0027991771450160225,-4.791270989448962
4453353353.0,0.0002324325,0.0027809318,0.002790628342023977,-4.7957759655962455
4453553554.0,0.0002346678,0.0027644239,0.002774366319585078,-4.797074454309428
4453753754.0,0.0002383492,0.0027563072,0.0027665935230735436,-4.79864850345034
4453953954.0,0.0002540469,0.0027417032,0.0027534480682028218,-4.804785395560424
4454154154.0,0.0002615686,0.0027341972,0.0027466802618786555,-4.807764325956842
4454354354.0,0.0002657623,0.0027050503,0.0027180740839115075,-4.810321405327071
4454554555.0,0.0002853205,0.0027072904,0.0027222838018201574,-4.817391064380512
4454754755.0,0.0002857918,0.0026830605,0.002698238425270734,-4.818505948177958
4454954955.0,0.0003091141,0.0026680369,0.002685883919044235,-4.827732977354386
4455155155.0,0.0003172126,0.0026564229,0.002675295583153976,-4.831239634171691
4455355355.0,0.0003248166,0.0026437634,0.002663642381930262,-4.834637772667875
4455555556.0,0.000327525,0.0026261572,0.002646502269928526,-4.836464776330758
4455755756.0,0.0003353289,0.0026154753,0.0026368838647322524,-4.839902884657147
4455955956.0,0.0003459581,0.0026060838,0.0026289465151611686,-4.844367504153601
4456156156.0,0.0003535315,0.0025921878,0.002616184647910214,-4.847936140484363
4456356356.0,0.0003729914,0.0025786245,0.0026054609758110387,-4.856040072350788
4456556557.0,0.0003737469,0.0025579307,0.002585091141770847,-4.857475299576312
4456756757.0,0.0003801447,0.0025463063,0.0025745263188318313,-4.860587027200624
4456956957.0,0.0003893212,0.0025341063,0.002563838087022878,-4.864829632105172
4457157157.0,0.0003884964,0.0025260842,0.0025557838011660144,-4.86498728559043
4457357357.0,0.0004051833,0.0025089919,0.002541498349569501,-4.872499119591003
4457557558.0,0.0004061525,0.002507576,0.0025402553511472523,-4.872964638269791
4457757758.0,0.0004204195,0.0024950502,0.002530222926245885,-4.8793222896807995
4457957958.0,0.0004143149,0.0024749448,0.00250938410758677,-4.878254678882377
4458158158.0,0.0004277225,0.0024729414,0.00250965848370654,-4.883655585453875
4458358358.0,0.0004346936,0.0024532683,0.0024914822651718495,-4.887758378760715
4458558559.0,0.0004394414,0.0024407185,0.0024799628102607123,-4.890526394051042
4458758759.0,0.0004540137,0.0024360798,0.0024780260756811522,-4.896645682813043
4458958959.0,0.0004428142,0.0024200498,0.0024602287394064966,-4.893364285942965
4459159159.0,0.0004606169,0.0024143141,0.002457860960677886,-4.900909259655564
4459359359.0,0.000463001,0.002399376,0.002443639727000893,-4.903013230740671
4459559560.0,0.0004842315,0.0023937629,0.002442249161533004,-4.9119843679562605
4459759760.0,0.0004785684,0.0023792404,0.0024268936100436543,-4.910883679376789
4459959960.0,0.0004885889,0.0023598732,0.002409921291926657,-4.916544821760701
4460160160.0,0.0004864851,0.0023476832,0.0023975579576069168,-4.916716370766821
4460360360.0,0.0004968697,0.0023434517,0.0023955469874354335,-4.9213195878876235
4460560561.0,0.0005014918,0.0023275987,0.0023810102338522043,-4.924599595109847
4460760761.0,0.0005021086,0.0023204971,0.0023741987779675,-4.925483562053445
4460960961.0,0.0005125846,0.0023162091,0.0023722494740393493,-4.930182028936029
4461161161.0,0.0005175539,0.0023025621,0.002360011496531663,-4.933487395465672
4461361361.0,0.0005164155,0.0022868064,0.0023443908547256384,-4.93448746755235
4461561562.0,0.0005293333,0.0022755295,0.002336285138389392,-4.940944150174145
4461761762.0,0.0005249002,0.0022653398,0.0023253568821632693,-4.940080140434445
4461961962.0,0.0005421961,0.0022591206,0.0023232740897706347,-4.94793695619062
4462162162.0,0.0005351297,0.0022352391,0.0022984032783632423,-4.947372256750758
4462362362.0,0.00055266,0.0022336955,0.0023010494697681427,-4.954937541212534
4462562563.0,0.0005561834,0.0022178681,0.002286542998378375,-4.958095873193673
4462762763.0,0.0005591904,0.0022100596,0.0022797055377842814,-4.960208446792082
4462962963.0,0.0005615261,0.0022117273,0.0022818959683882393,-4.961021486676659
4463163163.0,0.0005712716,0.0021893129,0.002262618442219759,-4.967634020421257
4463363363.0,0.0005819241,0.0021869338,0.0022630322807559,-4.972454145172968
4463563564.0,0.0005726403,0.0021730879,0.0022472712195706376,-4.970046230468114
4463763764.0,0.0005814774,0.0021624279,0.002239243262669148,-4.975075504555334
4463963964.0,0.0005809746,0.0021533033,0.0022303019050424655,-4.9759201824094506
4464164164.0,0.0005987358,0.002140685,0.002222839811463399,-4.985113495469108
4464364364.0,0.0005941142,0.0021237761,0.0022053109997396854,-4.985160531673861
4464564565.0,0.0005968107,0.0021234416,0.0022057169447245607,-4.986378693559152
4464764765.0,0.0006073708,0.0021104092,0.002196070645525157,-4.992613703216193
4464964965.0,0.0006054962,0.00210596,0.0021912766073260673,-4.9923531447611404
4465165165.0,0.0006091796,0.0020923507,0.002179227210927454,-4.995703203863391
4465365365.0,0.0006115461,0.0020826091,0.002170541244903681,-4.99800462152459
4465565566.0,0.0006143621,0.0020740297,0.0021631088706763005,-5.000371194318837
4465765766.0,0.0006300063,0.0020612657,0.0021553942154594785,-5.00901248774351
4465965966.0,0.0006237568,0.002048156,0.002141031421040392,-5.008010771419684
4466166166.0,0.0006307846,0.0020368533,0.002132289984340322,-5.012707997507221
4466366366.0,0.0006263933,0.0020356238,0.0021298199035156306,-5.010909234997823
4466566567.0,0.0006386532,0.0020242855,0.0021226421496287336,-5.018000618254849
4466766767.0,0.0006399532,0.0020120831,0.0021114020222344795,-5.02032664719472
4466966967.0,0.0006467,0.0019969346,0.002099039944040408,-5.025577097341527
4467167167.0,0.0006503468,0.0019931514,0.0020965694511730824,-5.027787845840681
4467367367.0,0.0006517255,0.0019786506,0.0020832197013830804,-5.030576215028592
4467567568.0,0.0006521405,0.0019765494,0.00208135406944148,-5.031081424262785
4467767768.0,0.0006526559,0.0019690814,0.002074425530991838,-5.032445349016688
4467967968.0,0.0006552724,0.0019600996,0.0020667298711060235,-5.035014377754711
4468168168.0,0.0006616525,0.0019569137,0.00206574327059389,-5.038432544271457
4468368368.0,0.0006647542,0.0019492869,0.0020595187702298927,-5.041045360738819
4468568569.0,0.0006672022,0.0019402274,0.0020517410020262305,-5.043599840346658
4468768769.0,0.0006677375,0.0019333997,0.0020454602828865534,-5.044932789781174
4468968969.0,0.0006755743,0.0019304527,0.0020452501709467674,-5.04902496786589
4469169169.0,0.0006828845,0.0019115187,0.0020298361955561686,-5.055505362784979
4469369369.0,0.0006908913,0.0019092017,0.0020303649720428544,-5.059602954447374
4469569570.0,0.0006778369,0.0018970015,0.002014467064512066,-5.055570167529505
4469769770.0,0.0006927878,0.0018833984,0.0020067746432899237,-5.064866975756158
4469969970.0,0.0006956834,0.0018797455,0.002004349904035174,-5.066851984521354
4470170170.0,0.0007016812,0.0018702442,0.001997540956793397,-5.071318846789485
4470370370.0,0.0007066113,0.0018581621,0.001987980361865806,-5.075775661242256
4470570571.0,0.0006993103,0.0018520609,0.0019796879736450643,-5.073423969434518
4470770771.0,0.0007040875,0.0018558143,0.00198488939836474,-5.075007615535088
4470970971.0,0.0006947035,0.0018443015,0.0019708021148290102,-5.072627919752718
4471171171.0,0.0006991012,0.0018338055,0.001962545566266345,-5.076610126005481
4471371371.0,0.0007094852,0.001819457,0.0019528935003906484,-5.084195902362556
4471571572.0,0.0007093593,0.0018088965,0.0019430123942499027,-5.0861101098688835
4471771772.0,0.0007105134,0.0018117058,0.0019460491251078941,-5.086135193025058
4471971972.0,0.0007103542,0.0017884253,0.0019243357667355586,-5.090475213658284
4472172172.0,0.0007174071,0.0017844178,0.0019232316116597216,-5.094652628074444
4472372372.0,0.0007176524,0.0017786662,0.001917988117337592,-5.095889896964563
4472572573.0,0.0007174657,0.0017706304,0.0019104682787423218,-5.097373100369066
4472772773.0,0.0007270462,0.00176759,0.0019112745969730358,-5.102616251040466
4472972973.0,0.0007326878,0.0017640776,0.0019101835490576815,-5.106047127769067
4473173173.0,0.0007402681,0.001747672,0.001897986901815081,-5.113051018128981
4473373373.0,0.0007437769,0.0017469918,0.0018987323208501114,-5.114892358538666
4473573574.0,0.0007382684,0.0017278136,0.0018789305646520096,-5.1161932378651445
4473773774.0,0.0007432062,0.0017250762,0.0018783618798104054,-5.119183211828494
4473973974.0,0.000742215,0.0017258514,0.0018786820276744437,-5.118535399491417
4474174174.0,0.0007451011,0.0017165723,0.0018713086625002568,-5.121911241421556
4474374374.0,0.0007469438,0.0017144767,0.0018701217594588137,-5.123261280501214
4474574575.0,0.0007489545,0.0016968667,0.0018548017254248876,-5.12804722847808
4474774775.0,0.0007552668,0.0016965198,0.0018570426411297829,-5.131232345292523
4474974975.0,0.0007517087,0.0016879951,0.0018478077354745811,-5.131349507099232
4475175175.0,0.00075274,0.0016782857,0.0018393641288294415,-5.134009123341855
4475375375.0,0.0007537227,0.001671094,0.00183320840750071,-5.136103686536402
4475575576.0,0.0007639384,0.0016539165,0.0018218237203326808,-5.145091957570047
4475775776.0,0.0007647745,0.0016542303,0.0018224593057976192,-5.145436248841225
4475975976.0,0.000767504,0.0016495149,0.0018193300402450376,-5.147885673613961
4476176176.0,0.0007689463,0.0016352418,0.0018070124949072514,-5.151941516007445
4476376376.0,0.0007703495,0.0016291437,0.001802095321396718,-5.1540861141177805
4476576577.0,0.0007686178,0.0016247331,0.00179736778893816,-5.154264104350539
4476776777.0,0.0007745721,0.0016267393,0.0018017332455896183,-5.156775286668365
4476976977.0,0.0007792119,0.0016132147,0.0017915448231617594,-5.162359008403426
4477177177.0,0.0007766756,0.00160514,0.0017831711659948295,-5.163047759627029
4477377377.0,0.0007723222,0.0015813157,0.0017598411643325457,-5.166717486254906
4477577578.0,0.0007810297,0.001579743,0.0017622699391214418,-5.171548983539348
4477777778.0,0.0007824949,0.0015673425,0.0017518164232682202,-5.175435978799012
4477977978.0,0.0007737391,0.0015625217,0.001743601519223845,-5.172178096293305
4478178178.0,0.0007852635,0.001558419,0.001745081242805976,-5.179139522802419
4478378378.0,0.0007868728,0.0015504407,0.0017386877717394604,-5.182030955198412
4478578579.0,0.0007770764,0.0015483626,0.001732418677028079,-5.177531295693621
4478778779.0,0.0007971152,0.0015380543,0.001732340518437276,-5.19053927871522
4478978979.0,0.0007924302,0.0015387946,0.0017308478970900938,-5.1879392750770785
4479179179.0,0.0007984546,0.001527883,0.0017239362546075073,-5.193943924936136
4479379379.0,0.0007980887,0.0015265788,0.0017226109269585894,-5.194106330816106
4479579580.0,0.000797904,0.0015255125,0.0017215804311365328,-5.194298211155721
4479779780.0,0.000796853,0.0015107631,0.0017080339129919553,-5.197755191421022
4479979980.0,0.0007968287,0.0014972847,0.0016961124520496215,-5.201449893285138
4480180180.0,0.0007990831,0.0014994654,0.001699096903211459,-5.202018218846531
4480380380.0,0.0008090734,0.0014970537,0.0017016960795839101,-5.207865789874342
4480580581.0,0.0007988997,0.0014894998,0.001690221992774952,-5.204695359789736
4480780781.0,0.0008021605,0.0014828114,0.0016858799232834496,-5.208275041471252
4480980981.0,0.0008033697,0.0014863402,0.0016895591333286118,-5.207910748990898
4481181181.0,0.0008007841,0.0014536097,0.0016595892066252117,-5.215917902354337
4481381381.0,0.0008170321,0.0014644403,0.0016769397260171578,-5.221288072357177
4481581582.0,0.0008153612,0.001454127,0.0016671230364296572,-5.223426872515137
4481781782.0,0.000812037,0.0014477121,0.0016599019289871945,-5.223570209781311
4481981982.0,0.0008181925,0.0014331956,0.0016502995470264207,-5.231126613395803
4482182182.0,0.0008108283,0.0014446656,0.0016566536233939338,-5.223833501431667
4482382382.0,0.0008300366,0.0014336137,0.0016565654222418292,-5.237210727408493
4482582583.0,0.0008238099,0.0014342234,0.0016539829238675864,-5.233768022228263
4482782783.0,0.000817645,0.0014281927,0.0016456845792430243,-5.2323448817300475
4482982983.0,0.0008228808,0.001421184,0.0016422231190872452,-5.237232213931612
4483183183.0,0.0008254899,0.0014183192,0.001641055431145045,-5.239482845506496
4483383383.0,0.0008262648,0.0014079051,0.0016324552950464065,-5.243102103958317
4483583584.0,0.0008210951,0.0013963332,0.0016198591200058882,-5.243965457523963
4483783784.0,0.0008201066,0.0013966994,0.0016196740565076419,-5.243324760599315
4483983984.0,0.0008280716,0.0013928355,0.0016203991189786577,-5.248770937389428
4484184184.0,0.0008337303,0.001388779,0.0016198189170333484,-5.253053528712875
4484384384.0,0.0008382543,0.0013756267,0.0016109062943639458,-5.259663702791601
4484584585.0,0.0008377745,0.0013754712,0.0016105238697019333,-5.259459541316787
4484784785.0,0.0008368046,0.0013688646,0.0016043790798044954,-5.261085296297876
4484984985.0,0.0008408926,0.0013660185,0.0016040906791939817,-5.264185100187544
4485185185.0,0.0008389233,0.0013554074,0.0015940268263920938,-5.26662264035032
4485385385.0,0.0008428211,0.0013442703,0.001586634818118933,-5.272405780097945
4485585586.0,0.0008340447,0.0013354085,0.001574467028384634,-5.27067288841512
4485785786.0,0.0008402571,0.0013221118,0.0015665285205829003,-5.278532911182664
4485985986.0,0.0008473228,0.0013234608,0.0015714656905374933,-5.281867192751641
4486186186.0,0.000851528,0.0013237832,0.0015740082259588864,-5.284006770146608
4486386386.0,0.000852448,0.0013170352,0.001568836929302418,-5.286826931817969
4486586587.0,0.000843757,0.0013137754,0.001561387740663465,-5.28328852030968
4486786787.0,0.0008447688,0.0013069106,0.0015561650432540247,-5.286219452299681
4486986987.0,0.0008567625,0.001307828,0.00156347563428096,-5.292343429237524
4487187187.0,0.0008609123,0.0012994334,0.0015587485843864782,-5.297521566577367
4487387387.0,0.0008549875,0.0012934198,0.0015504639319211169,-5.296478154413489
4487587588.0,0.0008573789,0.0012885866,0.0015477577342287035,-5.299489069328139
4487787788.0,0.0008554643,0.0012904702,0.0015482675820614892,-5.2977856034378
4487987988.0,0.0008675103,0.0012726686,0.0015402141039582938,-5.310690774612073
4488188188.0,0.0008609179,0.0012704532,0.0015346761755923137,-5.307954393328621
4488388388.0,0.0008656087,0.0012728251,0.0015392732560223674,-5.309612716033592
4488588589.0,0.0008543431,0.0012554498,0.0015185704899140012,-5.309912640707785
4488788789.0,0.000858937,0.0012581723,0.0015234074656690802,-5.311400260922041
4488988989.0,0.0008620599,0.0012510536,0.001519303255199886,-5.315739692699794
4489189189.0,0.0008656927,0.0012447174,0.0015161613557586968,-5.320083953321426
4489389389.0,0.0008640374,0.00124317,0.0015139459295162297,-5.319769928690368
4489589590.0,0.0008690745,0.0012316056,0.0015073628761852968,-5.326892502676251
4489789790.0,0.0008737991,0.0012232427,0.001503278939606386,-5.332667867000416
4489989990.0,0.0008618825,0.001218636,0.0014926202277546188,-5.327965359169024
4490190190.0,0.0008735063,0.0012171788,0.0014981780559429943,-5.334861506015395
4490390390.0,0.0008689356,0.0012129907,0.0014921110934624975,-5.334009315513164
4490590591.0,0.0008705616,0.0012026722,0.001484687819054026,-5.338946969412584
4490790791.0,0.0008722961,0.0012020322,0.0014851874952045785,-5.340145675670906
4490990991.0,0.0008726984,0.001196183,0.0014806945217875158,-5.34268571253999
4491191191.0,0.0008761985,0.001187596,0.0014758414788242841,-5.348030898627436
4491391391.0,0.0008741273,0.0011928107,0.001478815709491815,-5.344810334526485
4491591592.0,0.0008728813,0.0011792182,0.0014671323481884413,-5.34960167162882
4491791792.0,0.0008744507,0.0011782331,0.0014672754563019514,-5.350860814629301
4491991992.0,0.0008848868,0.0011712217,0.0014679185670074244,-5.35941646376357
4492192192.0,0.0008751252,0.0011713322,0.0014621433713668027,-5.354044058490489
4492392392.0,0.0008830628,0.0011599312,0.0014578203927361148,-5.363086867751289
4492592593.0,0.00088144,0.0011535377,0.0014517526300721105,-5.364865140887573
4492792793.0,0.0008812267,0.0011483597,0.0014475118297882681,-5.366919956705538
4492992993.0,0.0008816977,0.0011482638,0.0014477225523475586,-5.367218385988438
4493193193.0,0.0008803851,0.0011352712,0.0014366344774685905,-5.372001606576864
4493393393.0,0.0008850676,0.0011377566,0.001441469644985048,-5.373511989663385
4493593594.0,0.0008848877,0.001132353,0.001437097616106954,-5.3757218861516805
4493793794.0,0.0008858391,0.0011252279,0.0014320784678317105,-5.379308921483288
4493993994.0,0.0008863407,0.0011190975,0.0014275780367401076,-5.382241302561839
4494194194.0,0.0008837428,0.0011154608,0.0014231142374695293,-5.382396869995601
4494394394.0,0.0008899885,0.0011124875,0.0014246781979761255,-5.387129100455411
4494594595.0,0.0008853041,0.0011049456,0.0014158630330777656,-5.387873154472681
4494794795.0,0.0008985942,0.0011020192,0.001421941578772588,-5.396454102229342
4494994995.0,0.0008957706,0.0010924793,0.0014127689084747195,-5.399172461770284
4495195195.0,0.0008948367,0.0010954495,0.001414475990152233,-5.397330478428596
4495395395.0,0.0008933594,0.0010901449,0.0014094349649999356,-5.398899712876233
4495595596.0,0.0008982186,0.0010797267,0.0014044950694391384,-5.406277451437413
4495795796.0,0.0008875128,0.0010756425,0.0013945199023212577,-5.402248619698846
4495995996.0,0.0009012079,0.0010736561,0.0014017535803733906,-5.410686520421123
4496196196.0,0.0008970096,0.0010692563,0.0013956845121953063,-5.410409279419445
4496396396.0,0.0009046694,0.0010694167,0.0014007422323665585,-5.414525113432171
4496596597.0,0.0009036779,0.0010564744,0.0013902416713664463,-5.419993117953191
4496796797.0,0.0009015424,0.0010520901,0.001385522384343093,-5.420878739620979
4496996997.0,0.0009023448,0.0010485774,0.0013833801725765048,-5.422971419348215
4497197197.0,0.0008942828,0.001038507,0.0013704884222148102,-5.423305477005355
4497397397.0,0.0009033775,0.0010329219,0.001372231233796207,-5.430983613188558
4497597598.0,0.0009090824,0.0010311276,0.0013746472047298246,-5.434966824508593
4497797798.0,0.0009026697,0.0010332465,0.001372009809389255,-5.430439537922931
4497997998.0,0.0009006706,0.0010196543,0.0013604787470640068,-5.43590605912925
4498198198.0,0.00090715,0.0010159403,0.0013620043376083976,-5.441276811921016
4498398398.0,0.0009089941,0.0010134257,0.0013613603208758878,-5.443517490480568
4498598599.0,0.0009050126,0.0010081557,0.0013547788460118685,-5.443927091539474
4498798799.0,0.0009128734,0.0010077688,0.0013597557864120306,-5.448419128012716
4498998999.0,0.0009041456,0.0009952112,0.0013445908666225575,-5.44987833778441
4499199199.0,0.0009070071,0.0009984054,0.0013488792467080107,-5.449856159236335
4499399399.0,0.0009148863,0.0009848765,0.0013442465035029623,-5.460962251814725
4499599600.0,0.000912394,0.0009792245,0.0013384107862073774,-5.462472034006242
4499799800.0,0.0009163752,0.0009796849,0.001341464129398565,-5.464409410813676
4500000000.0,0.000906546,0.0009864024,0.0013397071862320364,-5.45562589016493
