# Frequenza (Hz)	S11 (dB)
4.000000e+09	-8.189296e-01
4.000120e+09	-8.168832e-01
4.000240e+09	-8.138339e-01
4.000360e+09	-8.136717e-01
4.000480e+09	-8.106076e-01
4.000601e+09	-8.107359e-01
4.000721e+09	-8.094682e-01
4.000841e+09	-8.098959e-01
4.000961e+09	-8.104712e-01
4.001081e+09	-8.092600e-01
4.001201e+09	-8.094265e-01
4.001321e+09	-8.101598e-01
4.001441e+09	-8.099119e-01
4.001562e+09	-8.086636e-01
4.001682e+09	-8.113102e-01
4.001802e+09	-8.117406e-01
4.001922e+09	-8.126043e-01
4.002042e+09	-8.127784e-01
4.002162e+09	-8.113019e-01
4.002282e+09	-8.113377e-01
4.002402e+09	-8.123948e-01
4.002523e+09	-8.125033e-01
4.002643e+09	-8.139684e-01
4.002763e+09	-8.142345e-01
4.002883e+09	-8.143789e-01
4.003003e+09	-8.134521e-01
4.003123e+09	-8.126987e-01
4.003243e+09	-8.130049e-01
4.003363e+09	-8.162959e-01
4.003483e+09	-8.169055e-01
4.003604e+09	-8.191565e-01
4.003724e+09	-8.169630e-01
4.003844e+09	-8.173560e-01
4.003964e+09	-8.191566e-01
4.004084e+09	-8.184214e-01
4.004204e+09	-8.163101e-01
4.004324e+09	-8.166067e-01
4.004444e+09	-8.184495e-01
4.004565e+09	-8.178521e-01
4.004685e+09	-8.189944e-01
4.004805e+09	-8.195118e-01
4.004925e+09	-8.191719e-01
4.005045e+09	-8.203303e-01
4.005165e+09	-8.190763e-01
4.005285e+09	-8.224823e-01
4.005405e+09	-8.241663e-01
4.005526e+09	-8.217702e-01
4.005646e+09	-8.222351e-01
4.005766e+09	-8.214958e-01
4.005886e+09	-8.216867e-01
4.006006e+09	-8.219578e-01
4.006126e+09	-8.230911e-01
4.006246e+09	-8.240541e-01
4.006366e+09	-8.218101e-01
4.006486e+09	-8.222335e-01
4.006607e+09	-8.252797e-01
4.006727e+09	-8.228358e-01
4.006847e+09	-8.237679e-01
4.006967e+09	-8.243332e-01
4.007087e+09	-8.253110e-01
4.007207e+09	-8.282187e-01
4.007327e+09	-8.256946e-01
4.007447e+09	-8.264265e-01
4.007568e+09	-8.267665e-01
4.007688e+09	-8.274318e-01
4.007808e+09	-8.280466e-01
4.007928e+09	-8.272605e-01
4.008048e+09	-8.264470e-01
4.008168e+09	-8.261880e-01
4.008288e+09	-8.284025e-01
4.008408e+09	-8.291699e-01
4.008529e+09	-8.264200e-01
4.008649e+09	-8.282189e-01
4.008769e+09	-8.269218e-01
4.008889e+09	-8.280483e-01
4.009009e+09	-8.299710e-01
4.009129e+09	-8.283858e-01
4.009249e+09	-8.306391e-01
4.009369e+09	-8.290611e-01
4.009489e+09	-8.290774e-01
4.009610e+09	-8.307068e-01
4.009730e+09	-8.314761e-01
4.009850e+09	-8.323091e-01
4.009970e+09	-8.344532e-01
4.010090e+09	-8.304699e-01
4.010210e+09	-8.353507e-01
4.010330e+09	-8.335065e-01
4.010450e+09	-8.317058e-01
4.010571e+09	-8.303589e-01
4.010691e+09	-8.326199e-01
4.010811e+09	-8.327852e-01
4.010931e+09	-8.316585e-01
4.011051e+09	-8.323596e-01
4.011171e+09	-8.338938e-01
4.011291e+09	-8.320542e-01
4.011411e+09	-8.313544e-01
4.011532e+09	-8.346548e-01
4.011652e+09	-8.334847e-01
4.011772e+09	-8.376574e-01
4.011892e+09	-8.343116e-01
4.012012e+09	-8.339316e-01
4.012132e+09	-8.363037e-01
4.012252e+09	-8.347732e-01
4.012372e+09	-8.400684e-01
4.012492e+09	-8.354164e-01
4.012613e+09	-8.357869e-01
4.012733e+09	-8.356006e-01
4.012853e+09	-8.382684e-01
4.012973e+09	-8.402504e-01
4.013093e+09	-8.398727e-01
4.013213e+09	-8.374064e-01
4.013333e+09	-8.389124e-01
4.013453e+09	-8.388098e-01
4.013574e+09	-8.412575e-01
4.013694e+09	-8.411656e-01
4.013814e+09	-8.419392e-01
4.013934e+09	-8.415747e-01
4.014054e+09	-8.426214e-01
4.014174e+09	-8.395206e-01
4.014294e+09	-8.405244e-01
4.014414e+09	-8.410112e-01
4.014535e+09	-8.452285e-01
4.014655e+09	-8.401777e-01
4.014775e+09	-8.418113e-01
4.014895e+09	-8.422136e-01
4.015015e+09	-8.423027e-01
4.015135e+09	-8.450164e-01
4.015255e+09	-8.443953e-01
4.015375e+09	-8.397946e-01
4.015495e+09	-8.445038e-01
4.015616e+09	-8.422261e-01
4.015736e+09	-8.454256e-01
4.015856e+09	-8.430653e-01
4.015976e+09	-8.474364e-01
4.016096e+09	-8.442430e-01
4.016216e+09	-8.417808e-01
4.016336e+09	-8.422836e-01
4.016456e+09	-8.452440e-01
4.016577e+09	-8.468598e-01
4.016697e+09	-8.410638e-01
4.016817e+09	-8.444589e-01
4.016937e+09	-8.451692e-01
4.017057e+09	-8.459007e-01
4.017177e+09	-8.461483e-01
4.017297e+09	-8.472205e-01
4.017417e+09	-8.461095e-01
4.017538e+09	-8.449898e-01
4.017658e+09	-8.496279e-01
4.017778e+09	-8.453488e-01
4.017898e+09	-8.477686e-01
4.018018e+09	-8.445712e-01
4.018138e+09	-8.438080e-01
4.018258e+09	-8.510791e-01
4.018378e+09	-8.502524e-01
4.018498e+09	-8.452494e-01
4.018619e+09	-8.474850e-01
4.018739e+09	-8.477768e-01
4.018859e+09	-8.501383e-01
4.018979e+09	-8.469613e-01
4.019099e+09	-8.488651e-01
4.019219e+09	-8.456255e-01
4.019339e+09	-8.518184e-01
4.019459e+09	-8.512318e-01
4.019580e+09	-8.537683e-01
4.019700e+09	-8.508686e-01
4.019820e+09	-8.542081e-01
4.019940e+09	-8.496413e-01
4.020060e+09	-8.524815e-01
4.020180e+09	-8.513561e-01
4.020300e+09	-8.471191e-01
4.020420e+09	-8.462663e-01
4.020541e+09	-8.482329e-01
4.020661e+09	-8.490280e-01
4.020781e+09	-8.474113e-01
4.020901e+09	-8.530444e-01
4.021021e+09	-8.485330e-01
4.021141e+09	-8.520623e-01
4.021261e+09	-8.555117e-01
4.021381e+09	-8.492103e-01
4.021502e+09	-8.536425e-01
4.021622e+09	-8.489854e-01
4.021742e+09	-8.562237e-01
4.021862e+09	-8.535739e-01
4.021982e+09	-8.533440e-01
4.022102e+09	-8.508584e-01
4.022222e+09	-8.593563e-01
4.022342e+09	-8.539519e-01
4.022462e+09	-8.528095e-01
4.022583e+09	-8.506449e-01
4.022703e+09	-8.570655e-01
4.022823e+09	-8.586859e-01
4.022943e+09	-8.561251e-01
4.023063e+09	-8.590184e-01
4.023183e+09	-8.516758e-01
4.023303e+09	-8.580184e-01
4.023423e+09	-8.568402e-01
4.023544e+09	-8.584657e-01
4.023664e+09	-8.502842e-01
4.023784e+09	-8.563645e-01
4.023904e+09	-8.550039e-01
4.024024e+09	-8.482464e-01
4.024144e+09	-8.572579e-01
4.024264e+09	-8.592660e-01
4.024384e+09	-8.577111e-01
4.024505e+09	-8.642272e-01
4.024625e+09	-8.574268e-01
4.024745e+09	-8.582436e-01
4.024865e+09	-8.569259e-01
4.024985e+09	-8.551876e-01
4.025105e+09	-8.573351e-01
4.025225e+09	-8.634282e-01
4.025345e+09	-8.541386e-01
4.025465e+09	-8.572164e-01
4.025586e+09	-8.572256e-01
4.025706e+09	-8.648960e-01
4.025826e+09	-8.649903e-01
4.025946e+09	-8.576212e-01
4.026066e+09	-8.643019e-01
4.026186e+09	-8.596224e-01
4.026306e+09	-8.604295e-01
4.026426e+09	-8.588893e-01
4.026547e+09	-8.604267e-01
4.026667e+09	-8.542131e-01
4.026787e+09	-8.626746e-01
4.026907e+09	-8.550829e-01
4.027027e+09	-8.603316e-01
4.027147e+09	-8.651645e-01
4.027267e+09	-8.664842e-01
4.027387e+09	-8.656465e-01
4.027508e+09	-8.582077e-01
4.027628e+09	-8.589636e-01
4.027748e+09	-8.608867e-01
4.027868e+09	-8.619393e-01
4.027988e+09	-8.608621e-01
4.028108e+09	-8.623816e-01
4.028228e+09	-8.624909e-01
4.028348e+09	-8.618439e-01
4.028468e+09	-8.669956e-01
4.028589e+09	-8.650780e-01
4.028709e+09	-8.662279e-01
4.028829e+09	-8.666259e-01
4.028949e+09	-8.589969e-01
4.029069e+09	-8.659684e-01
4.029189e+09	-8.688654e-01
4.029309e+09	-8.622352e-01
4.029429e+09	-8.750902e-01
4.029550e+09	-8.566592e-01
4.029670e+09	-8.663377e-01
4.029790e+09	-8.595404e-01
4.029910e+09	-8.630757e-01
4.030030e+09	-8.750759e-01
4.030150e+09	-8.729225e-01
4.030270e+09	-8.745949e-01
4.030390e+09	-8.679396e-01
4.030511e+09	-8.629647e-01
4.030631e+09	-8.658932e-01
4.030751e+09	-8.590056e-01
4.030871e+09	-8.694867e-01
4.030991e+09	-8.721344e-01
4.031111e+09	-8.705890e-01
4.031231e+09	-8.656976e-01
4.031351e+09	-8.723904e-01
4.031471e+09	-8.668373e-01
4.031592e+09	-8.681256e-01
4.031712e+09	-8.652935e-01
4.031832e+09	-8.706873e-01
4.031952e+09	-8.652422e-01
4.032072e+09	-8.687312e-01
4.032192e+09	-8.681854e-01
4.032312e+09	-8.718725e-01
4.032432e+09	-8.657391e-01
4.032553e+09	-8.705907e-01
4.032673e+09	-8.615100e-01
4.032793e+09	-8.676115e-01
4.032913e+09	-8.705890e-01
4.033033e+09	-8.700732e-01
4.033153e+09	-8.728073e-01
4.033273e+09	-8.678189e-01
4.033393e+09	-8.750235e-01
4.033514e+09	-8.647669e-01
4.033634e+09	-8.658611e-01
4.033754e+09	-8.729291e-01
4.033874e+09	-8.675768e-01
4.033994e+09	-8.654042e-01
4.034114e+09	-8.682926e-01
4.034234e+09	-8.623964e-01
4.034354e+09	-8.637402e-01
4.034474e+09	-8.697211e-01
4.034595e+09	-8.734881e-01
4.034715e+09	-8.722453e-01
4.034835e+09	-8.750202e-01
4.034955e+09	-8.691111e-01
4.035075e+09	-8.666326e-01
4.035195e+09	-8.680211e-01
4.035315e+09	-8.723335e-01
4.035435e+09	-8.636703e-01
4.035556e+09	-8.738209e-01
4.035676e+09	-8.773705e-01
4.035796e+09	-8.645087e-01
4.035916e+09	-8.678885e-01
4.036036e+09	-8.707859e-01
4.036156e+09	-8.804247e-01
4.036276e+09	-8.728081e-01
4.036396e+09	-8.787070e-01
4.036517e+09	-8.764423e-01
4.036637e+09	-8.753265e-01
4.036757e+09	-8.711863e-01
4.036877e+09	-8.732741e-01
4.036997e+09	-8.710812e-01
4.037117e+09	-8.727548e-01
4.037237e+09	-8.680965e-01
4.037357e+09	-8.729435e-01
4.037477e+09	-8.732917e-01
4.037598e+09	-8.697281e-01
4.037718e+09	-8.733018e-01
4.037838e+09	-8.793042e-01
4.037958e+09	-8.776814e-01
4.038078e+09	-8.814152e-01
4.038198e+09	-8.730680e-01
4.038318e+09	-8.713897e-01
4.038438e+09	-8.853398e-01
4.038559e+09	-8.772843e-01
4.038679e+09	-8.799054e-01
4.038799e+09	-8.706826e-01
4.038919e+09	-8.834764e-01
4.039039e+09	-8.728766e-01
4.039159e+09	-8.779420e-01
4.039279e+09	-8.768821e-01
4.039399e+09	-8.799061e-01
4.039520e+09	-8.734998e-01
4.039640e+09	-8.732187e-01
4.039760e+09	-8.801681e-01
4.039880e+09	-8.726867e-01
4.040000e+09	-8.726469e-01
4.040120e+09	-8.695201e-01
4.040240e+09	-8.751165e-01
4.040360e+09	-8.848446e-01
4.040480e+09	-8.795002e-01
4.040601e+09	-8.807676e-01
4.040721e+09	-8.801312e-01
4.040841e+09	-8.778678e-01
4.040961e+09	-8.801282e-01
4.041081e+09	-8.693646e-01
4.041201e+09	-8.791958e-01
4.041321e+09	-8.856659e-01
4.041441e+09	-8.758237e-01
4.041562e+09	-8.734951e-01
4.041682e+09	-8.797852e-01
4.041802e+09	-8.685737e-01
4.041922e+09	-8.766014e-01
4.042042e+09	-8.797646e-01
4.042162e+09	-8.827361e-01
4.042282e+09	-8.777247e-01
4.042402e+09	-8.868915e-01
4.042523e+09	-8.841943e-01
4.042643e+09	-8.816708e-01
4.042763e+09	-8.804504e-01
4.042883e+09	-8.749620e-01
4.043003e+09	-8.836840e-01
4.043123e+09	-8.783177e-01
4.043243e+09	-8.763219e-01
4.043363e+09	-8.707534e-01
4.043483e+09	-8.854348e-01
4.043604e+09	-8.863228e-01
4.043724e+09	-8.709588e-01
4.043844e+09	-8.847224e-01
4.043964e+09	-8.737659e-01
4.044084e+09	-8.770738e-01
4.044204e+09	-8.725671e-01
4.044324e+09	-8.794024e-01
4.044444e+09	-8.804782e-01
4.044565e+09	-8.775612e-01
4.044685e+09	-8.879519e-01
4.044805e+09	-8.805773e-01
4.044925e+09	-8.758589e-01
4.045045e+09	-8.902948e-01
4.045165e+09	-8.703876e-01
4.045285e+09	-8.898106e-01
4.045405e+09	-8.684899e-01
4.045526e+09	-8.758396e-01
4.045646e+09	-8.833362e-01
4.045766e+09	-8.851862e-01
4.045886e+09	-8.837704e-01
4.046006e+09	-8.871078e-01
4.046126e+09	-8.753939e-01
4.046246e+09	-8.859225e-01
4.046366e+09	-8.793304e-01
4.046486e+09	-8.858918e-01
4.046607e+09	-8.832233e-01
4.046727e+09	-8.709060e-01
4.046847e+09	-8.893515e-01
4.046967e+09	-8.948888e-01
4.047087e+09	-8.902359e-01
4.047207e+09	-8.807979e-01
4.047327e+09	-8.752866e-01
4.047447e+09	-8.897207e-01
4.047568e+09	-8.851920e-01
4.047688e+09	-8.835552e-01
4.047808e+09	-8.823097e-01
4.047928e+09	-8.753871e-01
4.048048e+09	-8.895644e-01
4.048168e+09	-8.835091e-01
4.048288e+09	-8.863256e-01
4.048408e+09	-8.861470e-01
4.048529e+09	-8.797172e-01
4.048649e+09	-8.925521e-01
4.048769e+09	-8.962236e-01
4.048889e+09	-8.863542e-01
4.049009e+09	-8.969525e-01
4.049129e+09	-8.905604e-01
4.049249e+09	-8.784352e-01
4.049369e+09	-8.963285e-01
4.049489e+09	-8.835614e-01
4.049610e+09	-8.777162e-01
4.049730e+09	-8.889995e-01
4.049850e+09	-8.945894e-01
4.049970e+09	-8.850837e-01
4.050090e+09	-8.814234e-01
4.050210e+09	-8.855817e-01
4.050330e+09	-8.840926e-01
4.050450e+09	-8.881733e-01
4.050571e+09	-8.718546e-01
4.050691e+09	-8.870836e-01
4.050811e+09	-8.954806e-01
4.050931e+09	-8.858505e-01
4.051051e+09	-8.907257e-01
4.051171e+09	-8.825670e-01
4.051291e+09	-8.913137e-01
4.051411e+09	-9.021476e-01
4.051532e+09	-8.923669e-01
4.051652e+09	-9.065892e-01
4.051772e+09	-8.976357e-01
4.051892e+09	-8.925536e-01
4.052012e+09	-8.954461e-01
4.052132e+09	-8.855199e-01
4.052252e+09	-8.975668e-01
4.052372e+09	-8.951164e-01
4.052492e+09	-8.864502e-01
4.052613e+09	-8.979490e-01
4.052733e+09	-8.923710e-01
4.052853e+09	-8.967336e-01
4.052973e+09	-8.899218e-01
4.053093e+09	-8.905192e-01
4.053213e+09	-8.961172e-01
4.053333e+09	-8.983034e-01
4.053453e+09	-9.046797e-01
4.053574e+09	-9.040364e-01
4.053694e+09	-8.828513e-01
4.053814e+09	-8.970870e-01
4.053934e+09	-8.943227e-01
4.054054e+09	-8.833221e-01
4.054174e+09	-9.012003e-01
4.054294e+09	-9.031126e-01
4.054414e+09	-8.860402e-01
4.054535e+09	-9.016161e-01
4.054655e+09	-9.033716e-01
4.054775e+09	-8.974273e-01
4.054895e+09	-8.918102e-01
4.055015e+09	-9.032575e-01
4.055135e+09	-8.945591e-01
4.055255e+09	-8.986492e-01
4.055375e+09	-9.002595e-01
4.055495e+09	-8.958507e-01
4.055616e+09	-8.979134e-01
4.055736e+09	-8.985959e-01
4.055856e+09	-9.032086e-01
4.055976e+09	-9.043634e-01
4.056096e+09	-9.009684e-01
4.056216e+09	-9.038236e-01
4.056336e+09	-9.059177e-01
4.056456e+09	-8.997262e-01
4.056577e+09	-9.011221e-01
4.056697e+09	-9.037359e-01
4.056817e+09	-9.053607e-01
4.056937e+09	-9.001395e-01
4.057057e+09	-8.931549e-01
4.057177e+09	-9.025635e-01
4.057297e+09	-8.985507e-01
4.057417e+09	-9.020544e-01
4.057538e+09	-8.983607e-01
4.057658e+09	-9.029474e-01
4.057778e+09	-9.050824e-01
4.057898e+09	-9.027181e-01
4.058018e+09	-9.123824e-01
4.058138e+09	-9.076371e-01
4.058258e+09	-9.051114e-01
4.058378e+09	-9.058155e-01
4.058498e+09	-9.047755e-01
4.058619e+09	-8.885350e-01
4.058739e+09	-8.831229e-01
4.058859e+09	-9.102307e-01
4.058979e+09	-9.052009e-01
4.059099e+09	-9.132414e-01
4.059219e+09	-9.074296e-01
4.059339e+09	-9.031165e-01
4.059459e+09	-9.166675e-01
4.059580e+09	-9.088580e-01
4.059700e+09	-9.087553e-01
4.059820e+09	-9.029284e-01
4.059940e+09	-9.139136e-01
4.060060e+09	-9.016429e-01
4.060180e+09	-9.072993e-01
4.060300e+09	-8.887824e-01
4.060420e+09	-9.042304e-01
4.060541e+09	-8.988649e-01
4.060661e+09	-9.030500e-01
4.060781e+09	-9.070025e-01
4.060901e+09	-9.036501e-01
4.061021e+09	-8.972270e-01
4.061141e+09	-8.966234e-01
4.061261e+09	-9.100909e-01
4.061381e+09	-9.041488e-01
4.061502e+09	-8.822966e-01
4.061622e+09	-8.867526e-01
4.061742e+09	-8.815516e-01
4.061862e+09	-9.040073e-01
4.061982e+09	-8.933903e-01
4.062102e+09	-8.905068e-01
4.062222e+09	-8.923821e-01
4.062342e+09	-9.032903e-01
4.062462e+09	-8.890369e-01
4.062583e+09	-9.041853e-01
4.062703e+09	-8.972853e-01
4.062823e+09	-8.929709e-01
4.062943e+09	-8.937982e-01
4.063063e+09	-8.949638e-01
4.063183e+09	-9.002176e-01
4.063303e+09	-8.977180e-01
4.063423e+09	-8.890304e-01
4.063544e+09	-8.710697e-01
4.063664e+09	-9.009219e-01
4.063784e+09	-8.810684e-01
4.063904e+09	-8.895441e-01
4.064024e+09	-9.012565e-01
4.064144e+09	-9.035715e-01
4.064264e+09	-8.970524e-01
4.064384e+09	-8.988168e-01
4.064505e+09	-8.941786e-01
4.064625e+09	-8.914391e-01
4.064745e+09	-8.855907e-01
4.064865e+09	-8.877979e-01
4.064985e+09	-8.841817e-01
4.065105e+09	-8.926747e-01
4.065225e+09	-8.939447e-01
4.065345e+09	-8.890665e-01
4.065465e+09	-8.925569e-01
4.065586e+09	-8.880824e-01
4.065706e+09	-9.092116e-01
4.065826e+09	-8.887451e-01
4.065946e+09	-8.845061e-01
4.066066e+09	-8.873859e-01
4.066186e+09	-9.027081e-01
4.066306e+09	-8.859085e-01
4.066426e+09	-8.910398e-01
4.066547e+09	-8.793770e-01
4.066667e+09	-8.792007e-01
4.066787e+09	-8.915559e-01
4.066907e+09	-8.794399e-01
4.067027e+09	-8.874895e-01
4.067147e+09	-8.853612e-01
4.067267e+09	-8.938284e-01
4.067387e+09	-8.950808e-01
4.067508e+09	-9.054632e-01
4.067628e+09	-8.992644e-01
4.067748e+09	-8.697911e-01
4.067868e+09	-9.016914e-01
4.067988e+09	-8.787077e-01
4.068108e+09	-8.863553e-01
4.068228e+09	-8.803059e-01
4.068348e+09	-8.748592e-01
4.068468e+09	-8.818997e-01
4.068589e+09	-8.910602e-01
4.068709e+09	-8.898431e-01
4.068829e+09	-8.815024e-01
4.068949e+09	-8.686460e-01
4.069069e+09	-8.791117e-01
4.069189e+09	-8.865517e-01
4.069309e+09	-8.856545e-01
4.069429e+09	-8.782702e-01
4.069550e+09	-8.911399e-01
4.069670e+09	-8.668527e-01
4.069790e+09	-8.907352e-01
4.069910e+09	-8.686207e-01
4.070030e+09	-8.896282e-01
4.070150e+09	-8.835784e-01
4.070270e+09	-8.705084e-01
4.070390e+09	-8.773604e-01
4.070511e+09	-8.939437e-01
4.070631e+09	-8.763001e-01
4.070751e+09	-8.850356e-01
4.070871e+09	-8.712448e-01
4.070991e+09	-8.853329e-01
4.071111e+09	-8.839712e-01
4.071231e+09	-8.735796e-01
4.071351e+09	-8.935903e-01
4.071471e+09	-8.883510e-01
4.071592e+09	-8.750154e-01
4.071712e+09	-8.804387e-01
4.071832e+09	-8.901214e-01
4.071952e+09	-8.726404e-01
4.072072e+09	-8.877601e-01
4.072192e+09	-8.775303e-01
4.072312e+09	-8.892019e-01
4.072432e+09	-8.615461e-01
4.072553e+09	-8.879482e-01
4.072673e+09	-8.732500e-01
4.072793e+09	-8.908121e-01
4.072913e+09	-8.753700e-01
4.073033e+09	-8.807491e-01
4.073153e+09	-8.930183e-01
4.073273e+09	-8.898147e-01
4.073393e+09	-8.859183e-01
4.073514e+09	-8.772789e-01
4.073634e+09	-8.839004e-01
4.073754e+09	-8.655531e-01
4.073874e+09	-8.854823e-01
4.073994e+09	-8.890826e-01
4.074114e+09	-8.811855e-01
4.074234e+09	-8.738312e-01
4.074354e+09	-8.786504e-01
4.074474e+09	-8.730078e-01
4.074595e+09	-8.683734e-01
4.074715e+09	-8.809118e-01
4.074835e+09	-8.701325e-01
4.074955e+09	-8.759269e-01
4.075075e+09	-8.867920e-01
4.075195e+09	-8.826372e-01
4.075315e+09	-8.760667e-01
4.075435e+09	-8.776812e-01
4.075556e+09	-8.715586e-01
4.075676e+09	-8.779368e-01
4.075796e+09	-8.735280e-01
4.075916e+09	-8.770860e-01
4.076036e+09	-8.862640e-01
4.076156e+09	-8.767647e-01
4.076276e+09	-8.870049e-01
4.076396e+09	-8.911140e-01
4.076517e+09	-8.593686e-01
4.076637e+09	-8.689760e-01
4.076757e+09	-8.745597e-01
4.076877e+09	-8.761852e-01
4.076997e+09	-8.746350e-01
4.077117e+09	-8.791686e-01
4.077237e+09	-8.791449e-01
4.077357e+09	-8.838411e-01
4.077477e+09	-8.682957e-01
4.077598e+09	-8.712962e-01
4.077718e+09	-8.779687e-01
4.077838e+09	-8.747448e-01
4.077958e+09	-8.780971e-01
4.078078e+09	-8.679205e-01
4.078198e+09	-8.715513e-01
4.078318e+09	-8.849733e-01
4.078438e+09	-8.680506e-01
4.078559e+09	-8.868300e-01
4.078679e+09	-8.809350e-01
4.078799e+09	-8.692652e-01
4.078919e+09	-8.744640e-01
4.079039e+09	-8.765972e-01
4.079159e+09	-8.648640e-01
4.079279e+09	-8.794674e-01
4.079399e+09	-8.879286e-01
4.079520e+09	-8.814300e-01
4.079640e+09	-8.808687e-01
4.079760e+09	-8.696727e-01
4.079880e+09	-8.899042e-01
4.080000e+09	-8.571944e-01
4.080120e+09	-8.672854e-01
4.080240e+09	-8.644476e-01
4.080360e+09	-8.688083e-01
4.080480e+09	-8.743049e-01
4.080601e+09	-8.675567e-01
4.080721e+09	-8.665454e-01
4.080841e+09	-8.645768e-01
4.080961e+09	-8.736874e-01
4.081081e+09	-8.634010e-01
4.081201e+09	-8.732170e-01
4.081321e+09	-8.890808e-01
4.081441e+09	-8.775676e-01
4.081562e+09	-8.704851e-01
4.081682e+09	-8.662366e-01
4.081802e+09	-8.852581e-01
4.081922e+09	-8.606114e-01
4.082042e+09	-8.800271e-01
4.082162e+09	-8.692290e-01
4.082282e+09	-8.642577e-01
4.082402e+09	-8.687238e-01
4.082523e+09	-8.740575e-01
4.082643e+09	-8.644147e-01
4.082763e+09	-8.741319e-01
4.082883e+09	-8.684885e-01
4.083003e+09	-8.664292e-01
4.083123e+09	-8.711138e-01
4.083243e+09	-8.646007e-01
4.083363e+09	-8.581151e-01
4.083483e+09	-8.761145e-01
4.083604e+09	-8.609304e-01
4.083724e+09	-8.754831e-01
4.083844e+09	-8.693585e-01
4.083964e+09	-8.631319e-01
4.084084e+09	-8.806524e-01
4.084204e+09	-8.696041e-01
4.084324e+09	-8.708291e-01
4.084444e+09	-8.688193e-01
4.084565e+09	-8.674142e-01
4.084685e+09	-8.756578e-01
4.084805e+09	-8.567745e-01
4.084925e+09	-8.675628e-01
4.085045e+09	-8.679239e-01
4.085165e+09	-8.659318e-01
4.085285e+09	-8.697278e-01
4.085405e+09	-8.609247e-01
4.085526e+09	-8.563665e-01
4.085646e+09	-8.701136e-01
4.085766e+09	-8.632793e-01
4.085886e+09	-8.735505e-01
4.086006e+09	-8.665888e-01
4.086126e+09	-8.873785e-01
4.086246e+09	-8.574985e-01
4.086366e+09	-8.570177e-01
4.086486e+09	-8.750274e-01
4.086607e+09	-8.745852e-01
4.086727e+09	-8.703721e-01
4.086847e+09	-8.700975e-01
4.086967e+09	-8.637999e-01
4.087087e+09	-8.618837e-01
4.087207e+09	-8.671309e-01
4.087327e+09	-8.583071e-01
4.087447e+09	-8.714963e-01
4.087568e+09	-8.618194e-01
4.087688e+09	-8.624916e-01
4.087808e+09	-8.562401e-01
4.087928e+09	-8.586655e-01
4.088048e+09	-8.598214e-01
4.088168e+09	-8.637554e-01
4.088288e+09	-8.597378e-01
4.088408e+09	-8.667343e-01
4.088529e+09	-8.646658e-01
4.088649e+09	-8.612442e-01
4.088769e+09	-8.659324e-01
4.088889e+09	-8.554412e-01
4.089009e+09	-8.664500e-01
4.089129e+09	-8.712799e-01
4.089249e+09	-8.522201e-01
4.089369e+09	-8.596886e-01
4.089489e+09	-8.679340e-01
4.089610e+09	-8.583185e-01
4.089730e+09	-8.597535e-01
4.089850e+09	-8.561774e-01
4.089970e+09	-8.591331e-01
4.090090e+09	-8.634390e-01
4.090210e+09	-8.681350e-01
4.090330e+09	-8.506360e-01
4.090450e+09	-8.509381e-01
4.090571e+09	-8.606764e-01
4.090691e+09	-8.546075e-01
4.090811e+09	-8.663512e-01
4.090931e+09	-8.620933e-01
4.091051e+09	-8.582724e-01
4.091171e+09	-8.594961e-01
4.091291e+09	-8.599930e-01
4.091411e+09	-8.564691e-01
4.091532e+09	-8.600885e-01
4.091652e+09	-8.734974e-01
4.091772e+09	-8.651533e-01
4.091892e+09	-8.667909e-01
4.092012e+09	-8.669398e-01
4.092132e+09	-8.621508e-01
4.092252e+09	-8.620743e-01
4.092372e+09	-8.637193e-01
4.092492e+09	-8.517057e-01
4.092613e+09	-8.593085e-01
4.092733e+09	-8.625935e-01
4.092853e+09	-8.596183e-01
4.092973e+09	-8.626046e-01
4.093093e+09	-8.531762e-01
4.093213e+09	-8.521774e-01
4.093333e+09	-8.562341e-01
4.093453e+09	-8.616877e-01
4.093574e+09	-8.558088e-01
4.093694e+09	-8.483559e-01
4.093814e+09	-8.621437e-01
4.093934e+09	-8.575180e-01
4.094054e+09	-8.717888e-01
4.094174e+09	-8.492475e-01
4.094294e+09	-8.599986e-01
4.094414e+09	-8.566686e-01
4.094535e+09	-8.617607e-01
4.094655e+09	-8.521043e-01
4.094775e+09	-8.550293e-01
4.094895e+09	-8.627554e-01
4.095015e+09	-8.593737e-01
4.095135e+09	-8.518060e-01
4.095255e+09	-8.552775e-01
4.095375e+09	-8.534460e-01
4.095495e+09	-8.678615e-01
4.095616e+09	-8.508407e-01
4.095736e+09	-8.645290e-01
4.095856e+09	-8.477064e-01
4.095976e+09	-8.519404e-01
4.096096e+09	-8.489045e-01
4.096216e+09	-8.558723e-01
4.096336e+09	-8.591047e-01
4.096456e+09	-8.528306e-01
4.096577e+09	-8.552450e-01
4.096697e+09	-8.540651e-01
4.096817e+09	-8.459514e-01
4.096937e+09	-8.543211e-01
4.097057e+09	-8.477595e-01
4.097177e+09	-8.630190e-01
4.097297e+09	-8.491963e-01
4.097417e+09	-8.553118e-01
4.097538e+09	-8.643882e-01
4.097658e+09	-8.514050e-01
4.097778e+09	-8.490394e-01
4.097898e+09	-8.509872e-01
4.098018e+09	-8.500693e-01
4.098138e+09	-8.587939e-01
4.098258e+09	-8.453097e-01
4.098378e+09	-8.550067e-01
4.098498e+09	-8.614140e-01
4.098619e+09	-8.549192e-01
4.098739e+09	-8.428575e-01
4.098859e+09	-8.467384e-01
4.098979e+09	-8.538987e-01
4.099099e+09	-8.564476e-01
4.099219e+09	-8.467729e-01
4.099339e+09	-8.493980e-01
4.099459e+09	-8.538863e-01
4.099580e+09	-8.573124e-01
4.099700e+09	-8.421817e-01
4.099820e+09	-8.518354e-01
4.099940e+09	-8.505795e-01
4.100060e+09	-8.557475e-01
4.100180e+09	-8.492425e-01
4.100300e+09	-8.407058e-01
4.100420e+09	-8.556298e-01
4.100541e+09	-8.540983e-01
4.100661e+09	-8.441546e-01
4.100781e+09	-8.412167e-01
4.100901e+09	-8.549256e-01
4.101021e+09	-8.553176e-01
4.101141e+09	-8.484096e-01
4.101261e+09	-8.427025e-01
4.101381e+09	-8.448108e-01
4.101502e+09	-8.431829e-01
4.101622e+09	-8.539613e-01
4.101742e+09	-8.476077e-01
4.101862e+09	-8.471593e-01
4.101982e+09	-8.494624e-01
4.102102e+09	-8.442279e-01
4.102222e+09	-8.536793e-01
4.102342e+09	-8.452182e-01
4.102462e+09	-8.507880e-01
4.102583e+09	-8.568788e-01
4.102703e+09	-8.415969e-01
4.102823e+09	-8.523155e-01
4.102943e+09	-8.435788e-01
4.103063e+09	-8.493109e-01
4.103183e+09	-8.447968e-01
4.103303e+09	-8.447789e-01
4.103423e+09	-8.485239e-01
4.103544e+09	-8.484686e-01
4.103664e+09	-8.498934e-01
4.103784e+09	-8.418520e-01
4.103904e+09	-8.475811e-01
4.104024e+09	-8.463283e-01
4.104144e+09	-8.399203e-01
4.104264e+09	-8.484193e-01
4.104384e+09	-8.515187e-01
4.104505e+09	-8.471076e-01
4.104625e+09	-8.463111e-01
4.104745e+09	-8.447929e-01
4.104865e+09	-8.485532e-01
4.104985e+09	-8.405199e-01
4.105105e+09	-8.475645e-01
4.105225e+09	-8.483377e-01
4.105345e+09	-8.517657e-01
4.105465e+09	-8.446311e-01
4.105586e+09	-8.447093e-01
4.105706e+09	-8.414547e-01
4.105826e+09	-8.442597e-01
4.105946e+09	-8.461253e-01
4.106066e+09	-8.378871e-01
4.106186e+09	-8.456717e-01
4.106306e+09	-8.405800e-01
4.106426e+09	-8.509079e-01
4.106547e+09	-8.364917e-01
4.106667e+09	-8.508435e-01
4.106787e+09	-8.453773e-01
4.106907e+09	-8.425259e-01
4.107027e+09	-8.395609e-01
4.107147e+09	-8.378700e-01
4.107267e+09	-8.377932e-01
4.107387e+09	-8.405696e-01
4.107508e+09	-8.387376e-01
4.107628e+09	-8.407380e-01
4.107748e+09	-8.343007e-01
4.107868e+09	-8.451084e-01
4.107988e+09	-8.430596e-01
4.108108e+09	-8.452933e-01
4.108228e+09	-8.416046e-01
4.108348e+09	-8.376374e-01
4.108468e+09	-8.332382e-01
4.108589e+09	-8.345816e-01
4.108709e+09	-8.394972e-01
4.108829e+09	-8.402289e-01
4.108949e+09	-8.396217e-01
4.109069e+09	-8.390417e-01
4.109189e+09	-8.432243e-01
4.109309e+09	-8.424584e-01
4.109429e+09	-8.388668e-01
4.109550e+09	-8.464569e-01
4.109670e+09	-8.423095e-01
4.109790e+09	-8.404248e-01
4.109910e+09	-8.424218e-01
4.110030e+09	-8.406928e-01
4.110150e+09	-8.392588e-01
4.110270e+09	-8.412711e-01
4.110390e+09	-8.418680e-01
4.110511e+09	-8.362922e-01
4.110631e+09	-8.408310e-01
4.110751e+09	-8.354587e-01
4.110871e+09	-8.351608e-01
4.110991e+09	-8.354521e-01
4.111111e+09	-8.367127e-01
4.111231e+09	-8.363004e-01
4.111351e+09	-8.335857e-01
4.111471e+09	-8.354321e-01
4.111592e+09	-8.382504e-01
4.111712e+09	-8.394668e-01
4.111832e+09	-8.339927e-01
4.111952e+09	-8.374604e-01
4.112072e+09	-8.346179e-01
4.112192e+09	-8.406638e-01
4.112312e+09	-8.352788e-01
4.112432e+09	-8.357364e-01
4.112553e+09	-8.384395e-01
4.112673e+09	-8.354644e-01
4.112793e+09	-8.382723e-01
4.112913e+09	-8.398307e-01
4.113033e+09	-8.352374e-01
4.113153e+09	-8.355907e-01
4.113273e+09	-8.347968e-01
4.113393e+09	-8.378836e-01
4.113514e+09	-8.316156e-01
4.113634e+09	-8.327449e-01
4.113754e+09	-8.340934e-01
4.113874e+09	-8.356553e-01
4.113994e+09	-8.343057e-01
4.114114e+09	-8.356039e-01
4.114234e+09	-8.347291e-01
4.114354e+09	-8.334092e-01
4.114474e+09	-8.374268e-01
4.114595e+09	-8.347476e-01
4.114715e+09	-8.349837e-01
4.114835e+09	-8.370561e-01
4.114955e+09	-8.354503e-01
4.115075e+09	-8.319453e-01
4.115195e+09	-8.361510e-01
4.115315e+09	-8.335326e-01
4.115435e+09	-8.346953e-01
4.115556e+09	-8.303846e-01
4.115676e+09	-8.283070e-01
4.115796e+09	-8.310574e-01
4.115916e+09	-8.292058e-01
4.116036e+09	-8.314451e-01
4.116156e+09	-8.327386e-01
4.116276e+09	-8.299181e-01
4.116396e+09	-8.303874e-01
4.116517e+09	-8.278630e-01
4.116637e+09	-8.325777e-01
4.116757e+09	-8.296922e-01
4.116877e+09	-8.294705e-01
4.116997e+09	-8.308028e-01
4.117117e+09	-8.325826e-01
4.117237e+09	-8.314548e-01
4.117357e+09	-8.261974e-01
4.117477e+09	-8.296298e-01
4.117598e+09	-8.304562e-01
4.117718e+09	-8.302258e-01
4.117838e+09	-8.259956e-01
4.117958e+09	-8.284479e-01
4.118078e+09	-8.270559e-01
4.118198e+09	-8.255726e-01
4.118318e+09	-8.303657e-01
4.118438e+09	-8.275537e-01
4.118559e+09	-8.298992e-01
4.118679e+09	-8.289658e-01
4.118799e+09	-8.274624e-01
4.118919e+09	-8.299267e-01
4.119039e+09	-8.249265e-01
4.119159e+09	-8.274468e-01
4.119279e+09	-8.292953e-01
4.119399e+09	-8.247497e-01
4.119520e+09	-8.246480e-01
4.119640e+09	-8.290736e-01
4.119760e+09	-8.259224e-01
4.119880e+09	-8.221260e-01
4.120000e+09	-8.240027e-01
