Frequenze (Hz),Parte Reale,Parte Immaginaria,Ampiezza,Fase
3500000000.0,2.24497e-05,4.0264e-06,2.2807913693496826e-05,0.17746526435611526
3506806807.0,3.46323e-05,-1.8386e-06,3.468107053206403e-05,-0.05303937581807775
3513613614.0,1.057e-06,-3.11155e-05,3.113344807839311e-05,-1.536839176904434
3520420420.0,1.62853e-05,9.5666e-06,1.8887319334675314e-05,0.5311313412688616
3527227227.0,2.70613e-05,2.04742e-05,3.393385954073012e-05,0.6477028241730928
3534034034.0,3.73066e-05,-1.61465e-05,4.065085319904122e-05,-0.4084633184928621
3540840841.0,-5.6704e-06,6.4102e-06,8.558276707375148e-06,2.295032190146399
3547647648.0,2.23981e-05,-1.70786e-05,2.8166530875668733e-05,-0.6514546037711442
3554454454.0,9.9542e-06,1.06163e-05,1.4553072642229201e-05,0.8175739247069653
3561261261.0,3.61094e-05,9.2559e-06,3.727680851642211e-05,0.2509267950805631
3568068068.0,2.50877e-05,-5.6758e-06,2.5721730053205985e-05,-0.2224928142166101
3574874875.0,1.27123e-05,6.77e-08,1.2712480268617923e-05,0.00532550049845893
3581681682.0,4.69e-07,1.59783e-05,1.598518163456393e-05,1.5414524429435605
3588488488.0,1.71737e-05,1.40758e-05,2.220504711388832e-05,0.6865866275706952
3595295295.0,5.5391e-06,2.6001e-06,6.118999004739256e-06,0.4388762062469814
3602102102.0,1.5721e-05,-1.55258e-05,2.2095255297008903e-05,-0.7791512049633068
3608908909.0,1.65882e-05,-3.9089e-06,1.7042531456623457e-05,-0.23142160944530993
3615715716.0,-1.98883e-05,-2.94616e-05,3.55461721068528e-05,-2.1645860996446777
3622522523.0,-2.4451e-05,3.48779e-05,4.259482726118279e-05,-4.100961583626519
3629329329.0,1.26164e-05,2.20782e-05,2.542873304354741e-05,-5.231544850110133
3636136136.0,1.03103e-05,-1.3896e-06,1.0403522204042244e-05,-6.417155848557892
3642942943.0,2.06816e-05,6.4313e-06,2.1658490211692967e-05,-5.981697444082901
3649749750.0,2.4911e-06,9.4903e-06,9.811797658940996e-06,-4.969087083312765
3656556557.0,5.1436e-06,2.8572e-06,5.883894356631499e-06,-5.776139626896123
3663363363.0,1.14066e-05,-9.9382e-06,1.5128725749381539e-05,-6.9998974168175465
3670170170.0,-1.17264e-05,-1.69921e-05,2.0645578688184065e-05,-8.458038406298275
3676976977.0,-2.52648e-05,-3.5613e-06,2.5514564012148044e-05,-9.284741615078811
3683783784.0,1.47484e-05,-3.20384e-05,3.527002094016957e-05,-7.4225663537651
3690590591.0,-1.13312e-05,1.78506e-05,2.1143320784588214e-05,-10.429973209582126
3697397397.0,-7.0163e-06,-6.656e-07,7.047800298674758e-06,-9.330196192562815
3704204204.0,-6.3041e-06,-3.71026e-05,3.7634354034179996e-05,-8.022284245305741
3711011011.0,-2.37121e-05,-6.546e-07,2.3721133774969525e-05,-9.39717881156814
3717817818.0,-1.69649e-05,1.10172e-05,2.0228359494778615e-05,-10.00073931390137
3724624625.0,2.48364e-05,-1.36655e-05,2.8347709875931778e-05,-13.069383209806048
3731431431.0,-2.88621e-05,1.07293e-05,3.079186085477784e-05,-16.063875931072886
3738238238.0,-6.2777e-06,1.775e-07,6.2802088770995504e-06,-15.736230423342993
3745045045.0,-3.19068e-05,7.5181e-06,3.278056915079419e-05,-15.939369225585917
3751851852.0,1.55656e-05,-1.05421e-05,1.8799568499569344e-05,-13.161677494843257
3758658659.0,-2.40247e-05,-1.0109e-06,2.4045958681242055e-05,-15.665910546071313
3765465465.0,-3.24074e-05,-2.9229e-06,3.253894465359932e-05,-15.618014279190334
3772272272.0,2.7669e-06,-2.02773e-05,2.0465205371556866e-05,-14.001551419321412
3779079079.0,-5.1973e-06,1.15408e-05,1.2657092554374405e-05,-16.855621798459605
3785885886.0,-2.3825e-05,-2.4407e-06,2.394968979945252e-05,-15.605876579091209
3792692693.0,-1.25479e-05,-3.05137e-05,3.299296413025056e-05,-14.527309733709396
3799499499.0,-2.63328e-05,2.55381e-05,3.668256953172719e-05,-16.478041900932002
3806306306.0,2.6407e-06,2.62286e-05,2.6361197894822613e-05,-17.379101640943677
3813113113.0,-4.20591e-05,2.5917e-06,4.2138875183137e-05,-15.769505886728641
3819919920.0,-2.44709e-05,1.08399e-05,2.6764311663482026e-05,-16.12495655554233
3826726727.0,-3.32557e-05,-1.97121e-05,3.8658873094025905e-05,-15.172896515040943
3833533534.0,-2.42266e-05,-7.4476e-06,2.5345510318792163e-05,-15.409718443700845
3840340340.0,-1.6443e-05,2.29114e-05,2.8201143575394242e-05,-16.656267690175913
3847147147.0,-1.16822e-05,1.04599e-05,1.5680666594567975e-05,-16.438214869567094
3853953954.0,-9.3492e-06,2.60972e-05,2.7721316499762418e-05,-16.934758238100642
3860760761.0,-6.5554e-06,3.17046e-05,3.237522093082918e-05,-17.07486781906822
3867567568.0,1.70717e-05,6.44555e-05,6.66779905301592e-05,-17.537674742960245
3874374374.0,-1.01397e-05,3.9353e-05,4.063830859041749e-05,-17.026584471156223
3881181181.0,1.1778e-05,2.09211e-05,2.4008617394802225e-05,-17.791507770253368
3887987988.0,-5.74972e-05,3.72406e-05,6.850394365436197e-05,-16.28271579504978
3894794795.0,1.14508e-05,2.47777e-05,2.7295699989741977e-05,-17.711664280703477
3901601602.0,-4.96901e-05,2.48999e-05,5.557977202202255e-05,-16.172493560271636
3908408408.0,2.17839e-05,2.67959e-05,3.4533441126247465e-05,-17.961351038079588
3915215215.0,-1.16564e-05,2.35813e-05,2.6304930538779228e-05,-16.81967680552976
3922022022.0,2.48441e-05,1.9328e-05,3.147698983082722e-05,-18.188392103882286
3928828829.0,1.99568e-05,4.92337e-05,5.3124674887758134e-05,-17.663868114754766
3935635636.0,1.4337e-05,6.25949e-05,6.421581639292613e-05,-17.503920033194543
3942442442.0,3.98698e-05,4.91618e-05,6.329678926517521e-05,-17.960166805509147
3949249249.0,-1.60726e-05,5.47381e-05,5.7048997032112666e-05,-16.993159528176704
3956056056.0,2.95813e-05,4.42434e-05,5.32215346758246e-05,-17.86810200805063
3962862863.0,3.3143e-05,6.81536e-05,7.578503573899005e-05,-17.731386122719933
3969669670.0,5.8283e-05,5.87928e-05,8.278587694069563e-05,-18.05980334178968
3976476476.0,2.87623e-05,2.34661e-05,3.712044922276669e-05,-18.165216909228132
3983283283.0,7.13398e-05,1.06924e-05,7.21366375831311e-05,-18.70078346186393
3990090090.0,4.14719e-05,5.38645e-05,6.798016512086449e-05,-17.93489443052344
3996896897.0,9.11093e-05,0.0001013432,0.00013627673584559472,-18.011031557349177
4003703704.0,0.0001008464,9.24258e-05,0.00013679373121090017,-18.107698826129592
4010510511.0,0.0001630018,0.0001168158,0.00020053807103111369,-18.22774037506883
4017317317.0,0.0002103619,6.28962e-05,0.0002195633415350796,-18.559025573141867
4024124124.0,0.0001813328,2.74507e-05,0.0001833988148443986,-18.69931369946463
4030930931.0,0.0002412899,2.37778e-05,0.00024245865547521705,-18.75132853428569
4037737738.0,0.0002900161,4.08789e-05,0.00029288295055263975,-18.709524541096208
4044544545.0,0.000367098,-3.5759e-05,0.0003688355293148967,-18.946659521797383
4051351351.0,0.0006010714,-0.0002388912,0.0006468043238378976,-19.227855442525524
4058158158.0,0.0005944049,-0.0007681132,0.0009712440852629426,-19.76176064221965
4064964965.0,-0.000134537,-0.0010375777,0.0010462636799135722,-20.549297319951815
4071771772.0,-0.0005714217,-0.0005178106,0.0007711359002816883,-21.25492988556006
4078578579.0,-0.0004576546,-0.0002033854,0.0005008126933638163,-21.572954615956778
4085385385.0,-0.0003442762,-8.65832e-05,0.0003549968343643081,-21.74476483206212
4092192192.0,-0.0003232466,-6.80654e-05,0.0003303350769880789,-21.783612404490526
4098998999.0,-0.0002618304,-2.85968e-05,0.00026338742440443127,-21.882360982123398
4105805806.0,-0.00026386,9.1916e-06,0.00026402004679675366,-22.02596963456311
4112612613.0,-0.0002591073,9.9041e-06,0.00025929651773616243,-22.029353908206755
4119419419.0,-0.0002236131,-8.10255e-05,0.00023784017772836448,-21.64351696593408
4126226226.0,-0.0004386234,0.0001337801,0.0004585712618378631,-22.287186112427886
4133033033.0,-0.0001994907,0.00018907,0.00027485269561437813,-22.74973444706986
4139839840.0,-0.0001544999,0.0001756703,0.00023394502217850244,-22.84057873936308
4146646647.0,-0.0001430992,0.0001464756,0.0002047742230750736,-22.78820606455439
4153453453.0,-0.0001351549,0.0001542256,0.00020506677617149492,-22.842353395820084
4160260260.0,-0.0001294361,0.0001766343,0.00021898260186530802,-22.929548556512422
4167067067.0,-0.000120359,0.0002010174,0.0002342952922782701,-23.022445642301218
4173873874.0,-5.40621e-05,0.0001964233,0.00020372732619680653,-23.29336243649697
4180680681.0,-1.46868e-05,0.0001994931,0.00020003299488296922,-23.488456887321135
4187487487.0,2.4962e-05,0.0001821853,0.00018388742474701746,-23.698111392185094
4194294294.0,1.26701e-05,0.0002028663,0.00020326157312610763,-23.624319305404832
4201101101.0,-1.83955e-05,0.0001715345,0.00017251805444793306,-23.455112381759022
4207907908.0,1.40367e-05,0.0001720766,0.00017264815439051179,-23.643337084545344
4214714715.0,3.62114e-05,0.0001758503,0.00017953994959353755,-23.765027905644047
4221521522.0,9.32818e-05,0.0001865827,0.00020860152959777163,-24.02555156309567
4228328328.0,8.92211e-05,0.0001377288,0.0001641024894224643,-24.136773955182534
4235135135.0,9.02114e-05,0.0001278229,0.0001564506006839539,-24.176521539071697
4241941942.0,7.00032e-05,0.0001267459,0.00014479285609811696,-24.066560934887583
4248748749.0,7.68522e-05,0.0001384241,0.00015832716793289143,-24.068766916469187
4255555556.0,0.0001322862,0.0001426127,0.00019451997561106675,-24.309796000421898
4262362362.0,0.0001232523,0.0001747528,0.00021384496852423256,-24.176215815994187
4269169169.0,0.0002244056,0.0001507688,0.00027034996645977226,-24.54115291679093
4275975976.0,0.0002446532,0.0001627397,0.0002938356653409011,-24.545764922690744
4282782783.0,0.0002165637,9.20829e-05,0.00023532763677498655,-24.73070113395497
4289589590.0,0.0002232708,7.37449e-05,0.00023513434544670414,-24.813728990401515
4296396396.0,0.0002316784,5.96635e-05,0.00023923756866096513,-24.8806907431467
4303203203.0,0.0002267147,4.86151e-05,0.00023186846086542258,-24.92150713617151
4310010010.0,0.0002753472,5.4772e-05,0.0002807419678848177,-24.93638457292275
4316816817.0,0.0003335166,5.43902e-05,0.00033792250048139737,-24.971083383928484
4323623624.0,0.0004643834,2.30124e-05,0.00046495323716403997,-25.08322698955107
4330430430.0,0.0005322158,-0.0001703426,0.0005588114701260167,-25.442501344806697
4337237237.0,0.0005060129,-0.0002635107,0.0005705146308210684,-25.612857673098947
4344044044.0,0.0005104256,-0.0003906172,0.0006427410754504492,-25.785948420086083
4350850851.0,0.000534782,-0.000564996,0.0007779538980813709,-25.9456053007304
4357657658.0,0.0006345609,-0.0008724747,0.0010788325347100447,-26.074715897189286
4364464464.0,0.0003248238,-0.0016596775,0.001691165250663781,-26.510265552099643
4371271271.0,-0.0013777943,-0.001696057,0.0021851605159258873,-27.385764601892713
4378078078.0,-0.0015226353,-0.0002378306,0.0015410975475622722,-28.119389176424608
4384884885.0,-0.0009675287,0.0003123433,0.0010166956881872667,-28.586598105487898
4391691692.0,-0.000583407,0.0003452948,0.0006779323170907549,-28.808745996156105
4398498498.0,-0.0003844335,0.0003330999,0.0005086694990878262,-28.988311970998335
4405305305.0,-0.000242354,0.0003010725,0.00038649723358938804,-29.16736678336333
4412112112.0,-0.0002059499,0.0002467363,0.00032139409305041684,-29.149588042438427
4418918919.0,-0.0001946413,0.0002316199,0.00030254423435540793,-29.146266435489988
4425725726.0,-0.0001490344,0.0002277195,0.00027215330801518835,-29.265622680527144
4432532533.0,-0.0001444869,0.0002238724,0.0002664494619123296,-29.27199662609026
4439339339.0,-9.43418e-05,0.0002811633,0.00029656900797981234,-29.52139411982526
4446146146.0,-6.12218e-05,0.0002253324,0.00023350117619618107,-29.57983874977014
4452952953.0,2.47642e-05,0.0001479923,0.00015004994655423907,-30.01092848465926
4459759760.0,1.00053e-05,0.0001802349,0.0001805123962671262,-29.900585847111376
4466566567.0,2.1159e-05,0.0001214732,0.00012330223679739148,-30.01758650730795
4473373373.0,4.84167e-05,0.0001631587,0.00017019088760735694,-30.13359906270524
4480180180.0,3.11986e-05,0.0001402391,0.00014366752524760075,-30.06403259290267
4486986987.0,3.77548e-05,0.0001418639,0.0001468018768485267,-30.105235184878946
4493793794.0,5.13745e-05,0.0001442053,0.00015308333612232259,-30.187370450865682
4500600601.0,8.79283e-05,0.0001011377,0.0001340157464710024,-30.560775114233948
4507407407.0,4.83112e-05,6.60874e-05,8.186279059621654e-05,-30.476372938662838
4514214214.0,9.47713e-05,9.17279e-05,0.0001318924066885581,-30.646845492869158
4521021021.0,7.88007e-05,7.18626e-05,0.00010664794231137326,-30.676546227118152
4527827828.0,5.85816e-05,7.53472e-05,9.544110438589863e-05,-30.505993263343964
4534634635.0,9.45808e-05,6.12329e-05,0.00011267207183259744,-30.84137164387046
4541441441.0,0.0001190181,3.79746e-05,0.0001249294936064739,-31.107071285165812
4548248248.0,0.0001071291,3.27136e-05,0.00011201260505751128,-31.119553974896007
4555055055.0,6.86255e-05,2.70602e-05,7.376797187323235e-05,-31.04032889294826
4561861862.0,0.0001142649,1.64636e-05,0.00011544486778098886,-31.27282860167473
4568668669.0,8.27258e-05,1.01304e-05,8.334376395267975e-05,-31.29407564066985
4575475475.0,8.65252e-05,-6.0068e-06,8.673345306904367e-05,-31.485237879921076
4582282282.0,0.0001126929,-1.98648e-05,0.00011443032810164446,-31.59040783432092
4589089089.0,5.86894e-05,-1.356e-07,5.8689556649543706e-05,-31.418237000116534
4595895896.0,0.0001010285,-2.40379e-05,0.00010384882497486431,-31.649515108036105
4602702703.0,2.34473e-05,-3.99276e-05,4.630323011464751e-05,-32.45573452564751
4609509510.0,6.74752e-05,-1.76971e-05,6.975736494055665e-05,-31.672424940441257
4616316316.0,7.61703e-05,7.0042e-06,7.649165588304388e-05,-31.32422993072778
4623123123.0,4.46509e-05,1.62355e-05,4.751099168676655e-05,-31.067179089147757
4629929930.0,5.96132e-05,-4.55359e-05,7.501501051822895e-05,-32.068236662269506
4636736737.0,5.175e-05,-3.54812e-05,6.274534288248012e-05,-32.01694095433176
4643543544.0,5.18963e-05,-6.69863e-05,8.473718393586136e-05,-32.327581465061364
4650350350.0,3.2829e-06,-8.073e-05,8.079672228754084e-05,-32.946080075666615
4657157157.0,3.20641e-05,-4.53086e-05,5.550653783807814e-05,-32.37085949445239
4663963964.0,-1.222e-07,-2.1068e-06,2.110340986665425e-06,-33.04466060546372
4670770771.0,2.83328e-05,-7.63582e-05,8.14452101911463e-05,-32.63141866049361
4677577578.0,3.859e-06,-7.5373e-05,7.547172324784959e-05,-32.93556882320612
4684384384.0,3.14289e-05,-1.66024e-05,3.55445557149052e-05,-31.901919978406948
4691191191.0,-3.4992e-06,-3.33132e-05,3.3496472872229396e-05,-33.09137853386356
4697997998.0,1.32901e-05,-5.54827e-05,5.705222832896188e-05,-32.7516167259889
4704804805.0,-5.19886e-05,-5.21997e-05,7.367240467128788e-05,-33.77009488965146
4711611612.0,-3.3181e-06,-6.80407e-05,6.812155785138799e-05,-33.035450659741365
4718418418.0,-1.72689e-05,-5.08396e-05,5.369245603778989e-05,-33.314169292240834
4725225225.0,-2.5815e-05,-9.9737e-06,2.7674698131867674e-05,-34.188832632531714
4732032032.0,-5.7946e-06,-4.07373e-05,4.1147357150247206e-05,-33.12801810754086
4738838839.0,1.5972e-06,-5.44792e-05,5.450260801539684e-05,-32.95741364695239
4745645646.0,1.723e-07,-1.79694e-05,1.797022603224567e-05,-32.97713463382131
4752452452.0,-1.39776e-05,-4.74602e-05,4.9475689846630737e-05,-33.27313725165371
4759259259.0,-3.21292e-05,-6.46083e-05,7.215620501058797e-05,-33.448201841016676
4766066066.0,-5.90519e-05,-2.00758e-05,6.237118436626004e-05,-34.229808704340954
4772872873.0,-3.95244e-05,-1.02157e-05,4.0823262018731424e-05,-34.30458885652079
4779679680.0,-5.37484e-05,3.00685e-05,6.158737853497256e-05,-35.06757394570348
4786486486.0,-4.04578e-05,-4.57949e-05,6.11065172207515e-05,-33.71032233454835
4793293293.0,-6.00953e-05,-1.71375e-05,6.24911112746445e-05,-34.27972091292422
4800100100.0,-2.5205e-05,2.5419e-06,2.5332849831986925e-05,-34.65802840269429
4806906907.0,-5.92274e-05,-3.44545e-05,6.852005167109845e-05,-34.030640021181924
4813713714.0,-3.81272e-05,2.23053e-05,4.417250035859415e-05,-35.08685361115812
4820520521.0,-1.70206e-05,1.95414e-05,2.5914612447806353e-05,-35.411754317895564
4827327327.0,-3.50069e-05,3.862e-07,3.500903023578345e-05,-34.56855085276942
4834134134.0,-4.08288e-05,-1.16313e-05,4.2453245448728645e-05,-34.2799912146591
4840940941.0,-2.06686e-05,-9.5953e-06,2.278729488223646e-05,-34.12288223850413
4847747748.0,-6.95027e-05,3.03854e-05,7.585445168511865e-05,-34.96966354134253
4854554555.0,-1.83316e-05,3.21208e-05,3.6983690340473054e-05,-35.60971271255506
4861361361.0,-3.12162e-05,3.80987e-05,4.925405652461531e-05,-35.44188617983988
4868168168.0,-1.68355e-05,1.44698e-05,2.2199305671349274e-05,-35.26749203643913
4874974975.0,2.22401e-05,6.17169e-05,6.560181242633469e-05,-36.47418685914037
4881781782.0,-2.31074e-05,5.71358e-05,6.163157937616073e-05,-35.74399649226756
4888588589.0,-3.42345e-05,3.4278e-05,4.844566311085028e-05,-35.343552273434774
4895395395.0,-4.73191e-05,1.8233e-05,5.07103491785454e-05,-34.92530677352921
4902202202.0,-2.67996e-05,4.79482e-05,5.492948610172864e-05,-35.61864351065303
4909009009.0,-2.04698e-05,1.93551e-05,2.8171485726706003e-05,-35.31493463262761
4915815816.0,-4.5139e-06,5.0752e-05,5.095233848617745e-05,-36.03960858952857
4922622623.0,2.22291e-05,2.65992e-05,3.4664828392046025e-05,-36.82445217755116
4929429429.0,9.5912e-06,2.03958e-05,2.2538406666843155e-05,-36.5678841641572
4936236236.0,-1.78501e-05,5.42983e-05,5.715707701501189e-05,-35.810703365326276
4943043043.0,2.35371e-05,3.90502e-05,4.5595100575061794e-05,-36.67074695761539
4949849850.0,2.47366e-05,2.45673e-05,3.4863327564218535e-05,-36.917147471623466
4956656657.0,8.1005e-06,7.27989e-05,7.324819411739787e-05,-36.239131943691476
4963463463.0,4.34018e-05,3.59094e-05,5.6331174775607154e-05,-37.00790252705577
4970270270.0,2.56965e-05,5.08901e-05,5.700975697422328e-05,-36.59590813947894
4977077077.0,2.71462e-05,2.19195e-05,3.4890982426552564e-05,-37.01983799007636
4983883884.0,2.25451e-05,1.22059e-05,2.5637190345667754e-05,-37.20289587511914
4990690691.0,4.82675e-05,6.10818e-05,7.785074082813856e-05,-36.79705888558428
4997497497.0,2.04936e-05,2.11014e-05,2.941524643649956e-05,-36.89910238634356
5004304304.0,4.15013e-05,1.11691e-05,4.2977979204471677e-05,-37.436214327347486
5011111111.0,3.8854e-05,-1.93384e-05,4.340054182334593e-05,-38.16093352341873
5017917918.0,4.6587e-05,3.33375e-05,5.728645106174758e-05,-37.07799485926798
5024724725.0,2.26975e-05,2.25753e-05,3.201282049960609e-05,-36.91641286557608
5031531532.0,3.30875e-05,8.3976e-06,3.4136525042979986e-05,-37.450560132453724
5038338338.0,5.0438e-05,-7.7249e-06,5.1026129816105005e-05,-37.851087247447076
5045145145.0,2.48299e-05,-6.8219e-06,2.5749995215921887e-05,-37.96724130874903
5051951952.0,4.63945e-05,-6.5349e-06,4.68524764367904e-05,-37.839046307188106
5058758759.0,7.70511e-05,-1.65785e-05,7.881445726172324e-05,-37.91104322763117
5065565566.0,2.93205e-05,-1.67148e-05,3.3750203840717763e-05,-38.21723481458104
5072372372.0,6.1542e-06,-3.64714e-05,3.6986986841320284e-05,-39.10274245031952
5079179179.0,5.15112e-05,-1.74567e-05,5.4388786531140776e-05,-38.02585624224389
5085985986.0,1.02988e-05,-1.79859e-05,2.0725778157888307e-05,-38.7498763401184
5092792793.0,1.59733e-05,-1.53017e-05,2.2119862924077984e-05,-38.46303928557591
5099599600.0,-6.7492e-06,-1.02578e-05,1.2279013049915698e-05,-39.85185733248358
5106406406.0,8.9788e-06,-6.8997e-06,1.1323634996325165e-05,-38.35431264216128
5113213213.0,4.60585e-05,-1.69161e-05,4.906668789983689e-05,-38.051092089773846
5120020020.0,2.77373e-05,-3.97301e-05,4.845450089826538e-05,-38.66042945296952
5126826827.0,2.79052e-05,-6.0457e-06,2.855259490011372e-05,-37.91246588091025
5133633634.0,4.00597e-05,-2.80832e-05,4.892285443767565e-05,-38.31053123382006
5140440440.0,1.04912e-05,-1.3322e-06,1.0575444873857553e-05,-37.825418471166316
5147247247.0,-7.3621e-06,1.9858e-06,7.625215934647359e-06,-34.820981981950226
5154054054.0,3.75324e-05,-3.52205e-05,5.147003662335981e-05,-32.16955796172422
5160860861.0,-4.2172e-06,-3.47749e-05,3.5029679499675696e-05,-33.107404928417246
5167667668.0,9.9178e-06,-5.17542e-05,5.269591990353712e-05,-32.7973855216229
5174474474.0,5.7319e-06,-2.68681e-05,2.74727041846994e-05,-32.7765388995472
5181281281.0,-5.8387e-06,-1.88627e-05,1.974567975482232e-05,-33.2869058980166
5188088088.0,2.09464e-05,-1.95165e-05,2.862945066203681e-05,-32.166000853999606
5194894895.0,4.763e-06,-3.1753e-05,3.210824158997188e-05,-32.83783137507942
5201701702.0,-2.34429e-05,-3.363e-06,2.368289106950416e-05,-34.41503633495738
5208508509.0,-3.39011e-05,-3.57397e-05,4.926064085352524e-05,-33.745725967496746
5215315315.0,-9.7855e-06,7.612e-06,1.2397522101210388e-05,-35.21862956572971
5222122122.0,-7.1778e-06,-1.89769e-05,2.0289000627187137e-05,-33.34833000629707
5228928929.0,-1.9085e-05,-2.39556e-05,3.062854871455714e-05,-33.65943747660337
5235735736.0,-7.7097e-06,-6.0575e-06,9.804732548111651e-06,-33.891559690417346
5242542543.0,-4.63043e-05,-9.5228e-06,4.727337430657982e-05,-34.35469024203322
5249349349.0,-3.00592e-05,-6.54834e-05,7.205297481853195e-05,-33.41706519081153
5256156156.0,-2.76477e-05,-2.00023e-05,3.412458528070341e-05,-33.931214155463785
5262962963.0,-3.4478e-06,-3.94328e-05,3.9583241917255844e-05,-33.07393589630498
5269769770.0,-2.06701e-05,1.78721e-05,2.732517140696468e-05,-35.27044872895178
5276576577.0,-3.12006e-05,8.646e-07,3.121257716882731e-05,-34.58522310521945
5283383383.0,-4.31508e-05,7.5259e-06,4.3802177017244245e-05,-34.730191632650914
5290190190.0,-3.18675e-05,1.56384e-05,3.549784656581297e-05,-35.01372489609728
5296996997.0,-2.61105e-05,6.8731e-06,2.6999957664040882e-05,-34.81491152350049
5303803804.0,-3.26625e-05,-1.48015e-05,3.585977284506972e-05,-34.13203641250885
5310610611.0,-1.94342e-05,-1.20358e-05,2.2859322196425683e-05,-34.00302181883939
5317417417.0,-1.596e-05,1.64282e-05,2.290430866103581e-05,-35.35737222813118
5324224224.0,-8.8555e-06,9.051e-06,1.266256219135764e-05,-35.35383474225568
5331031031.0,-1.43019e-05,6.3787e-06,1.5659890079435422e-05,-34.97704480554994
5337837838.0,-2.86894e-05,5.2821e-06,2.917160010643914e-05,-34.73959345929137
5344644645.0,-1.41836e-05,-8.385e-07,1.4208363424757968e-05,-34.498470342776805
5351451451.0,-2.5781e-05,3.71856e-05,4.5248522720194967e-05,-35.52209630454976
5358258258.0,2.78011e-05,3.51594e-05,4.482281304837973e-05,-36.79736978796418
5365065065.0,-3.68613e-05,3.82486e-05,5.311977823419446e-05,-35.3613855211663
5371871872.0,-8.8954e-06,2.12752e-05,2.3059971296599656e-05,-35.73229415923519
5378678679.0,-4.6432e-05,1.77798e-05,4.97197336280073e-05,-34.92321637766398
5385485485.0,-1.50132e-05,5.03099e-05,5.250221149865975e-05,-35.838314009640456
5392292292.0,-8.6586e-06,-4.7177e-06,9.86042835022901e-06,-34.058633007083564
5399099099.0,-6.7064e-06,3.5151e-05,3.5785033211665464e-05,-35.9397928331778
5405905906.0,6.3908e-06,6.48348e-05,6.514901085726475e-05,-36.22656864340552
5412712713.0,2.4019e-06,6.73945e-05,6.74372875630389e-05,-36.163939845211765
5419519520.0,-1.25879e-05,5.25369e-05,5.402389367696483e-05,-35.893147726974604
5426326326.0,-2.226e-07,2.75172e-05,2.7518100345045624e-05,-36.1202262068849
5433133133.0,-5.41153e-05,5.91698e-05,8.018435586902223e-05,-35.38750529926251
5439939940.0,2.78768e-05,2.45914e-05,3.717328250504655e-05,-36.97624900928461
5446746747.0,1.13738e-05,4.99218e-05,5.120106875525159e-05,-36.35232417013232
5453553554.0,4.91745e-05,3.53612e-05,6.056852248230924e-05,-37.07568422460679
5460360360.0,1.56651e-05,3.5725e-05,3.900860139776868e-05,-36.54155765715145
5467167167.0,2.67628e-05,3.78372e-05,4.634545466040872e-05,-36.743933687089985
5473973974.0,6.24154e-05,7.48113e-05,9.742901397863987e-05,-36.823626632917055
5480780781.0,3.28406e-05,6.59994e-05,7.371855810255651e-05,-36.590032763945274
5487587588.0,3.55064e-05,2.41584e-05,4.2945695145380985e-05,-37.1016646884053
5494394394.0,2.15546e-05,2.18746e-05,3.070991543980543e-05,-36.90634549861673
5501201201.0,4.39698e-05,4.07469e-05,5.994708643170242e-05,-36.95173860894416
5508008008.0,4.70639e-05,5.87711e-05,7.52931130875859e-05,-36.80354410540201
5514814815.0,2.56079e-05,3.11798e-05,4.034779387339536e-05,-36.815908661006596
5521621622.0,3.86986e-05,-2.7693e-06,3.879756003217213e-05,-37.77055079264663
5528428428.0,2.9207e-05,-2.68301e-05,3.96598425994103e-05,-38.442118875243004
5535235235.0,4.19222e-05,3.52984e-05,5.480372154698986e-05,-36.99928185460329
5542042042.0,5.66e-05,5.992e-07,5.660317164823894e-05,-37.68852566611128
5548848849.0,6.07159e-05,-1.9873e-05,6.388549633375325e-05,-38.01543280921439
5555655656.0,3.30883e-05,-2.1042e-05,3.921226033895521e-05,-38.26553573967439
5562462462.0,4.48704e-05,-1.25927e-05,4.660395787323219e-05,-37.97271951680849
5569269269.0,4.40352e-05,-5.05844e-05,6.706623861824966e-05,-38.553615891251575
5576076076.0,5.57404e-05,-3.71447e-05,6.698298985750039e-05,-38.28692108037359
5582882883.0,6.33049e-05,-3.51322e-05,7.240015083444233e-05,-38.20576132991214
5589689690.0,5.33862e-05,-2.22368e-05,5.78321850242579e-05,-38.093784051083205
5596496496.0,6.91774e-05,-4.74289e-05,8.387498569877673e-05,-38.30011645870187
5603303303.0,3.77126e-05,-6.34754e-05,7.383337053067535e-05,-38.733816484504864
5610110110.0,2.00655e-05,-8.76409e-05,8.990857380172373e-05,-39.044835998975124
5616916917.0,3.85018e-05,-5.05986e-05,6.358149829313555e-05,-38.61945089334553
5623723724.0,2.18377e-05,-0.0001065995,0.00010881331968807862,-39.06784639344259
5630530531.0,2.53367e-05,-7.50539e-05,7.921512653590853e-05,-38.94434044396571
5637337337.0,-4.84212e-05,-0.0001248461,0.00013390728618954982,-39.63989422355451
5644144144.0,-1.99164e-05,-0.0001204713,0.0001221064990598371,-39.433746975808305
5650950951.0,-4.92345e-05,-0.0001114993,0.00012188572472090405,-39.68572778585091
5657757758.0,-0.0001173378,-4.08298e-05,0.00012423860864030958,-40.50584106484712
5664564565.0,-2.454e-06,-6.7212e-05,6.725678449048839e-05,-39.30640329594768
5671371371.0,1.86381e-05,-9.45599e-05,9.637921694857246e-05,-39.075299121383686
5678178178.0,-5.7083e-06,-8.84795e-05,8.866344573238736e-05,-39.33433439207702
5684984985.0,-2.57868e-05,-9.26852e-05,9.62055370198618e-05,-39.54126475327384
5691791792.0,-4.90971e-05,-9.14682e-05,0.00010381212279714734,-39.762534857722194
5698598599.0,-8.6424e-05,-9.13245e-05,0.00012573492782934264,-40.027743462427985
5705405405.0,-0.0001042114,-8.14343e-05,0.00013225566568752356,-40.17738743896779
5712212212.0,-0.0001658797,-0.0001004717,0.00019393462138818845,-40.296111565337995
5719019019.0,-0.0002065851,-9.67179e-05,0.00022810470342020568,-40.40283977252652
5725825826.0,-0.0002349001,-3.4356e-05,0.0002373992243374228,-40.69547627892764
5732632633.0,-0.0003270479,1.75643e-05,0.0003275192109310536,-40.89435854036371
5739439439.0,-0.000293683,0.0001402822,0.00032546704921672176,-41.286325291424525
5746246246.0,-0.0002197761,0.0002489383,0.00033207199722063287,-41.6882399831937
5753053053.0,-0.0001403264,0.0002528464,0.0002891760718488305,-41.90483708272504
5759859860.0,-3.36682e-05,0.0002655786,0.0002677042033088013,-42.285400473121086
5766666667.0,4.165e-06,0.0002834831,0.00028351369492602996,-42.42619200029344
5773473473.0,5.60819e-05,0.0002580404,0.00026406443823387123,-42.62551029501409
5780280280.0,7.54799e-05,0.0001992413,0.00021305940704343472,-42.77363085290686
5787087087.0,0.0001170896,0.0001231978,0.00016996373834733103,-43.17148406784586
5793893894.0,0.000131742,0.0001252008,0.00018174486205843618,-43.22235129543666
5800700701.0,0.0001442339,0.0001079787,0.00018017440873470349,-43.33966952855401
5807507508.0,0.0001144978,3.9147e-05,0.00012100509829688995,-43.65285493037459
5814314314.0,9.29289e-05,6.2763e-05,0.00011213819431491662,-43.38828145165206
5821121121.0,9.13437e-05,2.50711e-05,9.472186434451129e-05,-43.71442379722323
5827927928.0,8.9129e-05,3.45598e-05,9.559476145187037e-05,-43.61239522296321
5834734735.0,9.73095e-05,4.87551e-05,0.00010884024332139284,-43.51782488508087
5841541542.0,0.0001030147,1.734e-07,0.00010301484593809766,-43.980613896932745
5848348348.0,9.32267e-05,-9.3563e-06,9.369502624248525e-05,-44.08232295192427
5855155155.0,0.0001181397,-1.99079e-05,0.00011980531373232157,-44.14924027788749
5861961962.0,9.93912e-05,3.1784e-06,9.944200754208454e-05,-43.95032935818749
5868768769.0,7.4639e-05,-2.35139e-05,7.825524783814821e-05,-44.287489847284434
5875575576.0,7.68018e-05,-4.73247e-05,9.021166062837997e-05,-44.534537962564364
5882382382.0,5.53142e-05,-5.26432e-05,7.636077021534027e-05,-44.742959119551685
5889189189.0,4.56669e-05,-5.24669e-05,6.955746797591183e-05,-44.8368778761933
5895995996.0,5.15209e-05,-2.09609e-05,5.562160071069512e-05,-44.36868841845041
5902802803.0,6.61301e-05,-4.15738e-05,7.811255323217901e-05,-44.54352893909862
5909609610.0,8.9903e-06,-5.20244e-05,5.2795489290752864e-05,-45.381974204510385
5916416416.0,2.79489e-05,-6.00231e-05,6.62111285572146e-05,-45.117313223500716
5923223223.0,3.19848e-05,-5.04826e-05,5.9762198200869415e-05,-44.98834756755011
5930030030.0,2.36824e-05,-6.62357e-05,7.034219234748089e-05,-45.209710833608234
5936836837.0,1.18873e-05,-6.84316e-05,6.945640200766233e-05,-45.38109908849892
5943643644.0,-2.03159e-05,-4.19828e-05,4.664001810301964e-05,-46.00378649273046
5950450450.0,7.48e-06,-1.62131e-05,1.785539166778483e-05,-45.1208366889816
5957257257.0,8.2739e-06,-7.71012e-05,7.754387443666973e-05,-45.44619037871229
5964064064.0,-1.31239e-05,-4.30362e-05,4.499279121870525e-05,-45.8490855760934
5970870871.0,-4.55302e-05,-5.34515e-05,7.02143999781384e-05,-46.25863390802447
5977677678.0,-1.98268e-05,-1.50975e-05,2.492060401535244e-05,-46.473088646640974
5984484484.0,-2.09784e-05,-4.38427e-05,4.8603246906456776e-05,-45.99938746245075
5991291291.0,1.56155e-05,-5.87059e-05,6.074723479352785e-05,-45.2931178809244
5998098098.0,-1.33009e-05,-3.80803e-05,4.0336375505243404e-05,-45.88913170804928
6004904905.0,1.17987e-05,-1.44729e-05,1.8672818643686335e-05,-44.86913644872941
6011711712.0,-2.67855e-05,-5.81109e-05,6.398702766233169e-05,-45.985005812318775
6018518519.0,-2.81672e-05,-4.39554e-05,5.220601828333588e-05,-46.122983347845995
6025325325.0,-2.23331e-05,-1.94085e-05,2.9588126467554516e-05,-46.40844172398372
6032132132.0,-3.8902e-05,-4.1186e-06,3.911941295520678e-05,-47.01841156078407
6038938939.0,-1.71104e-05,-1.03682e-05,2.0006632885120875e-05,-46.579100240033384
6045745746.0,-4.25518e-05,-2.64282e-05,5.009097162643184e-05,-46.56811216075854
6052552553.0,-5.33327e-05,-2.12684e-05,5.7417085678829085e-05,-46.74442935030599
6059359359.0,-5.26304e-05,-3.61633e-05,6.385721001617593e-05,-46.521861837081275
6066166166.0,-2.67321e-05,-4.13432e-05,4.923276710332256e-05,-46.12706777846794
6072972973.0,-3.24212e-05,-2.27586e-05,3.961171649146247e-05,-46.51184518308486
6079779780.0,-4.23551e-05,3.6412e-06,4.251132594321188e-05,-47.209647348814
6086586587.0,-0.0001034796,2.55482e-05,0.00010658676343430267,-47.365940380237575
6093393393.0,-2.58614e-05,-2.94326e-05,3.91802240003806e-05,-46.27399554928441
6100200200.0,-3.56596e-05,1.63187e-05,3.92161579180062e-05,-47.55306599314094
6107007007.0,-8.21402e-05,-3.041e-07,8.214076291860211e-05,-47.12018761404646
6113813814.0,-6.39317e-05,1.72604e-05,6.622071936373087e-05,-47.387584741296905
6120620621.0,-3.11055e-05,2.08272e-05,3.7434267591205787e-05,-47.713897281314985
6127427427.0,-3.09491e-05,1.82095e-05,3.5908671390905005e-05,-47.65571341508101
6134234234.0,-2.93309e-05,3.54407e-05,4.600374888310735e-05,-48.003338056895764
6141041041.0,-4.42014e-05,2.45898e-05,5.058084643419879e-05,-47.631566691834365
6147847848.0,-3.63602e-05,8.09614e-05,8.875140806770336e-05,-48.27257642347005
6154654655.0,-4.2664e-05,2.9497e-06,4.276584649097922e-05,-47.19291787266077
6161461461.0,-3.12138e-05,5.75676e-05,6.548534095658356e-05,-48.1978424310593
6168268268.0,2.06166e-05,5.69641e-05,6.0580136054403176e-05,-49.041942760598864
6175075075.0,-4.08086e-05,4.43652e-05,6.027945591161221e-05,-47.95102069504312
6181881882.0,9.8695e-06,4.02704e-05,4.146217729943762e-05,-48.93502958331935
6188688689.0,1.50598e-05,8.67818e-05,8.80788191751002e-05,-48.866511322932126
6195495495.0,4.021e-07,4.22473e-05,4.224921350392218e-05,-48.704203611258556
6202302302.0,8.1149e-06,4.13966e-05,4.218447692658995e-05,-48.8882597285056
6209109109.0,1.13593e-05,3.63976e-05,3.812897824817759e-05,-48.99719675673018
6215915916.0,3.33387e-05,7.68902e-05,8.380675255449289e-05,-49.10380869556471
6222722723.0,1.38495e-05,5.19336e-05,5.3748557740743145e-05,-48.95529822994017
6229529530.0,3.89465e-05,6.66984e-05,7.723669092348533e-05,-49.223197855130834
6236336336.0,4.30002e-05,-6.7296e-06,4.3523611019767196e-05,-50.42072479146678
6243143143.0,1.84427e-05,5.36033e-05,5.668727329992156e-05,-49.02605856372821
6249949950.0,1.98019e-05,2.19613e-05,2.9570491056118768e-05,-49.42842449061222
6256756757.0,3.243e-07,1.57515e-05,1.575483807406474e-05,-48.71527173769316
6263563564.0,5.18751e-05,1.8564e-06,5.1908305895781265e-05,-50.22971176684194
6270370370.0,2.18645e-05,5.88068e-05,6.273990824419494e-05,-49.05065034266425
6277177177.0,3.33708e-05,2.90861e-05,4.426749943073361e-05,-49.54857948378756
6283983984.0,6.91736e-05,-4.8469e-06,6.934319993027434e-05,-50.33543676295671
6290790791.0,4.25194e-05,7.7468e-06,4.3219350835013704e-05,-50.085264724526276
6297597598.0,5.01114e-05,2.6996e-05,5.692043943927348e-05,-49.77134095054119
6304404404.0,5.12089e-05,1.37316e-05,5.3017999564015994e-05,-50.00349693516135
6311211211.0,3.25459e-05,1.7913e-06,3.2595158574549076e-05,-50.21049874280439
6318018018.0,2.96409e-05,-3.6631e-06,2.9866390046672862e-05,-50.38844163254336
6324824825.0,6.74799e-05,5.1802e-06,6.767844099896215e-05,-50.18886616120108
6331631632.0,4.80838e-05,1.6025e-05,5.0683847993616274e-05,-49.94378680819134
6338438438.0,7.30645e-05,-2.9247e-05,7.8700750754043e-05,-50.64623894278644
6345245245.0,1.68112e-05,4.0486e-06,1.7291836438042087e-05,-50.02915515069895
6352052052.0,4.25181e-05,-5.76997e-05,7.167317634722212e-05,-51.20122361334401
6358858859.0,2.63625e-05,-3.37179e-05,4.280044610351626e-05,-51.17270036763776
6365665666.0,3.55425e-05,-6.0026e-06,3.604581131019248e-05,-50.432788867426055
6372472472.0,6.6369e-06,-1.25831e-05,1.4226132546127917e-05,-51.35091658023442
6379279279.0,4.10404e-05,-2.09488e-05,4.607783256187296e-05,-50.73744981359718
6386086086.0,4.40978e-05,-3.4522e-05,5.6003432473733256e-05,-50.92967877505741
6392892893.0,1.68165e-05,-4.84484e-05,5.1283936420774097e-05,-51.50218870432504
6399699700.0,7.7683e-06,-2.20184e-05,2.3348585041710773e-05,-51.49710329344772
6406506507.0,2.61291e-05,-1.12985e-05,2.846727891913802e-05,-50.67361317423666
6413313313.0,1.44239e-05,-4.22366e-05,4.4631594983486755e-05,-51.507194181048675
6420120120.0,1.45805e-05,-4.6819e-05,4.903682026039209e-05,-51.534375659602844
6426926927.0,7.739e-07,-6.62279e-05,6.623242151408931e-05,-51.82459390855441
6433733734.0,-1.12864e-05,-4.94304e-05,5.070253710732827e-05,-52.06075966792345
6440540541.0,-6.53678e-05,-1.56017e-05,6.720388619514499e-05,-53.17278275928718
6447347347.0,-3.24747e-05,-3.27969e-05,4.615455329325592e-05,-52.616740690772765
6454154154.0,-3.28082e-05,-2.90599e-05,4.382756866687907e-05,-52.68218832464418
6460960961.0,-2.10704e-05,-2.29006e-05,3.1119113684679385e-05,-52.58007807159101
6467767768.0,-7.3808e-06,-3.66165e-05,3.735296883635891e-05,-52.035183820088875
6474574575.0,-3.96775e-05,-3.99783e-05,5.6325557939003145e-05,-52.617900718274676
6481381381.0,-4.47818e-05,-2.03992e-05,4.9209114723595664e-05,-52.97963664699418
6488188188.0,-4.12966e-05,1.55715e-05,4.413480241045608e-05,-53.76765490946375
6494994995.0,-6.24748e-05,-8.1796e-06,6.300798751904397e-05,-53.276889221379456
6501801802.0,-6.00826e-05,-1.29112e-05,6.145419357700498e-05,-53.19540329646718
6508608609.0,-3.36919e-05,-2.71111e-05,4.32452988059974e-05,-52.72948878499409
6515415415.0,-6.80841e-05,-1.74465e-05,7.028388887262856e-05,-53.15622349807096
6522222222.0,-3.90623e-05,4.3583e-06,3.930468242054628e-05,-53.51818861576133
6529029029.0,-5.07942e-05,-1.00946e-05,5.1787563205850884e-05,-53.210895914995255
6535835836.0,-4.2731e-05,-5.04713e-05,6.613085879292662e-05,-52.53881871083528
6542642643.0,-3.60144e-05,1.2095e-05,3.799113096974082e-05,-53.73107806759318
6549449449.0,-5.70336e-05,2.06476e-05,6.065603774332775e-05,-53.75442237338972
6556256256.0,-3.9269e-05,2.01046e-05,4.4116315600466905e-05,-53.88025381034774
6563063063.0,-7.44236e-05,2.72772e-05,7.926485902844967e-05,-53.758384242599426
6569869870.0,-3.88206e-05,2.19678e-05,4.4605192760484736e-05,-53.92202843718733
6576676677.0,-9.02217e-05,3.35671e-05,9.626372812903102e-05,-53.76325810932117
6583483483.0,-5.70573e-05,5.38498e-05,7.845595224920796e-05,-54.16356073233912
6590290290.0,-7.63597e-05,3.85827e-05,8.555365873754319e-05,-53.87493435824865
6597097097.0,-5.15974e-05,4.24738e-05,6.68304973286897e-05,-54.09578955067164
6603903904.0,-1.51634e-05,9.1964e-06,1.773421756153905e-05,-53.95225057652887
6610710711.0,-3.8534e-06,9.67387e-05,9.681541596899742e-05,-54.93805940904475
6617517518.0,-2.89349e-05,6.18763e-05,6.830742960835226e-05,-54.540457678002106
6624324324.0,-1.76312e-05,2.93818e-05,3.426586325601618e-05,-54.437398885188166
6631131131.0,-3.04958e-05,0.0001086458,0.00011284459967264716,-54.70422292391982
6637937938.0,-2.3249e-05,8.96118e-05,9.257856501501845e-05,-54.72402679351065
6644744745.0,-1.76099e-05,4.95052e-05,5.254401397923459e-05,-54.63611157534862
6651551552.0,-1.255e-07,5.83536e-05,5.8353734955099494e-05,-54.975720759774035
6658358358.0,3.2407e-05,5.38349e-05,6.283637566736324e-05,-55.51973828018462
6665165165.0,1.98051e-05,7.49724e-05,7.754419867256351e-05,-55.23613699627109
6671971972.0,3.83132e-05,5.55996e-05,6.752197282662882e-05,-55.581238538003184
6678778779.0,1.53574e-05,7.25826e-05,7.418951110177233e-05,-55.18638134042009
6685585586.0,4.32303e-05,5.30199e-05,6.841029625794643e-05,-55.66190824827841
6692392392.0,1.68303e-05,2.44328e-05,2.966851384768034e-05,-55.58106841417502
6699199199.0,3.16386e-05,5.47395e-05,6.322510474653244e-05,-55.50194599501672
6706006006.0,5.31043e-05,5.64692e-05,7.751668999080133e-05,-55.73257018169355
6712812813.0,7.43587e-05,6.35054e-05,9.778625718806299e-05,-55.84183219768758
6719619620.0,7.08585e-05,3.3832e-05,7.852089687624563e-05,-56.10321534592259
6726426426.0,7.46869e-05,4.4336e-05,8.685513184383523e-05,-56.012949059528076
6733233233.0,5.89244e-05,5.36074e-05,7.966076983132914e-05,-55.81048335445387
6740040040.0,5.77644e-05,5.67028e-05,8.09440142024103e-05,-55.77254360778792
6746846847.0,9.44482e-05,3.8184e-05,0.00010187482681820863,-56.16447280269666
6753653654.0,0.0001009323,2.95851e-05,0.00010517893004447232,-56.263536390978075
6760460460.0,0.0001110555,3.2782e-06,0.00011110387335952783,-56.51915775972297
6767267267.0,7.26536e-05,-1.66849e-05,7.454482866684986e-05,-56.77440372190792
6774074074.0,9.77464e-05,-8.0909e-06,9.808068808776782e-05,-56.631253896204655
6780880881.0,6.09544e-05,-2.37134e-05,6.540461924757303e-05,-56.919686035243096
6787687688.0,0.0001036615,-3.15434e-05,0.00010835447690709415,-56.84405781516864
6794494494.0,0.0001110737,-6.39786e-05,0.00012818201156812137,-57.07125425212508
6801301301.0,0.0001194506,-8.1669e-05,0.00014470062681743988,-57.14837372374022
6808108108.0,8.00514e-05,-7.9744e-05,0.00011299262001546827,-57.33214222044263
6814914915.0,9.36221e-05,-0.0001114299,0.00014553941123427702,-57.42069386669029
6821721722.0,8.37779e-05,-0.0001090701,0.0001375318989995412,-57.46447259540307
6828528529.0,9.26222e-05,-0.0001105662,0.0001442350738041202,-57.422149541398454
6835335335.0,9.42876e-05,-0.0001319136,0.00016214607420076506,-57.49889542749017
6842142142.0,8.90072e-05,-0.0001640809,0.00018666768171445746,-57.62242876135332
6848948949.0,8.25797e-05,-0.0001513677,0.0001724284995451158,-57.62003845365029
6855755756.0,4.31871e-05,-0.0001959621,0.00020066457146895663,-57.90254662592242
6862562563.0,6.23424e-05,-0.0002305479,0.00023882819982608839,-57.85537038750709
6869369369.0,-2.8452e-06,-0.000212722,0.0002127410267133258,-58.13283849722337
6876176176.0,-3.19956e-05,-0.0002552857,0.00025728293189376166,-58.2441464764659
6882982983.0,-5.94411e-05,-0.0003265158,0.0003318822261267542,-58.29953871709061
6889789790.0,-0.000130454,-0.0003570466,0.0003801322410524527,-58.46976512239918
6896596597.0,-0.0002511563,-0.0003996309,0.00047200036362750824,-58.68055527827757
6903403403.0,-0.000433344,-0.000379708,0.0005761642019424671,-58.97073552842561
6910210210.0,-0.0005778444,-0.000264648,0.0006355648782896676,-59.26078041390352
6917017017.0,-0.0007229014,-2.0079e-05,0.0007231801990949144,-59.66249198553037
6923823824.0,-0.000718008,0.0003237187,0.0007876098556986764,-60.11382652812035
6930630631.0,-0.000504816,0.0005253799,0.0007286036186981299,-60.49561708603925
6937437437.0,-0.0002610819,0.000605446,0.0006593395312156022,-60.85392746448685
6944244244.0,-3.4697e-05,0.0005893895,0.0005904099122806544,-61.202255220530354
6951051051.0,9.59879e-05,0.0004862634,0.0004956468209582,-61.45595007933712
6957857858.0,0.0001473504,0.0003691661,0.00039748679194329215,-61.64082489431309
6964664665.0,0.0002044886,0.0002587627,0.00032980861486815353,-61.929827499778355
6971471471.0,0.0001535409,0.0001833172,0.0002391234070279403,-61.95828986544837
6978278278.0,0.0001797559,0.000150921,0.00023471116681106162,-62.13343451582313
6985085085.0,0.0001165426,8.18059e-05,0.0001423881416746844,-62.219826352985386
6991891892.0,0.0001646507,9.67239e-05,0.0001909590684981994,-62.30071331784817
6998698699.0,0.0001586217,8.78261e-05,0.00018131262380788603,-62.32618680676716
7005505506.0,0.0001648837,6.29028e-05,0.00017647491825619298,-62.46739773994279
7012312312.0,0.000118549,4.24244e-05,0.0001259114574467312,-62.48818985649387
7019119119.0,0.0001732992,-1.74995e-05,0.000174180496097841,-62.93249048047322
7025925926.0,0.0001354316,-9.9836e-06,0.00013579908154151852,-62.90543689194343
7032732733.0,9.52697e-05,-9.4449e-06,9.573673210476739e-05,-62.930668731811636
7039539540.0,8.73707e-05,-2.58392e-05,9.111148925975252e-05,-63.11939903277116
7046346346.0,8.90749e-05,-2.31259e-05,9.202795803895685e-05,-63.08586804554522
7053153153.0,0.0001003745,-3.07538e-05,0.0001049801717691965,-63.12916241126137
7059959960.0,0.0001152176,-3.09639e-05,0.00011930573520568909,-63.094392755017886
7066766767.0,9.96034e-05,-6.90953e-05,0.00012122292594080545,-63.438341178647526
7073573574.0,0.000104553,-4.74738e-05,0.00011482635366256302,-63.25808184844773
7080380380.0,5.33294e-05,-6.83278e-05,8.667590874747146e-05,-63.73991638580247
7087187187.0,4.30924e-05,-7.01021e-05,8.228766227187403e-05,-63.851484517462666
7093993994.0,5.40453e-05,-3.5777e-05,6.481425908771928e-05,-63.416605225388885
7100800801.0,6.49648e-05,-2.47584e-05,6.9522684136906e-05,-63.195965162960185
7107607608.0,2.3452e-05,-5.73051e-05,6.191825893878153e-05,-64.01419608151636
7114414414.0,1.27015e-05,-6.18923e-05,6.318215651226224e-05,-64.2002402696258
7121221221.0,1.95004e-05,-5.69009e-05,6.014963026461593e-05,-64.07248540487461
7128028028.0,4.7414e-06,-5.27537e-05,5.296634533031329e-05,-64.31301218995999
7134834835.0,4.1906e-06,-3.54418e-05,3.568868610077989e-05,-64.28495691733026
7141641642.0,1.12618e-05,-4.1685e-05,4.317947850819877e-05,-64.1387844082899
7148448448.0,-8.9719e-06,-5.88058e-05,5.9486276595951105e-05,-64.55405016420488
7155255255.0,-2.03999e-05,-6.81828e-05,7.116916562564155e-05,-64.69336678604535
7162062062.0,-1.12972e-05,-3.69951e-05,3.868157380265183e-05,-64.6990256442936
7168868869.0,-2.13644e-05,-7.20819e-05,7.518136667399708e-05,-64.69079156695895
7175675676.0,-2.67065e-05,-4.5517e-05,5.277342542653451e-05,-64.93325947722064
7182482482.0,2.66815e-05,-6.05538e-05,6.617148280558628e-05,-63.98761926931742
7189289289.0,-4.62598e-05,-6.27044e-05,7.792182541111316e-05,-65.03826046662032
7196096096.0,-5.4691e-05,-5.74234e-05,7.930039311731059e-05,-65.16368085081385
7202902903.0,-6.53001e-05,-9.1464e-06,6.593754388032663e-05,-65.83428390885504
7209709710.0,-5.34811e-05,-3.17237e-05,6.218216142029802e-05,-65.43805905015945
7216516517.0,-5.62924e-05,-8.8826e-06,5.6988901380181043e-05,-65.81694218781735
7223323323.0,-5.69195e-05,6.0827e-06,5.724359107830325e-05,-66.07990664517504
7230130130.0,-1.39357e-05,-6.5124e-06,1.5382297885881678e-05,-65.53628404841851
7236936937.0,-6.8964e-06,-3.0634e-06,7.54617469450582e-06,-65.55542322246956
7243743744.0,-2.28344e-05,2.0481e-06,2.292606675751425e-05,-66.06289997316053
7250550551.0,-6.92908e-05,2.63958e-05,7.414818421431505e-05,-66.33741591982674
7257357357.0,-2.56998e-05,6.9328e-06,2.6618479218016945e-05,-66.23693464977323
7264164164.0,-3.85515e-05,-1.1081e-06,3.8567421975807505e-05,-65.94471026794926
7270970971.0,-9.6774e-06,3.15279e-05,3.297969904607985e-05,-67.24642394719203
7277777778.0,-1.6145e-05,1.49895e-05,2.2030572739944824e-05,-66.7217477441752
7284584585.0,-3.31816e-05,2.54106e-05,4.1793745595722814e-05,-66.62698486832474
7291391391.0,-6.24201e-05,3.51172e-05,7.162043437350823e-05,-66.48590690891855
7298198198.0,-3.01874e-05,-5.0129e-06,3.0600788963195046e-05,-65.80888800952035
7305005005.0,-3.78076e-05,-8.387e-07,3.7816901452260736e-05,-65.95126599259883
7311811812.0,1.5397e-05,4.45347e-05,4.7121196006574366e-05,-67.87710817407473
7318618619.0,-2.40272e-05,-8.6785e-06,2.5546481207594912e-05,-65.62683281715739
7325425425.0,4.4802e-06,1.44064e-05,1.5086966328589722e-05,-67.84574773870646
7332232232.0,-3.61865e-05,5.56649e-05,6.639310110440694e-05,-66.96781233971979
7339039039.0,5.4634e-06,5.42915e-05,5.4565700873442464e-05,-67.64453527331895
7345845846.0,9.064e-07,-5.2134e-06,5.291606610472853e-06,-70.51369569893076
7352652653.0,-3.3296e-06,1.06885e-05,1.1195100196514543e-05,-73.52544250353097
7359459459.0,-1.3373e-06,4.41501e-05,4.417034866627159e-05,-73.79714676554146
7366266266.0,-1.64512e-05,2.75157e-05,3.2058629539174e-05,-73.2885651077627
7373073073.0,-1.37089e-05,-1.31848e-05,1.90203283423289e-05,-71.49071823816848
7379879880.0,-2.53808e-05,1.74553e-05,3.080377422865581e-05,-72.85907888667984
7386686687.0,-1.28417e-05,-3.7372e-06,1.3374450371136751e-05,-71.97343238711427
7393493493.0,1.90557e-05,2.4768e-05,3.1250176423341994e-05,-74.4832090274986
7400300300.0,-3.85588e-05,1.51082e-05,4.141302650954166e-05,-72.63006790200066
7407107107.0,-1.524e-07,4.476e-07,4.7283350135116273e-07,-73.49925634744052
7413913914.0,4.024e-07,1.98687e-05,1.987277447791324e-05,-73.84767755159224
7420720721.0,-9.6119e-06,8.6477e-06,1.2929475507537033e-05,-72.98927309443299
7427527528.0,-1.79858e-05,4.27905e-05,4.6416763048385874e-05,-73.42952545529951
7434334334.0,1.9296e-06,2.06566e-05,2.074652934155494e-05,-73.92057030729778
7441141141.0,1.4204e-06,2.54469e-05,2.5486511251444357e-05,-73.88318769108226
7447947948.0,1.6262e-05,-1.70882e-05,2.358938793695165e-05,-76.20839024801698
7454754755.0,1.43243e-05,2.44127e-05,2.830486692743847e-05,-74.3580517580735
7461561562.0,-3.32637e-05,1.75086e-05,3.759022228785033e-05,-72.7411416714536
7468368368.0,-4.17326e-05,-2.12186e-05,4.6817079028064104e-05,-71.78625277985317
7475175175.0,-2.09165e-05,1.28848e-05,2.456660422789442e-05,-72.80874042366598
7481981982.0,-6.54064e-05,7.42625e-05,9.89591636343497e-05,-73.10535223887572
7488788789.0,-2.36626e-05,8.96401e-05,9.271065832346353e-05,-73.56934113059826
7495595596.0,-4.5121e-06,7.54087e-05,7.554357075291054e-05,-73.76766334396018
7502402402.0,1.03823e-05,4.74757e-05,4.859767734964295e-05,-74.04272456525135
7509209209.0,4.76676e-05,3.89513e-05,6.155813399909065e-05,-74.71311607104691
7516016016.0,-4.1549e-06,2.10744e-05,2.1480072843684678e-05,-73.63276993279544
7522822823.0,5.17273e-05,3.29812e-05,6.134715249080433e-05,-74.83061669979311
7529629630.0,4.70713e-05,1.71713e-05,5.0105496977677004e-05,-75.04843114642712
7536436436.0,-2.47575e-05,-2.90365e-05,3.815825125054868e-05,-77.67504112127992
7543243243.0,-5.15385e-05,3.84947e-05,6.43277460380822e-05,-79.18133789708467
7550050050.0,2.20495e-05,8.91091e-05,9.179658029066224e-05,-80.35318411122029
7556856857.0,0.0001080188,7.71967e-05,0.00013276818762162116,-81.06091180902945
7563663664.0,9.09961e-05,-2.10249e-05,9.339345070838747e-05,-81.90847701757765
7570470470.0,8.72828e-05,-3.3334e-06,8.734642941414377e-05,-81.7195812424768
7577277277.0,7.80534e-05,-3.92957e-05,8.738698581625298e-05,-82.14780988666163
7584084084.0,4.67859e-05,-1.8226e-05,5.0210631491846426e-05,-82.05288467263473
7590890891.0,4.86995e-05,-2.50668e-05,5.4772125780272574e-05,-82.15676627518428
7597697698.0,6.72028e-05,-3.96301e-05,7.801769769642014e-05,-82.21422726098982
7604504505.0,2.15778e-05,-4.12324e-05,4.653721373911421e-05,-82.77007507995907
7611311311.0,2.30271e-05,-4.93469e-05,5.4455154705684196e-05,-82.81560234510016
7618118118.0,3.80973e-05,-5.75814e-05,6.904362311792451e-05,-82.66770115253087
7624924925.0,2.50691e-05,-5.66319e-05,6.193247833261641e-05,-82.83546583240458
7631731732.0,3.54335e-05,-3.87335e-05,5.249587549989046e-05,-82.51127201142017
7638538539.0,9.4226e-06,-3.08205e-05,3.2228692356501216e-05,-82.95550446483817
7645345345.0,2.73885e-05,-3.69163e-05,4.596676122961025e-05,-82.61390320883353
7652152152.0,2.7316e-06,-3.29842e-05,3.309711601031123e-05,-83.16957846309222
7658958959.0,-2.22421e-05,-3.29267e-05,3.973510520056541e-05,-83.84630078280834
7665765766.0,-3.01585e-05,-2.21471e-05,3.741696354142062e-05,-84.18958757792981
7672572573.0,-2.24663e-05,-1.75331e-05,2.849814434836065e-05,-84.16031565608654
7679379379.0,7.68975e-05,-6.4125e-06,7.716440670736735e-05,-81.76460672650236
7686186186.0,-1.0531e-06,-8.57504e-05,8.575686631267493e-05,-83.26448569504288
7692992993.0,-4.4338e-06,-6.55128e-05,6.566266478205099e-05,-83.31978065002727
7699799800.0,-2.14258e-05,-6.32488e-05,6.677930523058772e-05,-83.5788267423078
7706606607.0,-2.28314e-05,-2.13307e-05,3.12453450685058e-05,-84.07157203925622
7713413413.0,-3.51034e-05,-2.09988e-05,4.090474658276225e-05,-84.28390785755627
7720220220.0,-1.62938e-05,-6.55521e-05,6.754676700516466e-05,-83.49583067340853
7727027027.0,-4.48418e-05,-9.38793e-05,0.00010403898305793842,-83.69781665306954
7733833834.0,-5.3467e-05,-1.49006e-05,5.550448602914904e-05,-84.55121017107717
7740640641.0,-5.61303e-05,-3.45219e-05,6.589667789577864e-05,-84.27160286074823
7747447447.0,-7.77642e-05,-3.34497e-05,8.465313480155356e-05,-84.41678319476651
7754254254.0,-6.83259e-05,-1.67096e-05,7.033945793770378e-05,-84.58315201570406
7761061061.0,-6.43063e-05,-3.18101e-05,7.174386860004135e-05,-84.36363083800764
7767867868.0,-6.5777e-05,-6.0368e-06,6.605343808796028e-05,-84.73148126933854
7774674675.0,-7.62358e-05,-2.67283e-05,8.078551369230749e-05,-84.48579207325992
7781481481.0,-8.69755e-05,3.19809e-05,9.266884894645018e-05,-85.17535709586201
7788288288.0,-7.90648e-05,-1.4287e-06,7.907770724249661e-05,-84.80493362514203
7795095095.0,-9.06791e-05,1.32087e-05,9.163606785813106e-05,-84.96764854551473
7801901902.0,-8.26706e-05,1.57891e-05,8.416486073873109e-05,-85.01171708323432
7808708709.0,-6.23857e-05,1.42327e-05,6.39886342546862e-05,-85.04730317144488
7815515516.0,-9.29378e-05,1.09515e-05,9.358082079726592e-05,-84.94029761302906
7822322322.0,-9.41613e-05,4.15914e-05,0.00010293782090004626,-85.2389350351904
7829129129.0,-9.48018e-05,6.76713e-05,0.00011647654754039544,-85.44294184194197
7835935936.0,-5.00167e-05,7.31293e-05,8.859776970883636e-05,-85.79392602411453
7842742743.0,-5.0214e-05,3.67196e-05,6.22075141776297e-05,-85.45440231448924
7849549550.0,-6.48579e-05,6.63621e-05,9.279264792439109e-05,-85.61986249984213
7856356356.0,-2.81278e-05,7.62583e-05,8.128038786650811e-05,-86.04043080918561
7863163163.0,-4.11576e-05,8.06009e-05,9.050112219508663e-05,-85.92167900637533
7869969970.0,-4.80218e-05,7.1841e-05,8.641309250478194e-05,-85.8045648152712
7876776777.0,-5.71113e-05,7.15509e-05,9.154906814654097e-05,-85.72016092106985
7883583584.0,-3.86181e-05,0.0001229361,0.0001288590017453961,-86.08942745883209
7890390390.0,-2.95073e-05,0.0001359662,0.00013913119095202917,-86.18009246130416
7897197197.0,-1.64125e-05,0.0001546792,0.00015554750100496632,-86.28808680725247
7904004004.0,1.31283e-05,0.0001238859,0.00012457956686270826,-86.49937484423276
7910810811.0,-2.05237e-05,0.0001493131,0.00015071703318901949,-86.25719984521186
7917617618.0,3.8418e-05,0.0001344573,0.00013983815018545547,-86.67210883074462
7924424424.0,-2.2849e-06,0.0001739632,0.00017397820473338032,-86.38066434187871
7931231231.0,1.14686e-05,0.0001832695,0.000183627989196119,-86.45629426910925
7938038038.0,7.56815e-05,0.0002027789,0.00021644161274454596,-86.75100873723278
7944844845.0,0.0001725985,0.0002037911,0.0002670600206722451,-87.09651191056506
7951651652.0,0.0002068022,0.000173306,0.00026981867904361253,-87.26709188738681
7958458458.0,0.0002523812,0.0001578572,0.00029768299532435507,-87.40565613679243
7965265265.0,0.0002538685,0.0001380713,0.0002889859843936034,-87.4664700921331
7972072072.0,0.0003109621,0.0001072384,0.000328933887082146,-87.63250583478121
7978878879.0,0.0004113116,5.93672e-05,0.0004155739365388547,-87.82124795992306
7985685686.0,0.0005282577,-4.61148e-05,0.0005302666993017099,-88.05166958961038
7992492492.0,0.0005821121,-0.0002271897,0.0006248757130442021,-88.33669784270421
7999299299.0,0.0004624123,-0.0004352159,0.0006350102477945533,-88.7197036620138
8006106106.0,0.0002382132,-0.0006290428,0.0006726368804087983,-89.17338745425793
8012912913.0,-7.7866e-06,-0.000607419,0.0006074689067767666,-89.54820908296487
8019719720.0,-0.0001415204,-0.0004603556,0.0004816173814009623,-89.83363657847312
8026526527.0,-0.0001719294,-0.0003797619,0.0004168678678861804,-89.96051205487215
8033333333.0,-0.0002088599,-0.0003084311,0.00037249456543045025,-90.13062870043065
8040140140.0,-0.000212222,-0.0002742666,0.0003467857337889781,-90.1939380207896
8046946947.0,-0.0002640037,-0.0002419612,0.00035811056381951367,-90.3643265357053
8053753754.0,-0.0003694186,-0.0001566197,0.00040124784417371013,-90.7051952533299
8060560561.0,-0.0003035067,-5.25739e-05,0.0003080265116935554,-90.93466741381832
8067367367.0,-0.0002516701,7.0349e-06,0.0002517684036014448,-91.13413254076409
8074174174.0,-0.0002374274,-1.5089e-06,0.00023743219463663725,-91.09983183381735
8080980981.0,-0.0002028698,1.81753e-05,0.00020368234406086848,-91.19553935943102
8087787788.0,-0.0001739088,4.22985e-05,0.00017897886417029806,-91.34477651229358
8094594595.0,-0.0002040784,1.80097e-05,0.00020487152715946156,-91.19420785603592
8101401401.0,-0.0002219434,7.1008e-05,0.00023302576867711432,-91.41583313553981
8108208208.0,-0.000216404,0.0001163686,0.0002457078392765685,-91.59956705125745
8115015015.0,-0.0001500381,0.000183358,0.00023692105777159192,-91.99119523611749
8121821822.0,-0.000142453,0.0001471846,0.00020483203774351318,-91.90791994127369
8128628629.0,-7.60509e-05,0.0001443979,0.00016320077486096688,-92.1922233654211
8135435435.0,-5.97463e-05,0.0001005767,0.00011698415681869062,-92.14095973754831
8142242242.0,-3.18073e-05,0.0001117857,0.00011622283363341302,-92.39977129931464
8149049049.0,-4.43899e-05,0.0001331509,0.00014035535398701398,-92.35519036914408
8155855856.0,-4.02031e-05,0.0001355021,0.00014134039887456098,-92.38855928283282
8162662663.0,-7.7423e-06,0.0001158784,0.00011613675902077688,-92.61026843213894
8169469469.0,-2.48484e-05,0.0001236507,0.00012612271243931443,-92.47866827137338
8176276276.0,7.1696e-06,9.36175e-05,9.389163685020088e-05,-92.75341805326491
8183083083.0,-9.221e-06,0.0001035713,0.000103980964722828,-92.58818694410789
8189889890.0,6.8167e-06,9.48268e-05,9.507149623904108e-05,-92.7487456345052
8196696697.0,2.71735e-05,0.0001012856,0.00010486740136767955,-92.93909680985291
8203503504.0,1.18959e-05,8.14022e-05,8.226682564466676e-05,-92.82209343032832
8210310310.0,4.182e-05,9.40864e-05,0.00010296194959770332,-93.09524153360044
8217117117.0,6.05409e-05,0.0001398414,0.00015238378433012485,-93.08554765221669
8223923924.0,2.35432e-05,0.0001013053,0.00010400502908191508,-92.90532846839447
8230730731.0,6.12261e-05,0.0001071961,0.00012344893347623542,-93.19592673801885
8237537538.0,7.20769e-05,9.87912e-05,0.00012228974082501769,-93.3072923853535
8244344344.0,3.05833e-05,0.0001017679,0.00010626402829415041,-92.96891716765357
8251151151.0,8.31842e-05,0.0001130187,0.00014033117144572691,-93.31147800092282
8257957958.0,0.0001056442,8.47791e-05,0.00013545550114502547,-93.57151826639155
8264764765.0,0.0001034677,5.41664e-05,0.00011678854324055079,-93.76550119230393
8271571572.0,0.0001353628,3.76329e-05,0.00014049670026819138,-93.97661246508804
8278378378.0,0.0001168362,5.43912e-05,0.000128876298316952,-93.81208312651778
8285185185.0,0.0001577463,3.23803e-05,0.0001610353346063528,-94.04532363520407
8291991992.0,0.0001590232,4.28588e-05,0.00016469746469111176,-93.98452185430172
8298798799.0,0.0001222964,2.65021e-05,0.00012513501011855157,-94.03437545539549
8305605606.0,0.0001745329,-2.88592e-05,0.0001769027603149538,-94.41164796282129
8312412412.0,0.0001593533,-4.77937e-05,0.00016636619843159246,-94.53916564449875
8319219219.0,0.0001676907,-9.39214e-05,0.0001922014574462171,-94.75833424319666
8326026026.0,0.0001537786,-8.18442e-05,0.00017420198303004476,-94.73687052916831
8332832833.0,0.0001633306,-0.0001289775,0.0002081155457975449,-94.91619080239352
8339639640.0,0.000122842,-0.0001384426,0.00018508514380889676,-95.09281427869381
8346446446.0,0.0001443652,-0.0002002235,0.0002468415704926745,-95.19388127564183
8353253253.0,0.0001464905,-0.0002776878,0.00031395856551317403,-95.33314243155334
8360060060.0,-2.02943e-05,-0.0003814252,0.0003819647127779345,-95.87173231186124
8366866867.0,-0.0001863928,-0.0002827168,0.00033863116350105757,-96.40145530039567
8373673674.0,-0.0002125346,-0.0001431987,0.00025627489904173214,-96.79647046087187
8380480480.0,-0.0001932128,-3.79386e-05,0.00019690231957445297,-97.19548245488514
8387287287.0,-0.0001619499,-6.10371e-05,0.00017307021028016345,-97.02894670470089
8394094094.0,-9.85736e-05,-6.74509e-05,0.00011944194626583241,-96.78928193529168
8400900901.0,-7.9975e-05,-3.5369e-05,8.744693697322967e-05,-96.9729813092341
8407707708.0,-0.0001235985,-1.96772e-05,0.0001251550294718115,-97.23149461194186
8414514515.0,-4.23545e-05,-5.00988e-05,6.560330351201836e-05,-96.52040473597295
8421321321.0,-0.0001122609,2.59957e-05,0.00011523144573986737,-97.61692655085852
8428128128.0,-8.67301e-05,3.44168e-05,9.330930483210128e-05,-97.76713985211585
8434934935.0,-2.45095e-05,2.66224e-05,3.618656894498289e-05,-98.21606946894732
8441741742.0,-4.74833e-05,4.05947e-05,6.247074072699956e-05,-98.09671908565606
8448548549.0,-6.5161e-05,1.54511e-05,6.696784610699376e-05,-97.6221941181384
8455355355.0,-2.5386e-05,9.7367e-06,2.7189194965831555e-05,-97.75561422686827
8462162162.0,-7.0742e-05,1.09808e-05,7.158916491089975e-05,-97.54336652278735
8468968969.0,-5.69255e-05,2.23931e-05,6.117159044736372e-05,-97.76415489524408
8475775776.0,-2.38593e-05,-1.29063e-05,2.7126348375334264e-05,-96.89351635966709
8482582583.0,-1.31588e-05,4.905e-06,1.4043256119575688e-05,-97.74617269439108
8489389389.0,-9.6901e-06,3.81572e-05,3.936838769685647e-05,-98.71147380056101
8496196196.0,-6.12014e-05,-1.87e-06,6.122996212607027e-05,-97.35882690803639
8503003003.0,-1.96993e-05,9.7571e-06,2.1983253191918616e-05,-97.8492543024027
8509809810.0,-4.89627e-05,-4.5299e-06,4.9171800712400187e-05,-97.29711751492921
8516616617.0,-4.92993e-05,2.99668e-05,5.7692547895980466e-05,-97.93554710181704
8523423423.0,-4.94992e-05,8.2034e-06,5.017436170196887e-05,-97.55360743541726
8530230230.0,-7.88006e-05,2.78037e-05,8.356183515247855e-05,-97.7285714762598
8537037037.0,-4.89388e-05,2.96103e-05,5.719944065749245e-05,-97.93349491641372
8543843844.0,-6.67198e-05,2.84698e-05,7.25400663363358e-05,-97.79268779192327
8550650651.0,-1.82759e-05,5.5337e-06,1.9095296711494166e-05,-97.68338372388237
8557457457.0,-5.67322e-05,-1.52326e-05,5.8741591905565515e-05,-97.1270589631304
8564264264.0,-7.65874e-05,-6.2501e-06,7.684200406528971e-05,-97.30794528459013
8571071071.0,-0.0001169335,-1.83128e-05,0.000118358785335479,-97.23402541570718
8577877878.0,-0.0001233428,1.31228e-05,0.000124038922083675,-97.49536644405505
8584684685.0,-8.37779e-05,0.0001297011,0.0001544056730486934,-98.38665947800312
8591491491.0,-6.86565e-05,0.0001243611,0.0001420542086157957,-98.45573463373465
8598298298.0,-3.92599e-05,0.0001782174,0.00018249049676837968,-98.74333960650156
8605105105.0,2.23141e-05,0.0001665621,0.00016805014791787596,-99.0933442896756
8611911912.0,3.54683e-05,0.0001562217,0.00016019744022855047,-99.1834222088162
8618718719.0,8.85345e-05,0.000137385,0.00016344110840070192,-99.53261554449729
8625525526.0,0.0001094687,0.0001372122,0.00017552943943546906,-99.63357021972938
8632332332.0,0.000173532,9.35333e-05,0.00019713404889285362,-100.03660820906885
8639139139.0,0.0001650022,4.536e-06,0.00016506453677528677,-100.50348129432656
8645945946.0,0.0001466568,-4.8382e-06,0.00014673658427767766,-100.56394290122373
8652752753.0,0.0001027973,-2.98e-06,0.0001028404846706296,-100.55994588670696
8659559560.0,5.74018e-05,-4.48168e-05,7.282521682411939e-05,-101.19386107132864
8666366366.0,8.9319e-05,-4.63672e-05,0.00010063697629022843,-101.00979056297793
8673173173.0,0.0001184528,-5.08339e-05,0.000128899771982149,-100.9363445426203
8679979980.0,3.4063e-05,-6.70903e-05,7.524225091722071e-05,-101.6319577556094
8686786787.0,0.0001303321,-3.79094e-05,0.00013573348481038126,-100.81402255135966
8693593594.0,4.30556e-05,-6.22545e-05,7.569284947476876e-05,-101.49669092276233
8700400400.0,9.15909e-05,-5.82421e-05,0.0001085404771282124,-101.09735976143311
8707207207.0,4.46433e-05,-3.96829e-05,5.9730702216699244e-05,-101.25760683845567
8714014014.0,4.86017e-05,-3.24089e-05,5.841628233720458e-05,-101.11907814266888
8720820821.0,5.47504e-05,-2.95181e-05,6.220067947997032e-05,-101.025431664308
8727627628.0,4.7045e-05,-5.5248e-05,7.256427171135944e-05,-101.39638306052667
8734434434.0,3.60783e-05,-0.0001042743,0.00011033935549648639,-101.76865953716784
8741241241.0,1.74527e-05,-5.8361e-05,6.0914719553569316e-05,-101.81117870465452
8748048048.0,2.15825e-05,-5.02352e-05,5.46752194809495e-05,-101.69597631093247
8754854855.0,-6.7202e-06,-8.23022e-05,8.25761055807308e-05,-102.18323323824342
8761661662.0,2.63619e-05,-6.29884e-05,6.828241579037755e-05,-101.70539205989166
8768468468.0,2.06015e-05,-3.06283e-05,3.691225491811629e-05,-101.50964183332698
8775275275.0,-1.59231e-05,-8.73871e-05,8.88259554410759e-05,-102.28199727930848
8782082082.0,-5.98167e-05,-5.05229e-05,7.829815466088584e-05,-102.97119011292614
8788888889.0,-3.83575e-05,-0.0001030156,0.00010992502740327154,-102.45820354488731
8795695696.0,-3.23872e-05,-0.0001051806,0.00011005402918657725,-102.40046807004276
8802502503.0,-5.7628e-06,-7.1279e-05,7.151157741820552e-05,-102.18243427122552
8809309309.0,-3.36635e-05,-7.5717e-06,3.4504519604538765e-05,-103.45131628726286
8816116116.0,-4.1849e-05,-6.59907e-05,7.814161047412576e-05,-102.66692407232212
8822922923.0,1.24572e-05,-0.0001007674,0.00010153448052065859,-101.97876198154702
8829729730.0,-7.84442e-05,-9.0024e-05,0.00011940608480994592,-102.81853152851969
8836536537.0,-0.0001204893,-1.65603e-05,0.00012162201671810906,-103.53597125176488
8843343343.0,-0.0001214465,-2.03028e-05,0.00012313186447906164,-103.50691448655192
8850150150.0,-8.63947e-05,1.23723e-05,8.727610208630997e-05,-103.81479717360044
8856956957.0,-9.34421e-05,9.7797e-06,9.395248045953869e-05,-103.77683844918072
8863763764.0,-6.09018e-05,6.8058e-06,6.128089552935728e-05,-103.78384622964747
8870570571.0,-6.71267e-05,-6.3092e-06,6.742254710058053e-05,-103.57884345261962
8877377377.0,-9.17666e-05,2.63931e-05,9.548667238505069e-05,-103.95261007871656
8884184184.0,-7.7377e-05,4.66508e-05,9.035207396424279e-05,-104.21510865297432
8890990991.0,-8.52214e-05,6.16574e-05,0.00010518708092118538,-104.29887967710725
8897797798.0,-5.28639e-05,4.93828e-05,7.234122516967763e-05,-104.42392279082807
8904604605.0,-5.27274e-05,9.90405e-05,0.00011220160137453476,-104.75413735749262
8911411411.0,-3.13302e-05,7.35137e-05,7.991148553074206e-05,-104.84048268998572
8918218218.0,-4.3878e-05,5.7513e-05,7.233964371629156e-05,-104.59163313448747
8925025025.0,-7.053e-05,4.35073e-05,8.286957254197708e-05,-104.22528366146697
8931831832.0,-1.34454e-05,6.97785e-05,7.1062070356907e-05,-105.05299998859417
8938638639.0,-6.57158e-05,7.98509e-05,0.00010341534025689807,-104.55475618295264
8945445445.0,4.0887e-06,6.70493e-05,6.71738498091333e-05,-105.30425897806137
8952252252.0,-1.55807e-05,9.92162e-05,0.0001004321290968682,-105.08758815964688
8959059059.0,2.1179e-06,6.51095e-05,6.514393671447866e-05,-105.27587070921506
8965865866.0,4.92899e-05,4.9885e-05,7.012850680721785e-05,-106.02275162046263
8972672673.0,3.72569e-05,5.9901e-06,3.77353666421833e-05,-106.65473620663698
8979479479.0,6.88498e-05,3.0483e-06,6.891724815262142e-05,-106.76990447935152
8986286286.0,4.87638e-05,5.18475e-05,7.117634049801943e-05,-105.99811201191861
8993093093.0,8.09449e-05,3.2512e-05,8.723019534547655e-05,-106.43221712501442
8999899900.0,6.89825e-05,3.00406e-05,7.523976976712515e-05,-106.40343528330494
9006706707.0,8.75089e-05,-2.85189e-05,9.203877028959046e-05,-107.12919333705325
9013513514.0,2.3685e-05,-1.38636e-05,2.7444100093827087e-05,-107.34371497061518
9020320320.0,4.53014e-05,4.717e-07,4.530385571725656e-05,-106.80373811660138
9027127127.0,5.98301e-05,-2.67563e-05,6.554037271560179e-05,-107.23467711763271
9033933934.0,4.53609e-05,-1.1236e-06,4.5374813782207415e-05,-106.8389153895045
9040740741.0,2.65839e-05,-2.69944e-05,3.7886691206411785e-05,-107.60720991946654
9047547548.0,5.30041e-05,-1.35547e-05,5.470982095474267e-05,-107.0645138314732
9054354354.0,5.59065e-05,-3.61167e-05,6.655789029964817e-05,-107.38772224516865
9061161161.0,5.11614e-05,3.3496e-06,5.127093396964795e-05,-106.74877229512168
9067967968.0,2.49643e-05,-3.92358e-05,4.650445436869462e-05,-107.81828874294398
9074774775.0,1.2552e-06,-8.65884e-05,8.65974973171858e-05,-108.37045139604484
9081581582.0,1.26415e-05,-7.73313e-05,7.835775317057018e-05,-108.22290782548174
9088388388.0,3.51386e-05,-3.07068e-05,4.6665070193882704e-05,-107.53234360060223
9095195195.0,5.143e-07,-3.00912e-05,3.0095594726305044e-05,-108.36785683722101
9102002002.0,4.48448e-05,-1.46304e-05,4.7171015371730127e-05,-107.12950793437663
9108808809.0,4.7765e-06,-8.01926e-05,8.033472503849129e-05,-108.3254539845643
9115615616.0,-2.01119e-05,-5.11727e-05,5.498303144516497e-05,-108.75942133209298
9122422422.0,-1.0616e-05,-4.51781e-05,4.640862178097945e-05,-108.61574060598234
9129229229.0,-5.4773e-06,-5.576e-05,5.602837152095356e-05,-108.48286233545522
9136036036.0,2.93843e-05,-5.35227e-05,6.10583041181132e-05,-107.88286656821771
9142842843.0,-6.97824e-05,-3.61661e-05,7.859751992887562e-05,-109.47758659978078
9149649650.0,-1.76344e-05,8.9731e-06,1.9786070528783626e-05,-110.4264379857206
9156456456.0,9.1708e-06,6.141e-06,1.1037003834374617e-05,-112.50728741459626
9163263263.0,5.1571e-06,-4.07571e-05,4.108207493323579e-05,-114.54226816990447
9170070070.0,-4.39564e-05,-2.68095e-05,5.148703129148155e-05,-115.69125290111398
9176876877.0,-1.49258e-05,2.30849e-05,2.748985474043106e-05,-117.23577054269015
9183683684.0,-1.26638e-05,-1.94291e-05,2.319184678394543e-05,-115.24576825748025
9190490490.0,4.5097e-06,-2.82326e-05,2.859050711075269e-05,-114.50973617664052
9197297297.0,-8.4393e-06,-8.4517e-06,1.194374385944374e-05,-115.45279590079535
9204104104.0,-5.83211e-05,-8.13296e-05,0.00010007924131092322,-115.29023948414122
9210910911.0,-2.93353e-05,5.8089e-06,2.9904901693535126e-05,-116.43441667716
9217717718.0,-2.75406e-05,-2.80748e-05,3.93278405636516e-05,-115.44392506158376
9224524525.0,8.9732e-06,-7.1194e-06,1.1454439078366082e-05,-113.76804342158921
9231331331.0,-3.48607e-05,-6.2e-09,3.486070055133718e-05,-116.23875033212133
9238138138.0,2.8394e-06,-1.66737e-05,1.6913735957794776e-05,-114.49945778148255
9244944945.0,-1.85043e-05,-6.609e-07,1.8516098598246877e-05,-116.20322733530799
9251751752.0,-1.0041e-05,8.1455e-06,1.2929456726792507e-05,-116.92047564416004
9258558559.0,-4.4314e-05,-2.8242e-06,4.440390412610135e-05,-116.17528270741936
9265365365.0,-3.58517e-05,-2.39614e-05,4.312183997523761e-05,-115.64976271356527
9272172172.0,-2.10646e-05,-3.08992e-05,3.739622887137151e-05,-115.26648366448873
9278978979.0,-1.76653e-05,-1.55532e-05,2.3536457981820456e-05,-115.51702658625653
9285785786.0,-2.84461e-05,-1.04629e-05,3.030928705232111e-05,-115.88647159216245
9292592593.0,1.27057e-05,-9.3525e-06,1.577669384693764e-05,-113.73187266272747
9299399399.0,-6.5586e-06,3.9609e-06,7.661851132069848e-06,-116.78222843580606
9306206206.0,-2.19801e-05,-2.4275e-06,2.2113741254251847e-05,-116.12893313912716
9313013013.0,-2.86204e-05,-9.733e-07,2.863694482744275e-05,-116.20493407176568
9319819820.0,-3.03315e-05,-1.79503e-05,3.524504450756163e-05,-115.70455702336243
9326626627.0,-1.56765e-05,1.35459e-05,2.0718205980731055e-05,-116.95154530548777
9333433433.0,6.1659e-06,2.6016e-06,6.692282523175482e-06,-118.98125037454199
9340240240.0,1.8e-05,5.2771e-06,1.8757606041550186e-05,-119.09533976938614
9347047047.0,-7.2132e-06,-1.1086e-06,7.2978934083747755e-06,-116.08643095550441
9353853854.0,5.1892e-06,3.39486e-05,3.4342906670810496e-05,-117.96140507560006
9360660661.0,-4.2643e-05,2.91923e-05,5.167800139604858e-05,-116.83922610220695
9367467467.0,1.12712e-05,2.9729e-06,1.1656675505906475e-05,-119.12263340862846
9374274274.0,2.1807e-05,1.03957e-05,2.4158142053767297e-05,-118.93567504121278
9381081081.0,-2.4923e-06,2.87285e-05,2.883640531585031e-05,-117.72318760089601
9387887888.0,-2.06484e-05,5.76477e-05,6.123408967111376e-05,-117.46577879535394
9394694695.0,-1.23742e-05,4.7872e-06,1.3267935388748317e-05,-116.60806412896426
9401501502.0,2.76811e-05,-3.27561e-05,4.2885957893231206e-05,-113.9665086180376
9408308308.0,-1.15974e-05,6.60215e-05,6.703236642853959e-05,-111.35265228949135
9415115115.0,1.65256e-05,-3.02017e-05,3.442728769813271e-05,-114.1674605252665
9421921922.0,1.41249e-05,-1.36995e-05,1.9677121239144712e-05,-113.86744614430812
9428728729.0,4.397e-07,3.67539e-05,3.675653004977483e-05,-111.53850198801698
9435535536.0,-8.9082e-06,5.05108e-05,5.129032017720303e-05,-111.35197203972758
9442342342.0,2.5961e-05,9.0645e-06,2.7497975948240264e-05,-112.7614107034839
9449149149.0,9.0897e-06,1.4961e-06,9.212000938992571e-06,-112.93420525566012
9455955956.0,2.39334e-05,-3.7451e-06,2.4224644673761474e-05,-113.2525568458151
9462762763.0,-5.6053e-06,1.77842e-05,1.8646639314632545e-05,-111.22121075522112
9469569570.0,4.0731e-06,-1.29098e-05,1.3537100119671125e-05,-114.36251213764986
9476376376.0,1.5336e-05,1.27609e-05,1.995077604530711e-05,-112.40333271454024
9483183183.0,2.60945e-05,3.29812e-05,4.205570690988323e-05,-112.19588700611806
9489989990.0,2.29818e-05,1.63561e-05,2.8207891421550815e-05,-112.47880165945894
9496796797.0,3.9265e-05,-1.63166e-05,4.252025000585015e-05,-113.49117542780971
9503603604.0,3.59208e-05,2.26326e-05,4.245631231513166e-05,-112.53509904374374
9510410410.0,1.45615e-05,-4.43461e-05,4.667562391077381e-05,-114.35086366250896
9517217217.0,1.87006e-05,-2.21122e-05,2.8959658651303198e-05,-113.96613122808012
9524024024.0,2.99345e-05,-1.6655e-06,2.9980796862325058e-05,-113.1529163677094
9530830831.0,3.3525e-06,-2.3674e-05,2.3910197244063045e-05,-114.52745618479486
9537637638.0,1.06308e-05,2.23719e-05,2.476925146729307e-05,-111.97013878862244
9544444444.0,-1.87478e-05,-2.22234e-05,2.907506685116992e-05,-109.08571700315312
9551251251.0,5.01095e-05,-4.75696e-05,6.909290002894653e-05,-107.57355175159253
9558058058.0,2.14075e-05,3.2874e-06,2.1658440733580062e-05,-106.66177750882176
9564864865.0,2.3846e-06,-5.33199e-05,5.337319601794518e-05,-108.34025381518352
9571671672.0,2.44785e-05,-1.17609e-05,2.7157240858747045e-05,-107.2620426610032
9578478478.0,2.51146e-05,-4.55004e-05,5.1971429971860506e-05,-107.88059642907416
9585285285.0,2.96229e-05,-1.70077e-05,3.4158133199869104e-05,-107.33533815689061
9592092092.0,2.22117e-05,-9.6295e-06,2.420923144463698e-05,-107.22322595271731
9598898899.0,1.93777e-05,-6.17551e-05,6.472393400667175e-05,-108.08089326170902
9605705706.0,6.6699e-06,-2.63586e-05,2.718939793320183e-05,-108.137104488664
9612512513.0,6.328e-06,-6.26728e-05,6.299145532403582e-05,-108.28431873979903
9619319319.0,4.3558e-06,-1.2586e-05,1.3318422941174379e-05,-108.05176555991265
9626126126.0,-3.39875e-05,-1.285e-05,3.633555636356763e-05,-109.59427451502481
9632932933.0,-1.2591e-06,-2.42827e-05,2.431532134478177e-05,-108.43675188394658
9639739740.0,1.9661e-05,-1.4176e-06,1.971203974123429e-05,-106.886127795271
9646546547.0,-1.4973e-05,-5.05217e-05,5.2693765284803856e-05,-108.6730676350761
9653353353.0,-3.17215e-05,-2.03288e-05,3.767643390356895e-05,-109.38582519474039
9660160160.0,2.4522e-06,-3.50738e-05,3.5159418813171535e-05,-108.31514469990974
9666966967.0,2.6814e-06,7.4823e-06,7.948252590978725e-06,-105.5874619658169
9673773774.0,-4.716e-06,-1.83836e-05,1.897886732552815e-05,-108.63606440058744
9680580581.0,-2.14861e-05,-1.3048e-05,2.5137676845921937e-05,-109.40999030182235
9687387387.0,1.02281e-05,2.01763e-05,2.2620723049893874e-05,-111.99572048619989
9694194194.0,-9.3126e-06,-2.14278e-05,2.3363970801214418e-05,-115.07810867573733
9701001001.0,-4.5746e-05,1.4065e-06,4.5767616916876935e-05,-116.26966435777572
9707807808.0,-1.14725e-05,-2.34889e-05,2.6140900509737613e-05,-115.12247439213456
9714614615.0,1.21704e-05,1.48254e-05,1.9181009392625822e-05,-112.21390399707082
9721421421.0,-1.81847e-05,-1.70637e-05,2.493698401531348e-05,-109.20213685868282
9728228228.0,-3.22014e-05,-2.50466e-05,4.079537147177361e-05,-109.29467906779145
9735035035.0,-6.3945e-06,-1.33806e-05,1.4830040007026279e-05,-108.83075296528452
9741841842.0,-1.49614e-05,-1.51496e-05,2.129210816523343e-05,-109.16409458606641
9748648649.0,-5.26228e-05,4.65848e-05,7.02801726725255e-05,-110.68035374881761
9755455455.0,-4.51837e-05,1.00229e-05,4.6282018863701266e-05,-110.17403380339503
9762262262.0,6.562e-07,3.84699e-05,3.847549615599518e-05,-111.54359504008973
9769069069.0,-2.22905e-05,1.2959e-06,2.232813801148676e-05,-110.01381438373737
9775875876.0,-7.68186e-05,4.94668e-05,9.136772738883243e-05,-110.52784831053654
9782682683.0,-6.05071e-05,2.75533e-05,6.648528778083163e-05,-110.38305600219982
9789489489.0,-7.22516e-05,1.92404e-05,7.476955727246216e-05,-110.21600031373823
9796296296.0,-6.35036e-05,4.3346e-05,7.688681895461667e-05,-110.55467855504564
9803103103.0,-6.44161e-05,3.06247e-05,7.132535446319211e-05,-110.39953380994163
9809909910.0,-7.3089e-05,5.82576e-05,9.346630344011685e-05,-110.6286992852585
9816716717.0,-3.89479e-05,6.23565e-05,7.352055499423274e-05,-110.96822723201477
9823523524.0,-1.66918e-05,2.82669e-05,3.282733347151425e-05,-110.99312915165896
9830330330.0,-4.4627e-05,0.0001341143,0.00014134431220777865,-111.2053106070786
9837137137.0,-3.36272e-05,0.0002651791,0.0002673027191344114,-111.40040305286938
9843943944.0,0.0003947471,-0.0001849816,0.0004359397496179604,-113.53555556134555
9850750751.0,0.000116176,-9.87171e-05,0.0001524530380425723,-113.80166716294372
9857557558.0,3.3403e-05,-4.90693e-05,5.935955366653291e-05,-114.07045541627221
9864364364.0,1.0735e-05,-2.09525e-05,2.354246124027817e-05,-114.19465363666693
9871171171.0,-8.7256e-06,6.3546e-06,1.0794305745160269e-05,-116.8683769759155
9877977978.0,5.74115e-05,4.00793e-05,7.001735942421708e-05,-118.77106729212178
9884784785.0,-2.40945e-05,-3.70631e-05,4.420654150530213e-05,-121.52775848207028
9891591592.0,8.12765e-05,6.9447e-05,0.00010690535656013686,-118.67344688937112
9898398398.0,-8.6734e-06,-4.38177e-05,4.466787101317904e-05,-121.14673390477468
9905205205.0,0.0001191589,-2.65847e-05,0.00012208845040911936,-119.6000288904932
9912012012.0,3.02654e-05,-2.73545e-05,4.0795380956794605e-05,-120.11544290709205
9918818819.0,-5.05397e-05,-2.872e-05,5.813002387828513e-05,-122.00535461359928
9925625626.0,-9.5031e-06,-1.5658e-06,9.63123248862782e-06,-122.35881342547121
9932432432.0,2.18348e-05,-4.9522e-06,2.23893451418303e-05,-119.60355081687396
9939239239.0,2.37223e-05,-9.3083e-06,2.5483170253718435e-05,-119.75444629487404
9946046046.0,2.91929e-05,-1.20356e-05,3.157659066096275e-05,-119.77156696274513
9952852853.0,3.36035e-05,6.871e-07,3.361052392718685e-05,-119.36007641046764
9959659660.0,3.27157e-05,-3.69996e-05,4.938914280132831e-05,-120.2272903243111
9966466466.0,1.34344e-05,3.51891e-05,3.766637575039574e-05,-118.17442365344964
9973273273.0,5.34791e-05,-5.7519e-06,5.3787530993902296e-05,-119.48766313212954
9980080080.0,6.4524e-05,4.52692e-05,7.88203466412068e-05,-118.76873056099069
9986886887.0,4.0845e-05,3.49855e-05,5.378010073670372e-05,-118.67224045034412
9993693694.0,6.49517e-05,-1.41061e-05,6.646582121737457e-05,-119.59437812186235
10000500501.0,9.11063e-05,-1.60422e-05,9.250789199052154e-05,-119.55481637609415
10007307307.0,0.0001006276,-1.85253e-05,0.00010231862304512312,-119.56257992792213
10014114114.0,0.0001526395,-6.49947e-05,0.0001659009583707701,-119.78307333755555
10020920921.0,0.0001827831,-0.0001625942,0.0002446355156539009,-120.10753081895682
10027727728.0,0.0002135101,-0.0002993938,0.0003677270866831134,-120.33182583932003
10034534535.0,-0.0003179739,-0.0011393191,0.0011828589995033305,-121.22348290928304
10041341341.0,-0.0003914039,0.00016408,0.00042440459391388544,-122.91906881982149
10048148148.0,-0.0001590829,9.47019e-05,0.00018513729752813178,-123.05906924309465
10054954955.0,-0.0001196575,6.2388e-05,0.00013494509939323472,-123.00272483158096
10061761762.0,-0.0001175212,8.22133e-05,0.0001434233563487133,-123.13254505873022
10068568569.0,-9.89069e-05,9.72425e-05,0.0001387035640272448,-123.29902648823807
10075375375.0,-7.39439e-05,6.13757e-05,9.609722627474738e-05,-123.21489944596406
10082182182.0,-4.10974e-05,5.5814e-05,6.931232850481939e-05,-123.45821649020404
10088988989.0,-6.8146e-05,5.68464e-05,8.874339698794496e-05,-123.21735442952195
10095795796.0,-1.85901e-05,5.48841e-05,5.794701244084978e-05,-123.76632308315904
10102602603.0,-2.36247e-05,3.88622e-05,4.54796332321403e-05,-123.54669480692615
10109409409.0,-1.05291e-05,7.24856e-05,7.324632519225794e-05,-123.9486608965887
10116216216.0,-1.96605e-05,4.77655e-05,5.165344374289095e-05,-123.70243966751168
10123023023.0,4.0869e-06,2.08854e-05,2.1281510396820994e-05,-124.28615017252122
10129829830.0,3.37723e-05,5.78045e-05,6.694720657010269e-05,-124.6216681994129
10136636637.0,3.22469e-05,3.23439e-05,4.5672644184675796e-05,-124.87680621946248
10143443443.0,3.75702e-05,1.19428e-05,3.9422714263226476e-05,-125.35592782462426
10150250250.0,2.16736e-05,5.3928e-06,2.2334440418331504e-05,-125.41983946951218
10157057057.0,1.10612e-05,2.79144e-05,3.0026053233816796e-05,-124.47018294539704
10163863864.0,7.0742e-06,6.89489e-05,6.93108585782199e-05,-124.19515267366651
10170670671.0,3.7379e-06,-1.72702e-05,1.7670079356075342e-05,-127.02135377565597
10177477477.0,2.53639e-05,4.96947e-05,5.579328482263793e-05,-124.56483838017101
10184284284.0,3.13809e-05,1.74679e-05,3.591501656995302e-05,-125.15577846993276
10191091091.0,3.46122e-05,5.44341e-05,6.450639992783662e-05,-124.6592769914154
10197897898.0,1.09234e-05,2.98301e-05,3.176720846360284e-05,-124.4439318773607
10204704705.0,1.60044e-05,3.7378e-05,4.066024721223421e-05,-124.49746833348695
10211511512.0,1.24067e-05,1.66108e-05,2.07327007775157e-05,-124.73442758403714
10218318318.0,-1.37766e-05,3.20594e-05,3.489412322899087e-05,-123.68704717748943
10225125125.0,-8.2638e-06,1.70084e-05,1.89096816736824e-05,-123.6406333632866
10231931932.0,4.88437e-05,1.6941e-06,4.8873070340423676e-05,-125.62903593713548
10238738739.0,2.37013e-05,1.59651e-05,2.857684446715557e-05,-125.07092166448476
10245545546.0,6.8625e-06,-3.98125e-05,4.039961710833408e-05,-127.06380931547746
10252352352.0,2.35285e-05,-4.17869e-05,4.795555571422356e-05,-126.72168829116397
10259159159.0,-1.04464e-05,2.26618e-05,2.495364607026396e-05,-123.66097113869425
10265965966.0,1.1173e-06,-1.53052e-05,1.5345928004848713e-05,-120.87844509668285
10272772773.0,2.16167e-05,-7.042e-07,2.1628167202285082e-05,-119.41308598513062
10279579580.0,-5.2186e-06,-3.81028e-05,3.845851211110487e-05,-121.08743135071167
10286386386.0,2.4806e-05,-3.68e-06,2.507748065496213e-05,-119.5277978821945
10293193193.0,1.84743e-05,-4.17743e-05,4.567703910040579e-05,-120.5349344914715
10300000000.0,5.58517e-05,1.99073e-05,5.9293448088131964e-05,-119.03812800771159
