Frequenze (Hz),Parte Reale,Parte Immaginaria,Ampiezza,Fase
1000000000.0,-1.23173e-05,-4.2439e-06,1.3027914894563902e-05,-2.8097831605813313
1011011011.0,-1.00875e-05,-9.0826e-06,1.3573919073355345e-05,-2.408566729676767
1022022022.0,1.0843e-06,-7.4474e-06,7.525920093251057e-06,-1.4262177593032572
1033033033.0,-1.123e-07,-8.0211e-06,8.02188609368146e-06,-1.5847959856108205
1044044044.0,4.2511e-06,1.9148e-06,4.662436085352806e-06,0.4232069643989674
1055055055.0,-1.6782e-06,3.5677e-06,3.942694323682727e-06,2.0104742150058703
1066066066.0,-5.6658e-06,-4.7781e-06,7.4115807524441095e-06,3.8421976369443556
1077077077.0,-4.3676e-06,-9.7522e-06,1.0685566648521733e-05,4.291317837604368
1088088088.0,5.471e-07,-1.13954e-05,1.1408525740427638e-05,4.760362743657101
1099099099.0,1.8418e-06,-1.8422e-06,2.6049813972464373e-06,5.497678566149557
1110110110.0,8.807e-07,1.4179e-06,1.6691533482577327e-06,7.298170197123923
1121121121.0,2.481e-07,8.48e-08,2.62192009794349e-07,6.612534316229293
1132132132.0,1.6383e-06,1.197e-06,2.028998740758604e-06,6.91417745705265
1143143143.0,-2.779e-07,-4.3175e-06,4.3264344049112775e-06,4.648111696421148
1154154154.0,2.1493e-06,-9.5881e-06,9.826044580603124e-06,4.932906883491106
1165165165.0,7.9735e-06,-1.31622e-05,1.538896393816036e-05,5.257053341291783
1176176176.0,5.9033e-06,2.8847e-06,6.570421978838193e-06,6.737718930860934
1187187187.0,5.4669e-06,-1.3378e-06,5.6282061484988275e-06,6.043192511190312
1198198198.0,-2.7115e-06,4.6464e-06,5.379708654750739e-06,8.382232701035216
1209209209.0,-8.1686e-06,2.6073e-06,8.57461598265485e-06,9.11581388616774
1220220220.0,-1.7309e-06,-9.2153e-06,9.376447562909952e-06,10.80990859128495
1231231231.0,1.14899e-05,-1.36118e-05,1.7812885820382952e-05,11.696640815264011
1242242242.0,5.7116e-06,-2.3798e-06,6.18755384623035e-06,12.171584467421109
1253253253.0,-1.03931e-05,-5.4042e-06,1.1714175397781955e-05,9.904281196150606
1264264264.0,2.0577e-06,-7.6132e-06,7.886377085202051e-06,11.259547605407512
1275275275.0,-3.4928e-06,-8.9136e-06,9.57350075991014e-06,10.622112888712078
1286286286.0,5.0404e-06,-8.534e-06,9.91134643527306e-06,11.529072429347423
1297297297.0,5.6199e-06,-8.941e-06,1.0560528254306221e-05,11.556725101724664
1308308308.0,-5.2118e-06,-4.5402e-06,6.91203843160612e-06,10.141416766251865
1319319319.0,6.3162e-06,-4.2674e-06,7.622669165062852e-06,11.97218981453435
1330330330.0,-1.19777e-05,-6.261e-07,1.1994052630366437e-05,9.477002568672138
1341341341.0,-4.7402e-06,5.39e-08,4.7405064339161065e-06,9.4134076225628
1352352352.0,-2.4155e-06,-1.2946e-05,1.3169417460540917e-05,10.811112603706226
1363363363.0,5.42e-08,-1.55177e-05,1.5517794654202637e-05,10.999067059018575
1374374374.0,1.7692e-06,6.685e-07,1.8912855125548866e-06,12.927641418660988
1385385385.0,2.3424e-06,2.6859e-06,3.563831725825449e-06,13.419976154508337
1396396396.0,-2.4697e-06,-2.093e-07,2.4785529205566702e-06,15.792508386242254
1407407407.0,-6.1977e-06,-5.796e-06,8.485581965310334e-06,16.459881362788284
1418418418.0,-4.1382e-06,-9.7973e-06,1.0635402509073175e-05,16.879108779439985
1429429429.0,4.0984e-06,-1.0701e-05,1.1458982658159493e-05,17.64451868686004
1440440440.0,5.915e-07,-1.4366e-06,1.5536060665432535e-06,17.669342130954515
1451451451.0,3.4658e-06,5.2726e-06,6.309681481659752e-06,19.838846428021565
1462462462.0,-5.7709e-06,2.1039e-06,6.142449187417019e-06,21.64155276350308
1473473473.0,2.5051e-06,-1.7239e-06,3.040946763756314e-06,24.530008455858443
1484484484.0,8.373e-07,-1.44985e-05,1.4522657247900606e-05,23.619631629273456
1495495495.0,3.6088e-06,-1.32352e-05,1.3718380242579661e-05,23.828140689982046
1506506507.0,5.8384e-06,-8.0745e-06,9.964159011677804e-06,24.187984542942374
1517517518.0,5.4402e-06,1.3457e-05,1.4515048227270897e-05,26.319359493610794
1528528529.0,7.8087e-06,2.612e-07,7.813067331720621e-06,25.166178631486332
1539539540.0,-1.0204e-06,-1.09551e-05,1.1002519355583974e-05,23.469069040764786
1550550551.0,-2.7698e-06,-1.4121e-05,1.4390081064399882e-05,23.36825631986548
1561561562.0,7.2059e-06,-1.43859e-05,1.6089720744002988e-05,24.026312401176433
1572572573.0,7.2076e-06,-2.676e-06,7.688333613989444e-06,24.777240510622423
1583583584.0,8.1711e-06,-1.8569e-06,8.379436306816826e-06,24.909284199254213
1594594595.0,-2.9984e-06,-3.7994e-06,4.840025094976265e-06,22.893838132116223
1605605606.0,-5.6825e-06,3.2759e-06,6.5591407257353456e-06,21.468195826230165
1616616617.0,1.4594e-06,-2.9939e-06,3.330658428899607e-06,24.01550852574536
1627627628.0,4.8529e-06,-1.23791e-05,1.3296343678620826e-05,23.93555626209801
1638638639.0,4.3491e-06,-4.8217e-06,6.493339795513553e-06,24.29585548409853
1649649650.0,5.416e-06,4.8936e-06,7.299340857913131e-06,25.8675114737127
1660660661.0,-2.2208e-06,-7.495e-07,2.3438649470479308e-06,28.599821652673683
1671671672.0,-5.6764e-06,3.4741e-06,6.655139951195618e-06,27.725119191826884
1682682683.0,1.5694e-06,2.2776e-06,2.7659497681628274e-06,26.100192580129203
1693693694.0,7.78e-06,-1.39017e-05,1.5930651678132944e-05,24.07216200770097
1704704705.0,1.41458e-05,-9.4983e-06,1.7038819223467335e-05,24.54142939481159
1715715716.0,1.3122e-06,3.3556e-06,3.603043185974878e-06,26.330772334119672
1726726727.0,2.7318e-06,-9.6139e-06,9.994488703780698e-06,23.83879873045236
1737737738.0,6.533e-06,-3.7555e-06,7.535507232429679e-06,24.611019115692603
1748748749.0,-3.9125e-06,-4.7932e-06,6.1872790861573395e-06,22.877367342400834
1759759760.0,2.1273e-06,-1.67104e-05,1.684526264117007e-05,23.68856775846884
1770770771.0,4.1014e-06,-8.5426e-06,9.476154110186262e-06,24.00955544651859
1781781782.0,4.5207e-06,-6.4463e-06,7.873468878455035e-06,24.173533438270216
1792792793.0,7.5776e-06,1.758e-06,7.778855041714045e-06,25.360707899811327
1803803804.0,2.9798e-06,1.1714e-06,3.2017785682335996e-06,25.507297021263337
1814814815.0,-4.1159e-06,-1.04148e-05,1.119860222751036e-05,23.18558569749052
1825825826.0,-2.8275e-06,-1.27953e-05,1.3103986353014872e-05,23.34446043361749
1836836837.0,7.0904e-06,-1.05426e-05,1.2705124435439425e-05,24.154007856100357
1847847848.0,2.978e-06,-3.1894e-06,4.363571514252975e-06,24.313079475135737
1858858859.0,4.0376e-06,2.5709e-06,4.7866209971126815e-06,25.699738031987085
1869869870.0,-2.1517e-06,-7.1837e-06,7.499023841807679e-06,23.27092365583225
1880880881.0,-6.4636e-06,-4.5715e-06,7.916864102029288e-06,22.606736018347327
1891891892.0,9.538e-07,-8.6191e-06,8.671713743545736e-06,23.672157682644063
1902902903.0,4.5887e-06,-8.4526e-06,9.617827948658678e-06,24.05930093328284
1913913914.0,4.1379e-06,-9.9896e-06,1.0812692752963991e-05,23.95465015244854
1924924925.0,4.6209e-06,7.9369e-06,9.184067640212588e-06,26.176305655349722
1935935936.0,-7.1049e-06,5.3414e-06,8.888765829405115e-06,27.629687507409212
1946946947.0,-3.6384e-06,-8.6993e-06,9.429516162030796e-06,29.44899878040912
1957957958.0,-3.419e-07,-1.93072e-05,1.93102270170498e-05,29.827423640147966
1968968969.0,2.8675e-06,-1.04718e-05,1.085730866697636e-05,30.112408977648776
1979979980.0,5.5537e-06,-4.2821e-06,7.0128427973254895e-06,30.759098054815247
1990990991.0,5.4113e-06,-3.4654e-06,6.425820169441408e-06,30.846329171824316
2002002002.0,-4.6532e-06,-1.8762e-06,5.017210049419896e-06,28.657601333741265
2013013013.0,-7.047e-07,-6.012e-06,6.0531600086235955e-06,29.728447085134828
2024024024.0,-3.7633e-06,-8.2438e-06,9.062155666837775e-06,29.416883514170735
2035035035.0,4.4752e-06,-1.32756e-05,1.4009602792370668e-05,30.17026660221586
2046046046.0,5.7137e-06,-4.4604e-06,7.248554052361064e-06,30.753096230778795
2057057057.0,1.8803e-06,-9.156e-07,2.0913754923494727e-06,30.96277851966512
2068068068.0,-1.1059e-06,-6.16e-07,1.265887360707895e-06,28.782544938128567
2079079079.0,7.07e-07,-3.6315e-06,3.699681236268876e-06,30.03741038512146
2090090090.0,-1.3532e-06,-3.9487e-06,4.174132476335651e-06,29.51497789169436
2101101101.0,5.4031e-06,-9.071e-06,1.0558244674660652e-05,30.3823416923494
2112112112.0,9.8236e-06,-5.8211e-06,1.1418770606768489e-05,30.88099350607251
2123123123.0,6.492e-07,1.4312e-06,1.5715578513055127e-06,32.560874759798466
2134134134.0,6.9731e-06,-4.186e-06,8.133063359522044e-06,30.87528140909581
2145145145.0,-1.08588e-05,-8.6288e-06,1.3869741413595281e-05,28.945795896713403
2156156156.0,8.2344e-06,1.6572e-06,8.3995032710274e-06,31.61452688068505
2167167167.0,3.8048e-06,-1.11045e-05,1.1738246176069064e-05,30.175229551017527
2178178178.0,4.4448e-06,-4.5326e-06,6.348284004358973e-06,30.620748569797556
2189189189.0,8.2377e-06,-7.9984e-06,1.1481903320007532e-05,30.645266066556257
2200200200.0,-7.8065e-06,1.0001e-06,7.87030128139959e-06,28.14691674493709
2211211211.0,4.6795e-06,-1.751e-07,4.682774846178278e-06,25.095340150244603
2222222222.0,-7.5456e-06,-7.204e-07,7.57991131346535e-06,22.08633292919842
2233233233.0,2.254e-07,-8.5848e-06,8.58775850848171e-06,23.58819457894949
2244244244.0,7.4712e-06,-8.873e-06,1.1599524060925947e-05,24.26178501698176
2255255255.0,2.371e-06,-3.4993e-06,4.226906846619641e-06,24.157453975414356
2266266266.0,-3.791e-06,-9.224e-07,3.901602588680708e-06,22.229823860430947
2277277277.0,-4.449e-06,-1.0034e-06,4.56074693005433e-06,22.212971064361195
2288288288.0,2.6247e-06,-7.1691e-06,7.634464283759535e-06,23.91290147056061
2299299299.0,-1.4724e-06,-1.23514e-05,1.243885218659664e-05,23.44329566375697
2310310310.0,3.3038e-06,-7.5204e-06,8.214104369923722e-06,23.975875003842933
2321321321.0,1.53528e-05,-6.0808e-06,1.6513164338793458e-05,24.75562643787111
2332332332.0,1.7897e-06,4.6374e-06,4.97076501657441e-06,26.33522123150464
2343343343.0,3.6439e-06,3.7114e-06,5.2012015121508225e-06,25.92731619050372
2354354354.0,3.04e-07,-2.141e-06,2.16247473973686e-06,23.702991783427887
2365365365.0,1.3581e-06,-1.26147e-05,1.2687595977962098e-05,23.669191929720032
2376376376.0,6.2019e-06,-1.37394e-05,1.507430515712084e-05,23.9859585192654
2387387387.0,7.1976e-06,-6.716e-07,7.228865216615953e-06,25.039701741474328
2398398398.0,-1.2374e-06,2.995e-06,3.2405530021895955e-06,27.095332980706257
2409409409.0,5.392e-07,-1.2117e-05,1.2128991122100798e-05,29.889600334869538
2420420420.0,5.7535e-06,-1.8953e-06,6.0576335594025496e-06,31.09770492413915
2431431431.0,-2.3782e-06,-1.4145e-05,1.4343530257227471e-05,29.678558007580104
2442442442.0,1.06347e-05,-6.4379e-06,1.2431548596212782e-05,30.871569809120253
2453453453.0,9.2489e-06,-2.9426e-06,9.705722331181745e-06,31.107896515212254
2464464464.0,4.88e-07,1.8849e-06,1.9470469973783377e-06,32.73338573160939
2475475475.0,-3.5141e-06,1.5469e-06,3.839504970696092e-06,34.14284639266287
2486486486.0,-6.9479e-06,5.462e-06,8.837802804430523e-06,33.89128875528654
2497497497.0,2.8199e-06,-9.6314e-06,1.0035721297943662e-05,36.41313715520291
2508508509.0,3.8215e-06,-5.6771e-06,6.843487901647814e-06,36.72078832831835
2519519520.0,7.7852e-06,-8.6915e-06,1.1668397974443621e-05,36.85876410611369
2530530531.0,1.145e-06,4.418e-07,1.2272783873270156e-06,38.06736207755642
2541541542.0,-5.9059e-06,-4.752e-07,5.924986907158529e-06,40.920993439035136
2552552553.0,3.782e-07,-3.6543e-06,3.6738186849652774e-06,42.51462817964638
2563563564.0,-2.0273e-06,1.8042e-06,2.713868627992151e-06,40.113468508088566
2574574575.0,5.2172e-06,-8.0121e-06,9.56101052452093e-06,42.98869466798569
2585585586.0,1.09557e-05,-2.9182e-06,1.133769172847807e-05,43.72197769970442
2596596597.0,5.8529e-06,-2.796e-06,6.486451603920282e-06,43.53663847068864
2607607608.0,-9.8724e-06,-6.471e-07,9.893584798747117e-06,40.90615724006127
2618618619.0,-4.0965e-06,-8.4142e-06,9.358422617620984e-06,41.95842395845204
2629629630.0,-3.1018e-06,-4.1445e-06,5.176682672329839e-06,41.7690158095772
2640640641.0,6.0193e-06,-7.2881e-06,9.452426889428978e-06,43.1018408948978
2651651652.0,1.03429e-05,-5.0336e-06,1.1502726171216979e-05,43.529368665366654
2662662663.0,8.8364e-06,-2.6027e-06,9.211732315368267e-06,43.69585424191991
2673673674.0,4.8806e-06,-4.0932e-06,6.369814958065894e-06,43.28441916064086
2684684685.0,6.0045e-06,-2.7898e-06,6.620951917209489e-06,43.54735344291777
2695695696.0,-5.703e-07,-9.3814e-06,9.398718425934463e-06,42.350785040968425
2706706707.0,7.7109e-06,-1.23992e-05,1.4601306087127959e-05,42.96785836935338
2717717718.0,2.15863e-05,-8.1079e-06,2.3058759509132316e-05,43.62299707630296
2728728729.0,5.8863e-06,-2.7147e-06,6.48213882757844e-06,43.55017705888541
2739739740.0,-5.3302e-06,-2.412e-06,5.850536389084338e-06,41.265648637350814
2750750751.0,-2.475e-07,-1.595e-06,1.6140883649912107e-06,42.257556159003855
2761761762.0,-7.836e-07,-4.3594e-06,4.4292660023981404e-06,42.23365052773651
2772772773.0,3.8158e-06,-5.8842e-06,7.013140471999688e-06,42.98680843348067
2783783784.0,1.21427e-05,-5.7811e-06,1.3448653482784065e-05,43.53795434512467
2794794795.0,2.0178e-06,1.8382e-06,2.7295596861032366e-06,44.721152187527295
2805805806.0,4.1905e-06,1.14198e-05,1.2164379239813268e-05,45.20139861198151
2816816817.0,-1.6744e-06,-1.0571e-06,1.980170641636725e-06,47.68702853246344
2827827828.0,-4.5206e-06,1.2623e-06,4.693530190592152e-06,46.85159262478721
2838838839.0,5.324e-06,-7.3558e-06,9.080350744327006e-06,49.32119588874964
2849849850.0,9.6798e-06,-1.2575e-06,9.761138985282403e-06,50.136296244974446
2860860861.0,1.15003e-05,-2.3446e-06,1.1736867096887483e-05,50.0643657031887
2871871872.0,7.1071e-06,3.1693e-06,7.781730713665181e-06,50.68495024451957
2882882883.0,-1.6245e-06,6.698e-07,1.7571659824842957e-06,53.01600064890569
2893893894.0,2.9921e-06,-1.59908e-05,1.6268323424680244e-05,55.162846317050246
2904904905.0,-7.573e-07,4.1802e-06,4.24824379361637e-06,58.29868386438478
2915915916.0,6.3648e-06,-1.327e-06,6.501661944456971e-06,56.34312180155297
2926926927.0,7.1268e-06,7.651e-07,7.167751129189685e-06,56.65561349871025
2937937938.0,7.942e-07,6.8717e-06,6.9174427738868936e-06,58.00439913690665
2948948949.0,-2.761e-07,-3.2145e-06,3.226335608705331e-06,54.89218967739752
2959959960.0,1.4725e-06,-3.4964e-06,3.793819870526275e-06,55.37647443419878
2970970971.0,1.8459e-06,-7.4812e-06,7.705562941797308e-06,55.219778097719605
2981981982.0,1.20748e-05,-1.2808e-06,1.2142538601132796e-05,56.44299076674201
2992992993.0,9.0735e-06,3.0396e-06,9.569094544939976e-06,56.871915338724015
3004004004.0,1.28105e-05,-3.985e-07,1.2816696629787256e-05,56.51757049779838
3015015015.0,-1.02686e-05,7.4187e-06,1.266811965723406e-05,59.064616104879185
3026026026.0,2.1294e-06,-1.5541e-06,2.6362039317928345e-06,62.20138622507907
3037037037.0,2.8876e-06,-7.0217e-06,7.592266107691431e-06,61.65121459072998
3048048048.0,7.8923e-06,-4.6498e-06,9.1601877344299e-06,62.29944487344336
3059059059.0,1.15256e-05,-6.4261e-06,1.3195992443541334e-05,62.32323168745753
3070070070.0,-6.373e-07,-5.1079e-06,5.147503637686913e-06,61.13693066335487
3081081081.0,5.8324e-06,5.0249e-06,7.698474509277797e-06,63.543013990956595
3092092092.0,-1.247e-06,-1.08279e-05,1.0899469134320259e-05,61.14639642863541
3103103103.0,2.5216e-06,-4.3318e-06,5.0122806984445715e-06,61.788220703220404
3114114114.0,1.39221e-05,-1.11046e-05,1.7808341011166648e-05,62.158562638031135
3125125125.0,9.3267e-06,2.1512e-06,9.571572197397876e-06,63.05853837309599
3136136136.0,5.7573e-06,6.52e-06,8.698097682252138e-06,63.679294283605124
3147147147.0,5.065e-07,5.292e-07,7.325263749517828e-07,63.6391652703209
3158158158.0,7.8792e-06,-1.23209e-05,1.4624854510387445e-05,61.83001424926204
3169169169.0,2.6188e-06,-1.134e-07,2.6212540891718223e-06,62.788577830714836
3180180180.0,5.0185e-06,-8.9261e-06,1.0240146652270172e-05,61.773239272919845
3191191191.0,1.40218e-05,-8.588e-07,1.4048075052476051e-05,62.77068199879535
3202202202.0,1.09635e-05,-2.4394e-06,1.1231607392087741e-05,62.61291758879604
3213213213.0,3.9364e-06,6.2101e-06,7.352590493832769e-06,63.83769661899627
3224224224.0,-5.6846e-06,-6.8638e-06,8.91215055976951e-06,66.85254086987572
3235235235.0,-3.3354e-06,-7.626e-06,8.323507022884045e-06,67.1319389275351
3246246246.0,1.22036e-05,-4.4157e-06,1.2977914295062978e-05,68.76785852731555
3257257257.0,8.2547e-06,-5.783e-07,8.274932203951887e-06,69.04509559738634
3268268268.0,6.6968e-06,5.604e-06,8.732236038953596e-06,69.81182941413326
3279279279.0,-5.8401e-06,1.2382e-06,5.969916854529886e-06,72.04770789575763
3290290290.0,7.602e-07,-1.6152e-06,1.7851540773837983e-06,74.26732360943879
3301301301.0,4.4616e-06,-3.661e-06,5.771377267169423e-06,74.71107268610419
3312312312.0,-3.682e-06,-7.384e-07,3.7553107141753265e-06,72.4545488292125
3323323323.0,8.0213e-06,-2.4868e-06,8.397941886557683e-06,75.09759560990933
3334334334.0,1.12073e-05,-1.0088e-06,1.1252610840600505e-05,75.3084528549607
3345345345.0,1.1123e-06,-3.037e-07,1.153015602669799e-06,75.13168258449588
3356356356.0,-1.0916e-06,9.538e-07,1.4495947709618713e-06,77.82168721090542
3367367367.0,1.549e-07,1.585e-06,1.5925511012209312e-06,76.87160066781385
3378378378.0,3.4925e-06,-7.629e-07,3.574852816550634e-06,75.1831623136143
3389389389.0,1.04907e-05,-1.2541e-06,1.0565394138412442e-05,75.27924433380079
3400400400.0,6.1674e-06,-1.7634e-06,6.414546150742077e-06,75.11973130188859
3411411411.0,9.23e-07,1.0736e-05,1.0775603231374102e-05,76.88325846414233
3422422422.0,4.5283e-06,3.1603e-06,5.522046448555101e-06,76.00753877900931
3433433433.0,-2.2091e-06,4.853e-06,5.332141390660979e-06,77.39619229598388
3444444444.0,1.07915e-05,-3.9572e-06,1.1494168264385205e-05,75.04675302591858
3455455455.0,7.8059e-06,-5.4112e-06,9.498060867882454e-06,74.79206308482102
3466466466.0,1.53958e-05,1.14593e-05,1.9192347801402518e-05,76.03807541571707
3477477477.0,-7.82e-07,1.25362e-05,1.256056664486121e-05,77.03131864090544
3488488488.0,1.36174e-05,1.5117e-06,1.370105177167067e-05,75.50878338040253
3499499499.0,4.0091e-06,-7.5757e-06,8.571120889358638e-06,74.31416525076152
3510510511.0,6.0046e-06,-3.1418e-06,6.776881908370545e-06,74.91616353209064
3521521522.0,2.20635e-05,-3.0889e-06,2.227867445473361e-05,75.25912730014842
3532532533.0,1.61626e-05,-3.1343e-06,1.6463701748088127e-05,75.20667815838127
3543543544.0,1.0799e-05,6.6516e-06,1.2683145649246482e-05,75.95028569387497
3554554555.0,1.473e-06,5.9339e-06,6.113992002775274e-06,76.72570347946989
3565565566.0,1.17015e-05,2.9001e-06,1.2055524968245887e-05,75.64116839649574
3576576577.0,4.5791e-06,-6.4317e-06,7.895246778917047e-06,74.44613379574413
3587587588.0,1.35256e-05,-7.2221e-06,1.5332990046628218e-05,74.90778028761878
3598598599.0,2.06696e-05,4.975e-07,2.0675586337755937e-05,75.42228820419304
3609609610.0,4.2059e-06,-1.3615e-06,4.420777879513966e-06,75.08515724445719
3620620621.0,3.968e-06,-3.7136e-06,5.434689407868678e-06,74.64593152304309
3631631632.0,5.343e-06,-1.47953e-05,1.5730497483868716e-05,74.1739813378186
3642642643.0,9.4012e-06,-7.077e-06,1.1767178525033094e-05,74.75294814937014
3653653654.0,8.3205e-06,-5.5194e-06,9.9847131461049e-06,74.8125210593854
3664664665.0,1.48086e-05,-6.8496e-06,1.6315993813433493e-05,74.96498888925764
3675675676.0,9.9924e-06,-1.1244e-06,1.0055462849615625e-05,75.28616952334897
3686686687.0,1.396e-06,-1.19824e-05,1.2063445849341722e-05,73.94340870432097
3697697698.0,-4.2523e-06,-1.37521e-05,1.4394523601008823e-05,73.52754171405279
3708708709.0,5.5793e-06,-9.7511e-06,1.1234435441979272e-05,74.34713323127357
3719719720.0,6.7412e-06,-1.56565e-05,1.704610717114028e-05,74.23400533660278
3730730731.0,7.2253e-06,4.111e-07,7.236985788296119e-06,75.45505969869913
3741741742.0,5.059e-07,-6.8235e-06,6.842228223320237e-06,73.90143279510528
3752752753.0,-3.5379e-06,-3.041e-07,3.550945398059508e-06,72.34237522544268
3763763764.0,-7.005e-06,-5.4197e-06,8.856815064683241e-06,72.91512228974972
3774774775.0,-3.6053e-06,-7.3099e-06,8.150633478448163e-06,73.36922822621928
3785785786.0,-1.22404e-05,-6.9038e-06,1.4053108076151695e-05,72.77017251697595
3796796797.0,3.8564e-06,4.1702e-06,5.6799990316900585e-06,69.93951165185229
3807807808.0,-1.07717e-05,8.3759e-06,1.3644970564277522e-05,71.59570870450878
3818818819.0,-1.0174e-05,7.3942e-06,1.2577140757739813e-05,71.62816093297899
3829829830.0,-2.03821e-05,5.3803e-06,2.1080266328962734e-05,71.9985462617856
3840840841.0,-2.35097e-05,8.4268e-06,2.4974325863374172e-05,71.91245779367715
3851851852.0,-8.9811e-06,8.03e-06,1.204745023687585e-05,71.5270852721083
3862862863.0,-2.4254e-06,2.40946e-05,2.421636459751959e-05,70.78615832419919
3873873874.0,-1.3196e-05,2.43144e-05,2.766449824883871e-05,71.18307431136786
3884884885.0,-2.50601e-05,2.50526e-05,3.5435030390420156e-05,71.47138253182703
3895895896.0,-1.91987e-05,2.51273e-05,3.162232260571636e-05,71.3382720260021
3906906907.0,4.3875e-06,3.24152e-05,3.271078334876742e-05,70.55129914769732
3917917918.0,2.0859e-06,3.04365e-05,3.050789260273479e-05,70.61740885125522
3928928929.0,5.6286e-06,3.61388e-05,3.6574499359526446e-05,70.53132657390763
3939939940.0,3.6108e-06,4.55103e-05,4.565331622927298e-05,70.6066602777818
3950950951.0,1.439e-06,6.57607e-05,6.577644248125616e-05,70.66395582699818
3961961962.0,4.12972e-05,6.44481e-05,7.654421154764089e-05,70.1159667508769
3972972973.0,4.77402e-05,4.74656e-05,6.732094681003826e-05,69.89755227231232
3983983984.0,4.6254e-05,6.64184e-05,8.093723725554265e-05,70.07752664343083
3994994995.0,6.6211e-05,8.04334e-05,0.00010417978861833037,69.99711979121909
4006006006.0,0.0001343715,0.0001050401,0.0001705553359477797,69.77852952234531
4017017017.0,0.0001793202,5.06977e-05,0.00018634911031000388,69.39056906518005
4028028028.0,0.0002055839,2.3868e-05,0.00020696478290571562,69.23061951652473
4039039039.0,0.0002920348,3.9401e-06,0.0002920613784789937,69.12852944563156
4050050050.0,0.0005311231,-0.0001511983,0.0005522252015948747,68.83769838438185
4061061061.0,0.0003581163,-0.0010245559,0.0010853396134623023,67.88050095158773
4072072072.0,-0.0005551956,-0.0004756289,0.0007310711352355323,66.68180919892517
4083083083.0,-0.0003918183,-0.000106873,0.00040613226705580777,66.23972975729274
4094094094.0,-0.0002970018,-3.74318e-05,0.00029935131343369783,66.09881694277414
4105105105.0,-0.0002554397,-1.69608e-05,0.00025600216614851136,66.03974685396815
4116116116.0,-0.0002150036,-3.80778e-05,0.00021834941462206856,66.1487312486244
4127127127.0,-0.0004033004,0.0002051446,0.0004524770928448423,65.50289055955848
4138138138.0,-0.0001443443,0.0001663516,0.00022024561690315203,65.11733338358823
4149149149.0,-0.0001328441,0.000153448,0.00020296266555406195,65.1162033227127
4160160160.0,-0.0001347542,0.0001689411,0.00021610134124259848,65.07594973483361
4171171171.0,-7.41152e-05,0.0002012127,0.00021442857438394258,64.75557066837847
4182182182.0,-1.46095e-05,0.0001915872,0.00019214341699389547,64.4787572027085
4193193193.0,3.4504e-06,0.0001692701,0.00016930526280706693,64.38226823126938
4204204204.0,7.7285e-06,0.0001740906,0.00017426206334314419,64.35828497616794
4215215215.0,4.97673e-05,0.000199526,0.00020563902554060598,64.15820949642419
4226226226.0,9.73489e-05,0.0001714512,0.00019716065102512215,63.88624775798087
4237237237.0,0.0001055365,0.0001339507,0.00017053076808230239,63.735345175865895
4248248248.0,0.0001013012,0.0001282601,0.00016343985552321686,63.73415239519999
4259259259.0,0.0001341396,0.0001428126,0.0001959307811624299,63.64855687750218
4270270270.0,0.0001874944,0.0001410281,0.00023461260627035796,63.47674302371198
4281281281.0,0.0002266367,9.52613e-05,0.00024584326117382187,63.2297581568222
4292292292.0,0.0002189926,5.44908e-05,0.00022567012682098622,63.075725402299696
4303303303.0,0.0002358746,5.31391e-05,0.00024178625038237802,63.05343913079445
4314314314.0,0.0003242226,6.47968e-05,0.0003306341174788228,63.02910710568841
4325325325.0,0.0004777551,-4.52124e-05,0.00047988967137225407,62.73749897790127
4336336336.0,0.0005253722,-0.0002676405,0.0005896163038562367,62.360689741529136
4347347347.0,0.0005153484,-0.0004554316,0.0006877513472623082,62.108096981006284
4358358358.0,0.0006069947,-0.0009129357,0.0010963093350704353,61.84782293339041
4369369369.0,-0.0008939847,-0.0019489878,0.0021442392796474303,60.83099827908072
4380380380.0,-0.001331834,4.12232e-05,0.0013324718217561826,59.65931809124659
4391391391.0,-0.0005860686,0.0003891543,0.0007035037122250671,59.1041006170131
4402402402.0,-0.0002955563,0.0003024146,0.00042285708787112694,58.893393470458506
4413413413.0,-0.0002012574,0.0002312942,0.00030659671884806594,58.83553258505436
4424424424.0,-0.0001685643,0.0002138337,0.0002722843632862159,58.78702773601264
4435435435.0,-0.0001116106,0.0002446923,0.0002689446926631013,58.54740097896706
4446446446.0,-2.28083e-05,0.0002142923,0.00021550268765883177,58.22550034528113
4457457457.0,1.27697e-05,0.0001695434,0.00017002361518815557,58.04428785284134
4468468468.0,1.57273e-05,0.00014516,0.00014600949820230876,58.01154048117835
4479479479.0,2.54684e-05,0.0001493191,0.00015147551955141134,57.950526236975925
4490490490.0,6.14801e-05,0.0001383905,0.00015143227260481829,57.70140141823269
4501501502.0,6.82047e-05,9.77169e-05,0.00011916574024315882,57.51009334235143
4512512513.0,7.94119e-05,7.62619e-05,0.00011010053248381681,57.31383407015584
4523523524.0,6.87294e-05,7.2533e-05,9.992380353729536e-05,57.36098520164537
4534534535.0,8.72134e-05,5.81795e-05,0.00010483811978383625,57.13696587142614
4545545546.0,9.36144e-05,4.34713e-05,0.00010321535646913205,56.98340363523533
4556556557.0,9.10889e-05,2.13857e-05,9.356567676076522e-05,56.77926964754462
4567567568.0,7.80805e-05,1.01815e-05,7.87415228611944e-05,56.678333617504386
4578578579.0,7.75437e-05,-8.3332e-06,7.799017650916043e-05,56.44161404597962
4589589590.0,7.55335e-05,-1.18837e-05,7.646261797728351e-05,56.392616748899364
4600600601.0,7.0721e-05,-3.25688e-05,7.786004478832517e-05,56.11709566508604
4611611612.0,5.70233e-05,-2.22302e-05,6.120325591772059e-05,56.176946971381966
4622622623.0,5.40667e-05,-2.38343e-05,5.90870705432246e-05,56.133464540656156
4633633634.0,4.92608e-05,-3.82774e-05,6.238417882283937e-05,55.88808713627519
4644644645.0,4.02513e-05,-5.86376e-05,7.112338072286779e-05,55.57943986698021
4655655656.0,2.24622e-05,-5.78947e-05,6.209949047238633e-05,55.347976210879125
4666666667.0,2.15088e-05,-4.66875e-05,5.1403804661620134e-05,55.40958545435992
4677677678.0,2.70645e-05,-3.45419e-05,4.388200104667061e-05,55.6424866439267
4688688689.0,2.56543e-05,-3.95194e-05,4.7116091570184385e-05,55.553653897902
4699699700.0,-3.2255e-06,-4.93504e-05,4.945569563164591e-05,54.91260512143946
4710710711.0,-2.7297e-06,-5.38966e-05,5.3965681258092164e-05,54.92726769684181
4721721722.0,-6.0706e-06,-3.85647e-05,3.903957313355258e-05,54.821739238120394
4732732733.0,-8.8208e-06,-3.90533e-05,4.003706724436744e-05,54.75573318561861
4743743744.0,-1.3606e-05,-4.4281e-05,4.632418587519914e-05,54.67976293468679
4754754755.0,-3.05873e-05,-3.31482e-05,4.5104169258839035e-05,54.232631791920745
4765765766.0,-3.77988e-05,-2.17874e-05,4.362843201628956e-05,53.929964300725075
4776776777.0,-4.04507e-05,-2.01389e-05,4.5186662011040385e-05,53.86901152329451
4787787788.0,-3.67459e-05,-1.84901e-05,4.113568967235143e-05,53.87326995479037
4798798799.0,-4.32558e-05,-1.84411e-05,4.7022743463668726e-05,53.81006890009945
4809809810.0,-3.98838e-05,6.7543e-06,4.045167574934319e-05,53.239317289054895
4820820821.0,-3.26563e-05,1.47215e-05,3.582117379344234e-05,52.98355508645452
4831831832.0,-3.54135e-05,1.50234e-05,3.846840950455322e-05,53.005858495000396
4842842843.0,-3.55401e-05,1.1288e-05,3.728964537254276e-05,53.0995388834819
4853853854.0,-3.15829e-05,2.08357e-05,3.7836569174543293e-05,52.82390093731493
4864864865.0,-2.91117e-05,2.80525e-05,4.04281317047919e-05,52.64020390694485
4875875876.0,-1.43467e-05,3.41823e-05,3.7070978327797066e-05,52.23366140117889
4886886887.0,-1.15424e-05,3.43983e-05,3.628319226101805e-05,52.16002432801988
4897897898.0,-9.1759e-06,4.04275e-05,4.1455758310034566e-05,52.059469162311004
4908908909.0,-1.11524e-05,3.21508e-05,3.4030133211611146e-05,52.17016946452535
4919919920.0,-2.7392e-06,3.84088e-05,3.850635186667259e-05,51.90747523296885
4930930931.0,-1.726e-06,3.97685e-05,3.9805937600438453e-05,51.87965274827821
4941941942.0,1.71385e-05,2.69252e-05,3.191699511686525e-05,51.26943638546742
4952952953.0,2.38143e-05,4.00118e-05,4.6562485154145284e-05,51.29940952044285
4963963964.0,1.46309e-05,3.74614e-05,4.0217157094578426e-05,51.463937298391585
4974974975.0,1.60181e-05,3.15121e-05,3.534956822961208e-05,51.366000645508336
4985985986.0,1.9235e-05,2.77246e-05,3.3743720455219516e-05,51.229733998756224
4996996997.0,3.21641e-05,2.39144e-05,4.008026766589764e-05,50.90481841234213
5008008008.0,4.07477e-05,1.57926e-05,4.370104426727124e-05,50.63522790290217
5019019019.0,2.82783e-05,1.06432e-05,3.021489627865699e-05,50.62545666297269
5030030030.0,2.94242e-05,1.25824e-05,3.200156770222359e-05,50.66957085175801
5041041041.0,3.41502e-05,6.5573e-06,3.4774046979464436e-05,50.455187045618565
5052052052.0,3.50374e-05,-4.5596e-06,3.533283672336542e-05,50.13607447611401
5063063063.0,2.87136e-05,-1.82232e-05,3.4008173182339566e-05,49.699971068327926
5074074074.0,2.25315e-05,-2.06038e-05,3.0531705924988864e-05,49.524744195002015
5085085085.0,2.70936e-05,-1.011e-05,2.8918424247527737e-05,49.90833394029478
5096096096.0,2.63461e-05,-1.02154e-05,2.825723592940399e-05,49.89559073291705
5107107107.0,1.9288e-05,-2.38633e-05,3.068361176409974e-05,49.37444971874493
5118118118.0,1.34673e-05,-3.19445e-05,3.466726481192308e-05,49.093660104568556
5129129129.0,1.14875e-05,-1.81886e-05,2.1512503950261113e-05,49.25800094415767
5140140140.0,9.7946e-06,-1.86195e-05,2.1038535343744823e-05,49.17894799496016
5151151151.0,9.1629e-06,-2.0295e-05,2.226759442351149e-05,49.11877478558486
5162162162.0,8.8907e-06,-2.13357e-05,2.311399232023754e-05,49.089510197417546
5173173173.0,-3.0329e-06,-2.87163e-05,2.8876017178620742e-05,48.589460254914734
5184184184.0,-1.45871e-05,-2.0508e-05,2.516667539445765e-05,48.07642424894531
5195195195.0,-1.08546e-05,-2.05412e-05,2.3232805224509585e-05,48.20855352720204
5206206206.0,-3.6682e-06,-1.86365e-05,1.8994073378030318e-05,48.50034164923589
5217217217.0,-2.31805e-05,-1.70984e-05,2.8804354927857694e-05,47.75942050568739
5228228228.0,-1.86552e-05,-8.5324e-06,2.051385718971447e-05,47.5528588502577
5239239239.0,-2.6628e-05,-8.2754e-06,2.7884272075132246e-05,47.425205223866136
5250250250.0,-2.71582e-05,-1.27475e-05,3.0001109704309272e-05,47.56274226760059
5261261261.0,-2.30925e-05,-1.1548e-05,2.581898255644478e-05,47.58759803675422
5272272272.0,-2.00631e-05,-6.893e-07,2.007493751173338e-05,47.15823290041665
5283283283.0,-3.68912e-05,4.0411e-06,3.711187312235802e-05,47.01478378375196
5294294294.0,-4.21447e-05,1.98603e-05,4.658977628385868e-05,46.68351314429849
5305305305.0,-2.58631e-05,1.74994e-05,3.1227054647692924e-05,46.529030455213054
5316316316.0,-2.87575e-05,1.62418e-05,3.302710816117572e-05,46.60976637432049
5327327327.0,-1.90248e-05,1.72781e-05,2.569972285161846e-05,46.386569176669134
5338338338.0,-2.37283e-05,2.55258e-05,3.485109304641678e-05,46.302013405314405
5349349349.0,-1.77428e-05,2.9899e-05,3.476718500022686e-05,46.08866404377155
5360360360.0,-1.36996e-05,4.09191e-05,4.315149806171276e-05,45.87616093001602
5371371371.0,-1.6801e-05,3.0629e-05,3.4934356184134834e-05,46.05480926163682
5382382382.0,-1.39701e-05,2.94715e-05,3.261491999468955e-05,45.99574245999332
5393393393.0,-3.3961e-06,2.84044e-05,2.8606702616170215e-05,45.67209105402962
5404404404.0,-3.2611e-06,3.97925e-05,3.992590424098119e-05,45.63486337113183
5415415415.0,8.554e-07,4.20836e-05,4.20922926213339e-05,45.53277006781394
5426426426.0,7.1211e-06,4.91456e-05,4.96588367218766e-05,45.40919693943676
5437437437.0,9.984e-06,4.86191e-05,4.963362913197059e-05,45.35055768046818
5448448448.0,9.2586e-06,3.01512e-05,3.154071234769437e-05,45.25516097897167
5459459459.0,1.8905e-05,3.00616e-05,3.551195319269274e-05,44.991712227149435
5470470470.0,2.66724e-05,3.15947e-05,4.13478172319894e-05,44.851973413021
5481481481.0,3.76713e-05,1.81576e-05,4.181895839747805e-05,44.43144206382708
5492492492.0,4.09076e-05,3.41496e-05,5.328814988268968e-05,44.67789944721365
5503503504.0,4.00927e-05,2.32794e-05,4.63611373636368e-05,44.50835923687078
5514514515.0,4.08303e-05,1.34724e-05,4.29955690722893e-05,44.30100939410343
5525525526.0,4.60489e-05,6.0026e-06,4.64384797120879e-05,44.11191901024487
5536536537.0,5.62359e-05,7.4316e-06,5.6724819324260524e-05,44.11368629022556
5547547548.0,6.79482e-05,-5.3699e-06,6.816005948684317e-05,43.90343174643051
5558558559.0,5.39724e-05,-2.1773e-05,5.819865540336821e-05,43.59885467273968
5569569570.0,5.00519e-05,-2.1588e-05,5.4509030789493957e-05,43.57509210178211
5580580581.0,5.05146e-05,-3.69814e-05,6.260470237226594e-05,43.35035517500358
5591591592.0,5.01709e-05,-5.95913e-05,7.789892324352115e-05,43.111283252141774
5602602603.0,4.81603e-05,-6.27015e-05,7.906258659024507e-05,43.066478408765924
5613613614.0,2.89846e-05,-7.32056e-05,7.873478842620968e-05,42.788497286148946
5624624625.0,1.75593e-05,-7.86764e-05,8.061206444106242e-05,42.631085934741506
5635635636.0,-1.8219e-06,-9.61297e-05,9.61469632474162e-05,42.39255057285222
5646646647.0,-3.7854e-05,-0.0001152784,0.0001213343925791859,42.09422365156092
5657657658.0,-0.000117197,-1.98458e-05,0.00011886543899149155,41.00845030212878
5668668669.0,2.18e-06,-4.43533e-05,4.44068420504093e-05,42.46061209721811
5679679680.0,-2.17898e-05,-7.17918e-05,7.502571513341277e-05,42.116823510846615
5690690691.0,-4.7054e-05,-0.0001007828,0.00011122612863819364,41.97469420766727
5701701702.0,-9.9792e-05,-9.86975e-05,0.00014035540520496528,41.62058857036654
5712712713.0,-0.000150023,-0.0001028467,0.0001818910229502545,41.44165939055578
5723723724.0,-0.0002356102,-6.57478e-05,0.00024461181400104126,41.11283509445537
5734734735.0,-0.0003105919,7.51204e-05,0.0003195471840617126,40.60339960479675
5745745746.0,-0.000223864,0.0002510444,0.0003363604930240173,39.998135769975015
5756756757.0,-6.93393e-05,0.0002776946,0.00028622059568390596,39.514600929321354
5767767768.0,1.96052e-05,0.0002404205,0.00024121853305102825,39.1885427431402
5778778779.0,8.17648e-05,0.0001989342,0.00021508207375018495,38.87994291899977
5789789790.0,0.000123917,0.0001381641,0.0001855929454958081,38.53881796939472
5800800801.0,0.0001273425,7.47582e-05,0.00014766482578288574,38.22996528973422
5811811812.0,0.0001236251,4.89961e-05,0.00013298038639295644,38.07644877974731
5822822823.0,8.99048e-05,2.81645e-05,9.421312075974343e-05,38.002698288296216
5833833834.0,8.79889e-05,1.92411e-05,9.006812117736219e-05,37.9143993472974
5844844845.0,8.65616e-05,-2.874e-07,8.65620771083966e-05,37.69579167635292
5855855856.0,8.69277e-05,-1.09373e-05,8.761306728211266e-05,37.57394890249111
5866866867.0,7.51315e-05,-3.56011e-05,8.313952497735359e-05,37.25660180062731
5877877878.0,6.69843e-05,-2.63405e-05,7.197720741137434e-05,37.32445185287268
5888888889.0,5.50918e-05,-4.01943e-05,6.819595427684841e-05,37.06880310185811
5899899900.0,4.74505e-05,-5.07032e-05,6.944324618341224e-05,36.880586960081544
5910910911.0,3.26723e-05,-4.91323e-05,5.900391589191348e-05,36.71515379651729
5921921922.0,1.92096e-05,-4.67782e-05,5.0568851355355104e-05,36.51797149730737
5932932933.0,1.53902e-05,-5.26294e-05,5.483349341780077e-05,36.41280919797371
5943943944.0,1.19072e-05,-4.56186e-05,4.714698376142423e-05,36.383635324574655
5954954955.0,3.299e-06,-5.25986e-05,5.2701955589522485e-05,36.19095376660515
5965965966.0,2.2811e-06,-4.51338e-05,4.519140758650918e-05,36.17881338503884
5976976977.0,-1.00368e-05,-4.80528e-05,4.9089804869035695e-05,35.92240560689846
5987987988.0,-1.15535e-05,-3.90141e-05,4.068886040502978e-05,35.840406952388655
5998998999.0,-1.43425e-05,-3.67019e-05,3.94047810533189e-05,35.75577948800468
6010010010.0,-2.40376e-05,-3.58917e-05,4.31974575947474e-05,35.53819799219315
6021021021.0,-3.71663e-05,-3.53808e-05,5.1314080565961614e-05,35.31831072325784
6032032032.0,-3.11955e-05,-2.47683e-05,3.983249810318203e-05,35.22857264629302
6043043043.0,-4.55626e-05,-2.28579e-05,5.097483802004672e-05,35.02251085657914
6054054054.0,-4.05738e-05,-2.04898e-05,4.545398937915131e-05,35.02515940203532
6065065065.0,-4.13936e-05,-1.18831e-05,4.30655104064726e-05,34.83707713514183
6076076076.0,-4.27545e-05,-9.61e-06,4.3821220547241724e-05,34.77861628530339
6087087087.0,-5.25239e-05,-5.3534e-06,5.2796012754468496e-05,34.65909156087827
6098098098.0,-5.79644e-05,1.42945e-05,5.9700958096248335e-05,34.31573528815461
6109109109.0,-5.8792e-05,2.85625e-05,6.536295334706045e-05,34.105277448643655
6120120120.0,-4.01211e-05,3.0668e-05,5.0499790981844665e-05,33.904874549107795
6131131131.0,-3.23233e-05,2.97535e-05,4.393252195287678e-05,33.813494510782476
6142142142.0,-3.27178e-05,4.046e-05,5.203331660426808e-05,33.66671331007787
6153153153.0,-2.73417e-05,3.8324e-05,4.707756933922991e-05,33.606409106176685
6164164164.0,-1.8876e-05,5.25253e-05,5.5814070950702024e-05,33.33172032412073
6175175175.0,-5.8636e-06,5.45631e-05,5.4877260195549124e-05,33.09377658469405
6186186186.0,-2.9124e-06,4.16599e-05,4.1761577338146605e-05,33.05651826092097
6197197197.0,9.7241e-06,3.40599e-05,3.542082591950673e-05,32.70862136747078
6208208208.0,2.6561e-06,4.73596e-05,4.7434023436453286e-05,32.930697887158935
6219219219.0,1.71231e-05,5.25567e-05,5.5275738516097636e-05,32.671765374247585
6230230230.0,3.19555e-05,3.79007e-05,4.9574358702256554e-05,32.286226371790356
6241241241.0,2.41921e-05,3.33297e-05,4.1184057649775115e-05,32.35886290977059
6252252252.0,2.78313e-05,2.82704e-05,3.9671107570245626e-05,32.209151396774274
6263263263.0,2.48655e-05,2.85144e-05,3.7833372802461057e-05,32.26957571642809
6274274274.0,4.1504e-05,2.27871e-05,4.734800885369943e-05,31.918027661529834
6285285285.0,4.64752e-05,1.06688e-05,4.7684038298785055e-05,31.641576031440547
6296296296.0,4.16044e-05,8.4199e-06,4.2447859962193614e-05,31.615609541646577
6307307307.0,3.53564e-05,2.6336e-06,3.5454349097395654e-05,31.490276453946123
6318318318.0,3.42751e-05,8.814e-07,3.4286430930763265e-05,31.441636330808386
6329329329.0,4.35931e-05,-1.12374e-05,4.50181910606146e-05,31.163639660329117
6340340340.0,4.04326e-05,-3.16166e-05,5.132645066941606e-05,30.75228396236591
6351351351.0,2.56596e-05,-2.1775e-05,3.365361343392415e-05,30.71223983693541
6362362362.0,2.53007e-05,-2.30721e-05,3.424101661604106e-05,30.676567163295516
6373373373.0,1.45368e-05,-3.11636e-05,3.438733079493086e-05,30.281593633674408
6384384384.0,2.3076e-05,-3.47833e-05,4.174182237145379e-05,30.43088301096229
6395395395.0,1.88059e-05,-4.16317e-05,4.568216632012979e-05,30.269414135705507
6406406406.0,1.18166e-05,-4.25092e-05,4.41210167629895e-05,30.116262440403272
6417417417.0,7.646e-07,-4.21184e-05,4.212533954426955e-05,29.8632818013907
6428428428.0,-4.9905e-06,-5.1144e-05,5.1386903256082674e-05,29.74786071317367
6439439439.0,-1.42753e-05,-5.44196e-05,5.6260795001937186e-05,29.588591133101602
6450450450.0,-2.40635e-05,-4.20295e-05,4.843068141684567e-05,29.325147902914164
6461461461.0,-2.90628e-05,-4.16334e-05,5.077387457541526e-05,29.235704396165833
6472472472.0,-2.90862e-05,-2.95896e-05,4.149158298498624e-05,29.068311181390072
6483483483.0,-3.5123e-05,-2.48376e-05,4.30178044855848e-05,28.889849435990183
6494494494.0,-4.50237e-05,-8.365e-06,4.579417852402203e-05,28.45803040173676
6505505506.0,-4.51636e-05,-1.83078e-05,4.873321563164081e-05,28.659457775575216
6516516517.0,-5.17734e-05,-1.83234e-05,5.492023247510884e-05,28.614492480000507
6527527528.0,-4.9056e-05,-7.7886e-06,4.967044821581541e-05,28.431789196980738
6538538539.0,-5.39599e-05,-1.7114e-06,5.3987032683506505e-05,28.306039398919115
6549549550.0,-5.25584e-05,1.24559e-05,5.4014209754193386e-05,28.041635378448905
6560560561.0,-5.06525e-05,2.44708e-05,5.625385150271935e-05,27.824288210134313
6571571572.0,-5.31028e-05,2.35464e-05,5.8089072301079144e-05,27.8569723224538
6582582583.0,-5.41791e-05,2.91629e-05,6.152925818844235e-05,27.780542215864767
6593593594.0,-4.73108e-05,5.46647e-05,7.229482154850374e-05,27.416945959762284
6604604605.0,-2.2163e-05,4.69925e-05,5.195665140528208e-05,27.144231418603862
6615615616.0,-2.67937e-05,5.23465e-05,5.880525845483548e-05,27.176622340756765
6626626627.0,-1.88029e-05,5.38581e-05,5.704598131349832e-05,27.039427535640478
6637637638.0,-1.34029e-05,5.83207e-05,5.984097072157169e-05,26.929429063957716
6648648649.0,6.812e-06,7.92027e-05,7.949510067475857e-05,26.617741521956944
6659659660.0,1.06188e-05,6.03004e-05,6.122823820427957e-05,26.5292263908186
6670670671.0,1.45482e-05,5.1965e-05,5.396305540126504e-05,26.430564542178068
6681681682.0,2.18879e-05,5.07235e-05,5.524448948682574e-05,26.29616246087777
6692692693.0,2.76468e-05,5.94893e-05,6.559971314518075e-05,26.268497236809168
6703703704.0,4.77664e-05,6.63529e-05,8.175779049956035e-05,26.07959081423699
6714714715.0,5.62898e-05,5.93255e-05,8.178053884812695e-05,25.94439026599834
6725725726.0,5.96494e-05,4.23586e-05,7.315942806173377e-05,25.75023099991665
6736736737.0,7.45241e-05,3.97871e-05,8.447990771313614e-05,25.623125875527638
6747747748.0,8.67879e-05,3.43491e-05,9.333809649451826e-05,25.509606231715097
6758758759.0,9.98517e-05,1.71678e-05,0.00010131680684728472,25.303009466518052
6769769770.0,0.0001129831,-3.8093e-06,0.00011304729829633258,25.099038333491777
6780780781.0,0.0001075696,-3.74068e-05,0.00011388804823334186,24.798076650447047
6791791792.0,9.05749e-05,-6.11024e-05,0.00010925802394227163,24.539262065453354
6802802803.0,9.7824e-05,-6.3973e-05,0.00011688489938824434,24.553587090775896
6813813814.0,9.07584e-05,-7.19988e-05,0.00011584867013479266,24.462097934698505
6824824825.0,9.35234e-05,-9.21033e-05,0.00013126173935480972,24.354993216383193
6835835836.0,8.39601e-05,-0.0001235584,0.00014938532927489902,24.1587915761832
6846846847.0,8.03203e-05,-0.0001686168,0.00018676984723003335,24.00649262931393
6857857858.0,4.75518e-05,-0.0002131344,0.00021837455471414245,23.781456935498706
6868868869.0,1.09592e-05,-0.0002466869,0.00024693021422306753,23.606341255062354
6879879880.0,-4.65056e-05,-0.000292736,0.00029640704534028876,23.40439618680597
6890890891.0,-0.0001518227,-0.0003574046,0.00038831453788964684,23.160250243703153
6901901902.0,-0.0003765865,-0.0003615896,0.0005220770353218095,22.756233378060145
6912912913.0,-0.0006555224,-0.0001839265,0.0006808366722672994,22.264695066374813
6923923924.0,-0.0007186144,0.000283199,0.0007724042526348233,21.61574708290531
6934934935.0,-0.0003294822,0.0005786331,0.0006658639384532323,20.937978905434456
6945945946.0,-1.8435e-05,0.000539239,0.0005395540272725243,20.454526006220615
6956956957.0,0.0001845442,0.0003778668,0.0004205233409644225,19.966040332434268
6967967968.0,0.0001985709,0.0002078873,0.0002874848375620878,19.657871002341388
6978978979.0,0.000162595,0.0001254186,0.00020534595016936661,19.50658524810661
6989989990.0,0.0001458684,8.52837e-05,0.00016897011452990734,19.378621079942693
7001001001.0,0.0001389412,6.49501e-05,0.0001533726590610269,19.28683816259782
7012012012.0,0.0001477766,2.6692e-05,0.00015016786064787633,19.02825320691722
7023023023.0,0.0001189157,-1.22057e-05,0.00011954046519476156,18.7472724943081
7034034034.0,9.66182e-05,-1.40654e-05,9.76366327174386e-05,18.70499430315823
7045045045.0,7.94934e-05,-1.01595e-05,8.013997806220063e-05,18.722441946970633
7056056056.0,7.94655e-05,-2.37902e-05,8.295022185799143e-05,18.558670126285687
7067067067.0,8.07732e-05,-3.96442e-05,8.997762183943294e-05,18.393288245020617
7078078078.0,6.98213e-05,-5.78305e-05,9.066080004025995e-05,18.15781659000126
7089089089.0,5.28165e-05,-6.16264e-05,8.116277378952741e-05,17.98732853568254
7100100100.0,4.02317e-05,-5.84746e-05,7.097794396888374e-05,17.881400024867155
7111111111.0,3.28011e-05,-6.62996e-05,7.39699203823419e-05,17.738190791397333
7122122122.0,1.60949e-05,-6.02801e-05,6.239179643206309e-05,17.53967491845952
7133133133.0,2.3743e-06,-5.4018e-05,5.407015465568782e-05,17.32268518929155
7144144144.0,-8.9994e-06,-5.39367e-05,5.4682326278698134e-05,17.113431433019347
7155155155.0,-9.7672e-06,-4.94922e-05,5.04467645808926e-05,17.08391507158641
7166166166.0,-1.57926e-05,-5.2269e-05,5.460269751358443e-05,16.985339878377033
7177177177.0,-3.07478e-05,-4.46489e-05,5.421209713753933e-05,16.675686676322925
7188188188.0,-3.86155e-05,-4.95048e-05,6.278440939668063e-05,16.616311247505045
7199199199.0,-5.71843e-05,-3.33996e-05,6.622369248728132e-05,16.236586732807826
7210210210.0,-6.10948e-05,-1.91501e-05,6.402578322090249e-05,16.01171241288303
7221221221.0,-4.29085e-05,1.7422e-05,4.631053288669868e-05,15.322272213982304
7232232232.0,-1.27027e-05,-3.4498e-06,1.3162815326897206e-05,15.973147214085934
7243243243.0,-3.06844e-05,-9.6434e-06,3.21640726109117e-05,16.01246618526135
7254254254.0,-3.39036e-05,-4.8198e-06,3.4244482256270135e-05,15.849178912759559
7265265265.0,-2.87592e-05,-2.8684e-06,2.8901890996957275e-05,15.807373021126066
7276276276.0,-2.60193e-05,6.237e-06,2.6756385060205722e-05,15.47269565130277
7287287287.0,-2.64569e-05,1.55637e-05,3.069521648889286e-05,15.176216240826806
7298298298.0,-2.39537e-05,1.54417e-05,2.8499576182462784e-05,15.135359784804157
7309309309.0,-2.634e-05,1.39964e-05,2.982775239537837e-05,15.219532353368535
7320320320.0,-1.82221e-05,1.30322e-05,2.240274905564047e-05,15.087117566990473
7331331331.0,-1.26599e-05,2.59422e-05,2.886643048334865e-05,14.59117185964118
7342342342.0,5.003e-06,8.0653e-06,9.490999583289424e-06,13.581946089436714
7353353353.0,-1.68285e-05,4.0602e-06,1.731137303306702e-05,15.471218486512472
7364364364.0,-1.91655e-05,1.65502e-05,2.5322430971176524e-05,14.995660146533394
7375375375.0,-2.09081e-05,1.61866e-05,2.6441532958018904e-05,15.049166685546624
7386386386.0,-1.60159e-05,1.76748e-05,2.38517841649215e-05,14.873365732472916
7397397397.0,-6.1772e-06,1.4221e-05,1.550466513150155e-05,14.54694865159012
7408408408.0,5.8826e-06,3.05098e-05,3.107173762118881e-05,13.94669413206069
7419419419.0,1.93e-07,1.82637e-05,1.8264719726565746e-05,14.126599924811892
7430430430.0,5.1179e-06,2.05046e-05,2.1133658499417465e-05,13.892566995030586
7441441441.0,6.036e-06,1.17959e-05,1.3250530284105615e-05,13.664200651455376
7452452452.0,-3.2759e-06,1.402e-06,3.5633025145221673e-06,15.303576321822481
7463463463.0,-2.8136e-06,3.4002e-06,4.413355299542515e-06,14.828441269175528
7474474474.0,-3.13086e-05,1.9669e-06,3.137032243331267e-05,15.645222726899854
7485485485.0,-1.91823e-05,9.66589e-05,9.854391702433996e-05,14.333075070243348
7496496496.0,4.04343e-05,4.21476e-05,5.840678729608401e-05,13.372512478833633
7507507508.0,2.98035e-05,3.44082e-05,4.552112520017492e-05,13.423357460837254
7518518519.0,1.95432e-05,5.1652e-06,2.021425134107123e-05,12.824758922675263
7529529530.0,3.98056e-05,-1.00012e-05,4.104278003254652e-05,12.320214810998952
7540540541.0,-3.12134e-05,2.05029e-05,3.7344949430545495e-05,15.126779179409702
7551551552.0,2.45697e-05,0.0001326557,0.00013491184121707035,13.954028212287474
7562562563.0,0.0001101074,2.0596e-06,0.00011012666110856172,12.585073806320768
7573573574.0,6.56275e-05,-2.3116e-05,6.95795818631443e-05,12.227710192961084
7584584585.0,4.38466e-05,-2.84582e-05,5.227230125793201e-05,11.99067051412124
7595595596.0,3.72548e-05,-3.04409e-05,4.8109962750453256e-05,11.881289419925388
7606606607.0,3.27518e-05,-4.03366e-05,5.1958846242001955e-05,11.677566894278321
7617617618.0,1.90982e-05,-4.53439e-05,4.920173279926226e-05,11.394209715360004
7628628629.0,9.1716e-06,-4.2039e-05,4.302784874427259e-05,11.210377302552676
7639639640.0,5.694e-07,-3.344e-05,3.344484738132318e-05,11.01260015418171
7650650651.0,4.31e-07,-2.46902e-05,2.4693961550144197e-05,11.013028833475431
7661661662.0,-7.4319e-06,-3.6292e-05,3.7045140053858615e-05,10.793586186154636
7672672673.0,-6.1e-08,-1.38341e-05,1.3834234485868744e-05,10.991164921962708
7683683684.0,3.26344e-05,-9.77949e-05,0.00010309629736013801,11.317657031075035
7694694695.0,-2.22829e-05,-7.10071e-05,7.442134023799893e-05,10.691494336457117
7705705706.0,-3.00038e-05,-4.26417e-05,5.213964512086748e-05,10.38241904749592
7716716717.0,-3.28717e-05,-5.0035e-05,5.9866934829586854e-05,10.414311960837153
7727727728.0,-4.05349e-05,-5.89839e-05,7.156939693206867e-05,10.39347728036921
7738738739.0,-5.64433e-05,-4.42143e-05,7.169902676731393e-05,10.089277550419016
7749749750.0,-6.46112e-05,-3.30661e-05,7.258081106359999e-05,9.897797493649135
7760760761.0,-6.75598e-05,-1.61616e-05,6.946599089194654e-05,9.65958451713384
7771771772.0,-7.08133e-05,-7.2156e-06,7.117997148250341e-05,9.526323598024593
7782782783.0,-7.26941e-05,8.3966e-06,7.31774218346752e-05,9.309781631229171
7793793794.0,-7.15976e-05,1.13649e-05,7.249398097614725e-05,9.267358341679863
7804804805.0,-7.33914e-05,2.03558e-05,7.616203901944853e-05,9.154219492897468
7815815816.0,-6.50069e-05,3.70768e-05,7.483706398469946e-05,8.906443971202702
7826826827.0,-7.56801e-05,3.57102e-05,8.368211230633462e-05,8.983896989421012
7837837838.0,-7.04101e-05,5.34623e-05,8.840701161842311e-05,8.775352174117458
7848848849.0,-6.6192e-05,6.03632e-05,8.958290449767745e-05,8.685404644467269
7859859860.0,-5.84611e-05,6.96696e-05,9.09480806689729e-05,8.552124826403453
7870870871.0,-5.48427e-05,8.86869e-05,0.00010427410021141395,8.407810365913747
7881881882.0,-3.75492e-05,9.93434e-05,0.00010620288858689297,8.215356897808551
7892892893.0,-1.21323e-05,0.0001298227,0.00013038836657685378,7.947163835921813
7903903904.0,9.5418e-06,0.0001297638,0.00013011414119026417,7.780581670456765
7914914915.0,1.31639e-05,0.000142942,0.00014354686909581133,7.762148067336819
7925925926.0,3.73664e-05,0.0001609725,0.00016525251467136592,7.625892068545519
7936936937.0,8.9548e-05,0.0002075111,0.0002260081877437408,7.4465900587095355
7947947948.0,0.0001853383,0.0002016231,0.0002738652221449449,7.110642436920906
7958958959.0,0.0002578927,0.0001556931,0.00030124572378857097,6.826330268023157
7969969970.0,0.0003111584,0.000106463,0.00032886763334137944,6.6128502050949445
7980980981.0,0.0004211575,4.25846e-05,0.00042330495858589935,6.3839560570395735
7991991992.0,0.0005619977,-0.0002055602,0.0005984115729406726,5.932533809702505
8003003003.0,0.0003505826,-0.0005867852,0.0006835386092692936,5.2509411448614145
8014014014.0,-3.91866e-05,-0.0005589085,0.0005602805556074652,4.642390800659568
8025025025.0,-0.0001702958,-0.0003951109,0.00043024793177475005,4.305440867567531
8036036036.0,-0.0002183677,-0.0002949412,0.0003669806042023611,4.075075050043562
8047047047.0,-0.000288096,-0.0002307628,0.0003691216264049561,3.8169386226585575
8058058058.0,-0.0003251679,-0.0001012983,0.0003405811339068857,3.44359005642093
8069069069.0,-0.0002532575,7.7028e-06,0.00025337461284447976,3.1111871330481224
8080080080.0,-0.000205544,1.81254e-05,0.00020634162464505315,3.0536375882665956
8091091091.0,-0.0001868541,3.42319e-05,0.00018996388515825843,2.960400694682881
8102102102.0,-0.00019926,6.42986e-05,0.0002093773090904552,2.8294542570170877
8113113113.0,-0.0001671083,0.0001285063,0.0002108057235195003,2.486041959875806
8124124124.0,-9.3304e-05,0.0001375003,0.00016616849555824354,2.166996588533693
8135135135.0,-6.92761e-05,0.0001213288,0.000139713477304983,2.08960286544851
8146146146.0,-4.53284e-05,0.0001150341,0.00012364266257797104,1.9461569705321693
8157157157.0,-3.79244e-05,0.0001153321,0.00012140738612526834,1.8884864295600954
8168168168.0,-3.16581e-05,0.0001131177,0.0001174642471090672,1.8436832413896596
8179179179.0,-6.272e-06,0.0001070879,0.00010727141422769628,1.6292982035132344
8190190190.0,-1.5135e-06,0.0001003866,0.00010039800865460429,1.5858718980276119
8201201201.0,7.7405e-06,0.0001086635,0.00010893884326767931,1.4996827758590587
8212212212.0,2.38054e-05,0.000102175,0.00010491152317148008,1.3418933034391065
8223223223.0,4.90766e-05,0.0001032775,0.00011434489351873131,1.1271916772846382
8234234234.0,4.77977e-05,9.29993e-05,0.00010456332973743711,1.0960450634288084
8245245245.0,6.009e-05,9.09339e-05,0.00010899441393580682,0.9868595390236164
8256256256.0,0.000101619,9.56204e-05,0.00013953380256109986,0.7549947471326393
8267267267.0,0.0001109301,6.89812e-05,0.00013062883693675757,0.556326501248412
8278278278.0,0.0001331032,3.83729e-05,0.0001385241542282428,0.2806833687214375
8289289289.0,0.0001319423,3.39004e-05,0.0001362277785528708,0.25149361110945945
8300300300.0,0.0001496026,1.41414e-05,0.00015026948166783566,0.09424639284688739
8311311311.0,0.000168175,-3.49856e-05,0.00017177550125777543,-0.2051055381176119
8322322322.0,0.0001672961,-8.25424e-05,0.00018655088547892234,-0.45834649208053346
8333333333.0,0.0001614651,-0.0001280267,0.00020606264685988092,-0.6704005421615089
8344344344.0,0.000161659,-0.000178827,0.00024106581717448037,-0.8357775415392391
8355355355.0,0.0001004793,-0.0003174802,0.00033300115183063555,-1.2642806054000775
8366366366.0,-0.0001684515,-0.0002985166,0.0003427653254455736,-2.084548493117382
8377377377.0,-0.0002030183,-8.98525e-05,0.00022201329214968188,-2.724923586338487
8388388388.0,-0.0001361714,-3.88669e-05,0.00014160962570944815,-2.863559258089452
8399399399.0,-9.9851e-05,-2.0239e-05,0.00010188149646525615,-2.9416099666481097
8410410410.0,-9.4433e-05,-1.77086e-05,9.607906120981823e-05,-2.956220024136154
8421421421.0,-8.39264e-05,8.2371e-06,8.432965334548696e-05,-3.2394260302875972
8432432432.0,-5.66035e-05,1.93118e-05,5.9807205514803985e-05,-3.470385624354695
8443443443.0,-4.61498e-05,1.72472e-05,4.926733144671021e-05,-3.499242499509078
8454454454.0,-4.30441e-05,5.7276e-06,4.3423495328796365e-05,-3.2738790883841298
8465465465.0,-4.1973e-05,9.204e-06,4.2970296077639494e-05,-3.3574597439354843
8476476476.0,-3.83536e-05,1.02548e-05,3.970087601048622e-05,-3.4028563865629398
8487487487.0,-4.07652e-05,1.17842e-05,4.243428920908185e-05,-3.4229966179775246
8498498498.0,-3.90827e-05,1.73195e-05,4.27483627702863e-05,-3.558735568188125
8509509510.0,-4.01842e-05,8.2684e-06,4.102604499826909e-05,-3.344522854190935
8520520521.0,-5.48665e-05,1.68483e-05,5.739510462696274e-05,-3.439530391769435
8531531532.0,-4.87226e-05,2.08371e-05,5.299128689860249e-05,-3.545721002746601
8542542543.0,-2.92488e-05,4.47157e-05,5.343207021939165e-05,-4.133132825776933
8553553554.0,3.0756e-06,6.235e-06,6.952304679744695e-06,-5.1706460487622
8564564565.0,-6.90077e-05,-1.70992e-05,7.109462215899316e-05,-2.8986980457133784
8575575576.0,-0.0001073274,4.02508e-05,0.00011462677563030376,-3.5003880335823974
8586586587.0,-0.0001070866,0.0001196878,0.00016060108769370152,-3.9825008497782783
8597597598.0,-4.9326e-05,0.0001488755,0.0001568342079275118,-4.39244807312217
8608608609.0,2.08941e-05,0.0001884201,0.00018957504450433342,-4.82282880455909
8619619620.0,0.0001052069,0.0001638626,0.0001947291541766923,-5.283150454288701
8630630631.0,0.0001591388,8.98843e-05,0.00018276855597156204,-5.769037492682484
8641641642.0,0.000143595,5.4995e-06,0.00014370027322607983,-6.244905328807054
8652652653.0,9.90784e-05,-1.67377e-05,0.00010048223697674131,-6.450539121953135
8663663664.0,8.04617e-05,-3.38619e-05,8.729669775254961e-05,-6.681531331369988
8674674675.0,7.58488e-05,-3.32235e-05,8.28060469633106e-05,-6.696034432192336
8685685686.0,6.63897e-05,-5.07895e-05,8.358926711211195e-05,-6.9362306091395025
8696696697.0,5.01615e-05,-5.00692e-05,7.087383770397931e-05,-7.067662595297217
8707707708.0,5.17656e-05,-3.86168e-05,6.458277313339835e-05,-6.924117306991164
8718718719.0,3.91776e-05,-4.86896e-05,6.2494491676627e-05,-7.176417817110428
8729729730.0,4.33836e-05,-6.52334e-05,7.834241012708251e-05,-7.2670977431285415
8740740741.0,3.48527e-05,-8.22105e-05,8.9293208070603e-05,-7.453005233965395
8751751752.0,1.11091e-05,-8.00081e-05,8.077566569468802e-05,-7.716014066129095
8762762763.0,1.06689e-05,-7.17018e-05,7.249119636514492e-05,-7.706269959822239
8773773774.0,1.0845e-06,-7.29567e-05,7.296476009101929e-05,-7.839117747165277
8784784785.0,-2.48853e-05,-9.91525e-05,0.00010222766950459156,-8.099882489803885
8795795796.0,-3.66238e-05,-7.50335e-05,8.349448394169523e-05,-8.308063450086186
8806806807.0,-4.56612e-05,-5.13459e-05,6.871205594544527e-05,-8.580845873855948
8817817818.0,-2.17317e-05,-4.37723e-05,4.887004227724793e-05,-8.314802471047347
8828828829.0,-8.68945e-05,-8.58885e-05,0.000122178101812477,-8.645202063639926
8839839840.0,-0.0001109524,-4.89664e-05,0.00012127713467393597,-9.00915903644582
8850850851.0,-0.0001079459,1.60579e-05,0.00010913374124999106,-9.572453777274466
8861861862.0,-7.84683e-05,9.5687e-06,7.9049567516717e-05,-9.546122365729946
8872872873.0,-7.03293e-05,1.03252e-05,7.108319206064118e-05,-9.570548817371508
8883883884.0,-6.99525e-05,1.72749e-05,7.20539688446098e-05,-9.666885735282262
8894894895.0,-8.05866e-05,5.88064e-05,9.976167992029805e-05,-10.055179075862098
8905905906.0,-5.58638e-05,8.13884e-05,9.871593490921311e-05,-10.394044278234045
8916916917.0,-2.66588e-05,6.1861e-05,6.73607819019346e-05,-10.588677449028873
8927927928.0,-3.14614e-05,6.12623e-05,6.886863648461468e-05,-10.521143648664722
8938938939.0,-2.21925e-05,7.52783e-05,7.848139593011837e-05,-10.708889349092434
8949949950.0,1.06647e-05,9.3071e-05,9.368002384227921e-05,-11.109663402964653
8960960961.0,5.20903e-05,6.92151e-05,8.662637832727396e-05,-11.640728242383881
8971971972.0,4.65429e-05,4.90956e-05,6.765071677203427e-05,-11.754287652855515
8982982983.0,4.12892e-05,3.99328e-05,5.744063502852314e-05,-11.797670807650878
8993993994.0,3.83959e-05,2.6842e-05,4.684803198438543e-05,-11.956258968607466
9005005005.0,6.31179e-05,4.0746e-06,6.324928193718881e-05,-12.501904687067329
9016016016.0,4.5381e-05,-1.66412e-05,4.8335956579341634e-05,-12.917844544322246
9027027027.0,4.01098e-05,-7.5039e-06,4.080569287795515e-05,-12.751316618476633
9038038038.0,3.23924e-05,-1.6507e-06,3.2434432140088404e-05,-12.617286055584398
9049049049.0,4.0185e-05,-7.5407e-06,4.088638381527523e-05,-12.751863099490855
9060060060.0,3.93545e-05,-2.22085e-05,4.5188429298881364e-05,-13.08014094543506
9071071071.0,3.13281e-05,-3.89584e-05,4.9992067172402465e-05,-13.459905264161002
9082082082.0,2.90656e-05,-3.77371e-05,4.7632948888033374e-05,-13.480854601754828
9093093093.0,2.8032e-05,-3.39679e-05,4.404101786301038e-05,-13.447218326424206
9104104104.0,1.17271e-05,-4.47788e-05,4.628893824500622e-05,-13.881029789513695
9115115115.0,-9.707e-06,-3.9112e-05,4.029856564444943e-05,-14.38043635855599
9126126126.0,-9.7233e-06,-4.02536e-05,4.1411289231923216e-05,-14.37417799541337
9137137137.0,6.23e-08,-3.48516e-05,3.485165568305184e-05,-14.13537936372172
9148148148.0,1.9879e-06,-3.09924e-05,3.10560880371305e-05,-14.073113155513681
9159159159.0,-9.8109e-06,-2.81542e-05,2.9814639633072876e-05,-14.472478269567743
9170170170.0,-1.43302e-05,-1.64821e-05,2.1840655952832552e-05,-14.85283932675477
9181181181.0,-2.19548e-05,-1.46933e-05,2.6417916419165232e-05,-15.118172758567983
9192192192.0,-2.35683e-05,-1.54263e-05,2.8167987087827203e-05,-15.128405925547245
9203203203.0,-1.17527e-05,-1.88509e-05,2.22144634889074e-05,-14.694654937481571
9214214214.0,-1.89152e-05,-2.10944e-05,2.8332993177565972e-05,-14.868151942313313
9225225225.0,-1.73856e-05,-1.57375e-05,2.345054356747408e-05,-14.972280920019319
9236236236.0,-1.35039e-05,-4.6927e-06,1.4296039608926661e-05,-15.373511093336498
9247247247.0,-1.85925e-05,-6.3206e-06,1.9637490690258772e-05,-15.380265741803164
9258258258.0,-1.79644e-05,-1.0231e-05,2.0673486120149163e-05,-15.190260682255545
9269269269.0,-3.50194e-05,7.1291e-06,3.57376893932722e-05,-15.908794655796667
9280280280.0,-2.2477e-05,5.2757e-06,2.3087843976647105e-05,-15.938505588152447
9291291291.0,-1.20299e-05,9.8108e-06,1.552321779303505e-05,-16.3921050260661
9302302302.0,-2.05173e-05,8.3551e-06,2.2153268275809783e-05,-16.094680130971156
9313313313.0,-2.66644e-05,1.09656e-05,2.8831139601479508e-05,-16.098125828660994
9324324324.0,-2.16832e-05,1.92272e-05,2.8980103210306204e-05,-16.43339976246315
9335335335.0,-1.2409e-05,1.12425e-05,1.6744464376324494e-05,-16.444081024497738
9346346346.0,-5.2776e-06,4.3404e-06,6.833164268477672e-06,-16.3962257953948
9357357357.0,9.252e-06,1.69824e-05,1.9339116157673804e-05,-17.777601195931332
9368368368.0,-3.4591e-06,1.28228e-05,1.328117361719212e-05,-17.015269905657124
9379379379.0,-5.5364e-06,1.88565e-05,1.9652463387830038e-05,-16.993178227724332
9390390390.0,-3.0946e-06,2.24852e-05,2.2697153306086643e-05,-17.141990508599626
9401401401.0,-5.2935e-06,1.58594e-05,1.671950090792186e-05,-16.956609961087814
9412412412.0,7.8836e-06,1.19398e-05,1.4307689296318956e-05,-17.862326967054344
9423423423.0,2.05002e-05,1.20122e-05,2.3760285117817925e-05,-18.319527450034045
9434434434.0,1.06133e-05,8.6439e-06,1.368791964105576e-05,-18.16607168729848
9445445445.0,2.12947e-05,1.28262e-05,2.4859116125276862e-05,-18.30743310161139
9456456456.0,1.48942e-05,1.12936e-05,1.8691778797107568e-05,-18.200792581953102
9467467467.0,1.01957e-05,6.916e-06,1.2320038737357932e-05,-18.253525412443018
9478478478.0,1.53357e-05,4.8883e-06,1.609593648657946e-05,-18.540984577092612
9489489489.0,2.25009e-05,3.0506e-06,2.270675364665764e-05,-18.714800761823497
9500500501.0,2.29327e-05,-1.52749e-05,2.7554152124498407e-05,-19.43714885364161
9511511512.0,1.12225e-05,2.4411e-06,1.1484923833443564e-05,-18.635373901648258
9522522523.0,1.88474e-05,3.5817e-06,1.9184709058257826e-05,-18.661758436171414
9533533534.0,1.88619e-05,-9.4818e-06,2.1111035096602912e-05,-19.31535793261591
9544544545.0,1.9859e-05,-2.80213e-05,3.434491424781841e-05,-19.803803953225113
9555555556.0,2.8406e-05,-2.7611e-05,3.961398941030807e-05,-19.620762917413213
9566566567.0,1.2514e-05,-2.14598e-05,2.4841964737918778e-05,-19.89242441744542
9577577578.0,2.0542e-05,-1.77618e-05,2.715612828147636e-05,-19.562498268809605
9588588589.0,1.35153e-05,-1.52155e-05,2.0351284341289126e-05,-19.694062063562065
9599599600.0,5.1324e-06,-1.97955e-05,2.0450020782630027e-05,-20.16666710741686
9610610611.0,-6.4092e-06,-2.18532e-05,2.2773673284738234e-05,-20.705636499783648
9621621622.0,-3.136e-06,-2.76156e-05,2.7793090136938715e-05,-20.533426854748633
9632632633.0,6.9036e-06,-2.5443e-05,2.636296534838219e-05,-20.15539567745589
9643643644.0,-6.8311e-06,-2.74694e-05,2.830603934799074e-05,-20.664088502579325
9654654655.0,-2.29271e-05,-1.90725e-05,2.9823014110917762e-05,-21.297271090450156
9665665666.0,-1.29333e-05,-1.57031e-05,2.0343490322459418e-05,-21.109327304053803
9676676677.0,-1.47476e-05,-1.22423e-05,1.9166784160364513e-05,-21.29830879702269
9687687688.0,-6.912e-06,-3.13883e-05,3.214033479741616e-05,-20.637102316654076
9698698699.0,-1.52712e-05,-1.93391e-05,2.4641638302880756e-05,-21.08875281349825
9709709710.0,-2.40726e-05,-7.1761e-06,2.5119444300581174e-05,-21.701433599709645
9720720721.0,-2.69499e-05,-9.8146e-06,2.8681413549021605e-05,-21.6418979871339
9731731732.0,-2.59571e-05,-8.7546e-06,2.739368652755594e-05,-21.665857523969493
9742742743.0,-2.83815e-05,-2.21193e-05,3.598295394683432e-05,-21.32912263579485
9753753754.0,-3.20622e-05,-6.563e-06,3.27270169407479e-05,-21.7892418577984
9764764765.0,-3.4318e-05,9.2183e-06,3.553452094639802e-05,-22.25356826272291
9775775776.0,-3.00724e-05,6.9573e-06,3.0866701557665665e-05,-22.2185003438564
9786786787.0,-3.26049e-05,2.07222e-05,3.86327461727742e-05,-22.557301865290935
9797797798.0,-5.05708e-05,2.50052e-05,5.641512066529682e-05,-22.45035377010468
9808808809.0,-5.77685e-05,5.1765e-05,7.756813016471391e-05,-22.721791808773688
9819819820.0,-4.39598e-05,8.20897e-05,9.311918632661047e-05,-23.07029499387022
9830830831.0,-3.35598e-05,0.0001300744,0.0001343339484694766,-23.30944675543597
9841841842.0,0.0006741665,0.0002154372,0.0007077525392862183,-24.82343671969299
9852852853.0,4.44361e-05,-8.30354e-05,9.417772898286515e-05,-26.212169691736946
9863863864.0,7.0425e-06,-2.64754e-05,2.739605101853185e-05,-26.44355613565653
9874874875.0,4.61601e-05,2.07048e-05,5.059094360703306e-05,-24.711099420254296
9885885886.0,6.6418e-06,-2.47322e-05,2.5608499059491946e-05,-26.44117890938055
9896896897.0,6.9314e-06,-3.28591e-05,3.3582208962038216e-05,-26.495642279028566
9907907908.0,1.22515e-05,-5.11662e-05,5.261253913935346e-05,-26.468517243102387
9918918919.0,-8.4908e-06,-9.3573e-06,1.263537684163001e-05,-27.440425222497918
9929929930.0,-2.081e-07,-6.2381e-06,6.2415700925328075e-06,-26.736884705494667
9940940941.0,1.00031e-05,4.608e-07,1.0013707917150371e-05,-25.08670805226136
9951951952.0,1.50607e-05,1.4838e-06,1.5133616452454449e-05,-25.03453683205884
9962962963.0,4.59936e-05,1.03424e-05,4.714208818794518e-05,-24.91155426812508
9973973974.0,4.13752e-05,-7.9304e-06,4.2128356473995044e-05,-25.32211485329828
9984984985.0,5.03965e-05,-3.6826e-06,5.05308693276694e-05,-25.205684119357556
9995995996.0,6.67105e-05,-5.19e-06,6.691208343976446e-05,-25.210383680210832
10007007007.0,0.000113753,-2.771e-05,0.00011707941368575433,-25.37168543590312
10018018018.0,0.0001697567,-0.0001222841,0.00020921457479750304,-25.756994210752843
10029029029.0,0.0002324165,-0.0003437893,0.0004149801347856786,-26.109071404640943
10040040040.0,-0.0004648533,0.0001058175,0.0004767451455727053,-28.49815620195174
10051051051.0,-0.000159962,6.44425e-05,0.00017245485568765525,-28.657304464964675
10062062062.0,-0.0001152684,5.88427e-05,0.00012941896067365864,-28.746333651007834
10073073073.0,-7.80993e-05,8.45926e-05,0.0001151321355454245,-29.099622510331287
10084084084.0,-2.38422e-05,7.06445e-05,7.455934469327101e-05,-29.519638404507905
10095095095.0,-8.6047e-06,4.97844e-05,5.052254294322485e-05,-29.673981820397557
10106106106.0,-1.3697e-05,4.21e-05,4.427208837405347e-05,-29.53058682721484
10117117117.0,-9.9648e-06,6.4004e-05,6.4775066615481e-05,-29.69067990479345
10128128128.0,1.47883e-05,3.97803e-05,4.244014708951891e-05,-30.20104793848327
10139139139.0,1.96537e-05,1.94584e-05,2.765677591929327e-05,-30.635521670657766
10150150150.0,1.27056e-05,2.05716e-05,2.417897843003298e-05,-30.39841087339281
10161161161.0,1.54336e-05,2.0944e-05,2.6016286148487835e-05,-30.480193426197765
10172172172.0,1.55652e-05,1.8637e-05,2.4281952558227273e-05,-30.54095576235379
10183183183.0,2.26671e-05,2.88873e-05,3.671884425877263e-05,-30.51045563262278
10194194194.0,1.70281e-05,1.45573e-05,2.2402481400505617e-05,-30.70859540855026
10205205205.0,1.99531e-05,9.4811e-06,2.20911171473966e-05,-30.972340097825835
10216216216.0,1.63802e-05,-2.9702e-06,1.6647313299148304e-05,-31.59530615453145
10227227227.0,2.72829e-05,1.2232e-06,2.731030667440408e-05,-31.371122596089613
10238238238.0,2.65087e-05,3.6295e-06,2.675601700440482e-05,-31.27985529238349
10249249249.0,2.80469e-05,-1.3709e-06,2.80803840148243e-05,-31.46476650767572
10260260260.0,1.72402e-05,-5.5986e-06,1.8126467333708463e-05,-31.729924171621548
10271271271.0,1.31261e-05,-1.06773e-05,1.6920379324944225e-05,-32.09880928125322
10282282282.0,1.51781e-05,-6.6117e-06,1.655564243694578e-05,-31.826747736568105
10293293293.0,1.57222e-05,-2.17703e-05,2.6853929599408726e-05,-32.36126180552122
10304304304.0,8.0734e-06,-9.0489e-06,1.2126927837255403e-05,-32.258235663588295
10315315315.0,1.34224e-05,-1.07644e-05,1.7205613302640507e-05,-32.09186926097501
10326326326.0,1.18845e-05,-1.36417e-05,1.8092465811491808e-05,-32.27005534395231
10337337337.0,7.2226e-06,-2.07276e-05,2.1949928303299765e-05,-32.65142664045103
10348348348.0,-6.1e-07,-1.80263e-05,1.8036618077954636e-05,-33.02054940065129
10359359359.0,4.286e-06,-1.8068e-05,1.856939471280634e-05,-32.753812894389746
10370370370.0,5.5945e-06,-8.0746e-06,9.823318961023306e-06,-32.38081057169191
10381381381.0,-2.7635e-06,-2.15585e-05,2.1734899459164748e-05,-33.11421369867695
10392392392.0,-4.8343e-06,-1.06742e-05,1.1717892392832425e-05,-33.41198229998464
10403403403.0,-9.5516e-06,-1.52169e-05,1.79662769702017e-05,-33.547259126476995
10414414414.0,-1.38637e-05,-1.99894e-05,2.432649358312866e-05,-33.593108582112265
10425425425.0,5.694e-07,-1.74126e-05,1.7421907333010355e-05,-32.95403405268253
10436436436.0,-4.1071e-06,-6.8147e-06,7.95665799817989e-06,-33.52911240878227
10447447447.0,-1.68649e-05,2.1026e-06,1.6995463476175047e-05,-34.681552337448935
10458458458.0,-1.30086e-05,8.8547e-06,1.5736244343870617e-05,-35.155161012806644
10469469469.0,-1.48146e-05,6.481e-07,1.4828769563588208e-05,-34.60123869742307
10480480480.0,-4.134e-06,-4.5573e-06,6.152961830695848e-06,-33.72345560471285
10491491491.0,-9.9337e-06,-6.4483e-06,1.1843097930018141e-05,-33.98175316826374
10502502503.0,-6.6193e-06,8.0383e-06,1.041294383831969e-05,-35.439426449688554
10513513514.0,-1.503e-07,9.9328e-06,9.933937081036904e-06,-36.1131849860913
10524524525.0,-7.4126e-06,9.2441e-06,1.184905158947331e-05,-35.452433161971015
10535535536.0,-1.3531e-05,-2.5935e-06,1.3777307547195132e-05,-34.36814498118786
10546546547.0,-6.8319e-06,1.808e-06,7.067087208319988e-06,-34.81622933070097
10557557558.0,1.01592e-05,7.7606e-06,1.2784219061014247e-05,-37.046774725657734
10568568569.0,4.4154e-06,9.5279e-06,1.0501268283878858e-05,-36.56227162519182
10579579580.0,-4.8851e-06,1.07481e-05,1.1806178705237355e-05,-35.70171886688598
10590590591.0,1.1923e-06,9.6252e-06,9.698765608571021e-06,-36.251560450270354
10601601602.0,1.4031e-06,6.4633e-06,6.613844305696952e-06,-36.3420858446577
10612612613.0,5.909e-07,5.978e-06,6.007132994199479e-06,-36.22684123451316
10623623624.0,3.887e-06,3.0723e-06,4.954573270222169e-06,-37.03024962597712
10634634635.0,5.3216e-06,4.0627e-06,6.695144348705262e-06,-37.04706712523031
10645645646.0,6.2366e-06,9.8356e-06,1.1646209980933711e-05,-36.693420740681375
10656656657.0,-6.1144e-06,4.9208e-06,7.848576941076644e-06,-35.23517325484817
10667667668.0,-3.3842e-06,2.9853e-06,4.512740379193113e-06,-35.280372456617556
10678678679.0,6.2305e-06,2.9321e-06,6.885952414880603e-06,-37.25925612019564
10689689690.0,7.7621e-06,-1.0784e-06,7.836653812055246e-06,-37.837159646394014
10700700701.0,9.627e-06,-3.0514e-06,1.0099018316648406e-05,-38.00605720104215
10711711712.0,5.555e-06,7.0368e-06,8.965187072225544e-06,-36.79657268064575
10722722723.0,1.13955e-05,2.5476e-06,1.1676801189109969e-05,-37.47916659505055
10733733734.0,8.5523e-06,-2.021e-07,8.55468758634703e-06,-37.72273851580912
10744744745.0,6.7042e-06,-7.706e-06,1.0214143803569637e-05,-38.55391853270785
10755755756.0,2.4784e-06,-1.9016e-06,3.1238676540468228e-06,-38.35357394299448
10766766767.0,1.0913e-05,-5.6896e-06,1.2307116525002923e-05,-38.179700946980574
10777777778.0,4.1565e-06,-1.07461e-05,1.1521942434329378e-05,-38.90084004251823
10788788789.0,1.3473e-06,-1.30745e-05,1.314373491592097e-05,-39.167222696635044
10799799800.0,6.2556e-06,-1.19744e-05,1.3509951395915531e-05,-38.78849018655091
10810810811.0,4.4716e-06,-3.0236e-06,5.39790362270391e-06,-38.29367071893585
10821821822.0,6.9455e-06,-1.13454e-05,1.3302558829413234e-05,-38.720576208249135
10832832833.0,1.6232e-06,-3.8128e-06,4.143937991814067e-06,-38.86742455150937
10843843844.0,3.2795e-06,-9.1181e-06,9.689936421876049e-06,-38.92464544120957
10854854855.0,1.51205e-05,-8.446e-07,1.5144070437303176e-05,-37.75491179849828
10865865866.0,3.6368e-06,-5.9316e-06,6.9577433698002975e-06,-38.719895290020986
10876876877.0,-5.8664e-06,-1.08499e-05,1.2334300911279891e-05,-39.76557318744594
10887887888.0,-7.014e-07,-3.7009e-06,3.7667788321057554e-06,-39.4572082167515
10898898899.0,2.9955e-06,-1.84971e-05,1.8738082310097797e-05,-39.10935771181927
10909909910.0,-3.93e-07,4.554e-07,6.015298496334159e-07,-41.69952067448011
10920920921.0,-2.5169e-06,-6.7867e-06,7.238375681048891e-06,-39.62504230438124
10931931932.0,-1.88626e-05,-6.8762e-06,2.0076847491575963e-05,-40.491134321872565
10942942943.0,-6.3889e-06,-6.954e-06,9.443312936146932e-06,-40.01297951604096
10953953954.0,-4.4343e-06,-4.848e-07,4.460722758701778e-06,-40.731807457863646
10964964965.0,-3.4893e-06,-1.05968e-05,1.1156495181283413e-05,-39.58800508134033
10975975976.0,-6.2349e-06,-3.935e-06,7.372801571316022e-06,-40.2777129514446
10986986987.0,-2.3744e-06,-3.4935e-06,4.224016762514088e-06,-39.86685382194974
10997997998.0,-7.7326e-06,-2.129e-07,7.73553030955215e-06,-40.81317866733713
11009009009.0,-8.9794e-06,-3.8128e-06,9.755360997933394e-06,-40.43915885412115
11020020020.0,-2.1762e-06,1.8558e-06,2.8600419717199954e-06,-41.54680500448892
11031031031.0,-5.4323e-06,-2.167e-07,5.436620474154877e-06,-40.80083461371227
11042042042.0,-3.1804e-06,8.555e-07,3.293451747027729e-06,-41.103475950886846
11053053053.0,-3.2725e-06,1.16169e-05,1.206903566404541e-05,-42.1369148708616
11064064064.0,-9.8032e-06,4.7827e-06,1.0907655546908326e-05,-41.29460215734102
11075075075.0,-1.35043e-05,3.27e-08,1.3504339590664921e-05,-40.84312594287992
11086086086.0,-1.03319e-05,2.9166e-06,1.0735674788759205e-05,-41.115836163609316
11097097097.0,1.366e-07,5.935e-06,5.936571785129866e-06,-42.434512767353034
11108108108.0,5.812e-07,1.8873e-06,1.974764474563992e-06,-42.710238030229384
11119119119.0,-2.5303e-06,1.22428e-05,1.2501542702002821e-05,-42.207693797805106
11130130130.0,8.5474e-06,1.2913e-05,1.5485593813606246e-05,-42.99621152611684
11141141141.0,-1.741e-06,7.7835e-06,7.975835583184998e-06,-42.191444755601964
11152152152.0,8.3816e-06,-3.169e-06,8.960679637170385e-06,-44.34377419507573
11163163163.0,1.16198e-05,-1.22747e-05,1.6902307893598436e-05,-44.795096434727434
11174174174.0,9.3871e-06,1.32238e-05,1.621685952488952e-05,-43.02881631185264
11185185185.0,6.2232e-06,3.562e-07,6.233385651473844e-06,-43.92512209920195
11196196196.0,7.4736e-06,8.2376e-06,1.1122623374006692e-05,-43.148309531321615
11207207207.0,6.5222e-06,4.6995e-06,8.038929847311766e-06,-43.35791915516012
11218218218.0,1.09703e-05,5.7944e-06,1.2406552843155105e-05,-43.496352894318846
11229229229.0,1.09374e-05,6.086e-06,1.2516633523435924e-05,-43.47452352921871
11240240240.0,1.93236e-05,1.355e-07,1.9324075067386796e-05,-43.975285114238524
11251251251.0,1.28594e-05,-1.8948e-06,1.299824739724552e-05,-44.12859192823875
11262262262.0,7.5094e-06,-6.0291e-06,9.630219892089691e-06,-44.65878791311778
11273273273.0,9.7784e-06,-9.1027e-06,1.3359500509001076e-05,-44.731923469787
11284284284.0,1.25205e-05,-2.05147e-05,2.4033639681496434e-05,-45.00512140336486
11295295295.0,1.32925e-05,-2.22887e-05,2.59514297089775e-05,-45.01534114817836
11306306306.0,6.0727e-06,-2.08284e-05,2.1695620107524006e-05,-45.26939892710923
11317317317.0,7.8389e-06,-1.28391e-05,1.504296652991025e-05,-45.004953425425064
11328328328.0,3.4041e-06,-1.92491e-05,1.9547781143137446e-05,-45.378058554431966
11339339339.0,-7.536e-07,-2.09307e-05,2.094426211280789e-05,-45.589082460503214
11350350350.0,2.8191e-06,-2.66009e-05,2.6749863656101128e-05,-45.447509961284204
11361361361.0,-3.8148e-06,-3.01074e-05,3.034811746715107e-05,-45.679128256183276
11372372372.0,1.415e-06,-2.0329e-05,2.0378186033109033e-05,-45.48360056235354
11383383383.0,-1.18848e-05,-2.78132e-05,3.024603387685731e-05,-45.95691730881601
11394394394.0,-2.28101e-05,-3.2311e-05,3.955125008150817e-05,-46.16780466664662
11405405405.0,-5.38526e-05,-2.36902e-05,5.883305280877408e-05,-46.7094598472072
11416416416.0,-7.62229e-05,-1.47417e-05,7.763535408111436e-05,-46.93284596006465
11427427427.0,-9.49884e-05,3.01645e-05,9.966289778453162e-05,-47.43137767463907
11438438438.0,-5.38878e-05,9.08764e-05,0.0001056523310949645,-48.15944509852186
11449449449.0,3.28828e-05,9.97974e-05,0.00010507520917228764,-49.012978719737816
11460460460.0,5.00862e-05,4.49038e-05,6.726796180114276e-05,-49.53458758234737
11471471471.0,4.16174e-05,1.89808e-05,4.574143363953518e-05,-49.837585187823855
11482482482.0,3.20749e-05,-8.038e-07,3.208497007089145e-05,-50.290537307148405
11493493493.0,3.06049e-05,1.62e-07,3.060532875186934e-05,-50.2601892368408
11504504505.0,2.82907e-05,6.8481e-06,2.9107734025512875e-05,-50.0279888079549
11515515516.0,2.9809e-05,-3.8903e-06,3.006178496180824e-05,-50.395256558598746
11526526527.0,8.5351e-06,-2.33872e-05,2.489596464991867e-05,-51.48635026413306
11537537538.0,1.33546e-05,-1.96055e-05,2.3721740480200857e-05,-51.238305239339915
11548548549.0,6.3212e-06,2.272e-07,6.325281754989258e-06,-50.22955538054945
11559559560.0,7.9539e-06,-8.0637e-06,1.132641968584954e-05,-51.05773547300908
11570570571.0,8.5386e-06,-1.13336e-05,1.419007325280599e-05,-51.19061278006046
11581581582.0,1.01619e-05,-1.33649e-05,1.6789424159869213e-05,-51.18619133879916
11592592593.0,2.8857e-06,-5.3301e-06,6.061124524376644e-06,-51.34006457005173
11603603604.0,4.4327e-06,-4.3547e-06,6.213874908621833e-06,-51.04200450826735
11614614615.0,-4.1601e-06,-3.7625e-06,5.609174472237425e-06,-52.67182042407932
11625625626.0,-6.8566e-06,-4.9242e-06,8.441605842492293e-06,-52.784258745700875
11636636637.0,1.5727e-06,-2.2825e-06,2.7718570561989665e-06,-51.23295650144493
11647647648.0,-1.0099e-06,-1.0056e-06,1.425176960942044e-06,-52.623810410033386
11658658659.0,6.107e-07,5.1366e-06,5.172776242019366e-06,-55.09620782555379
11669669670.0,4.2877e-06,-5.087e-06,6.6529647744445474e-06,-57.41912161680575
11680680681.0,1.1064e-06,1.3957e-06,1.7810388681890128e-06,-55.648157871228165
11691691692.0,3.1193e-06,-1.6489e-06,3.5283003982087467e-06,-57.03494225620336
11702702703.0,7.573e-06,6.5444e-06,1.0008970994063276e-05,-55.836001522010505
11713713714.0,6.6675e-06,2.1901e-06,7.017983632069826e-06,-56.23129702053833
11724724725.0,-1.4807e-06,4.1018e-06,4.360875569194792e-06,-54.631441611639666
11735735736.0,1.01341e-05,1.2857e-06,1.0215331972089796e-05,-56.42247325345476
11746746747.0,7.402e-06,-1.8266e-06,7.624045616337824e-06,-56.79060520230165
11757757758.0,8.8389e-06,1.2809e-06,8.931229367785825e-06,-56.404753396128115
11768768769.0,1.10952e-05,-5.487e-06,1.2377828244082239e-05,-57.007936377566
11779779780.0,1.08487e-05,-2.8187e-06,1.1208896528204728e-05,-56.80286641597031
11790790791.0,8.1493e-06,1.9891e-06,8.388540355747238e-06,-56.30926639654167
11801801802.0,2.5522e-06,-3.6857e-06,4.483091492485961e-06,-57.51381644250244
11812812813.0,4.8329e-06,-8.5345e-06,9.807885228733052e-06,-57.604209293514955
11823823824.0,-3.89e-08,-9.1644e-06,9.164482558770026e-06,-58.12370875187749
11834834835.0,9.0555e-06,-1.58594e-05,1.8262602459945293e-05,-57.60065145130092
11845845846.0,1.28646e-05,-5.9348e-06,1.4167560982752112e-05,-56.980902011754054
11856856857.0,8.8481e-06,9.18e-07,8.895594280878596e-06,-56.445286559690146
11867867868.0,-1.225e-07,-5.1246e-06,5.126063929566232e-06,-58.14336384459878
11878878879.0,-6.8729e-06,-1.16251e-05,1.3504803013002447e-05,-58.6533968556994
11889889890.0,7.523e-07,-1.28266e-05,1.2848642840782836e-05,-58.06087965456564
11900900901.0,3.0621e-06,-1.51061e-05,1.5413329089460197e-05,-57.91946778366451
11911911912.0,7.5509e-06,-8.914e-06,1.1682272330758258e-05,-57.41666579586836
11922922923.0,-1.16984e-05,-2.0042e-06,1.1868840726878088e-05,-59.520585117360916
11933933934.0,-1.75891e-05,-9.7679e-06,2.0119351610327806e-05,-59.18332798394595
11944944945.0,-1.18383e-05,-9.1631e-06,1.4970228739067417e-05,-59.031561895833676
11955955956.0,-2.66697e-05,-1.8678e-06,2.673502524648144e-05,-59.6203400514717
11966966967.0,-1.94378e-05,-1.87392e-05,2.6999734914995e-05,-58.923159188556
11977977978.0,-2.09275e-05,1.1862e-05,2.405550457275839e-05,-60.20592094144739
11988988989.0,-2.61142e-05,1.63696e-05,3.082069508950115e-05,-60.250186592989095
12000000000.0,-2.55786e-05,1.52069e-05,2.9757597106789387e-05,-60.2266381847042
