Frequenze (Hz),Parte Reale,Parte Immaginaria,Ampiezza,Fase
6707000000.0,0.0001045466,0.0001224631,0.00016101926106267534,0.8641588412932476
6707283283.0,7.29455e-05,0.0001113918,0.00013315096348690084,0.9910155256081395
6707566567.0,7.91112e-05,0.0001511637,0.0001706137338057227,1.088645361266066
6707849850.0,9.97548e-05,0.0001404671,0.00017228472452730684,0.9532808289558984
6708133133.0,9.63941e-05,0.0001311817,0.0001627896216891605,0.9370855562549716
6708416416.0,7.62746e-05,0.0001413495,0.00016061598848000783,1.075959604662906
6708699700.0,8.96169e-05,0.0001223754,0.0001516803457629564,0.9387123703945173
6708982983.0,8.0374e-05,0.0001212977,0.00014550983437998271,0.9856021119275264
6709266266.0,6.84878e-05,0.0001143435,0.00013328546335249767,1.0311379104441456
6709549550.0,0.0001272195,0.0001178008,0.00017338347574348024,0.746976592361291
6709832833.0,0.0001012521,0.0001132383,0.00015190424727867224,0.8412223233611064
6710116116.0,0.0001218166,9.8974e-05,0.00015695584319024253,0.6823067271006181
6710399399.0,0.0001073944,0.00012755,0.00016674099571299195,0.8709774352805345
6710682683.0,0.0001182944,0.0001351987,0.0001796447982911,0.8519850216945288
6710965966.0,0.0001191271,0.000131694,0.00017757977246975513,0.8354593431995427
6711249249.0,8.54178e-05,0.0001152215,0.00014343010360133606,0.932863533907333
6711532533.0,0.0001142579,0.0001324924,0.00017495457630530847,0.8591626753625701
6711815816.0,0.0001178423,0.0001326256,0.00017741577563635654,0.8443525005243668
6712099099.0,0.000102974,8.87563e-05,0.00013594603880102575,0.7113789551933164
6712382382.0,0.0001072202,9.07746e-05,0.0001404855839337261,0.7025276239232418
6712665666.0,9.64826e-05,0.0001059551,0.00014330169335625452,0.8321562311782242
6712948949.0,9.2757e-05,0.000111928,0.00014536759691554375,0.8787867105930922
6713232232.0,0.0001135701,0.0001220763,0.00016673569094737936,0.8214798023097958
6713515516.0,9.80418e-05,9.23141e-05,0.00013466286647049363,0.7553178119668966
6713798799.0,0.0001231762,0.0001143432,0.00016806767575200176,0.7482267517187619
6714082082.0,9.70356e-05,0.0001177546,0.00015258457814772762,0.8815622067918462
6714365365.0,0.000109781,9.64458e-05,0.00014612891670932212,0.7208252735617396
6714648649.0,0.0001210637,0.0001167278,0.00016817193211273395,0.7671661426476645
6714931932.0,0.0001099247,9.97847e-05,0.00014846018329565675,0.7370831679477436
6715215215.0,0.0001184513,8.70161e-05,0.00014697793076139017,0.6335817698785902
6715498498.0,9.68807e-05,0.0001056861,0.00014337162120064067,0.8288399325156768
6715781782.0,0.0001063486,0.0001048838,0.00014936745369858854,0.7784637323112585
6716065065.0,9.40282e-05,0.0001143296,0.00014802891552463662,0.8825268468636485
6716348348.0,0.0001146984,8.9502e-05,0.00014548653190780237,0.6626281691112879
6716631632.0,9.49455e-05,9.01064e-05,0.00013089618516675725,0.7592541604062295
6716914915.0,0.0001316612,0.0001048746,0.0001683251416473487,0.6726331417399052
6717198198.0,9.52238e-05,9.08523e-05,0.00013161197704513825,0.761909407882628
6717481481.0,0.0001317727,8.77447e-05,0.00015831353967169073,0.5874572358550668
6717764765.0,0.0001065508,0.0001004478,0.00014643371710599986,0.7559234106789615
6718048048.0,0.0001231631,9.08857e-05,0.00015306652039587235,0.635731206115523
6718331331.0,9.44754e-05,0.0001161247,0.00014970152689685565,0.8878364838795051
6718614615.0,9.87408e-05,0.0001013144,0.0001414720934742962,0.7982619032165541
6718897898.0,0.0001289356,0.000114908,0.00017270853311680928,0.7279344590937838
6719181181.0,0.0001176278,0.0001207033,0.00016853956794690676,0.7983017639131839
6719464464.0,0.0001097435,0.0001007779,0.00014899604330538446,0.7428362880802285
6719747748.0,0.0001208601,9.84638e-05,0.00015589189742398415,0.6836357126982777
6720031031.0,0.0001317174,8.73506e-05,0.0001580493618560986,0.5855756683310676
6720314314.0,0.0001286694,0.000113837,0.00017179836164923112,0.7243113389669082
6720597598.0,0.0001379043,0.0001102498,0.00017655767997606334,0.6744152516041937
6720880881.0,8.98243e-05,7.1848e-05,0.00011502408432363198,0.6746632790172638
6721164164.0,0.0001461968,8.11047e-05,0.00016718695132195575,0.506493320473031
6721447447.0,0.0001195729,8.70038e-05,0.0001478760955288244,0.6290242944835442
6721730731.0,0.0001273499,9.86761e-05,0.0001611054615499425,0.6592115887033791
6722014014.0,0.0001068734,9.75301e-05,0.00014468601879093226,0.7397198809137501
6722297297.0,0.0001104639,8.75807e-05,0.0001409703948199763,0.6703626023803685
6722580581.0,9.43448e-05,9.50343e-05,0.00013391213336934782,0.7890389925777013
6722863864.0,7.89206e-05,8.74912e-05,0.00011782686952389086,0.8368550565922019
6723147147.0,0.0001186787,0.0001121671,0.00016329755710389548,0.7571980670484644
6723430430.0,0.0001126726,9.69537e-05,0.00014864432291362493,0.7105528907528786
6723713714.0,0.0001051191,8.9227e-05,0.00013788213341042415,0.7038075391918992
6723996997.0,0.0001063564,0.0001061644,0.00015027496015078493,0.7844947226624103
6724280280.0,0.0001614153,7.49038e-05,0.0001779479652272821,0.43447133933451443
6724563564.0,0.0001391737,8.76336e-05,0.00016446570043826767,0.5619509669531084
6724846847.0,0.0001023797,0.0001233033,0.00016026636191971165,0.8778462305858786
6725130130.0,0.0001073539,7.49534e-05,0.00013093079094227605,0.6095100443050361
6725413413.0,0.0001341118,9.65821e-05,0.0001652697096858647,0.6241291364688797
6725696697.0,0.0001413467,8.54379e-05,0.00016516211538152446,0.5436897333110681
6725979980.0,0.0001356299,9.76495e-05,0.00016712538593600913,0.6240034936482367
6726263263.0,0.0001241324,8.93297e-05,0.00015293347583786226,0.6237809301250354
6726546547.0,0.0001334132,8.66247e-05,0.0001590689177191132,0.5758803841954925
6726829830.0,0.0001206176,8.64551e-05,0.00014840178484698224,0.6218926790332384
6727113113.0,0.000127579,9.64382e-05,0.00015992725740235779,0.6472725823975464
6727396396.0,0.0001172555,9.59983e-05,0.00015154050905002268,0.6860460683845582
6727679680.0,0.0001168027,0.0001124288,0.00016212065197478698,0.7663197675013862
6727962963.0,0.000121877,0.000102742,0.00015940489858533205,0.7004146481130471
6728246246.0,0.0001062113,0.0001027304,0.0001477645943108497,0.7687400333134589
6728529530.0,0.0001191412,9.9723e-05,0.00015536827947312798,0.6969072731976331
6728812813.0,0.000150694,8.58521e-05,0.0001734337473227457,0.517850725194151
6729096096.0,0.0001333117,7.94973e-05,0.0001552154311406569,0.5377140221825903
6729379379.0,0.0001241276,9.14049e-05,0.00015415095467031657,0.6347262208165829
6729662663.0,0.0001060006,0.0001114778,0.00015382921404336693,0.8105778704576291
6729945946.0,0.00013066,9.49318e-05,0.00016150567250483805,0.6283273133325078
6730229229.0,0.0001513929,8.53747e-05,0.00017380635653076675,0.5134735933910913
6730512513.0,0.0001015043,7.99132e-05,0.00012918685092814207,0.6669420185804477
6730795796.0,0.0001314596,0.000109533,0.00017111138045483706,0.6946634495664042
6731079079.0,0.0001164871,0.000110379,0.00016047669023073102,0.7584808551784986
6731362362.0,0.0001331013,0.0001114846,0.00017362249882676495,0.6972463998088281
6731645646.0,0.0001366609,8.92741e-05,0.00016323622918831468,0.5786584213840992
6731928929.0,0.000122965,0.0001064453,0.0001626376128608939,0.7135128338990678
6732212212.0,0.0001307109,8.70635e-05,0.00015705219645410887,0.5875941337462801
6732495495.0,0.0001574758,9.37263e-05,0.0001832573242665351,0.5368671574045693
6732778779.0,0.0001458022,7.37424e-05,0.00016338978879538343,0.46825306360963853
6733062062.0,0.0001476335,6.63461e-05,0.00016185627979000382,0.4223526281948776
6733345345.0,0.000122277,8.70945e-05,0.00015012367121560144,0.618914900549172
6733628629.0,0.0001389613,7.26876e-05,0.00015682388240140593,0.48193910384538663
6733911912.0,0.000138401,9.46585e-05,0.00016767548545702795,0.5998684861032489
6734195195.0,0.0001454696,8.24005e-05,0.0001671862641618922,0.5153810599527407
6734478478.0,0.0001292625,9.61176e-05,0.00016108192616184474,0.6393825717771335
6734761762.0,0.0001553491,0.0001057941,0.00018795141517323035,0.5978661411494579
6735045045.0,0.0001192344,8.2162e-05,0.00014480136873441495,0.6033592167084226
6735328328.0,0.0001191802,7.07408e-05,0.00013859358158543994,0.5356719936697204
6735611612.0,0.0001634653,9.21987e-05,0.00018767393155624996,0.513548017104509
6735894895.0,0.0001369166,8.17694e-05,0.00015947535901172946,0.538373242230702
6736178178.0,0.0001391414,8.42546e-05,0.00016266273947994358,0.5444773783567793
6736461461.0,0.0001582489,6.90429e-05,0.00017265467381921638,0.41139697146613247
6736744745.0,0.0001344298,9.47472e-05,0.00016446398704847212,0.6139455341186241
6737028028.0,0.0001458208,0.0001013327,0.00017757258178539276,0.6073033831945522
6737311311.0,0.0001568569,9.58341e-05,0.00018381583664205868,0.5484431253531372
6737594595.0,0.0001549134,8.77087e-05,0.00017801959879532928,0.5151797285801271
6737877878.0,0.0001327103,8.00281e-05,0.00015497264441087657,0.5426434014119677
6738161161.0,0.000133137,9.47195e-05,0.00016339291431775735,0.618365181178705
6738444444.0,0.0001303978,8.12485e-05,0.00015363887853369015,0.5572187686669057
6738727728.0,0.00014023,7.76966e-05,0.00016031598345629796,0.5059591291731124
6739011011.0,0.0001610092,9.07299e-05,0.00018481308730349699,0.5131545108673069
6739294294.0,0.0001565094,8.25599e-05,0.00017695007594338577,0.48541076399806876
6739577578.0,0.0001199898,6.97134e-05,0.00013877143165507807,0.5263275494505202
6739860861.0,0.0001698398,8.77925e-05,0.0001911885998701021,0.47708674132105144
6740144144.0,0.0001557641,8.26473e-05,0.00017633216112241125,0.48782121568866504
6740427427.0,0.000152017,7.39429e-05,0.00016904650469444792,0.45271827573301043
6740710711.0,0.0001450911,9.10304e-05,0.00017128327712701553,0.5603245027672564
6740993994.0,0.0001373688,8.37142e-05,0.00016086719521108086,0.5473113872629889
6741277277.0,0.0001642003,7.66257e-05,0.00018119943824576278,0.436621625344535
6741560561.0,0.0001733081,0.0001046916,0.00020247476049169684,0.5434125916252902
6741843844.0,0.0001645374,7.54594e-05,0.0001810156817712764,0.4299954264923851
6742127127.0,0.0001639925,9.46962e-05,0.0001893697714807989,0.5236677667670592
6742410410.0,0.0001792296,7.50239e-05,0.00019429831467969558,0.3964296793226684
6742693694.0,0.0001512057,8.46136e-05,0.00017327038124691135,0.5101781743254263
6742976977.0,0.0001663153,7.89662e-05,0.00018410985784723748,0.44328364796623004
6743260260.0,0.0001628318,8.80709e-05,0.00018512341428908986,0.49580690727575283
6743543544.0,0.00016433,0.0001049682,0.0001949940304502679,0.56843633802034
6743826827.0,0.0001575943,0.0001005665,0.000186948079195107,0.5679892769476275
6744110110.0,0.0001684682,0.0001018707,0.0001968734972761189,0.5438594355989574
6744393393.0,0.0001610642,8.68225e-05,0.00018297492458774236,0.49440150496760565
6744676677.0,0.0001574789,9.32257e-05,0.0001830044673927388,0.5345078758632158
6744959960.0,0.0001792251,0.0001027915,0.00020661008915892758,0.5207310525291691
6745243243.0,0.0001814685,7.95676e-05,0.00019814595494738218,0.4132201871046051
6745526527.0,0.0001644704,6.53345e-05,0.0001769720581515907,0.37812626616334466
6745809810.0,0.0001841891,6.41489e-05,0.00019504026745782526,0.3351393814990847
6746093093.0,0.0001900643,7.4673e-05,0.00020420699073119415,0.3743558682416508
6746376376.0,0.0001737662,6.98767e-05,0.00018728973667910903,0.3823417197188276
6746659660.0,0.0001915843,8.40317e-05,0.00020920294121111205,0.41334571814852655
6746942943.0,0.0001829157,9.27009e-05,0.00020506489257622818,0.4690694203747379
6747226226.0,0.0001649765,7.88835e-05,0.00018286566688282413,0.4460152478011359
6747509510.0,0.0001946876,9.18114e-05,0.00021525007494474884,0.4406568390917996
6747792793.0,0.0001470137,6.99304e-05,0.0001627983072143258,0.44399703607522095
6748076076.0,0.0001877927,8.62329e-05,0.0002066451335398441,0.4304716252337273
6748359359.0,0.0001925557,7.24096e-05,0.00020572031444329947,0.3596864824084603
6748642643.0,0.0001727146,7.15671e-05,0.0001869550289657114,0.3928293961589915
6748925926.0,0.0001819547,9.12677e-05,0.00020356155313658815,0.46492337547709567
6749209209.0,0.0001849508,6.38404e-05,0.00019565887430116733,0.33236996521357154
6749492492.0,0.0001670764,5.35635e-05,0.00017545247780869326,0.3102406372690135
6749775776.0,0.0001700374,8.30783e-05,0.00018924777760821922,0.45447671742318196
6750059059.0,0.000191409,7.25797e-05,0.0002047076406319266,0.3624359250497498
6750342342.0,0.0002125017,7.77926e-05,0.00022629330771732956,0.3509274632250561
6750625626.0,0.0001971943,7.95794e-05,0.00021264635632159325,0.3835701236770519
6750908909.0,0.0002066454,9.07385e-05,0.00022568960260368665,0.41375465124350025
6751192192.0,0.0002217421,6.17719e-05,0.00023018541774408736,0.27168720813808483
6751475475.0,0.0002240094,7.86927e-05,0.00023742946809873875,0.33782531729823295
6751758759.0,0.0002028792,5.83487e-05,0.00021110315152628585,0.28004510855062803
6752042042.0,0.0002111639,7.95104e-05,0.00022563708997274808,0.36011491834761966
6752325325.0,0.000225557,7.73463e-05,0.00023845001650805146,0.3303468297568501
6752608609.0,0.0002188454,6.04971e-05,0.00022705331578633687,0.26970225644593765
6752891892.0,0.0002123104,5.43552e-05,0.00021915791958129188,0.25063422267942087
6753175175.0,0.0001919487,6.99464e-05,0.00020429586952420257,0.3494466414908488
6753458458.0,0.0001886082,7.8664e-05,0.00020435527397950855,0.3951400595258112
6753741742.0,0.0002221357,6.84858e-05,0.0002324533803069553,0.29905957798576094
6754025025.0,0.0002012597,6.65478e-05,0.00021197659429505417,0.3193393474651389
6754308308.0,0.000215158,5.89481e-05,0.00022308707595378535,0.2674138352942139
6754591592.0,0.0002269748,5.124e-05,0.00023268669372149322,0.22203002830855467
6754874875.0,0.0002343055,5.56418e-05,0.00024082167102960233,0.23315654499047683
6755158158.0,0.0001895777,7.02632e-05,0.00020217967655412352,0.35493402299090954
6755441441.0,0.0002068517,6.53594e-05,0.00021693196389939865,0.3060450777212116
6755724725.0,0.0001981819,2.69914e-05,0.00020001150257315203,0.13536223234513794
6756008008.0,0.0002156484,6.74828e-05,0.00022596052911603832,0.30327633689635314
6756291291.0,0.0002212255,6.20182e-05,0.00022975417075972744,0.2733233005552702
6756574575.0,0.0002220401,5.68532e-05,0.00022920316829889151,0.2506639168779298
6756857858.0,0.0002338013,6.42066e-05,0.00024245728565099874,0.2680132396116063
6757141141.0,0.0002270299,5.42761e-05,0.00023342765587055017,0.23466570337973372
6757424424.0,0.0002029414,4.99609e-05,0.00020900072574699352,0.24138380251195313
6757707708.0,0.0002420145,5.50506e-05,0.00024819666953972207,0.22366245462872417
6757990991.0,0.0002464964,3.41303e-05,0.00024884805121007077,0.13758685282462482
6758274274.0,0.0002236231,5.00104e-05,0.00022914696367565076,0.22001674460253104
6758557558.0,0.0002201937,3.03129e-05,0.0002222704150940921,0.13680480436599332
6758840841.0,0.0002212274,4.28832e-05,0.00022534536017633025,0.19146762210378895
6759124124.0,0.0002502562,3.11149e-05,0.0002521830736596927,0.1236973990559492
6759407407.0,0.0002494462,3.67761e-05,0.00025214259502442265,0.1463765255904963
6759690691.0,0.0002528954,4.03028e-05,0.00025608670217135447,0.15803653156772363
6759973974.0,0.0002085182,4.39649e-05,0.0002131026798593814,0.20780081553451976
6760257257.0,0.0002531751,2.79077e-05,0.0002547086001282642,0.10978758590124041
6760540541.0,0.0002463916,1.35511e-05,0.0002467639618375625,0.05494286980958188
6760823824.0,0.0002585315,4.37553e-05,0.00026220805245136925,0.1676567848211971
6761107107.0,0.0002368179,5.51974e-05,0.00024316552125490571,0.22899120179754515
6761390390.0,0.0002440031,2.12375e-05,0.0002449255891405796,0.08681903480522356
6761673674.0,0.0002628729,1.80987e-05,0.0002634952077289073,0.06874114251997615
6761956957.0,0.0002459007,2.43785e-05,0.00024710618268821197,0.09881671086222911
6762240240.0,0.0002281577,3.90745e-05,0.0002314794863903495,0.16961541442527772
6762523524.0,0.000214351,3.9662e-06,0.00021438769074608736,0.01850118475957761
6762806807.0,0.0002350815,2.10351e-05,0.00023602073441598303,0.08924235958903494
6763090090.0,0.0002201897,4.3853e-05,0.00022451411892148343,0.1965878217407885
6763373373.0,0.0002408132,2.19614e-05,0.00024181253148710055,0.09094525845981857
6763656657.0,0.0002506446,2.0498e-05,0.0002514813780643807,0.08159954206705905
6763939940.0,0.0002517682,9.3738e-06,0.00025194264160256796,0.03721467699775069
6764223223.0,0.0002283649,-4.33e-07,0.00022836531050273375,-0.001896085961989126
6764506507.0,0.0002331705,5.5422e-06,0.00023323635662368333,0.02376439835997356
6764789790.0,0.0002783363,1.59348e-05,0.00027879206184669246,0.05718774357787693
6765073073.0,0.0002679338,8.4004e-06,0.00026806545451176655,0.0313422537418971
6765356356.0,0.0002426103,1.88615e-05,0.00024334237988550209,0.07758795379471543
6765639640.0,0.0002462037,2.28312e-05,0.0002472600363729044,0.09246851575207377
6765922923.0,0.0002410097,9.4892e-06,0.00024119643531928493,0.03935236275732633
6766206206.0,0.0002408346,3.5006e-06,0.00024086003976899115,0.014534263357506294
6766489489.0,0.0002489674,1.74874e-05,0.0002495807993847283,0.07012454688727555
6766772773.0,0.000266244,1.7124e-05,0.0002667941133383568,0.06422847585523642
6767056056.0,0.0002463439,6.4797e-06,0.0002464291045702597,0.026297408802383695
6767339339.0,0.0002522731,-2.72679e-05,0.00025374249812362926,-0.107670798860186
6767622623.0,0.0002591827,-1.13639e-05,0.0002594317062398118,-0.04381706964598915
6767905906.0,0.0002534509,-1.899e-07,0.00025345097114199425,-0.0007492574082957403
6768189189.0,0.0002627398,-1.2809e-05,0.00026305184467142594,-0.04871308659017763
6768472472.0,0.0002393918,-2.90817e-05,0.0002411517762367302,-0.12088924142319003
6768755756.0,0.0002621494,-1.02893e-05,0.00026235124854829644,-0.039229619347844476
6769039039.0,0.0002558718,-9.6019e-06,0.00025605189809655777,-0.03750861415337125
6769322322.0,0.0002582515,-1.32478e-05,0.00025859106994846127,-0.051253130479831446
6769605606.0,0.0002460307,-2.11243e-05,0.0002469359054349529,-0.08565036343690445
6769888889.0,0.0002706243,-3.01298e-05,0.00027229637639625325,-0.11087780327753621
6770172172.0,0.0002559745,-3.42334e-05,0.0002582535001230574,-0.1329486577932791
6770455455.0,0.0002275768,-8.9265e-06,0.0002277517997744255,-0.039204023961443284
6770738739.0,0.0002374304,-3.10293e-05,0.00023944939403274757,-0.12995149343660525
6771022022.0,0.0002885458,-2.51719e-05,0.00028964168078377466,-0.08701680862941395
6771305305.0,0.0002450796,-2.40717e-05,0.00024625892283742736,-0.09790589342273384
6771588589.0,0.0002703053,-4.19181e-05,0.0002735362541157935,-0.15385136624803472
6771871872.0,0.0002490809,-5.49843e-05,0.00025507757249766195,-0.21726438642208104
6772155155.0,0.0002717304,-4.3872e-06,0.0002717658142739811,-0.01614401204040955
6772438438.0,0.0002312585,-1.36538e-05,0.00023166121832687058,-0.058972828927423976
6772721722.0,0.0002607801,-1.92374e-05,0.0002614886959598254,-0.0736352890113846
6773005005.0,0.0002556882,-4.6321e-05,0.0002598501311530168,-0.1792182967075524
6773288288.0,0.0002436806,-4.38783e-05,0.00024759955578968634,-0.17815570984245035
6773571572.0,0.0002771908,-3.3024e-05,0.00027915107769922726,-0.11857922722546956
6773854855.0,0.0002584193,1.6688e-06,0.00025842468826706556,0.00645763223974129
6774138138.0,0.0002168095,-3.64177e-05,0.00021984678338229103,-0.16641745120475246
6774421421.0,0.0002724028,-4.56193e-05,0.00027619631782543734,-0.16593020808094852
6774704705.0,0.0002632028,-1.80559e-05,0.000263821396881773,-0.06849340383758952
6774987988.0,0.0002543936,-3.55817e-05,0.0002568699303068578,-0.13896715499562723
6775271271.0,0.0002392513,-5.48103e-05,0.0002454492891368398,-0.22520480918448882
6775554555.0,0.0002449014,-3.56914e-05,0.0002474885285339908,-0.14471898803559577
6775837838.0,0.0002598646,-4.94232e-05,0.00026452270796927814,-0.18794365529526078
6776121121.0,0.0002414939,-6.92881e-05,0.0002512372276133058,-0.2794089329291923
6776404404.0,0.0002532217,-6.01447e-05,0.00026026642943141934,-0.23319679558851358
6776687688.0,0.0002600026,-3.36625e-05,0.00026217268338446325,-0.12875363839169374
6776970971.0,0.0002773878,-2.78164e-05,0.0002787790230591247,-0.09994569911699709
6777254254.0,0.0002433273,-4.65512e-05,0.00024774016458122005,-0.18902700684700818
6777537538.0,0.0002232137,-6.44849e-05,0.00023234168415439362,-0.28123609793142595
6777820821.0,0.0002556691,-5.00019e-05,0.0002605127227189106,-0.19313495320876048
6778104104.0,0.0002843209,-6.28221e-05,0.0002911786228850257,-0.2174609520559498
6778387387.0,0.000220649,-8.46011e-05,0.00023631192801509197,-0.3661315252384336
6778670671.0,0.0002399545,-5.94659e-05,0.0002472131779114131,-0.24292732388058694
6778953954.0,0.000270802,-8.42548e-05,0.0002836064077679487,-0.30163685309731525
6779237237.0,0.0002727015,-5.28e-05,0.0002777659952230474,-0.1912518442234007
6779520521.0,0.0002590006,-3.61842e-05,0.0002615159787278781,-0.13880857436016722
6779803804.0,0.0002743213,-6.10998e-05,0.0002810433439769211,-0.21915352930090168
6780087087.0,0.0002386284,-5.03431e-05,0.00024388099762829004,-0.20791970431377277
6780370370.0,0.0002659978,-7.81044e-05,0.0002772275724097443,-0.2856007125994993
6780653654.0,0.0002625491,-7.81653e-05,0.0002739376645058142,-0.2893608788557993
6780936937.0,0.0002585249,-5.23792e-05,0.0002637777559094966,-0.199901941758696
6781220220.0,0.000262898,-7.71147e-05,0.00027397451589534745,-0.285322251932042
6781503504.0,0.0002690412,-8.34427e-05,0.0002816839567329492,-0.30074106121723665
6781786787.0,0.0002758402,-7.06095e-05,0.00028473411707466667,-0.2505986779917787
6782070070.0,0.0002338527,-8.72084e-05,0.00024958443526760637,-0.35694605467776636
6782353353.0,0.0002500412,-7.45215e-05,0.0002609100528145476,-0.2896547985036186
6782636637.0,0.0002609238,-6.45802e-05,0.0002687970082394519,-0.24262997324919447
6782919920.0,0.0002415399,-0.000100333,0.0002615496782276935,-0.39370190149216877
6783203203.0,0.000277374,-0.0001094259,0.00029817840878710515,-0.3757618174796685
6783486486.0,0.0002514667,-9.52814e-05,0.0002689127114787436,-0.36218777738305813
6783769770.0,0.0002410001,-8.36814e-05,0.0002551149248985053,-0.3342010426132439
6784053053.0,0.0002588656,-0.0001006594,0.00027774757185566895,-0.37085586878351573
6784336336.0,0.0002399584,-5.40966e-05,0.0002459806412344679,-0.22173470148802402
6784619620.0,0.0002729761,-9.55691e-05,0.0002892220670108351,-0.33676444971839664
6784902903.0,0.0002550471,-0.0001105849,0.00027798928635186645,-0.40912069025755937
6785186186.0,0.0002503689,-0.0001111798,0.00027394439949604733,-0.4179065432626482
6785469469.0,0.0002649567,-0.0001095069,0.0002866946354965506,-0.39192000947236477
6785752753.0,0.0002786066,-9.43426e-05,0.000294146500469273,-0.32650366708454287
6786036036.0,0.0002674476,-9.6403e-05,0.00028429167619675396,-0.3459588998353831
6786319319.0,0.0002567876,-8.58547e-05,0.00027075985859401313,-0.3226574498842024
6786602603.0,0.0002597782,-0.0001237533,0.00028774918324146466,-0.44457419560764466
6786885886.0,0.0002503215,-9.27734e-05,0.0002669602163428289,-0.35492250213968024
6787169169.0,0.0002821684,-0.0001147327,0.00030460236113308444,-0.38619226226490017
6787452452.0,0.0002710442,-0.000109457,0.00029231112398032336,-0.3838076067542113
6787735736.0,0.0002884081,-0.0001087733,0.000308238321657934,-0.3606548299591081
6788019019.0,0.0002485774,-0.0001273936,0.0002793203413855139,-0.4735901456839324
6788302302.0,0.0002498438,-0.0001162245,0.0002755540941424932,-0.4354127726638741
6788585586.0,0.0002744115,-8.6795e-05,0.0002878107769998372,-0.30633853818204865
6788868869.0,0.0002886121,-9.64514e-05,0.0003043021801242475,-0.32252173733173045
6789152152.0,0.0002857215,-0.000110548,0.00030636193605970376,-0.3691696740312365
6789435435.0,0.0002477837,-0.0001426324,0.0002859034164109446,-0.5223096399035643
6789718719.0,0.0002663624,-9.90278e-05,0.00028417500471821937,-0.3559433099313082
6790002002.0,0.0002853051,-0.0001126918,0.0003067546933190265,-0.37617735239321
6790285285.0,0.0002683536,-0.0001145321,0.0002917726110576008,-0.40339044058426626
6790568569.0,0.0002744375,-9.94175e-05,0.00029189001475298876,-0.3475541093226854
6790851852.0,0.0002816773,-0.000110636,0.00030262588427180183,-0.37426306429484424
6791135135.0,0.00026055,-0.0001268831,0.0002898027321569105,-0.4531788912567562
6791418418.0,0.0002904842,-0.0001113071,0.00031107931618809054,-0.3659209120479152
6791701702.0,0.000279161,-0.0001040965,0.0002979378210856252,-0.3569200117768881
6791984985.0,0.000272408,-0.0001340726,0.00030361419685969896,-0.4573686053788621
6792268268.0,0.0002752581,-0.0001313356,0.0003049853462758006,-0.44518982893965015
6792551552.0,0.0002788053,-0.0001498636,0.00031653039966652495,-0.4932116611832331
6792834835.0,0.0002693402,-0.0001499607,0.0003082731822272739,-0.5080264893180192
6793118118.0,0.0002766254,-0.000141128,0.0003105458489646255,-0.4717562617923463
6793401401.0,0.0003044681,-0.0001247019,0.000329015786522805,-0.38873158847648565
6793684685.0,0.00027251,-0.0001407783,0.00030672500688872764,-0.47683818605134703
6793967968.0,0.0002693091,-0.0001393725,0.0003032360221000467,-0.4775641580638262
6794251251.0,0.0002832354,-0.0001539179,0.0003223554121673312,-0.4977831308166348
6794534535.0,0.0002616756,-0.0001641325,0.0003088909147119902,-0.5602060030035296
6794817818.0,0.0002917235,-0.0001497822,0.0003279288152771726,-0.47434085626975614
6795101101.0,0.0002520035,-0.000139292,0.00028793753710874517,-0.5049431633816216
6795384384.0,0.0002651294,-0.000145379,0.0003023717122770581,-0.5015618857290284
6795667668.0,0.0002612471,-0.0001618338,0.00030731128531319836,-0.5546101959779525
6795950951.0,0.0002617745,-0.0001555769,0.0003045161090383561,-0.5362299626102106
6796234234.0,0.000282843,-0.000170071,0.0003300368277783557,-0.5413683533594
6796517518.0,0.0002829895,-0.0001382986,0.00031497549090716567,-0.4545714656246794
6796800801.0,0.0002593496,-0.0001813884,0.0003164869139075422,-0.6103213273199249
6797084084.0,0.0002737026,-0.000166499,0.00032036702428271235,-0.5465153236086603
6797367367.0,0.0002616731,-0.0001558545,0.00030457090542903144,-0.5371835713898199
6797650651.0,0.0002811258,-0.0001855392,0.00033683305978226066,-0.5833635219248712
6797933934.0,0.0002700045,-0.000178552,0.0003237024045697684,-0.58427291924776
6798217217.0,0.0002860747,-0.0001789651,0.00033744220393735574,-0.5590225389859234
6798500501.0,0.0002724703,-0.0001732145,0.0003228673526269573,-0.5662701322126341
6798783784.0,0.0002425383,-0.0001786992,0.0003012610679253627,-0.6349913768225952
6799067067.0,0.0002853816,-0.0001778076,0.00033624128276628975,-0.5571973387399023
6799350350.0,0.0002817926,-0.0001995315,0.0003452823321674742,-0.6161277409226958
6799633634.0,0.0002432169,-0.0001614272,0.000291913003042773,-0.5859577707003872
6799916917.0,0.0002429471,-0.0001631045,0.00029261984095180557,-0.5912434803367599
6800200200.0,0.0002688541,-0.000191425,0.0003300394790200257,-0.6187365096437066
6800483483.0,0.0002427778,-0.0001789939,0.00030162870621021804,-0.6353069694169569
6800766767.0,0.0002757653,-0.0001824936,0.0003306817423521444,-0.5846059400996233
6801050050.0,0.0002929757,-0.0001795321,0.0003436081135842109,-0.5497696822986661
6801333333.0,0.0002449645,-0.0001842003,0.00030649201748225025,-0.6447459702473557
6801616617.0,0.0002711416,-0.0001853812,0.00032845693258629814,-0.5997066374266584
6801899900.0,0.0002719867,-0.0001771144,0.00032457091007089656,-0.5772097225168357
6802183183.0,0.0002604676,-0.0002264075,0.0003451140778148727,-0.7155554046805881
6802466466.0,0.0002747484,-0.000196097,0.00033755105793281106,-0.6198834043491228
6802749750.0,0.0002884702,-0.0002016742,0.0003519766174530348,-0.610132586909805
6803033033.0,0.0002788843,-0.0002109235,0.0003496643757072487,-0.6475284673251822
6803316316.0,0.0002979415,-0.0001908208,0.00035381028127358025,-0.5696422815954604
6803599600.0,0.0002561698,-0.0001733476,0.0003093094839441558,-0.5949099257467664
6803882883.0,0.0002621897,-0.0002116642,0.0003369646455456863,-0.679172771064469
6804166166.0,0.0002972725,-0.0002114956,0.00036483054707029403,-0.6183716755375883
6804449449.0,0.0002656192,-0.0001957125,0.00032993475425436767,-0.6350098733911511
6804732733.0,0.0002767341,-0.0001871435,0.0003340725246036555,-0.5946130267548222
6805016016.0,0.0002664705,-0.0002195783,0.0003452841687670316,-0.6892195055198643
6805299299.0,0.0002775888,-0.000198038,0.0003409906029928684,-0.6196774363523071
6805582583.0,0.0002816364,-0.0002156461,0.00035471439532413964,-0.6534671506713312
6805865866.0,0.0002494217,-0.0002063347,0.0003237054106050438,-0.6911387795668773
6806149149.0,0.0002973833,-0.0002235483,0.00037203584444483307,-0.6445995515597058
6806432432.0,0.0002530303,-0.000225006,0.00033860306075712013,-0.7268413929636031
6806715716.0,0.0002816355,-0.0001883415,0.0003388083167256967,-0.5894380274732575
6806998999.0,0.000287369,-0.000228025,0.000366846483949349,-0.6707600271307286
6807282282.0,0.0002701043,-0.0002167667,0.00034632951810000255,-0.676281488454512
6807565566.0,0.0002619608,-0.0002236451,0.0003444424356705341,-0.7066584237174717
6807848849.0,0.0002587323,-0.0002527367,0.00036168804595974695,-0.7736763867132164
6808132132.0,0.0002668441,-0.0002574558,0.00037079544584372933,-0.767493722104995
6808415415.0,0.0002850604,-0.0002235913,0.00036228787046194356,-0.6651342131042052
6808698699.0,0.000276261,-0.000245012,0.0003692573902645687,-0.7255223452881668
6808981982.0,0.000285722,-0.000249688,0.0003794484927206854,-0.718197808844698
6809265265.0,0.000294185,-0.00024545,0.0003831325054403502,-0.6953314534186339
6809548549.0,0.0002932546,-0.0002276797,0.0003712631226142047,-0.6601773865683286
6809831832.0,0.0002874975,-0.0002458768,0.00037829910558246103,-0.7075231523999653
6810115115.0,0.0002748796,-0.0002339826,0.0003609801263212699,-0.7052010393850052
6810398398.0,0.0003052999,-0.0002649347,0.0004042257094793699,-0.7147290364708215
6810681682.0,0.0002874574,-0.0002656498,0.00039140972529409644,-0.7459911363504175
6810964965.0,0.0002796101,-0.0002804377,0.0003960140295536258,-0.7868758933297751
6811248248.0,0.0002552988,-0.0002654232,0.00036827564728024036,-0.8048387180739632
6811531532.0,0.0002786228,-0.0002644437,0.00038413687033338786,-0.7592947683844975
6811814815.0,0.0002971806,-0.0002909515,0.00041589552097685546,-0.7748072313658663
6812098098.0,0.0002638933,-0.000271941,0.0003789347981723109,-0.8004160429427726
6812381381.0,0.0002672299,-0.0002878331,0.0003927591028984816,-0.8224997995751575
6812664665.0,0.0002608078,-0.0002689673,0.00037465199453643643,-0.8007987643388366
6812947948.0,0.0002670637,-0.0002891257,0.00039359457600198205,-0.8250437229661124
6813231231.0,0.0002747743,-0.0002584402,0.0003772164536662339,-0.7547744770840825
6813514515.0,0.0002746179,-0.0002520371,0.0003727434651027701,-0.7425485214736766
6813797798.0,0.0002755512,-0.0002701369,0.00038587874852477947,-0.7754765207238767
6814081081.0,0.0002798414,-0.0002550561,0.0003786354754921546,-0.7390947423051778
6814364364.0,0.0002869405,-0.0002716182,0.000395109221749493,-0.7579731884443056
6814647648.0,0.0002649207,-0.0002910204,0.0003935426920991546,-0.8323105982837705
6814930931.0,0.000283256,-0.000294156,0.00040836468244940085,-0.8042732569608837
6815214214.0,0.000283564,-0.0003007526,0.0004133529587444125,-0.8148062695569173
6815497497.0,0.0002908124,-0.0003007691,0.00041837053374798043,-0.802227222474835
6815780781.0,0.000263809,-0.0002938788,0.0003949176339066667,-0.8392647009533765
6816064064.0,0.0002795506,-0.0003138523,0.00042029965997565356,-0.8431389848084272
6816347347.0,0.000258594,-0.0003231121,0.00041385055998803484,-0.8958585496685968
6816630631.0,0.0002885619,-0.0003201915,0.00043103429887174875,-0.8373094681268485
6816913914.0,0.0003032252,-0.0003037942,0.00042922772262364415,-0.7863355301988192
6817197197.0,0.0002874769,-0.0003042552,0.0004185859466831752,-0.8137451225890245
6817480480.0,0.000291841,-0.0003054351,0.0004224473571854959,-0.808154395177857
6817763764.0,0.0002761935,-0.0003355,0.00043456081213364144,-0.8820506703069794
6818047047.0,0.0002919925,-0.0003297597,0.00044045553668939163,-0.846066790337995
6818330330.0,0.0002819434,-0.0003131179,0.00042134890542633427,-0.8377390341470357
6818613614.0,0.0002922229,-0.0003062577,0.0004233060383383398,-0.808844584384894
6818896897.0,0.0002736533,-0.0003410553,0.00043726976371455184,-0.8946105786615992
6819180180.0,0.0002906018,-0.0003293207,0.00043920556646259614,-0.8477747839994868
6819463463.0,0.0002545698,-0.0003451736,0.00042889462249951323,-0.935335321493609
6819746747.0,0.0002954439,-0.0003436693,0.0004532060081350423,-0.860712183050152
6820030030.0,0.0002856182,-0.0003682216,0.0004660095523460866,-0.9110682290494397
6820313313.0,0.0002768676,-0.0003438554,0.00044146597155264415,-0.8929010983310257
6820596597.0,0.0002828816,-0.0003388681,0.000441422234166076,-0.8752026482658397
6820879880.0,0.0002944451,-0.0003468929,0.000455008352653465,-0.8669953048653066
6821163163.0,0.0002586597,-0.0003673119,0.0004492470058728272,-0.9572595675610899
6821446446.0,0.0003038847,-0.0003758026,0.0004832944289569765,-0.8908161923708647
6821729730.0,0.0003031141,-0.0003472627,0.0004609441836384314,-0.8531757593551023
6822013013.0,0.0002758599,-0.0003558681,0.00045026746387632767,-0.9113772064804601
6822296296.0,0.0002982763,-0.0003737922,0.0004782147633883023,-0.8972922285261712
6822579580.0,0.0002764004,-0.0003982991,0.00048480857478077884,-0.9641410630339463
6822862863.0,0.0002609285,-0.0003630027,0.00044705105113346954,-0.9475601072826845
6823146146.0,0.0002874113,-0.0003994588,0.0004921103415547472,-0.94710150214103
6823429429.0,0.0002967057,-0.000381773,0.00048351307732210307,-0.9101267727499145
6823712713.0,0.0002890416,-0.0003661006,0.0004664490281380378,-0.9024819866413947
6823995996.0,0.000274661,-0.0004042718,0.0004887477398374748,-0.9740322016240623
6824279279.0,0.0002813994,-0.0003780908,0.00047131547329257075,-0.9309763276120565
6824562563.0,0.000294108,-0.0004199314,0.0005126810864172386,-0.9598210523200426
6824845846.0,0.000293898,-0.0003947007,0.0004921023033724695,-0.930753895967006
6825129129.0,0.0002739487,-0.0004061774,0.000489926494999454,-0.9774206199766835
6825412412.0,0.0003031041,-0.0004195664,0.0005175983572672637,-0.945179844866185
6825695696.0,0.0002887132,-0.0004340824,0.0005213279599676196,-0.9838711439316216
6825978979.0,0.0002703441,-0.0004318504,0.0005094906283583339,-1.0114686681413947
6826262262.0,0.0002842418,-0.000413015,0.0005013729062207491,-0.9680257913379496
6826545546.0,0.00031216,-0.0004455411,0.0005440135452258611,-0.9596468571420479
6826828829.0,0.0003018505,-0.0004607193,0.0005507957858796126,-0.9907936677944731
6827112112.0,0.0002932721,-0.0004451249,0.0005330522500078393,-0.9882223589237635
6827395395.0,0.0002772721,-0.000443896,0.000523376992477134,-1.012460949162223
6827678679.0,0.0003228326,-0.0004569458,0.0005594822175551248,-0.9557206819573155
6827961962.0,0.0002952059,-0.0004437621,0.0005329834188708125,-0.9837858142394118
6828245245.0,0.0002935656,-0.0004617731,0.0005471884112323378,-1.0045142486921506
6828528529.0,0.0002604106,-0.0004730515,0.0005399920390566976,-1.0675762157642825
6828811812.0,0.0002776669,-0.0004693921,0.0005453694627479797,-1.0366163814300071
6829095095.0,0.0002932599,-0.0005072519,0.0005859230828373465,-1.046609464908075
6829378378.0,0.0002801132,-0.0004946887,0.0005684895027367964,-1.0555693125655383
6829661662.0,0.000272292,-0.0004925825,0.0005628325262191677,-1.065817772753253
6829944945.0,0.0002829792,-0.0005049066,0.0005787986716952623,-1.0599590257828082
6830228228.0,0.0002752801,-0.0005168409,0.0005855797549171418,-1.0813940764132977
6830511512.0,0.0002833925,-0.0005252536,0.0005968271553550577,-1.0760234484023907
6830794795.0,0.0002924778,-0.0004972813,0.0005769158992630814,-1.0391329350515417
6831078078.0,0.0002894081,-0.0005581277,0.0006286999108103165,-1.0924318197898497
6831361361.0,0.0002689221,-0.0005384937,0.0006019090967979301,-1.1076312910648656
6831644645.0,0.0002819504,-0.0005692521,0.000635251116814894,-1.1109160150268333
6831927928.0,0.0002886103,-0.0005601959,0.0006301708908247825,-1.0950664990592984
6832211211.0,0.0002772179,-0.0005799209,0.00064277368827389,-1.12488105612437
6832494494.0,0.0002560841,-0.0005566913,0.0006127677127333816,-1.1396485392405402
6832777778.0,0.0002667335,-0.0005811657,0.000639453149870059,-1.1405138915766013
6833061061.0,0.000285703,-0.0005905192,0.0006560023854969126,-1.1201790435544707
6833344344.0,0.0002678169,-0.0005992098,0.0006563370143010754,-1.1504815648785292
6833627628.0,0.0002621329,-0.0006060508,0.0006603114639645824,-1.1625681600177455
6833910911.0,0.0002583494,-0.0006023562,0.0006554215469137401,-1.1656286337708903
6834194194.0,0.0002683544,-0.0006067822,0.0006634747336833559,-1.1543991093970551
6834477477.0,0.0002549565,-0.0006001926,0.0006520996656853997,-1.1691025972229134
6834760761.0,0.0002259227,-0.0006616389,0.0006991474096129513,-1.2417503922575026
6835044044.0,0.0002701527,-0.0006408697,0.0006954828924534233,-1.1718593320284312
6835327327.0,0.0002436755,-0.0006453244,0.0006897980360479508,-1.2097467900761714
6835610611.0,0.0002133325,-0.0006575446,0.000691285510151493,-1.257072759424733
6835893894.0,0.0002441405,-0.0006907168,0.0007325942134241097,-1.2310427684182461
6836177177.0,0.0002403343,-0.000694867,0.0007352555497549747,-1.2378046857628786
6836460460.0,0.0002218317,-0.0006802511,0.0007155074158777811,-1.2555674238716716
6836743744.0,0.0002520217,-0.0007153728,0.0007584676527385529,-1.2320791259262516
6837027027.0,0.0001984067,-0.0007178153,0.0007447308396454252,-1.301125711766759
6837310310.0,0.0002364715,-0.0007203437,0.000758164768663079,-1.2536043177344502
6837593594.0,0.0002317309,-0.0007372176,0.0007727800461739226,-1.2662435448055143
6837876877.0,0.0002421223,-0.0007192447,0.0007589045701768965,-1.2460780202068027
6838160160.0,0.0002065466,-0.0007384328,0.0007667753895942409,-1.2980571115875725
6838443443.0,0.0001822279,-0.0007668901,0.0007882432575140875,-1.337503585238149
6838726727.0,0.0002085166,-0.0007798586,0.0008072537447850707,-1.309530462736227
6839010010.0,0.0002021858,-0.0007666848,0.0007928963868455197,-1.3129522478241864
6839293293.0,0.0001957829,-0.0008104063,0.0008337201658902703,-1.3337521674663273
6839576577.0,0.0001945688,-0.0007958088,0.000819248841372925,-1.3310084451708575
6839859860.0,0.0001945151,-0.0008097106,0.0008327468882441832,-1.3350358425220816
6840143143.0,0.0001817037,-0.0008359551,0.0008554748177531002,-1.356764964599613
6840426426.0,0.0001495104,-0.000806588,0.0008203277158868644,-1.3875150000103391
6840709710.0,0.0001571349,-0.00082708,0.0008418745174893999,-1.3830463998538671
6840992993.0,0.0001371223,-0.000840168,0.0008512842024737038,-1.40901452759936
6841276276.0,0.0001433632,-0.0008530912,0.0008650535258766824,-1.4043006109143714
6841559560.0,0.0001495471,-0.0008700219,0.0008827810836204071,-1.4005709086032891
6841842843.0,0.0001260519,-0.000896427,0.0009052460703160274,-1.4310963644434154
6842126126.0,0.000117718,-0.0008954563,0.000903160845438779,-1.4400844122361858
6842409409.0,0.0001007993,-0.000899486,0.000905116325715369,-1.4591987036253669
6842692693.0,0.0001002605,-0.0009288046,0.0009342002744815535,-1.463266950974388
6842975976.0,9.90497e-05,-0.0009411545,0.0009463522789851251,-1.4659395594859
6843259259.0,7.73183e-05,-0.0009360479,0.0009392357481534122,-1.4883826259693484
6843542543.0,4.71659e-05,-0.0009892224,0.0009903461913818672,-1.5231526351736084
6843825826.0,3.83391e-05,-0.0009843154,0.000985061771294557,-1.5318659905439163
6844109109.0,1.91427e-05,-0.0009789376,0.0009791247457076398,-1.5512442525622143
6844392392.0,2.28607e-05,-0.0009795177,0.000979784433545349,-1.5474618320301317
6844675676.0,4.04161e-05,-0.0010017037,0.001002518709916628,-1.5304708391824793
6844958959.0,2.1933e-06,-0.0010100078,0.0010100101814465685,-1.568624762820482
6845242242.0,-2.40831e-05,-0.0010633906,0.00106366327560651,-1.5934399196555364
6845525526.0,-1.50959e-05,-0.0010517023,0.0010518106360092104,-1.5851491178722654
6845808809.0,-4.36967e-05,-0.001071032,0.001071923013380574,-1.61157240007747
6846092092.0,-4.8654e-05,-0.0010530879,0.0010542112391937444,-1.6169647672602492
6846375375.0,-9.26537e-05,-0.0010995413,0.0011034381625308143,-1.6548634981912143
6846658659.0,-0.0001198586,-0.0010862881,0.0010928805608096293,-1.6806895672097268
6846941942.0,-0.0001112446,-0.0010940487,0.0010996899194776909,-1.6721296309146436
6847225225.0,-0.0001309542,-0.0010961305,0.001103925303418619,-1.6897022842835396
6847508509.0,-0.0001326425,-0.0011081056,0.001116016152910705,-1.6899315114230444
6847791792.0,-0.0001662919,-0.0011326137,0.00114475621397453,-1.716576153793777
6848075075.0,-0.0001831413,-0.001138206,0.0011528458848439759,-1.7303323873985628
6848358358.0,-0.0001970327,-0.0011604147,0.0011770234325812635,-1.738987307333412
6848641642.0,-0.0002307193,-0.0011333678,0.0011566131442575472,-1.771621885915904
6848924925.0,-0.0002713341,-0.001176909,0.0012077818462387197,-1.7973851873909819
6849208208.0,-0.0002701614,-0.0011541298,0.001185328130644844,-1.8007384717311192
6849491491.0,-0.0003248545,-0.001187669,0.0012312952934740106,-1.8377886391748322
6849774775.0,-0.0003251116,-0.0011787224,0.0012227362956567208,-1.8399218772521606
6850058058.0,-0.0003506848,-0.0011831107,0.0012339897720019927,-1.858955487665247
6850341341.0,-0.0003905326,-0.0011772539,0.0012403396537755173,-1.891104843535305
6850624625.0,-0.0004114097,-0.0012021119,0.001270563245720456,-1.900540547468809
6850907908.0,-0.0004484355,-0.0011827073,0.0012648679595647682,-1.9332092709418793
6851191191.0,-0.0004845408,-0.0011853744,0.0012805827794562911,-1.9588367187794027
6851474474.0,-0.0005125758,-0.0011918389,0.0012973873416597104,-1.9769546245963832
6851757758.0,-0.0005255769,-0.001218452,0.001326972627493729,-1.978031523272941
6852041041.0,-0.0005589991,-0.0012141119,0.0013366180080795038,-2.002280097567811
6852324324.0,-0.0005777177,-0.0012011933,0.0013329002531540686,-2.019090679684819
6852607608.0,-0.000585114,-0.0012002757,0.001335297775406853,-2.0243802878019466
6852890891.0,-0.0006537516,-0.001180396,0.0013493427553140677,-2.0765836328460927
6853174174.0,-0.0006587354,-0.0012037145,0.0013721737953784898,-2.0715274495903087
6853457457.0,-0.0007173612,-0.0011712789,0.0013734996734075513,-2.120327081400778
6853740741.0,-0.0007287632,-0.0011876766,0.0013934387348792194,-2.1211588169806417
6854024024.0,-0.00075588,-0.001158652,0.0013834120974980666,-2.148841996397014
6854307307.0,-0.0008002742,-0.0011385571,0.0013916720393634594,-2.183455611427893
6854590591.0,-0.0008221468,-0.001128345,0.0013960973460956224,-2.2004802230230895
6854873874.0,-0.0008316926,-0.0011478068,0.001417453008399573,-2.1978375929357097
6855157157.0,-0.0008698654,-0.0011499085,0.0014418583052746238,-2.218422138301194
6855440440.0,-0.0008943574,-0.0011097101,0.0014252479310550743,-2.249147451870398
6855723724.0,-0.0009410283,-0.0010543217,0.0014131979721510289,-2.2994766767590153
6856007007.0,-0.00097455,-0.0010625105,0.0014417615146445858,-2.3130411852319135
6856290290.0,-0.000995995,-0.0010377657,0.0014383892686340126,-2.335658727050575
6856573574.0,-0.0010347086,-0.0010590103,0.0014805825550843325,-2.344588056889105
6856856857.0,-0.0010513466,-0.0010406294,0.0014792698271363207,-2.3613174486982054
6857140140.0,-0.0010799142,-0.0009824025,0.0014599073091699658,-2.4034419038195867
6857423423.0,-0.0011175516,-0.0009573388,0.0014715363252900012,-2.4332566468603343
6857706707.0,-0.0011506463,-0.0009486568,0.0014912869046196076,-2.452116615122318
6857989990.0,-0.0011410603,-0.0009224236,0.0014672709041186123,-2.4617557660271707
6858273273.0,-0.0011855915,-0.0009115532,0.0014955121000187492,-2.4861303667241317
6858556557.0,-0.001205946,-0.0008649134,0.001484042096577978,-2.519411207386552
6858839840.0,-0.0012412881,-0.0008434626,0.0015007415849507101,-2.5447539355221473
6859123123.0,-0.0012390685,-0.0007825021,0.001465469305102178,-2.5783153234497163
6859406406.0,-0.001263289,-0.0007842226,0.001486910953578512,-2.58603481367339
6859689690.0,-0.0012984407,-0.0007568315,0.0015029112318459595,-2.6138585884508414
6859972973.0,-0.001308102,-0.0007467186,0.001506226911852912,-2.622889390292372
6860256256.0,-0.0013436628,-0.0006807328,0.001506262548528536,-2.6726593184855427
6860539540.0,-0.0013426979,-0.0006573868,0.0014949899850763718,-2.686298459639674
6860822823.0,-0.0013404046,-0.0005853317,0.001462633819766947,-2.7298682884703642
6861106106.0,-0.0013791268,-0.0005813378,0.0014966443693099174,-2.742668193453062
6861389389.0,-0.0013633959,-0.0005629918,0.0014750620824236687,-2.7499866933488937
6861672673.0,-0.0014057534,-0.0004929101,0.001489665394742581,-2.8043498649680245
6861955956.0,-0.001397872,-0.0004845207,0.0014794615362058218,-2.8079383278582246
6862239239.0,-0.0013732152,-0.0004768781,0.001453661827169803,-2.807350895547596
6862522523.0,-0.0013989371,-0.0004229295,0.0014614699352797718,-2.848006922727172
6862805806.0,-0.0013947317,-0.0003844454,0.00144674627373498,-2.872630501532811
6863089089.0,-0.0013973683,-0.0003314537,0.0014361405645300115,-2.9086982499386327
6863372372.0,-0.0014016685,-0.0002957905,0.001432538517381819,-2.9336166297622386
6863655656.0,-0.0013694708,-0.0002445081,0.0013911270549515778,-2.964912285386055
6863938939.0,-0.0014031627,-0.0002285684,0.0014216571584421646,-2.980115788090758
6864222222.0,-0.0013957059,-0.0002000325,0.0014099673614488598,-2.9992420772632356
6864505506.0,-0.0013818575,-0.0001599491,0.0013910837016143421,-3.02635612595203
6864788789.0,-0.0013824371,-0.0001492706,0.0013904725986083905,-3.0340329577768634
6865072072.0,-0.0013599744,-0.0001219336,0.0013654296655135041,-3.0521730012392845
6865355355.0,-0.0013541404,-8.05014e-05,0.0013565311269241557,-3.082214196886287
6865638639.0,-0.0013671965,-3.53698e-05,0.0013676539373556054,-3.1157281107222903
6865921922.0,-0.0013367715,-8.8547e-06,0.001336800826198256,-3.1349688061344985
6866205205.0,-0.0013469329,-9.4704e-06,0.0013469661931832476,-3.134561684233739
6866488488.0,-0.0013211314,3.96117e-05,0.0013217251086526465,-3.1715668380066973
6866771772.0,-0.0013389121,2.19468e-05,0.001339091958588599,-3.1579827024571494
6867055055.0,-0.001280635,8.68714e-05,0.0012835780628239796,-3.2093235209826374
6867338338.0,-0.001287838,9.50822e-05,0.001291343230516519,-3.2152898100471905
6867621622.0,-0.0012945245,0.0001269954,0.0013007388334025434,-3.239381714648009
6867904905.0,-0.0012482258,0.0001725321,0.0012600932399295102,-3.278944218992438
6868188188.0,-0.0012513713,0.0001685077,0.001262665820960946,-3.275445914288102
6868471471.0,-0.0012415163,0.0001850651,0.001255233768827026,-3.2895668471666295
6868754755.0,-0.0012251689,0.0002209627,0.0012449350779532643,-3.320027344976158
6869038038.0,-0.001203614,0.0002064828,0.0012211968750745475,-3.3114911616978366
6869321321.0,-0.0011598372,0.0002481615,0.0011860887237412259,-3.352376804363032
6869604605.0,-0.0011915708,0.0002739166,0.0012226492854323352,-3.3675457161632045
6869887888.0,-0.001147195,0.0002853828,0.0011821589193339616,-3.385409312556515
6870171171.0,-0.0011106803,0.0003192981,0.0011556651787917207,-3.421523776195101
6870454454.0,-0.0011065059,0.00030455,0.001147652390419159,-3.410178041919522
6870737738.0,-0.0011051295,0.0003126489,0.0011485036118539028,-3.4172950012044665
6871021021.0,-0.0010953293,0.0003277042,0.0011433006245673664,-3.432299984734658
6871304304.0,-0.0010853807,0.0003614439,0.00114398118724903,-3.4630532356207198
6871587588.0,-0.0010520432,0.000382802,0.00111952323150091,-3.4905658293357913
6871870871.0,-0.0010241144,0.000359233,0.0010852919665124035,-3.478957095681453
6872154154.0,-0.0010145767,0.0003573097,0.0010756561262303952,-3.4802048055906787
6872437437.0,-0.0010044206,0.0004046031,0.0010828501328595615,-3.524529749362079
6872720721.0,-0.0010117783,0.0004204475,0.0010956602706163714,-3.5354344685016277
6873004004.0,-0.000973925,0.0004344619,0.0010664366123575326,-3.5611934330685306
6873287287.0,-0.0009633561,0.0004130311,0.0010481649035215881,-3.5466284283006893
6873570571.0,-0.0009629235,0.0004227411,0.0010516328753331459,-3.55527681475515
6873853854.0,-0.0009592998,0.0004662165,0.0010665898607957465,-3.593974964833405
6874137137.0,-0.0009362021,0.0004358338,0.001032678785134492,-3.577289205110656
6874420420.0,-0.0009123062,0.000439808,0.0010127851101899355,-3.590804811787049
6874703704.0,-0.0008933173,0.0004647263,0.0010069688835266856,-3.6212893098434042
6874986987.0,-0.0008528999,0.0004483237,0.0009635519598868035,-3.625546195383804
6875270270.0,-0.0008479692,0.0004687917,0.0009689259115833006,-3.6466140396803732
6875553554.0,-0.000838498,0.0004825631,0.0009674430430188694,-3.663809335527528
6875836837.0,-0.0008232522,0.0004896911,0.0009578838960041295,-3.678198416743877
6876120120.0,-0.0008119346,0.0005002091,0.0009536492743141841,-3.6937451004071913
6876403403.0,-0.0007900137,0.0004800085,0.0009244078138245803,-3.687578121760921
6876686687.0,-0.0007828925,0.0005043819,0.0009313011154314484,-3.71391814388167
6876969970.0,-0.0007635642,0.00052032,0.0009239930681134139,-3.7397504836043542
6877253253.0,-0.0007532806,0.0005011684,0.0009047659517769887,-3.7286584601434654
6877536537.0,-0.000744281,0.0005141302,0.0009045905535174684,-3.746100011985049
6877819820.0,-0.0007518506,0.0005261477,0.0009176659124843038,-3.7521867432542204
6878103103.0,-0.0007448833,0.00051383,0.0009049156864144249,-3.7454487683710775
6878386386.0,-0.0007320266,0.000522496,0.0008993692306964698,-3.7614981929906786
6878669670.0,-0.0007012361,0.0005200501,0.0008730315999167614,-3.7797083871840536
6878952953.0,-0.0006883348,0.0005065709,0.0008546454666221836,-3.7760323839747674
6879236236.0,-0.0006972857,0.0005218746,0.000870953756263586,-3.784092859477173
6879519520.0,-0.0006924328,0.0005270581,0.0008702030931290983,-3.792203426977693
6879802803.0,-0.0006464289,0.0005436795,0.0008446642655371778,-3.8408682083417127
6880086086.0,-0.0006390333,0.0005244249,0.000826671055649646,-3.82880092062687
6880369369.0,-0.0006260344,0.0005368533,0.0008247002702220061,-3.8504512834946554
6880652653.0,-0.0006359589,0.0005651053,0.0008507571466507349,-3.868066757206727
6880935936.0,-0.0006180283,0.0005344731,0.0008170804576199946,-3.8546184378254322
6881219219.0,-0.0005909839,0.0005133031,0.0007827784121504757,-3.856761748283659
6881502503.0,-0.0005985518,0.0005668868,0.0008243936567547569,-3.8998274712407714
6881785786.0,-0.0006018785,0.0005407642,0.0008091252367612136,-3.873556682002691
6882069069.0,-0.0005805536,0.0005548703,0.0008030713120857015,-3.9043746637335413
6882352352.0,-0.0005670594,0.0005572556,0.000795040984389937,-3.9182712397029307
6882635636.0,-0.0005527524,0.0005487696,0.0007788987672283992,-3.9233751083188655
6882918919.0,-0.0005481622,0.0005405683,0.0007698674460410247,-3.920015925722495
6883202202.0,-0.0005309267,0.0005301781,0.0007503145863519514,-3.9262853259972816
6883485485.0,-0.0005304965,0.0005321638,0.0007514152291128322,-3.9285598025152226
6883768769.0,-0.0005152985,0.0005673677,0.0007664454651868846,-3.975047282168587
6884052052.0,-0.0005120529,0.000534792,0.0007404057371890159,-3.9487089575758194
6884335335.0,-0.0005112455,0.0005618805,0.0007596589086889589,-3.9741404270571445
6884618619.0,-0.000490332,0.0005514121,0.0007378894051620541,-3.985556304247008
6884901902.0,-0.0004797238,0.0005520826,0.0007313891724035843,-3.9970044641374938
6885185185.0,-0.0004799006,0.0005311764,0.0007158581939164489,-3.9776614471467147
6885468468.0,-0.0004576717,0.0005436713,0.0007106629773842028,-4.0126648402873775
6885751752.0,-0.0004687783,0.0005587496,0.0007293519109805979,-4.014328998090476
6886035035.0,-0.0004692323,0.0005238684,0.0007032901619401838,-3.9819510814320997
6886318318.0,-0.0004472412,0.0005466052,0.0007062591136718024,-4.0266389072611615
6886601602.0,-0.0004404899,0.0005529972,0.0007069916938761374,-4.039755261601284
6886884885.0,-0.0004326037,0.000536768,0.0006893952763674044,-4.034035552848237
6887168168.0,-0.0004232533,0.0005359459,0.0006829211987394299,-4.043940824787022
6887451451.0,-0.0004132537,0.0005286449,0.0006710022733640327,-4.048892538403608
6887734735.0,-0.0004027448,0.000549825,0.0006815503683162675,-4.08018465040324
6888018018.0,-0.0003990602,0.0005386314,0.0006703527640653091,-4.0747515044949
6888301301.0,-0.0003957262,0.0005320561,0.0006630859061340771,-4.072888419712363
6888584585.0,-0.0003993101,0.0005500144,0.0006796796275962447,-4.084426052421637
6888867868.0,-0.0004026042,0.0005726282,0.0006999951409066209,-4.099597997401281
6889151151.0,-0.0003745851,0.0005513283,0.0006665409901295644,-4.115607019266093
6889434434.0,-0.0003797441,0.000538642,0.0006590453593257522,-4.0983133400539185
6889717718.0,-0.0003822076,0.0005303584,0.0006537298233584881,-4.087931996675557
6890001001.0,-0.000363324,0.0005656665,0.0006722967486149624,-4.141450320933114
6890284284.0,-0.0003487526,0.0005818638,0.0006783758970933445,-4.172431713553684
6890567568.0,-0.0003264253,0.0005399726,0.0006309705898303422,-4.168651134294581
6890850851.0,-0.000348092,0.0005443959,0.000646169433199072,-4.143494697712171
6891134134.0,-0.0003335527,0.0005695913,0.0006600694302215336,-4.182624963230186
6891417417.0,-0.0002982577,0.000524192,0.0006031043926828008,-4.195086428227314
6891700701.0,-0.0003135046,0.0005317079,0.000617250698779329,-4.179638207592482
6891983984.0,-0.0003021386,0.0005448651,0.0006230294622310971,-4.206082137952475
6892267267.0,-0.000308615,0.0005284929,0.0006120032382066372,-4.183852335048275
6892550551.0,-0.000302551,0.0005283585,0.0006088512233076731,-4.1923418156280885
6892833834.0,-0.0002932057,0.0005318558,0.0006073221340492458,-4.208557468975649
6893117117.0,-0.0002824889,0.0005595737,0.0006268354683287313,-4.244885825389366
6893400400.0,-0.0002547683,0.0005253989,0.0005839100023172235,-4.260890522282705
6893683684.0,-0.000261641,0.00052645,0.0005878823142270909,-4.2511513333910305
6893966967.0,-0.0002648108,0.0005228644,0.0005860989170643467,-4.243585372952877
6894250250.0,-0.0002823509,0.0005247511,0.0005958907179022173,-4.21875403705253
6894533534.0,-0.0002531038,0.000528015,0.0005855436566127584,-4.265397715647079
6894816817.0,-0.0002483186,0.0005044862,0.0005622885852446234,-4.2549840773585705
6895100100.0,-0.0002509717,0.0005179875,0.000575584784681753,-4.2612075200449
6895383383.0,-0.000239849,0.000518413,0.0005712088771806684,-4.279056948282383
6895666667.0,-0.0002252116,0.0005370965,0.0005824027086877343,-4.315345029548644
6895949950.0,-0.0002158511,0.0005052707,0.0005494453363617713,-4.308657298751457
6896233233.0,-0.0002107632,0.0005304921,0.0005708265889362986,-4.334214489269358
6896516517.0,-0.0002263897,0.0005095026,0.0005575349277604498,-4.294256272088893
6896799800.0,-0.000196314,0.0005303987,0.0005655634071947105,-4.357898817224074
6897083083.0,-0.0002104876,0.0005192153,0.0005602584738385042,-4.327239892191908
6897366366.0,-0.000190923,0.0005202458,0.0005541726124111872,-4.36066259991973
6897649650.0,-0.0001763947,0.0005035735,0.0005335741373889292,-4.375459478473446
6897932933.0,-0.0001761066,0.0005118217,0.00054127163897109,-4.38099957237506
6898216216.0,-0.0001638688,0.0005068459,0.0005326779045166507,-4.399685579515631
6898499499.0,-0.0001512522,0.0005082984,0.0005303248923512831,-4.423166926577618
6898782783.0,-0.0001701845,0.0005152021,0.0005425826829937166,-4.393347724013169
6899066066.0,-0.0001800657,0.0004827047,0.0005151965486283657,-4.355342248653294
6899349349.0,-0.0001424224,0.0004961365,0.000516173969368865,-4.432842901346435
6899632633.0,-0.0001681894,0.0004855641,0.0005138678521577021,-4.378943277009544
6899915916.0,-0.0001297242,0.0004826401,0.0004997697811929509,-4.4498142249704635
6900199199.0,-0.0001539317,0.0004941449,0.0005175656001521933,-4.410405139983237
6900482482.0,-0.0001485334,0.0004914796,0.0005134338985027381,-4.41889965237943
6900765766.0,-0.0001293861,0.0005130211,0.0005290854485982581,-4.465336810640403
6901049049.0,-0.0001404086,0.0004801824,0.0005002896283391452,-4.427912898160892
6901332332.0,-9.84665e-05,0.0004969642,0.0005066251747632464,-4.516786366552971
6901615616.0,-0.0001192069,0.00048421,0.0004986678344425375,-4.471000881400583
6901898899.0,-0.0001059215,0.0004867031,0.0004980956451444441,-4.498099786884007
6902182182.0,-9.20771e-05,0.0004846368,0.0004933062134806839,-4.5246347848295505
6902465465.0,-0.0001142564,0.000480085,0.0004934938015476588,-4.4787434803054325
6902748749.0,-0.0001108901,0.0004675778,0.00048054720198004484,-4.47953236845131
6903032032.0,-9.04491e-05,0.0005061561,0.0005141741312610156,-4.535557433916889
6903315315.0,-9.80476e-05,0.0004802598,0.0004901661018081524,-4.511001118311697
6903598599.0,-7.73123e-05,0.0004726527,0.00047893398976119874,-4.550253754687486
6903881882.0,-5.68529e-05,0.0004779217,0.0004812913915387434,-4.593986789665449
6904165165.0,-8.27348e-05,0.0004573643,0.0004647872094254854,-4.5334295091526435
6904448448.0,-5.45481e-05,0.0004720214,0.0004751628113305691,-4.597336565648673
6904731732.0,-7.35275e-05,0.0004631819,0.00046898162623269156,-4.554958285500491
6905015015.0,-7.22253e-05,0.0004608556,0.0004664808442063297,-4.5569334505666115
6905298298.0,-6.7579e-05,0.0004373507,0.0004425410218629342,-4.559082413476808
6905581582.0,-5.04351e-05,0.0004558287,0.00045861040443463555,-4.6021923537121445
6905864865.0,-7.12839e-05,0.0004383798,0.0004441376402054322,-4.551192217326864
6906148148.0,-7.32679e-05,0.000444028,0.0004500322765695923,-4.548855170429543
6906431431.0,-7.98766e-05,0.0004552041,0.00046215911100439206,-4.538683189178174
6906714715.0,-6.37696e-05,0.0004266752,0.00043141428833454274,-4.564030115753198
6906997998.0,-5.49835e-05,0.0004363796,0.0004398298995843848,-4.5870502354418345
6907281281.0,-3.31021e-05,0.0004265889,0.0004278712874540894,-4.634946975879234
6907564565.0,-3.11353e-05,0.0004641683,0.00046521136876798266,-4.645411703223
6907847848.0,-3.58646e-05,0.0004158937,0.000417437227895225,-4.626366776939889
6908131131.0,-6.01805e-05,0.0004070753,0.0004114996870598324,-4.5656158043616735
6908414414.0,-4.09806e-05,0.0003990118,0.00040111074046402694,-4.6100426027192825
6908697698.0,-2.20308e-05,0.0004184524,0.00041903194056587144,-4.659789261778509
6908980981.0,-2.47223e-05,0.0004198898,0.0004206169709620975,-4.653578807785973
6909264264.0,-3.45602e-05,0.0004215885,0.00042300268410057395,-4.630595727512306
6909547548.0,-1.15036e-05,0.0004054773,0.0004056404487082741,-4.6840260729497025
6909830831.0,-1.39764e-05,0.0004159001,0.0004161348734929218,-4.678796436551073
6910114114.0,-1.03143e-05,0.0004427868,0.0004429069146431674,-4.68909913739613
6910397397.0,-3.72261e-05,0.0003788852,0.00038070957080200914,-4.614451655171278
6910680681.0,-3.7579e-05,0.0003974642,0.000399236736188743,-4.61812232074757
6910963964.0,-1.77037e-05,0.0004098087,0.0004101909209007191,-4.669215911481437
6911247247.0,-2.89043e-05,0.0003814491,0.00038254264396182027,-4.636758526832143
6911530531.0,-2.61301e-05,0.0003952427,0.00039610550870860156,-4.646373516265318
6911813814.0,-2.60767e-05,0.0003616966,0.0003626353881441385,-4.640417996365642
6912097097.0,-6.4708e-06,0.0003824664,0.0003825211345554648,-4.695471983998184
6912380380.0,1.40276e-05,0.0004011165,0.00040136170735884856,-4.747346120312252
6912663664.0,-1.00575e-05,0.000358359,0.00035850010625835247,-4.684330914063498
6912946947.0,-9.6209e-06,0.0003599744,0.0003601029441314941,-4.685668718595652
6913230230.0,-1.97783e-05,0.0003526345,0.00035318871972521995,-4.656360430526745
6913513514.0,-1.11113e-05,0.0003686733,0.000368840701550927,-4.682259492925407
6913796797.0,2.2509e-06,0.000343489,0.0003434963750490098,-4.718941934863919
6914080080.0,2.78074e-05,0.0003576389,0.00035871832165080446,-4.789985589603981
6914363363.0,-7.643e-07,0.0003690707,0.00036907149138477223,-4.710318106410061
6914646647.0,1.08894e-05,0.0003476797,0.0003478501873284676,-4.743698951667375
6914929930.0,3.23613e-05,0.0003727135,0.0003741157666016497,-4.7989979821637165
6915213213.0,3.42102e-05,0.0003904307,0.0003919266121183021,-4.799787463136191
6915496496.0,2.55187e-05,0.0003579328,0.00035884132059383847,-4.783563219791687
6915779780.0,1.94052e-05,0.0003787639,0.00037926066725966985,-4.763577196369729
6916063063.0,1.4024e-05,0.0003394822,0.0003397717420458035,-4.753675477217959
6916346346.0,1.29832e-05,0.0003584491,0.0003586841518286667,-4.748593637642908
6916629630.0,-2.6787e-06,0.0003429876,0.00034299806003452847,-4.70457923583438
6916912913.0,2.17504e-05,0.0003613489,0.0003620029108051066,-4.772508684513238
6917196196.0,3.55425e-05,0.0003368994,0.0003387690585437372,-4.8174990247245555
6917479479.0,4.61911e-05,0.0003266556,0.00032990528751532613,-4.852863741701003
6917762763.0,4.82364e-05,0.0003039695,0.0003077729799953369,-4.869765012548545
6918046046.0,1.98205e-05,0.0003319597,0.00033255089030754376,-4.772025728304763
6918329329.0,1.81183e-05,0.0003573127,0.00035777176855668753,-4.763052713427251
6918612613.0,1.99117e-05,0.0003321151,0.00033271145974387477,-4.772271514285345
6918895896.0,2.82464e-05,0.0003277527,0.0003289676146222452,-4.798358609537927
6919179179.0,1.89816e-05,0.0003288622,0.0003294095440745456,-4.770044019697796
6919462462.0,2.9859e-05,0.0003302125,0.0003315597307232137,-4.802567326012313
6919745746.0,5.21104e-05,0.0003109848,0.00031532053472490494,-4.878412309925949
6920029029.0,1.16838e-05,0.000312633,0.00031285124879316045,-4.749743850225365
6920312312.0,3.00928e-05,0.0003240038,0.000325398277540432,-4.805001212688076
6920595596.0,2.40931e-05,0.0003268891,0.00032777577879767136,-4.7859601535779515
6920878879.0,3.4154e-05,0.0003444315,0.0003461207215817192,-4.8112263765576255
6921162162.0,1.91242e-05,0.0003150918,0.0003156716291542209,-4.7730086751037035
6921445445.0,2.3897e-05,0.000327034,0.0003279059373738146,-4.785331252539381
6921728729.0,4.6214e-05,0.0003095124,0.0003129435405145152,-4.86060626669688
6922012012.0,5.55271e-05,0.0003150176,0.0003198739550888287,-4.886863402569299
6922295295.0,3.4098e-05,0.0002841428,0.00028618141867675477,-4.831820903961683
6922578579.0,3.77875e-05,0.0002885891,0.0002910525103740904,-4.842587035749892
6922861862.0,5.33108e-05,0.0003159446,0.0003204107233938964,-4.879549067835085
6923145145.0,4.12635e-05,0.0003019325,0.00030473908674224907,-4.848212202745004
6923428428.0,3.08119e-05,0.0002848063,0.0002864681512861421,-4.820155306880998
6923711712.0,3.65319e-05,0.0003158418,0.0003179475150789042,-4.827542459536662
6923994995.0,3.22082e-05,0.0003055969,0.0003072894945110392,-4.817395714971033
6924278278.0,4.40075e-05,0.0003137573,0.0003168285078075204,-4.851739605595401
6924561562.0,5.39317e-05,0.0002975848,0.00030243237501287784,-4.891674384488493
6924844845.0,3.47891e-05,0.0002918722,0.00029393819522418316,-4.831022208300292
6925128128.0,6.71607e-05,0.0002719765,0.00028014599082753263,-4.954481497851218
6925411411.0,4.67824e-05,0.0003092216,0.0003127404528619858,-4.862541137394392
6925694695.0,4.32711e-05,0.0002981463,0.0003012699857252627,-4.856516426401815
6925977978.0,3.69402e-05,0.000270422,0.0002729333919842715,-4.848150749731891
6926261261.0,5.34683e-05,0.0002911282,0.0002959974458337943,-4.8940237663709265
6926544545.0,6.91599e-05,0.0003047746,0.0003125230368679563,-4.935531550448376
6926827828.0,4.15612e-05,0.0002956912,0.0002985977546849273,-4.8520302839118745
6927111111.0,3.57937e-05,0.0002794466,0.0002817296420528909,-4.839783105229107
6927394394.0,5.67869e-05,0.0003046182,0.0003098660997638335,-4.896693327048658
6927677678.0,7.73211e-05,0.0002712305,0.0002820364101236931,-4.990097724259854
6927960961.0,5.27222e-05,0.0002906612,0.0002954040682832246,-4.891825187484628
6928244244.0,3.47803e-05,0.0002655156,0.0002677838738823718,-4.842638931860636
6928527528.0,4.4542e-05,0.0002885908,0.00029200794442727065,-4.865523732945404
6928810811.0,3.86729e-05,0.0002561452,0.00025904817443373347,-4.862237598077521
6929094094.0,5.21628e-05,0.0002762142,0.00028109649941875835,-4.899039881996456
6929377377.0,8.37919e-05,0.0002550862,0.0002684959067398421,-5.029769386741036
6929660661.0,6.15494e-05,0.0002671635,0.00027416174855841944,-4.938819216258184
6929943944.0,6.3976e-05,0.0002550052,0.0002629079317994039,-4.95819679706074
6930227227.0,4.74162e-05,0.0002718032,0.00027590809258280194,-4.885101410728721
6930510511.0,7.3004e-05,0.0002441515,0.00025483237425462645,-5.002938248144303
6930793794.0,4.85618e-05,0.0002860106,0.00029010396710765605,-4.880575233657648
6931077077.0,6.65237e-05,0.0002692136,0.0002773109537804989,-4.954639943667546
6931360360.0,7.21968e-05,0.0002812067,0.0002903266884995763,-4.963700349621702
6931643644.0,6.50087e-05,0.0002532316,0.0002614428700772886,-4.963678885878468
6931926927.0,8.79223e-05,0.0002711003,0.00028500123420325743,-5.026002551456966
6932210210.0,6.94653e-05,0.0002585205,0.000267690636415135,-4.974891786015489
6932493493.0,7.06482e-05,0.0002643214,0.0002736000194831864,-4.973565227152337
6932776777.0,5.17351e-05,0.0002702419,0.00027514942320059477,-4.901540353004538
6933060060.0,7.7145e-05,0.0002559725,0.0002673448555354114,-5.005111377018628
6933343343.0,5.6577e-05,0.0002715723,0.000277403084078548,-4.917782384461393
6933626627.0,7.39599e-05,0.0002373567,0.0002486126904301146,-5.014451990637912
6933909910.0,5.89587e-05,0.0002757258,0.0002819589422084889,-4.923047440268681
6934193193.0,7.49051e-05,0.0002620111,0.0002725079641574169,-4.990846662430009
6934476476.0,4.99322e-05,0.0002749882,0.00027948476655460135,-4.892011356552416
6934759760.0,8.60292e-05,0.0002511315,0.00026545819547508793,-5.042426101839957
6935043043.0,7.03829e-05,0.0002861844,0.0002947121704574991,-4.9535385769617095
6935326326.0,6.76567e-05,0.0002508744,0.0002598372445017265,-4.975805847567479
6935609610.0,5.18307e-05,0.0002325245,0.00023823111585756382,-4.931707767617771
6935892893.0,4.85138e-05,0.0002577958,0.00026232091660422353,-4.898400447393928
6936176176.0,7.1331e-05,0.0002264484,0.00023741733176741751,-5.0175488167219555
6936459459.0,6.79375e-05,0.0002660693,0.0002746058562899561,-4.962384936020423
6936742743.0,7.36438e-05,0.0002533404,0.00026382715468768563,-4.995283773401464
6937026026.0,7.78812e-05,0.0002560826,0.00026766355623468805,-5.007626152246062
6937309309.0,7.79379e-05,0.000259538,0.000270987619090633,-5.004116169915874
6937592593.0,5.20297e-05,0.0002190499,0.00022514428345418855,-4.945591895073294
6937875876.0,6.92284e-05,0.0002440332,0.0002536627171438483,-4.988810902776334
6938159159.0,8.9225e-05,0.0002563787,0.0002714611177290221,-5.047299087233085
6938442442.0,7.84005e-05,0.0002407183,0.00025316385673144576,-5.02724842809009
6938725726.0,7.82122e-05,0.0002346766,0.00024736664046794995,-5.034088399710644
6939009009.0,8.93354e-05,0.0002519233,0.0002672941502840082,-5.053167884106127
6939292292.0,9.16355e-05,0.000246776,0.00026324030663302684,-5.067938838664087
6939575576.0,9.80382e-05,0.0002572133,0.00027526381955522234,-5.076545084985684
6939858859.0,9.39041e-05,0.0002265988,0.0002452855400512839,-5.10525305124363
6940142142.0,0.0001057059,0.0002444255,0.00026630351545756955,-5.120566989487185
6940425425.0,9.08494e-05,0.0002349321,0.0002518862939716451,-5.081381808017644
6940708709.0,8.24315e-05,0.0002448315,0.0002583358581081999,-5.037154486609477
6940991992.0,8.65904e-05,0.0002244098,0.00024053618378156745,-5.080645171269598
6941275275.0,8.82537e-05,0.0002476171,0.00026287438782829337,-5.054764568871363
6941558559.0,8.46764e-05,0.0002461992,0.00026035387225389987,-5.043650054880468
6941841842.0,0.0001163009,0.0002372906,0.0002642588280250444,-5.1681015011699065
6942125125.0,0.0001051575,0.0002451335,0.00026673682278324453,-5.1176263399458595
6942408408.0,0.0001090223,0.0002539769,0.00027638764015581443,-5.1178629305893475
6942691692.0,0.000115334,0.0002281837,0.0002556750525602566,-5.180382012298955
6942974975.0,0.0001027361,0.000250114,0.0002703917884093561,-5.10213418123987
6943258258.0,0.0001002043,0.0002300068,0.00025088648784805055,-5.123252295562311
6943541542.0,9.22432e-05,0.0002421842,0.00025915631320861163,-5.076305022795069
6943824825.0,8.65071e-05,0.0002603113,0.0002743090433399891,-5.033228810269133
6944108108.0,0.0001045347,0.0002264255,0.000249391280028673,-5.144908245459307
6944391391.0,0.0001312453,0.0002437373,0.00027682702213364214,-5.206337150856982
6944674675.0,0.0001243403,0.0002222829,0.00025469628547841055,-5.222404134719859
6944957958.0,0.0001040024,0.0002359013,0.00025780985735120756,-5.127626616318933
6945241241.0,0.000124056,0.0002447696,0.00027441218671946766,-5.181483774991834
6945524525.0,9.36469e-05,0.0002513326,0.00026821226240119966,-5.069055186645876
6945807808.0,8.18859e-05,0.000234142,0.0002480479324300245,-5.048821031516355
6946091091.0,0.000107594,0.0002366945,0.0002600014522387327,-5.13903604946459
6946374374.0,0.0001187099,0.0002294161,0.00025830947968903504,-5.189893912840948
6946657658.0,0.0001019629,0.0002241392,0.0002462413733576265,-5.139317581370368
6946940941.0,0.0001056512,0.000237067,0.00025954371221518737,-5.131627624649451
6947224224.0,0.0001405206,0.0002560824,0.0002921031232529361,-5.214258135055674
6947507508.0,0.0001125102,0.0002385047,0.0002637101382695212,-5.153167207067767
6947790791.0,0.000125729,0.0002321143,0.0002639788432914464,-5.208813135551033
6948074074.0,0.0001116967,0.000223762,0.00025009115425158484,-5.17537745794308
6948357357.0,0.0001289542,0.0002210974,0.0002559555547051089,-5.240398352917294
6948640641.0,0.0001302074,0.0002114007,0.0002482825466585398,-5.264437274713316
6948923924.0,0.0001185144,0.0002177775,0.00024793689219962807,-5.210767904017449
6949207207.0,0.0001091416,0.0002419259,0.0002654054067674018,-5.136187605793309
6949490490.0,0.0001236135,0.0002219849,0.00025408186320605413,-5.2204802474114995
6949773774.0,0.0001437541,0.0002229229,0.0002652543319367659,-5.285142476074823
6950057057.0,0.0001239921,0.0002413433,0.0002713312169974181,-5.186982473553183
6950340340.0,0.0001633268,0.0002045471,0.00026175400611385107,-5.386202500201673
6950623624.0,0.0001360501,0.0002010875,0.00024278758692787406,-5.307217562689821
6950906907.0,0.0001292112,0.0002166055,0.00025221712240783734,-5.250251472923002
6951190190.0,0.0001392799,0.0002206172,0.0002609038893536277,-5.275519622893455
6951473473.0,0.0001193248,0.0002237447,0.00025357464122646413,-5.202326449392071
6951756757.0,0.0001294019,0.000211129,0.00024762937298432514,-5.262243040484661
6952040040.0,0.0001248533,0.0001929858,0.00022985183384634982,-5.286621251580962
6952323323.0,0.0001511685,0.0002091148,0.0002580327788698366,-5.338317463792521
6952606607.0,0.0001389274,0.0002019596,0.0002451295626865923,-5.3149458475082625
6952889890.0,0.0001148338,0.0002375393,0.00026384033176701777,-5.1626935356660715
6953173173.0,0.0001554639,0.0002107747,0.00026190646873130107,-5.347895928856099
6953456456.0,0.0001464592,0.0001888625,0.00023899652962101772,-5.3719992206378855
6953739740.0,0.0001532975,0.000211734,0.00026140277401406816,-5.339047849630025
6954023023.0,0.0001477461,0.0001933496,0.00024333716914061858,-5.364878232897981
6954306306.0,0.0001706584,0.0001802742,0.0002482399578557006,-5.47039329500893
6954589590.0,0.0001411406,0.0001878133,0.0002349351072642188,-5.356845672346369
6954872873.0,0.0001594816,0.0002035436,0.000258581472343863,-5.3770034565079
6955156156.0,0.0001568894,0.0001813931,0.00023982856493747777,-5.425477822095049
6955439439.0,0.0001439328,0.0001663654,0.0002199865842114014,-5.425619011039376
6955722723.0,0.0001663843,0.0001936554,0.0002553157833657175,-5.422186800257054
6956006006.0,0.0001521472,0.000184098,0.00023883225090393467,-5.4030492745079925
6956289289.0,0.000178556,0.0001967032,0.0002656584160651418,-5.4494656810454485
6956572573.0,0.0001607625,0.0001783088,0.00024008042311627576,-5.446085148077199
6956855856.0,0.0001548999,0.0002046382,0.0002566530185274469,-5.360320209367686
6957139139.0,0.0001577648,0.000195326,0.00025108161699941315,-5.391807409498651
6957422422.0,0.0001649332,0.0001782315,0.00024283621652152713,-5.459054578204535
6957705706.0,0.0001651663,0.0001832104,0.00024666973329504776,-5.446038590329145
6957988989.0,0.000165219,0.0001694964,0.0002366988541881012,-5.485008624545217
6958272272.0,0.0001560044,0.0001788079,0.0002372965189836758,-5.429783853692953
6958555556.0,0.0001655325,0.0001628666,0.00023222088181688142,-5.505904831807463
6958838839.0,0.0001552067,0.0001562484,0.00022023324505498712,-5.4944425329034
6959122122.0,0.0001495315,0.0001554812,0.00021571757704389783,-5.478283216396186
6959405405.0,0.0001660659,0.0001640648,0.00023344194512094437,-5.503848608202848
6959688689.0,0.0001351248,0.0001616751,0.00021070726028082185,-5.408569399733318
6959971972.0,0.0001568058,0.0001625835,0.00022587928941337227,-5.479699280826056
6960255255.0,0.0001550975,0.0001602866,0.0002230404193096175,-5.481335357440509
6960538539.0,0.0001604408,0.0001546709,0.0002228549699052054,-5.516095747638687
6960821822.0,0.0001766154,0.0001692179,0.000244597009788693,-5.519174245814772
6961105105.0,0.0001530455,0.0001255518,0.00019795499375739427,-5.596154804178784
6961388388.0,0.000169351,0.0001408165,0.00022024769663551535,-5.589525982086084
6961671672.0,0.0001668617,0.0001620683,0.00023261332892115188,-5.512358817780978
6961954955.0,0.0001620151,0.0001349496,0.00021085608164852633,-5.5886765009463435
6962238238.0,0.0001624188,0.0001345412,0.00021090566870257422,-5.591389436698826
6962521522.0,0.0001743473,0.0001376549,0.00022213926377680289,-5.614852447460196
6962804805.0,0.0001728105,0.0001501049,0.0002288994318784125,-5.567985997489202
6963088088.0,0.0001862213,0.0001298431,0.00022701894896968403,-5.674306286975104
6963371371.0,0.0001671746,0.0001383497,0.0002169976644465327,-5.591854389337868
6963654655.0,0.0001691202,0.0001294733,0.000212990557210713,-5.629793833428167
6963937938.0,0.0001671513,0.0001393726,0.00021763335847808352,-5.588165169459369
6964221221.0,0.0001799076,0.0001333346,0.00022393048049544305,-5.645386356112852
6964504505.0,0.0001777349,0.0001198985,0.0002143953007420172,-5.689716146563164
6964787788.0,0.0001873456,0.0001294286,0.00022770625010596439,-5.6786234920932355
6965071071.0,0.000161836,0.0001372316,0.0002121871884317241,-5.579872643641661
6965354354.0,0.0001912108,0.0001396572,0.00023678197471192777,-5.652357461755406
6965637638.0,0.0001581376,0.0001099636,0.00019261228896080333,-5.675575803259791
6965920921.0,0.0001556554,0.0001314672,0.00020374549866193363,-5.581832152896151
6966204204.0,0.0001421664,0.0001164443,0.00018376768021458506,-5.5969237170997985
6966487487.0,0.0001624723,0.000135041,0.0002112659933550357,-5.589729121343957
6966770771.0,0.0001517452,0.0001178529,0.00019213513931982875,-5.622845254158326
6967054054.0,0.0001613847,0.000125391,0.0002043720241987391,-5.622645914937489
6967337337.0,0.0001622866,0.000110808,0.0001965078965425054,-5.684101903582832
6967620621.0,0.0001894835,0.0001206917,0.00022465636697218265,-5.716038154220136
6967903904.0,0.0001621959,0.0001257516,0.0002052339515756835,-5.623683531357794
6968187187.0,0.0001931873,0.0001129081,0.0002237623112297958,-5.754278942190736
6968470470.0,0.0001630157,0.0001068935,0.00019493675586902538,-5.702795875246104
6968753754.0,0.000166164,9.55894e-05,0.00019169717861345796,-5.761147073009552
6969037037.0,0.0001704891,8.45423e-05,0.00019029958935347182,-5.822838349732931
6969320320.0,0.0001475073,0.0001051334,0.00018113927058716452,-5.663964367479747
6969603604.0,0.0001728391,0.0001035078,0.0002014626991521011,-5.743598601694065
6969886887.0,0.0001557505,0.0001008458,0.00018554808979854792,-5.708581546650031
6970170170.0,0.0001854092,0.0001339857,0.0002287547578721151,-5.657420103597688
6970453453.0,0.0001643907,7.91825e-05,0.00018246690262274965,-5.83430680366105
6970736737.0,0.0001500225,9.91571e-05,0.00017983014482188462,-5.699152103883128
6971020020.0,0.0001258029,0.0001010516,0.0001613623113089609,-5.6064637649467395
6971303303.0,0.0001388731,0.0001105409,0.00017749655905515465,-5.610897354860341
6971586587.0,0.0001838255,9.00206e-05,0.00020468395851802845,-5.827806102335419
6971869870.0,0.0001539139,8.47417e-05,0.00017570043919153987,-5.7798979800578705
6972153153.0,0.0001465303,8.78176e-05,0.00017083049987590037,-5.743270673675737
6972436436.0,0.0001401379,0.0001007451,0.0001725926017835643,-5.659887249751354
6972719720.0,0.0001507065,8.50223e-05,0.00017303537395440275,-5.769537136976673
6973003003.0,0.0001437435,8.45605e-05,0.00016677131633617334,-5.751432813940293
6973286286.0,0.0001426921,9.14116e-05,0.0001694612522583555,-5.7134314701217015
6973569570.0,0.0001299743,9.22648e-05,0.000159392948336901,-5.665866139388514
6973852853.0,0.0001552474,7.13077e-05,0.0001708406956379246,-5.852610802492189
6974136136.0,0.0001422104,8.55487e-05,0.00016595896462634973,-5.741616378683248
6974419419.0,0.0001552041,9.30648e-05,0.00018096786912557156,-5.743039021391499
6974702703.0,0.0001346422,9.32071e-05,0.00016375617701708232,-5.677674437633607
6974985986.0,0.000148616,9.31748e-05,0.000175408833332418,-5.723184979217523
6975269269.0,0.0001378588,0.0001090913,0.00017580091146842782,-5.613755602834855
6975552553.0,0.0001165369,8.32009e-05,0.00014318952064456392,-5.66316167636569
6975835836.0,0.0001245843,7.69419e-05,0.00014642849375070416,-5.72993297004244
6976119119.0,0.0001315121,8.31706e-05,0.00015560456661284076,-5.719269579468023
6976402402.0,0.0001640558,8.97457e-05,0.00018699892026995772,-5.78261460305926
6976685686.0,0.0001341074,5.63146e-05,0.00014545146581564588,-5.885623923360023
6976968969.0,0.0001310351,8.04504e-05,0.0001537610623407955,-5.732563787644393
6977252252.0,0.000127273,9.18356e-05,0.00015694646844182256,-5.6581330636422384
6977535536.0,0.0001581826,0.000109272,0.00019225531182976455,-5.678662874192751
6977818819.0,0.0001562457,5.89497e-05,0.00016699636492624624,-5.922409824253508
6978102102.0,0.0001474538,8.41964e-05,0.00016979887192617035,-5.76436089647229
6978385385.0,0.0001019775,7.40143e-05,0.00012600605981753416,-5.6553591658077185
6978668669.0,0.0001266219,6.99508e-05,0.00014465897822205851,-5.778471930957394
6978951952.0,0.0001389899,8.86845e-05,0.00016487308101160723,-5.715246515092388
6979235235.0,0.0001297733,8.09711e-05,0.00015296217973113485,-5.725346676462212
6979518519.0,0.0001161601,9.54169e-05,0.00015032482708328654,-5.595515721763318
6979801802.0,9.70742e-05,6.3474e-05,0.00011598426178426105,-5.704093663339919
6980085085.0,0.0001367726,9.00686e-05,0.00016376537123800013,-5.70083828178061
6980368368.0,0.0001115602,7.75448e-05,0.00013586343964098655,-5.675759709795562
6980651652.0,0.0001484288,5.41731e-05,0.00015800580189679746,-5.933230736985376
6980934935.0,0.000125144,8.81582e-05,0.00015307804860018303,-5.669476285755626
6981218218.0,0.0001333901,6.66287e-05,0.00014910500475067898,-5.819935707928948
6981501502.0,0.0001096688,7.01683e-05,0.00013019537633237978,-5.713999768072345
6981784785.0,0.0001448135,5.10371e-05,0.00015354391996643825,-5.944344382169888
6982068068.0,0.0001386828,9.19016e-05,0.00016636953777179284,-5.697951381345531
6982351351.0,0.0001041766,7.93007e-05,0.0001309250358336785,-5.632545701675761
6982634635.0,0.0001030321,9.0221e-05,0.00013695051103011628,-5.56398211168172
6982917918.0,0.0001315631,5.0957e-05,0.00014108672910876486,-5.913657659823963
6983201201.0,0.0001235578,4.51113e-05,0.00013153539192373284,-5.933119731314925
6983484484.0,0.0001305687,6.76556e-05,0.00014705599488307167,-5.8051147294802785
6983767768.0,8.67284e-05,5.24988e-05,0.0001013801724599046,-5.738860142414285
6984051051.0,0.0001253882,6.10148e-05,0.00013944535316130115,-5.830309234078564
6984334334.0,0.0001430394,9.06145e-05,0.00016932589158959123,-5.718501758137437
6984617618.0,0.0001199458,6.93348e-05,0.0001385435290032703,-5.759061078171901
6984900901.0,0.0001306323,9.56697e-05,0.0001619181561820045,-5.65107056716325
6985184184.0,0.0001023726,5.93617e-05,0.00011833833131175207,-5.757706833428076
6985467467.0,0.0001346845,7.30708e-05,0.00015322942391358783,-5.786092906171611
6985750751.0,9.81426e-05,9.41258e-05,0.0001359839555256428,-5.5186757337009915
6986034034.0,0.0001357917,5.10316e-05,0.0001450641581764772,-5.92370648801289
6986317317.0,0.0001399944,8.53881e-05,0.00016398036362006885,-5.735489462297492
6986600601.0,0.000117237,6.72363e-05,0.0001351489334278669,-5.762473396283503
6986883884.0,0.0001322364,4.55621e-05,0.00013986554415355487,-5.9513736209620305
6987167167.0,0.0001174785,5.97369e-05,0.000131794139413936,-5.812767047308221
6987450450.0,0.00017352,6.22467e-05,0.0001843470695750003,-5.9387551348758
6987733734.0,0.0001506663,0.0001000198,0.00018084328670904542,-5.697135346584607
6988017017.0,0.0001344031,5.46277e-05,0.00014508059448768465,-5.897133791248014
6988300300.0,0.0001377761,5.15746e-05,0.00014711285836516806,-5.924996609178184
6988583584.0,0.0001425908,6.09211e-05,0.00015505971968841553,-5.879415292999079
6988866867.0,0.0001175772,7.17312e-05,0.00013773076277026858,-5.73538883888283
6989150150.0,0.0001184314,6.42848e-05,0.0001347535974176571,-5.785885188347972
6989433433.0,0.0001272613,7.71216e-05,0.00014880584553118203,-5.738358521292914
6989716717.0,0.0001167342,8.92469e-05,0.0001469417660478123,-5.6304491161785055
6990000000.0,0.0001795941,3.53865e-05,0.0001830471117965536,-6.088641381576245
