Frequenze (Hz),Parte Reale,Parte Immaginaria,Ampiezza,Fase
4020000000.0,0.0001751332,5.10316e-05,0.00018241672604451598,0.28353667667164684
4020080080.0,0.0002045775,4.81951e-05,0.00021017783225226204,0.23136492768483788
4020160160.0,0.0001852974,5.03775e-05,0.00019202348542042978,0.26545744947296834
4020240240.0,0.0001942238,4.20465e-05,0.00019872290418743882,0.2131949213048611
4020320320.0,0.0002017387,3.28793e-05,0.0002044004683120369,0.16155916599095338
4020400400.0,0.0001929534,3.80396e-05,0.0001966672970773738,0.19464787842676304
4020480480.0,0.0001875962,4.47811e-05,0.00019286700384371093,0.23432493731210016
4020560561.0,0.0001707135,5.6194e-05,0.00017972441325053755,0.3180001397968335
4020640641.0,0.0001683729,4.63009e-05,0.00017462304199394765,0.26835711400571244
4020720721.0,0.0001878156,3.4999e-05,0.00019104876237327473,0.18423452662479028
4020800801.0,0.0001925889,4.26447e-05,0.00019725378283140733,0.21791259061196316
4020880881.0,0.0001878746,2.90039e-05,0.0001901002144669227,0.1531698497287054
4020960961.0,0.0001875964,3.80177e-05,0.00019140991303025556,0.19994893623314927
4021041041.0,0.000186298,1.58607e-05,0.0001869719406983037,0.08493137579730856
4021121121.0,0.0002075848,4.34876e-05,0.00021209106663129401,0.2065067320890952
4021201201.0,0.0001942755,3.52638e-05,0.00019745000757328423,0.1795594192057499
4021281281.0,0.0001993717,3.49622e-05,0.00020241400690102946,0.17359679043498835
4021361361.0,0.0001899515,4.67341e-05,0.00019561607412239926,0.24124036672376306
4021441441.0,0.0001907539,3.00602e-05,0.00019310791280848646,0.15630092165781048
4021521522.0,0.0001879302,5.35405e-05,0.0001954081503220631,0.2775426608696682
4021601602.0,0.0001931185,4.10316e-05,0.00019742934746589728,0.20935526354979037
4021681682.0,0.0002036561,3.58862e-05,0.00020679368079718974,0.1744192725502445
4021761762.0,0.0001809079,4.76367e-05,0.000187074646783844,0.25747547937671345
4021841842.0,0.0001909171,2.35773e-05,0.0001923674300595088,0.1228728374648532
4021921922.0,0.0001866818,3.55105e-05,0.00019002918213129792,0.18797369368075048
4022002002.0,0.0001883262,4.69521e-05,0.0001940908480605152,0.24433162099859423
4022082082.0,0.0001986461,4.46775e-05,0.00020360833001490877,0.22122880446948892
4022162162.0,0.0001859907,4.17138e-05,0.0001906110741718067,0.22062803629185596
4022242242.0,0.0001991484,3.21183e-05,0.00020172176485805892,0.15990133002009274
4022322322.0,0.0002041569,3.16473e-05,0.00020659523570232686,0.15379055664005897
4022402402.0,0.0001996177,3.89728e-05,0.0002033865907407123,0.19281177419856094
4022482482.0,0.000181426,4.30753e-05,0.00018646950138317525,0.23311001429419623
4022562563.0,0.000181774,2.91745e-05,0.0001841003490660732,0.15914152618139996
4022642643.0,0.0001752591,3.3313e-05,0.0001783970518304885,0.18783778278442037
4022722723.0,0.0001916375,5.12174e-05,0.00019836368989563084,0.26115801361798696
4022802803.0,0.0001863208,2.55639e-05,0.00018806635397074619,0.1363523322688592
4022882883.0,0.0001779744,2.73147e-05,0.00018005826804523583,0.15228716938084882
4022962963.0,0.0001808313,2.35817e-05,0.00018236242933943384,0.1296753968098321
4023043043.0,0.0001958367,2.87044e-05,0.00019792916825533827,0.14553682194025253
4023123123.0,0.0002038973,2.87655e-05,0.00020591639793260757,0.14015343085808366
4023203203.0,0.0002046924,4.21019e-05,0.00020897738777525668,0.20285468080246813
4023283283.0,0.0001809054,4.51512e-05,0.00018645480581256147,0.24458765035341495
4023363363.0,0.0002150572,2.20317e-05,0.0002161827816379695,0.10208961390442164
4023443443.0,0.0001974366,3.66762e-05,0.0002008142292418543,0.18366836266414388
4023523524.0,0.0001930864,4.06068e-05,0.00019731008608583596,0.20728312663714055
4023603604.0,0.0002040696,2.31413e-05,0.00020537750950347508,0.1129166930687594
4023683684.0,0.0001917742,3.49852e-05,0.00019493924182852464,0.18044483164548453
4023763764.0,0.0001707339,3.32168e-05,0.00017393510402287973,0.1921526584831381
4023843844.0,0.0001830421,2.60892e-05,0.00018489201369732008,0.14157756161837173
4023923924.0,0.0002025392,4.1049e-05,0.00020665707812131672,0.19996334812224925
4024004004.0,0.0002007877,3.01977e-05,0.00020304581147263294,0.14927737221868412
4024084084.0,0.0001884633,4.14294e-05,0.00019296323647588937,0.21638568119257648
4024164164.0,0.0001991761,1.89215e-05,0.00020007284166887818,0.09471460404768621
4024244244.0,0.0001962255,3.28382e-05,0.0001989542515994318,0.16581278725267962
4024324324.0,0.0002053312,1.39999e-05,0.0002058079174702713,0.06807667860549298
4024404404.0,0.0002089307,1.18445e-05,0.000209266169226514,0.05663043056480773
4024484484.0,0.0001987506,9.0582e-06,0.00019895690987648557,0.04554419494458276
4024564565.0,0.0002101229,2.79812e-05,0.00021197778340630415,0.13238699615836308
4024644645.0,0.000197651,1.38801e-05,0.0001981377676693921,0.07011019564723005
4024724725.0,0.0001964902,2.66201e-05,0.0001982852198729144,0.13465814596538464
4024804805.0,0.0002157601,3.082e-05,0.0002179502079650533,0.14188401231672135
4024884885.0,0.0002012362,3.63138e-05,0.00020448643050549834,0.17853228373306657
4024964965.0,0.0001827587,2.70409e-05,0.0001847483496502743,0.14689382934232992
4025045045.0,0.0001831403,8.6316e-06,0.00018334359547758956,0.04709622769672576
4025125125.0,0.0001932417,3.47085e-05,0.00019633398735608668,0.17771694802628524
4025205205.0,0.0002023375,2.33635e-05,0.0002036819015978101,0.11495886222848273
4025285285.0,0.0001946345,3.76942e-05,0.00019825095536690358,0.1912983923174606
4025365365.0,0.0001776846,3.2013e-05,0.00018054542155967288,0.1782552303890205
4025445445.0,0.0001984112,3.98949e-05,0.00020238232959290194,0.19842593796545346
4025525526.0,0.0001942094,2.36036e-05,0.00019563849565287504,0.12094368950124086
4025605606.0,0.0001827785,2.53224e-05,0.00018452426399801736,0.13766515243240532
4025685686.0,0.000205264,2.13839e-05,0.00020637485523970696,0.10380310395070579
4025765766.0,0.0002059042,3.96407e-05,0.00020968529913689707,0.1901931256049481
4025845846.0,0.0001909242,2.56552e-05,0.00019264018125167965,0.133573632375666
4025925926.0,0.0001979703,4.67862e-05,0.00020342366674634983,0.23207140236213705
4026006006.0,0.000197231,3.13692e-05,0.00019971002496029086,0.157726906788535
4026086086.0,0.0002013228,1.28835e-05,0.00020173461371834534,0.0639070983577143
4026166166.0,0.0002084373,3.59673e-05,0.00021151774086487405,0.17087421018436005
4026246246.0,0.0002026644,2.80974e-05,0.0002046028419013773,0.13776187344430965
4026326326.0,0.0002077473,2.47989e-05,0.00020922219313089136,0.11880832039413636
4026406406.0,0.0001993732,2.79366e-05,0.00020132095394618016,0.13921573428952613
4026486486.0,0.0001745625,2.76177e-05,0.00017673370861140213,0.15691038924591513
4026566567.0,0.0001845987,2.16564e-05,0.00018586468115984274,0.11678229383636068
4026646647.0,0.0001980135,3.31194e-05,0.00020076414231283933,0.1657242585578838
4026726727.0,0.0002207064,1.20661e-05,0.0002210359829760078,0.054615997820009955
4026806807.0,0.0002175226,3.3214e-05,0.00022004374862004145,0.1515218409935591
4026886887.0,0.0001959249,4.07941e-05,0.00020012677240894083,0.20528000382466186
4026966967.0,0.0001827798,2.87044e-05,0.0001850199931558749,0.1557713465083336
4027047047.0,0.0002156133,2.61161e-05,0.00021718919359880684,0.12053752930642067
4027127127.0,0.0002180457,4.00878e-05,0.00022170015560962064,0.18182002917893003
4027207207.0,0.0002034512,2.43166e-05,0.00020489921380278646,0.11895625860228465
4027287287.0,0.00021475,2.14233e-05,0.0002158159407525079,0.09943028537591724
4027367367.0,0.0001962057,2.8251e-05,0.00019822914950503622,0.1430037888824734
4027447447.0,0.0001917942,2.11979e-05,0.00019296208466444904,0.11007742755522101
4027527528.0,0.0002200284,3.15832e-05,0.00022228359212681442,0.14256763095763725
4027607608.0,0.0002217439,2.36068e-05,0.00022299694660118106,0.10606026882483921
4027687688.0,0.0002167356,2.82829e-05,0.00021857319767018554,0.1297616917423207
4027767768.0,0.0001961233,1.68952e-05,0.00019684968017736276,0.08593365222450004
4027847848.0,0.0002095643,8.089e-07,0.00020956586113606387,0.003859893993336908
4027927928.0,0.0002020786,3.36429e-05,0.0002048599650941345,0.1649711656388818
4028008008.0,0.0001965529,1.84134e-05,0.0001974135147297925,0.09340902630612023
4028088088.0,0.0002133107,2.15614e-05,0.00021439764155524192,0.10073763327848767
4028168168.0,0.0002101664,4.30419e-05,0.00021452860146043462,0.2020058392158395
4028248248.0,0.0001990454,1.36425e-05,0.0001995123782310511,0.06843261538308908
4028328328.0,0.0002135361,3.67563e-05,0.00021667646755681614,0.17046110389383728
4028408408.0,0.0002020942,1.44854e-05,0.0002026126661558946,0.07155410623331178
4028488488.0,0.000203277,3.19484e-05,0.0002057722988926352,0.15589158828217467
4028568569.0,0.0002283182,2.40379e-05,0.0002295800973247681,0.10489602164849814
4028648649.0,0.0001944008,-6.3e-09,0.0001944008001020829,-3.240727403279469e-05
4028728729.0,0.0002069433,2.40823e-05,0.00020833983437686611,0.11585040326502362
4028808809.0,0.0002187238,1.92992e-05,0.0002195735863146567,0.0880075603312273
4028888889.0,0.0002285734,2.55936e-05,0.00023000180770707,0.11150657707706041
4028968969.0,0.0002136858,1.82948e-05,0.0002144675286113961,0.08540715045434573
4029049049.0,0.0002229192,1.51631e-05,0.00022343430652039539,0.06791599443001134
4029129129.0,0.0002210232,2.27381e-05,0.00022218973002785254,0.10251588399671326
4029209209.0,0.0002131648,2.5716e-05,0.0002147103737946539,0.12005886140991198
4029289289.0,0.0002023378,1.7189e-05,0.00020306660737265495,0.08474851478774448
4029369369.0,0.0002155071,3.1094e-05,0.00021773871264984092,0.143294065224699
4029449449.0,0.0002164921,2.35421e-05,0.00021776836279593047,0.10831784012598061
4029529530.0,0.0002252722,1.26061e-05,0.00022562463927960086,0.05590111068312774
4029609610.0,0.0002221574,8.0219e-06,0.0002223021845470035,0.036093401485266616
4029689690.0,0.0002141541,1.50841e-05,0.0002146846725307142,0.07031959208020284
4029769770.0,0.0002169267,2.4828e-05,0.00021834290177812058,0.11395753521829706
4029849850.0,0.0002179562,4.4008e-05,0.00022235469228788497,0.19923346589210827
4029929930.0,0.0002111775,3.51086e-05,0.00021407603859425746,0.16474481423431997
4030010010.0,0.0002294148,3.21639e-05,0.00023165851359760125,0.13929185650005232
4030090090.0,0.0002209781,1.83086e-05,0.0002217352599691127,0.08266374947854696
4030170170.0,0.0002324161,3.07257e-05,0.00023443829077115366,0.1314390632969274
4030250250.0,0.000218191,4.00232e-05,0.00022183139773088932,0.18141517989717218
4030330330.0,0.0002179832,1.03409e-05,0.00021822834301494847,0.04740343847115474
4030410410.0,0.0002291048,2.91875e-05,0.00023095653170951888,0.1267154299398194
4030490490.0,0.0002150186,1.69938e-05,0.00021568909936387607,0.0788701476677198
4030570571.0,0.0002092462,4.1199e-06,0.00020928675493315385,0.01968670275252499
4030650651.0,0.0002042271,1.21584e-05,0.00020458869730503198,0.05946353972804917
4030730731.0,0.0002316438,1.06572e-05,0.00023188882247810046,0.04597442461057825
4030810811.0,0.0002181078,-8.344e-07,0.00021810939604748804,-0.0038256125155916587
4030890891.0,0.0002249732,4.9072e-06,0.000225026712481163,0.021808917565769633
4030970971.0,0.0002127951,-7.2332e-06,0.0002129179977508947,-0.0339783018922075
4031051051.0,0.0002208665,1.11328e-05,0.00022114689701212178,0.05036248625705982
4031131131.0,0.0002115336,2.10251e-05,0.0002125759129322276,0.09906828589307153
4031211211.0,0.0002113341,1.79926e-05,0.000212098645628797,0.08493335869895484
4031291291.0,0.0002196383,1.6286e-05,0.00022024126911841476,0.07401373403271792
4031371371.0,0.0002250427,1.79239e-05,0.0002257553609872864,0.07947888545499464
4031451451.0,0.0002081327,1.9056e-05,0.0002090032342938501,0.0913024211873553
4031531532.0,0.0002176967,2.19912e-05,0.00021880462990606482,0.10067608376045621
4031611612.0,0.0002136039,2.10768e-05,0.00021464122994767335,0.09835398112943897
4031691692.0,0.000251938,-6.3472e-06,0.00025201794140862277,-0.025188171807765523
4031771772.0,0.0002174381,1.17675e-05,0.00021775628897430265,0.05406610769949343
4031851852.0,0.0002184495,1.63888e-05,0.00021906340820796613,0.07488300653738704
4031931932.0,0.000215586,2.02762e-05,0.0002165374048113628,0.09377570720853479
4032012012.0,0.0002377337,1.56286e-05,0.00023824685780435804,0.06564548463833299
4032092092.0,0.000213727,2.35244e-05,0.00021501773862721188,0.10962623514395309
4032172172.0,0.0002197269,2.08747e-05,0.00022071625151696468,0.09471865293904261
4032252252.0,0.0002320826,2.01171e-05,0.0002329528513136725,0.08646465639821915
4032332332.0,0.0002430614,1.92877e-05,0.0002438254694269038,0.07918726641500054
4032412412.0,0.0002225253,8.6021e-06,0.00022269150245238367,0.038637489802211065
4032492492.0,0.0002187754,6.4267e-06,0.00021886977433636194,0.02936734360528556
4032572573.0,0.0002327335,1.33843e-05,0.0002331180420060618,0.05744585079047824
4032652653.0,0.0002272964,2.58083e-05,0.00022875690547358344,0.11306047887807372
4032732733.0,0.0002329541,2.4615e-05,0.0002342509571630605,0.10527395723609344
4032812813.0,0.0002275513,1.19174e-05,0.00022786315751882751,0.05232456135325167
4032892893.0,0.0002479413,2.36918e-05,0.000249070651890041,0.09526483019046143
4032972973.0,0.0002177592,7.2593e-06,0.00021788016573596138,0.03332402338484184
4033053053.0,0.0002296068,6.7333e-06,0.00022970550697606272,0.029316948958175264
4033133133.0,0.0002298527,8.0028e-06,0.00022999197487114632,0.03480302214253573
4033213213.0,0.0002213441,1.40964e-05,0.00022179251361975679,0.06359956589859536
4033293293.0,0.0002444028,1.73735e-05,0.00024501952401816883,0.07096614590780609
4033373373.0,0.0002318022,1.9359e-05,0.00023260918039888278,0.08332181119260403
4033453453.0,0.0002309953,1.9642e-05,0.00023182889549426316,0.08482797777737498
4033533534.0,0.00023741,1.63375e-05,0.00023797147309341513,0.06870723157924037
4033613614.0,0.0002490484,2.42161e-05,0.0002502229506695379,0.09692980391891026
4033693694.0,0.0002345389,2.37754e-05,0.0002357408858436949,0.1010257124007
4033773774.0,0.0002351169,-1.01726e-05,0.0002353368616608329,-0.04323916978259741
4033853854.0,0.0002345028,1.23283e-05,0.00023482663858414785,0.05252372700242784
4033933934.0,0.000236231,1.1844e-06,0.00023623396911612857,0.005013694544082987
4034014014.0,0.0002345927,2.41809e-05,0.0002358356436548555,0.10271335678546012
4034094094.0,0.0002415967,2.8159e-06,0.0002416131096271475,0.011654846689391445
4034174174.0,0.0002514129,2.84223e-05,0.0002530143739468175,0.1125723366621911
4034254254.0,0.0002267075,2.5863e-05,0.00022817796853607492,0.11358984782364229
4034334334.0,0.0002450793,6.8321e-06,0.000245174511070992,0.027869881335284192
4034414414.0,0.0002357499,3.6922e-06,0.00023577881094544946,0.01566023216335839
4034494494.0,0.000242047,-7.8169e-06,0.00024217319037129193,-0.0322837470208836
4034574575.0,0.0002484302,1.8819e-05,0.0002491419656200858,0.07560726105803547
4034654655.0,0.0002426383,2.9246e-06,0.00024265592494734185,0.012052748395337234
4034734735.0,0.0002399194,1.97316e-05,0.00024072942183065202,0.08205794317010205
4034814815.0,0.0002596357,1.43323e-05,0.0002600309818805829,0.055145608622773894
4034894895.0,0.0002354167,1.6771e-06,0.00023542267372387904,0.0071238430809835536
4034974975.0,0.0002660705,1.70167e-05,0.00026661410136963874,0.06386861951183229
4035055055.0,0.0002396,2.44016e-05,0.00024083936157231442,0.10149314108019049
4035135135.0,0.00025516,1.14587e-05,0.0002554171634908077,0.04487774852106163
4035215215.0,0.0002457698,9.4022e-06,0.000245949580111209,0.03823747758960359
4035295295.0,0.0002645892,2.1677e-06,0.0002645980795091491,0.008192516939598582
4035375375.0,0.0002492451,1.16579e-05,0.0002495175875693335,0.04673877167344866
4035455455.0,0.0002304822,3.1938e-06,0.00023050432723764643,0.013856148552004479
4035535536.0,0.0002469272,1.38741e-05,0.0002473166649270728,0.05612799039343234
4035615616.0,0.0002553966,1.67552e-05,0.0002559456192604203,0.06551075440334321
4035695696.0,0.0002462668,9.0374e-06,0.0002464325696433002,0.03668113746904019
4035775776.0,0.0002523961,1.21795e-05,0.0002526897930575353,0.048218096419680855
4035855856.0,0.0002779648,3.37166e-05,0.00028000221276732796,0.12070839408602047
4035935936.0,0.0002645547,-1.9869e-06,0.00026456216105803944,-0.007510214877814389
4036016016.0,0.0002649858,1.06581e-05,0.00026520005523613684,0.04019973203322218
4036096096.0,0.0002545329,8.2009e-06,0.00025466497981312624,0.032208268587825814
4036176176.0,0.0002540846,1.25087e-05,0.0002543923181482688,0.049190738642426596
4036256256.0,0.0002767327,1.6299e-06,0.0002767374998501287,0.00588973096948883
4036336336.0,0.0002561177,-2.741e-06,0.0002561323668228793,-0.010701702226043068
4036416416.0,0.000263906,-3.674e-07,0.0002639062557401018,-0.0013921614614509149
4036496496.0,0.0002545948,1.2796e-06,0.0002545980156309157,0.005025983348964355
4036576577.0,0.0002806825,2.08302e-05,0.00028145437114795356,0.07407688383598074
4036656657.0,0.0002510669,-2.2575e-06,0.0002510770490942173,-0.008991385020511108
4036736737.0,0.0002562322,1.00545e-05,0.0002564293924008908,0.03921967750581597
4036816817.0,0.0002601466,6.6536e-06,0.000260231673484455,0.025570773373977878
4036896897.0,0.0002672099,-8.4677e-06,0.0002673440341606672,-0.03167871867205823
4036976977.0,0.0002678703,-2.17e-06,0.00026787908937072713,-0.008100758213983306
4037057057.0,0.0002651907,1.60193e-05,0.00026567409610080546,0.060333404947025694
4037137137.0,0.0002469841,1.59791e-05,0.00024750045917052354,0.06460683633404639
4037217217.0,0.0002785653,2.02409e-05,0.00027929969637810204,0.07253376769106831
4037297297.0,0.00027374,-1.61942e-05,0.00027421859840944413,-0.05909018576518503
4037377377.0,0.0002647778,1.70452e-05,0.00026532587928032955,0.06428677977105351
4037457457.0,0.0002717452,-1.10796e-05,0.00027197097503079255,-0.040749447268793544
4037537538.0,0.0002703006,8.293e-07,0.00027030187217044944,0.003068056075126079
4037617618.0,0.0002669288,1.4925e-05,0.0002673457310196667,0.05585562708730959
4037697698.0,0.0002814145,-6.1952e-06,0.00028148268386046413,-0.02201094641728232
4037777778.0,0.0002973534,2.15182e-05,0.0002981309736052261,0.07223981769627068
4037857858.0,0.0002669285,4.9807e-06,0.00026697496415345766,0.01865713881399791
4037937938.0,0.0002538976,-4.465e-07,0.00025389799260334847,-0.0017585811749177037
4038018018.0,0.0002825119,-5.1706e-06,0.00028255921281382775,-0.01830019472012095
4038098098.0,0.0002788392,9.8189e-06,0.0002790120252853808,0.03519894108285056
4038178178.0,0.0002730816,-7.3115e-06,0.0002731794616928769,-0.02676765358385818
4038258258.0,0.0002719323,1.22935e-05,0.00027221004008952355,0.04517718297778882
4038338338.0,0.0002907827,-1.81834e-05,0.0002913506729953614,-0.06245128902171047
4038418418.0,0.0003051788,8.2973e-06,0.0003052915740021824,0.027181627419375628
4038498498.0,0.0002673752,7.722e-07,0.0002673763150839655,0.002888068351294954
4038578579.0,0.0002657038,-7.7877e-06,0.00026581790309482544,-0.02930131642065894
4038658659.0,0.0002882967,7.84e-07,0.00028829776601092485,0.002719413948836687
4038738739.0,0.0002989502,2.92303e-05,0.0003003758187972694,0.09746667212459179
4038818819.0,0.0002950608,-7.1472e-06,0.0002951473499194597,-0.02421806838595475
4038898899.0,0.0002827532,2.7306e-05,0.0002840686356256882,0.0962733065026943
4038978979.0,0.0002929236,9.1236e-06,0.00029306565051865084,0.031136621968253685
4039059059.0,0.0002873015,-1.06976e-05,0.00028750059225679867,-0.037217558194473546
4039139139.0,0.000292305,-3.08078e-05,0.00029392402686041167,-0.10500839839513314
4039219219.0,0.0002730965,-1.98034e-05,0.00027381357337394725,-0.07238759270980719
4039299299.0,0.0002908782,1.6366e-06,0.00029088280405482897,0.0056263505847397935
4039379379.0,0.0002906175,-5.6249e-06,0.0002906719298560837,-0.019352577754960014
4039459459.0,0.0003074579,6.7875e-06,0.0003075328119545295,0.022072607905509245
4039539540.0,0.0003015759,4.7002e-06,0.00030161252517236413,0.015584201143078456
4039619620.0,0.0002918337,-1.6435e-06,0.0002918383277568935,-0.005631572452542977
4039699700.0,0.0003019831,4.0356e-06,0.0003020100639928577,0.013362866299120485
4039779780.0,0.0003137053,1.2919e-06,0.00031370796013760954,0.004118173001000651
4039859860.0,0.0003048515,-2.51e-08,0.00030485150103330634,-8.23351695605293e-05
4039939940.0,0.0002922554,-1.2511e-06,0.00029225807787017623,-0.004280818618525652
4040020020.0,0.0003076898,-1.78098e-05,0.0003082048052838891,-0.057817809109477085
4040100100.0,0.0003166262,1.55283e-05,0.0003170067485517146,0.049003740991234175
4040180180.0,0.0003149056,-1.06305e-05,0.000315084979714378,-0.03374492114582612
4040260260.0,0.0003062613,-1.13823e-05,0.00030647274043702486,-0.037148225047751775
4040340340.0,0.0003053223,-1.36461e-05,0.0003056270978210211,-0.044664358185018994
4040420420.0,0.0002924596,-1.1926e-06,0.00029246203159883846,-0.004077805582754973
4040500501.0,0.0003208811,-1.06924e-05,0.00032105919665222175,-0.03330967507505465
4040580581.0,0.0002942637,5.44e-08,0.00029426370502841495,0.0001848681960441287
4040660661.0,0.0002950042,9.1381e-06,0.0002951456977312222,0.030966267403305433
4040740741.0,0.0003290889,1.559e-07,0.0003290889369274209,0.0004737321384511278
4040820821.0,0.0003109607,1.0218e-06,0.00031096237878516753,0.0032859339537628807
4040900901.0,0.0003079126,-1.13615e-05,0.0003081221396151371,-0.036881725512683004
4040980981.0,0.0003459814,-1.01749e-05,0.00034613098349608925,-0.029400332424128334
4041061061.0,0.0003331949,-3.1274e-06,0.00033320957671827204,-0.00938582242631515
4041141141.0,0.0003389578,-2.57398e-05,0.00033993371042731257,-0.07579260170020644
4041221221.0,0.0003288283,3.5435e-06,0.00032884739207288843,0.010775723519942937
4041301301.0,0.0003309344,-8.374e-07,0.0003309354594813315,-0.002530405460181716
4041381381.0,0.0003410744,-2.11742e-05,0.0003417310244636855,-0.062001313163579506
4041461461.0,0.0003212369,-1.45165e-05,0.0003215647286221858,-0.04515866888063548
4041541542.0,0.0003285189,-9.9044e-06,0.00032866816821312345,-0.03013951647093747
4041621622.0,0.0003217819,4.7176e-06,0.0003218164801829919,0.014659811636073551
4041701702.0,0.0003423954,-1.98884e-05,0.0003429725330047874,-0.058020865394465444
4041781782.0,0.0003162459,-2.05022e-05,0.0003169097812811242,-0.06473933473960773
4041861862.0,0.0003361544,-7.6181e-06,0.0003362407115251959,-0.02265862416461905
4041941942.0,0.000319591,-2.76313e-05,0.0003207832539592583,-0.08624385162420982
4042022022.0,0.0003192816,-7.614e-06,0.00031937237371845425,-0.023842768105620304
4042102102.0,0.0003368569,-4.78e-06,0.00033689081239714745,-0.014189049448860066
4042182182.0,0.0003237666,-1.91867e-05,0.00032433461229484895,-0.05919167360107597
4042262262.0,0.0003509846,-3.0576e-05,0.0003523138958558972,-0.08689555920456322
4042342342.0,0.0003733583,-8.3333e-06,0.00037345128740945584,-0.022316141352780445
4042422422.0,0.0003395393,-9.6515e-06,0.00033967644560189926,-0.028417628827546202
4042502503.0,0.0003400144,-2.82961e-05,0.0003411897734144006,-0.08302897595824232
4042582583.0,0.0003446552,-1.08062e-05,0.00034482456531616186,-0.031343386287499574
4042662663.0,0.0003495861,-2.05993e-05,0.00035019247917923653,-0.058856769079155956
4042742743.0,0.0003448918,-1.674e-05,0.00034529781538150515,-0.04849890018174001
4042822823.0,0.0003525584,-1.41391e-05,0.00035284180528867326,-0.04008279787083242
4042902903.0,0.0003365935,-2.68401e-05,0.00033766192443072403,-0.07957203030269179
4042982983.0,0.0003702177,-2.4783e-05,0.0003710462807821822,-0.0668419692046997
4043063063.0,0.0003517156,-2.59157e-05,0.0003526690896433227,-0.0735507636148862
4043143143.0,0.0003632271,-1.04784e-05,0.00036337820936452694,-0.02884006921268257
4043223223.0,0.0003376135,-1.8945e-05,0.0003381446264651414,-0.05605567492002268
4043303303.0,0.0003408586,-1.32539e-05,0.0003411161841061928,-0.038864286499883806
4043383383.0,0.0003568045,-2.3474e-05,0.00035757583796482953,-0.06569485662964034
4043463463.0,0.0003520844,-2.92281e-05,0.00035329549466837245,-0.0828245596579225
4043543544.0,0.0003683386,-2.46858e-05,0.00036916488588651004,-0.06691924170257658
4043623624.0,0.0003697284,-1.2349e-05,0.00036993457200910543,-0.033387781412739716
4043703704.0,0.000378438,-3.75112e-05,0.0003802925320979101,-0.09879840292456823
4043783784.0,0.0003777391,-4.98033e-05,0.0003810081316188672,-0.1310896622578793
4043863864.0,0.0003716058,-1.83131e-05,0.00037205677016451404,-0.04924114856585091
4043943944.0,0.0003581811,-3.59528e-05,0.00035998097758777476,-0.10004095428094978
4044024024.0,0.0003941719,-1.78048e-05,0.0003945738177485298,-0.04513945695138314
4044104104.0,0.0003731084,-1.98914e-05,0.0003736382554617768,-0.053262233440600555
4044184184.0,0.0003693668,-2.33939e-05,0.0003701068865874425,-0.06325066240349647
4044264264.0,0.000374473,-3.49108e-05,0.000376096784997745,-0.09295779805675763
4044344344.0,0.0003836199,-3.56477e-05,0.00038527261282279076,-0.09265844328778651
4044424424.0,0.0003642428,-2.83988e-05,0.00036534820266874175,-0.07780926735127427
4044504505.0,0.0003945655,-2.91275e-05,0.00039563916015291007,-0.07368804628929475
4044584585.0,0.0003839985,-1.31942e-05,0.00038422510968947617,-0.034346517671869047
4044664665.0,0.0003698798,-3.0348e-05,0.0003711227122557174,-0.08186490219760977
4044744745.0,0.0003796488,-4.2144e-05,0.00038198079543013677,-0.11055522588268504
4044824825.0,0.0004069552,-3.8458e-05,0.00040876833606706865,-0.09422198153929143
4044904905.0,0.0003804913,-4.34186e-05,0.00038296057786885846,-0.11362046891122528
4044984985.0,0.0003979417,-4.54478e-05,0.0004005285247316725,-0.11371448628447639
4045065065.0,0.0004109062,-5.40387e-05,0.0004144443102470222,-0.13076063971533122
4045145145.0,0.0004166171,-2.89328e-05,0.00041762053939940503,-0.06933565848034022
4045225225.0,0.0004135996,-4.78645e-05,0.0004163599878475476,-0.11521414217539529
4045305305.0,0.0003984816,-3.4071e-05,0.0003999355180270439,-0.08529461779952469
4045385385.0,0.0003981088,-4.58107e-05,0.0004007358692105437,-0.1145669067998337
4045465465.0,0.0003886723,-4.89736e-05,0.0003917455427752178,-0.12534174301194723
4045545546.0,0.0004024038,-3.43261e-05,0.00040386519953525333,-0.08509661994930941
4045625626.0,0.000400955,-4.20543e-05,0.0004031544073596244,-0.10450324292437047
4045705706.0,0.0004045412,-5.64806e-05,0.000408464980963852,-0.13871972966726584
4045785786.0,0.0004074196,-4.75582e-05,0.0004101859491150325,-0.11620437588171324
4045865866.0,0.0004130579,-3.81189e-05,0.0004148130654760286,-0.09202399222864058
4045945946.0,0.0004185472,-3.95242e-05,0.0004204092304094666,-0.09415267980495363
4046026026.0,0.0004112278,-4.54032e-05,0.00041372666588350334,-0.10996349852327462
4046106106.0,0.000409324,-3.93877e-05,0.00041121469804384427,-0.09593085436757111
4046186186.0,0.000425349,-5.67927e-05,0.0004291237380689747,-0.13273516841734584
4046266266.0,0.0004099388,-4.88386e-05,0.00041283777515556885,-0.1185774195294383
4046346346.0,0.0004223413,-6.04408e-05,0.0004266441889799157,-0.14214377053100435
4046426426.0,0.0004500261,-5.60775e-05,0.0004535065343382166,-0.12397042402484092
4046506507.0,0.0004224246,-5.73234e-05,0.0004262962759310947,-0.13487702233147225
4046586587.0,0.0004106224,-4.97777e-05,0.00041362854688603156,-0.1206363598122425
4046666667.0,0.000439778,-5.80654e-05,0.0004435947249023144,-0.13127412282314357
4046746747.0,0.0004397861,-6.13258e-05,0.000444041290308514,-0.1385511837078826
4046826827.0,0.0004380423,-7.13914e-05,0.00044382179822903024,-0.16155788765591272
4046906907.0,0.0004496492,-5.65721e-05,0.0004531940043282236,-0.1251562499128304
4046986987.0,0.0004398818,-6.36956e-05,0.0004444694898759644,-0.14380212741524664
4047067067.0,0.0004303018,-7.6743e-05,0.00043709166902634964,-0.17649127531316267
4047147147.0,0.0004640813,-8.1479e-05,0.00047117966897001194,-0.1737991898954567
4047227227.0,0.000451864,-6.51066e-05,0.00045653033180672676,-0.14309966061579713
4047307307.0,0.0004616686,-7.20628e-05,0.00046725896820692486,-0.1548425563273584
4047387387.0,0.0004303647,-8.00592e-05,0.00043774793033289145,-0.18392402704930397
4047467467.0,0.0004764352,-7.81838e-05,0.00048280762875236346,-0.162651947215858
4047547548.0,0.0004800294,-5.86776e-05,0.00048360240446685126,-0.12163408890856907
4047627628.0,0.0004463832,-7.66336e-05,0.00045291353467433496,-0.17001932031773934
4047707708.0,0.0004661523,-7.75113e-05,0.00047255260915900145,-0.16477138459578092
4047787788.0,0.0004651187,-8.41324e-05,0.0004726665482340061,-0.1789487907540453
4047867868.0,0.0004758084,-0.0001026292,0.00048675084612479104,-0.2124397700200896
4047947948.0,0.0004809501,-7.78951e-05,0.00048721724650716133,-0.16056660673463602
4048028028.0,0.0004674622,-8.83351e-05,0.00047573521870978815,-0.18676510199511626
4048108108.0,0.0004485951,-8.84323e-05,0.0004572284280611826,-0.19463603246501535
4048188188.0,0.0004659429,-9.44962e-05,0.000475428562325456,-0.20009255485438024
4048268268.0,0.0004841032,-9.42347e-05,0.0004931897068414243,-0.19225406170154388
4048348348.0,0.0005105846,-9.12896e-05,0.0005186814290345472,-0.17692480126841253
4048428428.0,0.0004781532,-0.0001099518,0.0004906321238906804,-0.22602183646525462
4048508509.0,0.0004861227,-9.30022e-05,0.0004949390757054145,-0.18903009932212678
4048588589.0,0.0004938826,-0.0001128402,0.0005066092511184532,-0.2246202433929375
4048668669.0,0.0004744387,-0.0001046418,0.0004858415239200227,-0.21708358610484962
4048748749.0,0.0004822588,-0.0001000992,0.0004925377143103663,-0.2046572182152301
4048828829.0,0.0004932863,-0.000112114,0.0005058665068609406,-0.223483304100483
4048908909.0,0.0005049871,-0.0001138476,0.0005176613247985307,-0.22173943535983984
4048988989.0,0.0004997515,-0.0001273902,0.0005157323189487837,-0.2495917406039988
4049069069.0,0.0005014939,-0.0001235968,0.0005165000490875582,-0.24164152670512326
4049149149.0,0.0005044925,-9.33595e-05,0.000513058163171097,-0.18298617301562847
4049229229.0,0.0004914384,-0.0001165708,0.0005050746998288471,-0.23289890435614952
4049309309.0,0.0004978657,-0.0001271701,0.000513850649090278,-0.25008318409889196
4049389389.0,0.0005049286,-0.0001391384,0.0005237483989975721,-0.26888727003701557
4049469469.0,0.0005076838,-0.0001283843,0.0005236653218124435,-0.24768966900682368
4049549550.0,0.0005249464,-0.0001426318,0.0005439784492461075,-0.2653024993512443
4049629630.0,0.0005187002,-0.000118095,0.0005319739904403599,-0.2238589579052217
4049709710.0,0.0005227925,-0.0001347867,0.0005398883704555414,-0.25232561904149375
4049789790.0,0.0005211586,-0.0001309757,0.0005373647926171289,-0.24621723781865554
4049869870.0,0.0005227931,-0.0001152841,0.0005353532003457343,-0.21704216892361325
4049949950.0,0.000529869,-0.0001503688,0.0005507920961437628,-0.27651494265102305
4050030030.0,0.0005306463,-0.0001602001,0.0005543009721655736,-0.29319551571498353
4050110110.0,0.0005227812,-0.0001320179,0.0005391928309926329,-0.2473583529297811
4050190190.0,0.0005366331,-0.0001563778,0.0005589535762015036,-0.28355333786875636
4050270270.0,0.0005274519,-0.0001362558,0.0005447670601709046,-0.2528016575928506
4050350350.0,0.0005616208,-0.000167913,0.000586184867223336,-0.2905201199734078
4050430430.0,0.0005325841,-0.0001648086,0.0005575012988386396,-0.30010458451915817
4050510511.0,0.0005256453,-0.0001568584,0.000548550397924065,-0.28999846499395293
4050590591.0,0.0005313719,-0.0001671601,0.0005570445180967316,-0.3047806223935936
4050670671.0,0.0005353329,-0.0001661862,0.0005605347151540661,-0.30100270632219467
4050750751.0,0.0005510871,-0.0001655493,0.0005754159908421907,-0.2918282789350098
4050830831.0,0.0005381942,-0.0001860892,0.0005694578011321647,-0.33289782095710085
4050910911.0,0.0005414814,-0.0001864647,0.0005726876905365175,-0.33164178405744094
4050990991.0,0.0005432495,-0.0001886083,0.0005750592231058816,-0.3341651917166139
4051071071.0,0.0005460363,-0.0001783835,0.0005744356482583057,-0.31575786778350684
4051151151.0,0.0005604587,-0.0001824401,0.000589405076745781,-0.3147014782131218
4051231231.0,0.0005678098,-0.0002116535,0.0006059745646793188,-0.35680031639572807
4051311311.0,0.000565587,-0.00019222,0.0005973585045590294,-0.32761237787361347
4051391391.0,0.0005574313,-0.0001831184,0.0005867384448272076,-0.31739785661796976
4051471471.0,0.0005752442,-0.000221358,0.0006163645461880817,-0.36734075354980333
4051551552.0,0.0005919059,-0.0001977859,0.0006240768035215056,-0.3224862002490782
4051631632.0,0.0005927745,-0.0002107222,0.0006291148173609408,-0.3415524881079896
4051711712.0,0.0005631888,-0.0001977949,0.0005969124281764035,-0.33774819300445547
4051791792.0,0.0005983437,-0.0002146721,0.0006356880475894604,-0.3444726854791994
4051871872.0,0.0005892716,-0.0002171204,0.0006279986358764803,-0.3530207747333781
4051951952.0,0.0005897322,-0.0002281444,0.0006323242324695456,-0.3691286093095859
4052032032.0,0.000578053,-0.0002173606,0.0006175685397114721,-0.3596663006205652
4052112112.0,0.0005739232,-0.0002334932,0.0006196022223527608,-0.3863864225993592
4052192192.0,0.0005598599,-0.0002483788,0.0006124827637717245,-0.41755618808521766
4052272272.0,0.0005880124,-0.0002704082,0.000647208758578714,-0.43102994793245164
4052352352.0,0.0006107871,-0.000251905,0.000660694339730113,-0.39117306495277915
4052432432.0,0.0006081974,-0.0002365035,0.0006525626275531031,-0.37086599340407084
4052512513.0,0.0005761059,-0.0002607741,0.0006323773709151996,-0.4250551420684083
4052592593.0,0.0006062126,-0.0002484191,0.0006551379745088587,-0.38891636333618873
4052672673.0,0.0006103951,-0.0002451024,0.0006577669530994773,-0.3818393971179278
4052752753.0,0.0006068304,-0.0002438939,0.0006540086917017006,-0.38215566559059194
4052832833.0,0.0006143607,-0.0002687428,0.0006705682383295006,-0.4123557834473249
4052912913.0,0.0006299568,-0.0002584886,0.0006809272547021451,-0.3893775702137561
4052992993.0,0.0006085116,-0.0002958394,0.000676614600734362,-0.45252161155129106
4053073073.0,0.0006094789,-0.0002926833,0.0006761124489640018,-0.44769788701093144
4053153153.0,0.0006233925,-0.000302658,0.0006929791295704728,-0.451981687789207
4053233233.0,0.0006181257,-0.0002987727,0.0006865453424689297,-0.45024126116669705
4053313313.0,0.0006283923,-0.0003050956,0.0006985414861256631,-0.45199480991680513
4053393393.0,0.0006314696,-0.0003091451,0.0007030821776849204,-0.4552644127192725
4053473473.0,0.0006242826,-0.0003120812,0.0006979422899181564,-0.46357058963257364
4053553554.0,0.0005882402,-0.0003209013,0.0006700777396972161,-0.499403069605583
4053633634.0,0.0006345128,-0.0003531585,0.0007261731332720111,-0.5078826374992637
4053713714.0,0.0006311511,-0.0003330486,0.0007136337162670847,-0.48554906932113473
4053793794.0,0.0006250973,-0.000356978,0.0007198471552706797,-0.518880210014948
4053873874.0,0.0006411551,-0.0003552744,0.0007330073407213395,-0.5059979144767045
4053953954.0,0.0006232684,-0.0003608724,0.0007202030182665996,-0.5248351855118257
4054034034.0,0.0006313183,-0.0003686651,0.0007310791693605419,-0.5285424355491172
4054114114.0,0.000637341,-0.0003660832,0.0007349969112882312,-0.5213767931381218
4054194194.0,0.0006324661,-0.0003415104,0.0007187786314000785,-0.4951071960469181
4054274274.0,0.0006290121,-0.0003630545,0.0007262677136680799,-0.5234726099430437
4054354354.0,0.0006600376,-0.0003874943,0.0007653766823899524,-0.5308646835904943
4054434434.0,0.0006357128,-0.0003760962,0.0007386332755422544,-0.5342300477710593
4054514515.0,0.0006526892,-0.0004037679,0.0007674840121247152,-0.5539997378523669
4054594595.0,0.0006382979,-0.0003980193,0.0007522257455823352,-0.5575656905467812
4054674675.0,0.0006290613,-0.0003838851,0.0007369436132837437,-0.5479227075252039
4054754755.0,0.0006684567,-0.0003889138,0.0007733616900295295,-0.5269360051329507
4054834835.0,0.0006409273,-0.0004268551,0.0007700604393690797,-0.58753824065335
4054914915.0,0.0006578035,-0.0004182831,0.0007795294711284879,-0.5663838355911875
4054994995.0,0.0006412382,-0.0004045817,0.0007582036541155219,-0.5628581169009921
4055075075.0,0.0006470398,-0.0004202026,0.0007715119751700553,-0.5759695679670999
4055155155.0,0.0006448191,-0.0004169779,0.0007678946808079998,-0.5740227612510135
4055235235.0,0.0006449207,-0.0004582539,0.0007911506469400754,-0.6177771275017946
4055315315.0,0.0006392641,-0.000450788,0.0007822201803154979,-0.6141853930759088
4055395395.0,0.0006623544,-0.0004600935,0.0008064734217205239,-0.6071151426938289
4055475475.0,0.0006600444,-0.0004592189,0.000804077488858238,-0.6078607793712207
4055555556.0,0.0006367361,-0.0004808175,0.000797883656524847,-0.6467752010069603
4055635636.0,0.0006487695,-0.0004695697,0.0008008730032210725,-0.6265114056487852
4055715716.0,0.000667322,-0.0004723272,0.0008175644534492923,-0.6159383973457261
4055795796.0,0.000650248,-0.0004745489,0.0008049963478148271,-0.6304451755459977
4055875876.0,0.0006664822,-0.0004970609,0.0008314253190910474,-0.640806215264551
4055955956.0,0.0006434016,-0.0005223832,0.0008287640354918884,-0.681960133768078
4056036036.0,0.0006579461,-0.0005298577,0.0008447734919814306,-0.6779769409172507
4056116116.0,0.0006780254,-0.000515658,0.0008518342655758572,-0.6502057026545953
4056196196.0,0.0006578205,-0.0005276404,0.0008432865479375383,-0.6760225027212763
4056276276.0,0.0006562444,-0.0005183625,0.000836275309893584,-0.66854734606662
4056356356.0,0.0006633183,-0.0005451952,0.0008586203894725131,-0.6879651806202086
4056436436.0,0.0006596084,-0.0005757888,0.0008755660931968529,-0.7176536874265012
4056516517.0,0.0006586752,-0.0005553292,0.0008615355706340162,-0.7004747175107138
4056596597.0,0.0006539292,-0.0005847497,0.0008772431876411067,-0.7296067011779932
4056676677.0,0.0006271984,-0.0005881973,0.0008598569047753527,-0.7533199508839747
4056756757.0,0.0006533806,-0.0005744721,0.0008700140241023533,-0.7212209730447798
4056836837.0,0.0006440703,-0.0005920745,0.0008748592829091659,-0.7433600725689543
4056916917.0,0.0006375554,-0.0006151247,0.0008859205859552254,-0.7674939090420577
4056996997.0,0.0006333138,-0.000615252,0.0008829617164829062,-0.7709331346021732
4057077077.0,0.0006276391,-0.0006215946,0.0008833519607709999,-0.780559634921998
4057157157.0,0.0006332747,-0.0006241346,0.0008891461322961767,-0.7781292979430908
4057237237.0,0.0006436428,-0.0006244343,0.0008967687823560374,-0.7702515835509437
4057317317.0,0.0006322981,-0.0006319849,0.0008939831100706657,-0.7851504340571084
4057397397.0,0.0006317409,-0.0006653964,0.0009175232606674176,-0.81133832472253
4057477477.0,0.0006369928,-0.0006687322,0.0009235597341637844,-0.80970125240886
4057557558.0,0.0006066512,-0.0006733242,0.0009063063261210748,-0.8374404111183349
4057637638.0,0.0006146373,-0.0006650354,0.0009055667252082809,-0.8247614062656856
4057717718.0,0.0006032682,-0.0006649762,0.0008978451245608455,-0.834016058032101
4057797798.0,0.0006139637,-0.00069842,0.0009299150075774077,-0.8496629062529089
4057877878.0,0.0006146888,-0.0007019398,0.0009330390150842997,-0.8515699100516526
4057957958.0,0.000602455,-0.0007113663,0.0009321984980682441,-0.8681056440622307
4058038038.0,0.0006034634,-0.0007200986,0.0009395265131232433,-0.873293318926634
4058118118.0,0.0005840506,-0.0007394962,0.0009423214595745976,-0.9023088297152271
4058198198.0,0.0006007033,-0.0007390517,0.0009523874578677419,-0.8882973992292428
4058278278.0,0.0005818877,-0.0007512846,0.0009502746158918748,-0.9117839217712479
4058358358.0,0.0005860608,-0.0007566814,0.0009570966525918894,-0.9117895795488941
4058438438.0,0.0006034943,-0.000767059,0.0009760045489717196,-0.9041784718386229
4058518519.0,0.0005679543,-0.0007832169,0.0009674713429007083,-0.9433860013329813
4058598599.0,0.0005888739,-0.0007721464,0.0009710728773548203,-0.9192511623768244
4058678679.0,0.0005857481,-0.0007814836,0.0009766357835562704,-0.9275938759140574
4058758759.0,0.0005467269,-0.0007984851,0.0009677234925874332,-0.9704092530302284
4058838839.0,0.0005364202,-0.0008141901,0.0009750139229293344,-0.9882324651504938
4058918919.0,0.0005619056,-0.0007979723,0.0009759598838470001,-0.9572793240392292
4058998999.0,0.0005555923,-0.0008236743,0.0009935402137305667,-0.9773702212561127
4059079079.0,0.0005284141,-0.0008247906,0.0009795412165535303,-1.001011830923864
4059159159.0,0.0005447752,-0.000831559,0.000994117894927981,-0.9908266345227787
4059239239.0,0.0005269611,-0.0008515308,0.00100139537859022,-1.0166391299470205
4059319319.0,0.0005600625,-0.0008735536,0.001037673308888308,-1.000681024556587
4059399399.0,0.0005239793,-0.0008708908,0.0010163685809553196,-1.0291578561045651
4059479479.0,0.000509411,-0.0008601339,0.0009996648902758413,-1.036097686704468
4059559560.0,0.0005153191,-0.0008612453,0.0010036419887573956,-1.0315969516435342
4059639640.0,0.0005036429,-0.0008685298,0.0010039921235788904,-1.0453024696219302
4059719720.0,0.0004872581,-0.0008855716,0.0010107707528130055,-1.06778518407226
4059799800.0,0.0004839657,-0.0009038167,0.001025235302735611,-1.079177866048572
4059879880.0,0.0004809247,-0.0008930107,0.001014276430458965,-1.0767917751487102
4059959960.0,0.0004654069,-0.0008978303,0.0010112877088967807,-1.0925621737404094
4060040040.0,0.0004533383,-0.0009036528,0.001010991591060346,-1.105811135082953
4060120120.0,0.000462064,-0.0009293067,0.0010378410681606747,-1.1093802607925822
4060200200.0,0.0004528398,-0.0009308306,0.0010351374258331114,-1.1180149952692344
4060280280.0,0.0004222644,-0.0009492997,0.0010389788948421666,-1.1522611522937831
4060360360.0,0.0004297859,-0.0009447182,0.0010378865049946694,-1.1438455775553251
4060440440.0,0.0004240968,-0.0009495303,0.0010399355203032205,-1.1507413307120016
4060520521.0,0.0004079397,-0.0009825122,0.0010638350539369013,-1.1772550107715618
4060600601.0,0.0004062757,-0.0009731711,0.0010545719199209222,-1.1753156891990781
4060680681.0,0.0003581793,-0.0009602788,0.00102490379288884,-1.2137845227623862
4060760761.0,0.0003760825,-0.0009884626,0.0010575898819509433,-1.2072367989773956
4060840841.0,0.0003670428,-0.0009869305,0.0010529730427993348,-1.214743251484357
4060920921.0,0.0003630809,-0.0009921483,0.001056497036975353,-1.2199796530692473
4061001001.0,0.0003683492,-0.0009957557,0.001061701722341605,-1.21648743753925
4061081081.0,0.000341114,-0.0010085923,0.0010647146043026225,-1.2446649931918552
4061161161.0,0.0003220834,-0.0010156656,0.001065511298663191,-1.2637120474460282
4061241241.0,0.0003282236,-0.0010203356,0.0010718280963962084,-1.2595683629140875
4061321321.0,0.0002980907,-0.0010118468,0.0010548421740226022,-1.2843004186468643
4061401401.0,0.0002995383,-0.0010226773,0.0010656416156955301,-1.2858694500215857
4061481481.0,0.0002761958,-0.0010205856,0.00105729801232434,-1.306502213194288
4061561562.0,0.0002997184,-0.0010250461,0.001067965648522353,-1.2863310760992
4061641642.0,0.0002716963,-0.0010283736,0.0010636593160456265,-1.312498255288083
4061721722.0,0.0002477241,-0.0010392933,0.0010684090008726526,-1.3368042881962003
4061801802.0,0.0002512715,-0.0010554143,0.0010849132275701776,-1.337068944349856
4061881882.0,0.0002364682,-0.001046432,0.0010728173843833999,-1.348553396785928
4061961962.0,0.0002388292,-0.0010629087,0.0010894100657274698,-1.3497731653932927
4062042042.0,0.0002282786,-0.0010321682,0.0010571103595695202,-1.3531358895463972
4062122122.0,0.0001843271,-0.001034206,0.0010505039410827596,-1.3944178387538226
4062202202.0,0.0001889142,-0.0010887322,0.001105000623655245,-1.3989893705671401
4062282282.0,0.0001811459,-0.001072813,0.0010879988832971335,-1.4035227886894635
4062362362.0,0.0001771279,-0.0010518706,0.0010666799201741685,-1.4039682105035172
4062442442.0,0.0001721309,-0.0010568506,0.0010707764647465735,-1.409342448099847
4062522523.0,0.0001590684,-0.0010633511,0.001075182922925104,-1.4223058093172785
4062602603.0,0.0001385808,-0.0010684467,0.0010773963935662352,-1.4418133448620314
4062682683.0,0.0001362182,-0.0010425524,0.0010514137647743632,-1.4408739462464404
4062762763.0,0.0001134635,-0.0010642437,0.0010702750201802991,-1.464583331960557
4062842843.0,9.29667e-05,-0.0010706534,0.0010746820507668536,-1.484181832572578
4062922923.0,0.000104764,-0.0010758984,0.0010809869854991594,-1.4737288333390504
4063003003.0,9.5889e-05,-0.0010699407,0.0010742289336251793,-1.4814142642285146
4063083083.0,8.42867e-05,-0.0011108665,0.001114059526515141,-1.4950666950793032
4063163163.0,4.80611e-05,-0.0010669555,0.001068037409603924,-1.5257816722581863
4063243243.0,4.53794e-05,-0.0010782554,0.0010792098950498557,-1.5287352009877428
4063323323.0,4.05027e-05,-0.0010529994,0.0010537780625481108,-1.532351154574343
4063403403.0,1.15402e-05,-0.0010881403,0.0010882014926933937,-1.5601912905077668
4063483483.0,2.11341e-05,-0.0010780297,0.0010782368405247986,-1.5511944613513582
4063563564.0,3.2577e-06,-0.0010863488,0.0010863536845202534,-1.5677975751646411
4063643644.0,1.871e-06,-0.0010625199,0.00106252154732834,-1.5690354204192707
4063723724.0,-3.4303e-05,-0.0010669537,0.0010675049853526165,-1.6029356672726127
4063803804.0,-2.94987e-05,-0.0010693363,0.0010697430980377391,-1.5983753220159422
4063883884.0,-2.34553e-05,-0.001065966,0.0010662240216080718,-1.5927965741489976
4063963964.0,-4.49269e-05,-0.0010521261,0.0010530848762777007,-1.6134714619868493
4064044044.0,-5.23493e-05,-0.0010578205,0.0010591150359761398,-1.6202438723108343
4064124124.0,-6.42852e-05,-0.0010723567,0.0010742818433604516,-1.6306722599511732
4064204204.0,-0.0001099721,-0.0010568168,0.0010625232287063892,-1.6744829045726826
4064284284.0,-9.58647e-05,-0.0010500686,0.001054435443928195,-1.6618377066563021
4064364364.0,-0.0001035036,-0.0010708477,0.0010758381810515231,-1.667152767549428
4064444444.0,-0.0001226616,-0.0010526279,0.001059750614046989,-1.6868020617342434
4064524525.0,-0.0001551746,-0.0010602681,0.0010715631574306622,-1.716118724248945
4064604605.0,-0.0001346701,-0.0010333702,0.0010421084425730608,-1.700387232599458
4064684685.0,-0.0001574921,-0.0010282818,0.0010402726670318942,-1.722775733776068
4064764765.0,-0.0001673462,-0.0010388978,0.001052289593932811,-1.7305049621854232
4064844845.0,-0.0001618616,-0.00104769,0.0010601195751680846,-1.7240782565172872
4064924925.0,-0.0001751793,-0.0010540005,0.001068459096619398,-1.735494993782431
4065005005.0,-0.0001841704,-0.0010379389,0.001054151742572847,-1.7464071229069014
4065085085.0,-0.0001930624,-0.0010243103,0.0010423457588438923,-1.7570911975393944
4065165165.0,-0.000198144,-0.0010146244,0.0010337909449261778,-1.763657067848221
4065245245.0,-0.0002135085,-0.0009994035,0.001021955593646074,-1.781268323877205
4065325325.0,-0.0002188515,-0.001011002,0.0010344182051067402,-1.7839770158053405
4065405405.0,-0.0002269615,-0.0010138871,0.001038979583066318,-1.7910186114984255
4065485485.0,-0.0002270446,-0.0010004125,0.0010258530209271745,-1.7939669648953445
4065565566.0,-0.000252547,-0.0010051635,0.0010364041918774981,-1.816950805822878
4065645646.0,-0.0002779012,-0.0009898488,0.0010281195085314158,-1.8445014454901982
4065725726.0,-0.0002693333,-0.0009728214,0.001009416615073702,-1.8408890004217027
4065805806.0,-0.0002691227,-0.0009822266,0.001018428260312355,-1.838225611363832
4065885886.0,-0.0002951762,-0.0009574925,0.001001958520400266,-1.869832427566402
4065965966.0,-0.0003037546,-0.0009486321,0.000996077164767655,-1.880683170576181
4066046046.0,-0.0003023263,-0.0009607029,0.0010071500651541955,-1.8756776708546508
4066126126.0,-0.0003130254,-0.0009613241,0.0010110039200151352,-1.8855879957120176
4066206206.0,-0.0003186025,-0.0009408482,0.0009933291944010756,-1.8973092136873537
4066286286.0,-0.0003211132,-0.0009290087,0.000982939902481291,-1.9035919150959304
4066366366.0,-0.0003200571,-0.0009324098,0.000985811636366933,-1.9014523077879872
4066446446.0,-0.0003410526,-0.0009317454,0.000992202784912399,-1.9216853098218964
4066526527.0,-0.0003441775,-0.0009413185,0.0010022667658605169,-1.9213300191734
4066606607.0,-0.0003426812,-0.0009065839,0.00096918768696917,-1.9321872841862626
4066686687.0,-0.0003588926,-0.0009167705,0.0009845161491844662,-1.9439319074621235
4066766767.0,-0.0003699422,-0.0009071076,0.000979643521551896,-1.9580311251891676
4066846847.0,-0.0003692021,-0.0009038309,0.0009763301114065979,-1.9585965872714013
4066926927.0,-0.0003834406,-0.0008746978,0.0009550512735205372,-1.9839361176479333
4067007007.0,-0.0003776207,-0.0008684147,0.0009469643521509033,-1.9809712088992295
4067087087.0,-0.0003920042,-0.000886928,0.0009696950912537611,-1.9869606131882527
4067167167.0,-0.0004175978,-0.0008572194,0.0009535266238030274,-2.0241143679630103
4067247247.0,-0.0004132251,-0.000865126,0.0009587481312346898,-2.016402407091508
4067327327.0,-0.0004046572,-0.0008607768,0.0009511488573982938,-2.010244851574381
4067407407.0,-0.0004059418,-0.0008490886,0.0009411377134283803,-2.0167637935061817
4067487487.0,-0.0004364874,-0.0008337923,0.0009411327482868982,-2.0530640075480227
4067567568.0,-0.0004380998,-0.0008283091,0.0009370311627170411,-2.0573024583215447
4067647648.0,-0.0004248512,-0.0008215918,0.0009249387157907707,-2.048036003437704
4067727728.0,-0.0004491171,-0.0008284712,0.0009423750308353092,-2.0675567233339787
4067807808.0,-0.0004527302,-0.0008120298,0.000929708034858299,-2.0794016125111785
4067887888.0,-0.0004301238,-0.0008130341,0.000919799397199873,-2.0574015219897253
4067967968.0,-0.000460347,-0.000801499,0.0009242943294265091,-2.092147652499081
4068048048.0,-0.0004535677,-0.000793233,0.0009137517446069747,-2.0902196131828634
4068128128.0,-0.0004582474,-0.0007793299,0.0009040717740537915,-2.102346921691401
4068208208.0,-0.000472958,-0.0007693679,0.0009031147409462487,-2.1219805810502206
4068288288.0,-0.000473476,-0.0007479401,0.0008852084024477006,-2.135156334187454
4068368368.0,-0.0004857575,-0.0007586187,0.0009008122339288804,-2.1403353535247955
4068448448.0,-0.0004703431,-0.0007660403,0.0008989106590433224,-2.1214410459442297
4068528529.0,-0.0004727203,-0.0007550291,0.0008908049303180241,-2.1301830087614095
4068608609.0,-0.0004970849,-0.0007345946,0.0008869738576514925,-2.1656987020722895
4068688689.0,-0.0004883425,-0.0007424024,0.0008886167457526388,-2.1526261106691797
4068768769.0,-0.000495529,-0.0007210373,0.0008748964383470136,-2.1729102327783307
4068848849.0,-0.0005059068,-0.0007353103,0.0008925373536005818,-2.1734354052433784
4068928929.0,-0.000497871,-0.0007164098,0.0008724210761880068,-2.1781268738737736
4069009009.0,-0.0004987774,-0.0007027431,0.0008617579470758421,-2.1880411768056462
4069089089.0,-0.0005008557,-0.0007270116,0.0008828376400885103,-2.174049953585549
4069169169.0,-0.0005046694,-0.0006911477,0.0008557898962430265,-2.201498267115179
4069249249.0,-0.0005233194,-0.00069822,0.0008725676838024429,-2.213980577641504
4069329329.0,-0.0005308192,-0.0006798976,0.000862571602578244,-2.2336788371732523
4069409409.0,-0.0005096441,-0.0006641803,0.0008371813301626476,-2.225295394188664
4069489489.0,-0.000520724,-0.0006766427,0.0008538142817025784,-2.2267051125810693
4069569570.0,-0.0005286491,-0.0006556075,0.0008421941967189395,-2.2493972374507054
4069649650.0,-0.0005168352,-0.0006510351,0.0008312432408092411,-2.241786353991451
4069729730.0,-0.0004947316,-0.0006566116,0.0008221302508076928,-2.216509155058011
4069809810.0,-0.0005290748,-0.0006267815,0.0008202287441545133,-2.27186310128668
4069889890.0,-0.0005355663,-0.0006200144,0.0008192979420839833,-2.28324566963962
4069969970.0,-0.0005301838,-0.0006329047,0.0008256289851165171,-2.2681056902723147
4070050050.0,-0.0005445006,-0.000626991,0.0008304207472609051,-2.2858956778572184
4070130130.0,-0.0005375005,-0.0006238457,0.0008234623518466038,-2.281981800041761
4070210210.0,-0.0005271983,-0.0006200876,0.0008139082744367758,-2.2754063237144027
4070290290.0,-0.0005325928,-0.0006018028,0.0008036303258959805,-2.295259558535268
4070370370.0,-0.0005417286,-0.000588269,0.0007997063788784982,-2.3150314725849217
4070450450.0,-0.0005410296,-0.0005817858,0.0007944732501209842,-2.3199121996687393
4070530531.0,-0.0005389412,-0.0005890239,0.0007983775872534562,-2.311822703199851
4070610611.0,-0.0005339179,-0.0005563964,0.000771132464543784,-2.3355808780921072
4070690691.0,-0.0005471096,-0.0005687471,0.0007891781663037632,-2.3368059892741204
4070770771.0,-0.0005360886,-0.0005677782,0.000780873274894973,-2.327494561212656
4070850851.0,-0.0005450985,-0.0005446235,0.0007705498890107635,-2.3566303811534492
4070930931.0,-0.000531353,-0.0005546731,0.0007681134411482525,-2.3347249170262256
4071011011.0,-0.000524063,-0.0005299442,0.0007453072407287078,-2.350614700068837
4071091091.0,-0.0005356247,-0.0005457739,0.0007646979594397385,-2.346809512234039
4071171171.0,-0.0005397918,-0.0005427425,0.0007654701879586755,-2.353468763448626
4071251251.0,-0.0005537097,-0.0005150158,0.0007561981923568253,-2.392384331268123
4071331331.0,-0.000533051,-0.0005247246,0.0007479834720407663,-2.3640659404622566
4071411411.0,-0.0005575321,-0.0005105791,0.0007559980554784648,-2.400125113944697
4071491491.0,-0.000542177,-0.0005039346,0.0007402067146454159,-2.392734930064638
4071571572.0,-0.0005495072,-0.0004839061,0.0007322043952811606,-2.4195894499506343
4071651652.0,-0.0005277483,-0.0005016759,0.0007281462605779831,-2.3815162451080325
4071731732.0,-0.0005405456,-0.0004640718,0.0007124269655442584,-2.432170279167703
4071811812.0,-0.0005616344,-0.0004679252,0.0007310179150050976,-2.446963109742308
4071891892.0,-0.0005437044,-0.0004834075,0.0007275282026393273,-2.414832478508328
4071971972.0,-0.000539122,-0.0004794362,0.0007214648991839034,-2.4147258777648455
4072052052.0,-0.000542303,-0.0004799522,0.0007241868944504864,-2.417112402995788
4072132132.0,-0.0005405784,-0.0004536651,0.0007057173864264434,-2.443389350038811
4072212212.0,-0.0005309889,-0.0004638247,0.0007050408245295446,-2.423606545240199
4072292292.0,-0.0005433943,-0.0004797922,0.0007248985587331029,-2.4182754212934583
4072372372.0,-0.0005520216,-0.0004439598,0.0007083982996045374,-2.4642695441910156
4072452452.0,-0.0005391113,-0.0004412953,0.0006966940042728802,-2.4556362565257595
4072532533.0,-0.0005435018,-0.0004375623,0.0006977499358541926,-2.4637619613273656
4072612613.0,-0.0005551814,-0.0004242521,0.0006987247177969089,-2.489085243870186
4072692693.0,-0.0005267855,-0.0004278945,0.0006786727238813271,-2.459411862656916
4072772773.0,-0.0005511725,-0.0004014634,0.0006818826778088808,-2.5120720884538454
4072852853.0,-0.0005451194,-0.0004088783,0.0006814225007051425,-2.4980460517287297
4072932933.0,-0.0005327235,-0.0004010805,0.0006668282349544747,-2.496246540890694
4073013013.0,-0.0005534748,-0.0004225709,0.000696347987547785,-2.4895154976034153
4073093093.0,-0.0005201436,-0.0004107077,0.00066274442997301,-2.4732226842202905
4073173173.0,-0.0005288818,-0.0004127565,0.0006708829157636153,-2.4788975687033727
4073253253.0,-0.0005295914,-0.0003864402,0.0006555936844799529,-2.5112138903891132
4073333333.0,-0.0005117725,-0.0003891874,0.000642944728631482,-2.4914246392868815
4073413413.0,-0.0005392525,-0.0004145107,0.000680156143227965,-2.4862453701688123
4073493493.0,-0.0005373866,-0.0003802909,0.0006583354209537643,-2.5257393945423154
4073573574.0,-0.000546279,-0.0003788576,0.0006647960791992985,-2.5352262304738415
4073653654.0,-0.0005224065,-0.0003793351,0.0006456033374559489,-2.5135440935036653
4073733734.0,-0.0005303061,-0.0003603814,0.0006411702684647581,-2.544708435652853
4073813814.0,-0.0005245461,-0.000376859,0.000645888006473421,-2.518592602862902
4073893894.0,-0.0005046812,-0.0003573949,0.0006184126681912734,-2.525411330489465
4073973974.0,-0.0005301686,-0.0003627803,0.0006424081961603931,-2.5414995782559506
4074054054.0,-0.0005195727,-0.0003531472,0.0006282266592983221,-2.544629544615135
4074134134.0,-0.0005340896,-0.0003621962,0.0006453199114567905,-2.545677846994598
4074214214.0,-0.0005216787,-0.0003463104,0.0006261625660975352,-2.5555505757222177
4074294294.0,-0.0005338476,-0.0003432639,0.0006346836732333439,-2.570154238830426
4074374374.0,-0.00053565,-0.0003364974,0.0006325752308672543,-2.580692752478495
4074454454.0,-0.0005289639,-0.0003307728,0.0006238697401886471,-2.582761772098603
4074534535.0,-0.0005240089,-0.0003360555,0.0006225099407715992,-2.5713461404205833
4074614615.0,-0.0005310168,-0.0003163541,0.0006181090182718984,-2.6043028440232847
4074694695.0,-0.000518246,-0.0003297388,0.0006142528736126841,-2.574937753595987
4074774775.0,-0.000527893,-0.0003126277,0.0006135202508933915,-2.60691491333256
4074854855.0,-0.0005336773,-0.0003103684,0.0006173653733842301,-2.6148380933464175
4074934935.0,-0.0005175022,-0.0003128678,0.0006047270353487431,-2.5978175175554132
4075015015.0,-0.0005109118,-0.0003229587,0.000604427985193381,-2.5778881298374148
4075095095.0,-0.0005246309,-0.00030523,0.0006069620532906567,-2.6146633769769756
4075175175.0,-0.0005123521,-0.0002942452,0.0005908340816992957,-2.6202825628875903
4075255255.0,-0.0005227606,-0.0003016156,0.0006035317846441229,-2.618281399260664
4075335335.0,-0.0005070481,-0.0002828364,0.0005805981440536733,-2.632773213671063
4075415415.0,-0.000526448,-0.0002904943,0.000601277336207253,-2.637368107836966
4075495495.0,-0.0005052049,-0.0002745447,0.0005749841591575371,-2.6438057426410633
4075575576.0,-0.0004895654,-0.0002903118,0.0005691706440922616,-2.6063368395434066
4075655656.0,-0.0004961305,-0.0002936519,0.00057652138850511,-2.6071618819646925
4075735736.0,-0.0005111846,-0.0002704964,0.0005783407280229537,-2.6548932131248772
4075815816.0,-0.0005028138,-0.0002621451,0.0005670465332972683,-2.6610064041091785
4075895896.0,-0.0005050272,-0.0002922898,0.000583511610787549,-2.6169368430147615
4075975976.0,-0.0004914062,-0.0002770123,0.0005641062557264632,-2.628281857173073
4076056056.0,-0.0005024307,-0.0002783756,0.0005743949712330793,-2.6356394617510204
4076136136.0,-0.0004863869,-0.0002511688,0.0005474102507124341,-2.664913553508362
4076216216.0,-0.0004817248,-0.0002477053,0.0005416795164884215,-2.666645732211465
4076296296.0,-0.0004944006,-0.0002628089,0.0005599111279476145,-2.653008581417453
4076376376.0,-0.0004866126,-0.0002546428,0.000549212871362826,-2.6594818029386698
4076456456.0,-0.0004885916,-0.0002648303,0.0005557488995838408,-2.6448906199396536
4076536537.0,-0.0004871574,-0.0002436608,0.0005446952522570763,-2.6778102307232534
4076616617.0,-0.0004833348,-0.0002405363,0.0005398798389537528,-2.6798189563649815
4076696697.0,-0.0004807468,-0.0002407893,0.0005376773871986156,-2.6772531942205884
4076776777.0,-0.0005003978,-0.0002381511,0.0005541785855444524,-2.6973910487605277
4076856857.0,-0.0004834647,-0.0002453913,0.0005421761764055849,-2.6719088438360563
4076936937.0,-0.0004604198,-0.0002366851,0.0005176931801695382,-2.66675749956314
4077017017.0,-0.0004794872,-0.0002405709,0.0005364534769116983,-2.6765656894694754
4077097097.0,-0.0004898769,-0.0002078499,0.0005321474965492368,-2.7403234841399757
4077177177.0,-0.000461299,-0.0002336353,0.0005170901476600477,-2.672780388887513
4077257257.0,-0.000456416,-0.0002098449,0.0005023449483293427,-2.7106464457003177
4077337337.0,-0.0004831614,-0.0002234447,0.0005323274109117902,-2.70842223343426
4077417417.0,-0.0004627661,-0.0002297063,0.0005166405399974919,-2.680847900216196
4077497497.0,-0.0004523794,-0.0002133916,0.0005001830629828643,-2.7008326010429786
4077577578.0,-0.0004731969,-0.0002046173,0.000515541992110148,-2.7334584809086935
4077657658.0,-0.0004781808,-0.0002136497,0.000523739507578653,-2.7214056168705683
4077737738.0,-0.0004593991,-0.0002093413,0.0005048478116883345,-2.71402111011965
4077817818.0,-0.0004819428,-0.0002112852,0.0005262226697994681,-2.728424482162198
4077897898.0,-0.0004548076,-0.0001921435,0.0004937297617219464,-2.7418651479222764
4077977978.0,-0.0004699085,-0.0001902641,0.0005069659023258468,-2.7568726742727288
4078058058.0,-0.0004654693,-0.0002087856,0.0005101500720472849,-2.7199463733508358
4078138138.0,-0.0004612261,-0.0001890263,0.0004984580798952907,-2.752637240219688
4078218218.0,-0.0004694204,-0.0001933459,0.0005076791791899387,-2.7508851659903955
4078298298.0,-0.0004504771,-0.000189581,0.0004887438727855419,-2.743246652012163
4078378378.0,-0.0004561518,-0.0002021357,0.0004989321655873973,-2.7244643756149496
4078458458.0,-0.0004585516,-0.0001855801,0.0004946812543229933,-2.757033133676707
4078538539.0,-0.0004561228,-0.0001755619,0.0004887432755664778,-2.774170457915373
4078618619.0,-0.0004427847,-0.0001696292,0.00047416490385384914,-2.77574278030221
4078698699.0,-0.000435904,-0.0001822672,0.0004724760622633066,-2.745550122993252
4078778779.0,-0.0004530305,-0.0001926756,0.0004923012500142672,-2.7394647001843744
4078858859.0,-0.0004509471,-0.0001846213,0.0004872764219743246,-2.7530024293091193
4078938939.0,-0.0004558548,-0.0001632891,0.0004842178526880747,-2.7976277560048883
4079019019.0,-0.0004508929,-0.000186386,0.0004878976821695405,-2.7496130507849323
4079099099.0,-0.0004442178,-0.0001712572,0.00047608663328083475,-2.7736264044691135
4079179179.0,-0.0004290158,-0.000157092,0.00045687246920080444,-2.790587206487511
4079259259.0,-0.0004633294,-0.0001559896,0.0004888833073572056,-2.8168411595463647
4079339339.0,-0.0004658554,-0.0001570483,0.0004916151159617146,-2.816439661104136
4079419419.0,-0.0004371848,-0.0001760014,0.0004712823380448285,-2.758865018272355
4079499499.0,-0.0004331857,-0.0001511512,0.0004587990147612896,-2.805871970630406
4079579580.0,-0.0004414121,-0.0001652617,0.00047133435214643545,-2.7833540558846686
4079659660.0,-0.0004320165,-0.0001637964,0.00046202545051675457,-2.77919397565614
4079739740.0,-0.0004454364,-0.0001592549,0.00047304937334169465,-2.7982293403654377
4079819820.0,-0.0004502563,-0.0001531095,0.0004755767600292722,-2.813809636759936
4079899900.0,-0.0004326231,-0.0001553195,0.0004596595411104397,-2.7969066385046815
4079979980.0,-0.0004278442,-0.0001382795,0.00044963527396534405,-2.8289891146659705
4080060060.0,-0.0004141337,-0.0001580245,0.0004432589131376153,-2.7770670755125155
4080140140.0,-0.0004246475,-0.0001529399,0.00045134921321329455,-2.7958978210110113
4080220220.0,-0.000426091,-0.000160223,0.0004552196722572521,-2.7819192729385858
4080300300.0,-0.0004345465,-0.0001608953,0.00046337669149876324,-2.786983833254943
4080380380.0,-0.00040807,-0.0001595597,0.0004381557060727271,-2.76885968967122
4080460460.0,-0.0004240845,-0.0001486839,0.00044939355275689036,-2.804383677034087
4080540541.0,-0.000410869,-0.0001444054,0.0004355068939869494,-2.8036147664326125
4080620621.0,-0.0004177044,-0.0001503804,0.0004439495810151419,-2.796022627474458
4080700701.0,-0.0004135227,-0.0001359695,0.0004353030304805378,-2.823920570330616
4080780781.0,-0.0004275351,-0.0001477677,0.00045235114114512855,-2.8088188476864695
4080860861.0,-0.0004233742,-0.0001461782,0.0004478992960263278,-2.8091382847127866
4080940941.0,-0.0004273761,-0.0001320777,0.00044731962810556393,-2.841860084702228
4081021021.0,-0.000418411,-0.000136356,0.00044006899874565123,-2.8265559059423975
4081101101.0,-0.0003956389,-0.0001355218,0.0004182060466665326,-2.8115798991965617
4081181181.0,-0.0004094381,-0.0001387181,0.0004322988191045865,-2.8149291607992346
4081261261.0,-0.0004125407,-0.0001341447,0.0004338025238453322,-2.827209544694654
4081341341.0,-0.0004126606,-0.0001188527,0.00042943536776754893,-2.861166638495724
4081421421.0,-0.0003988264,-0.0001132745,0.0004146005423141774,-2.864860513765258
4081501502.0,-0.0004079246,-0.0001239439,0.00042633856221595766,-2.846616456311446
4081581582.0,-0.0004138096,-0.0001425737,0.0004376821277866507,-2.80979079400421
4081661662.0,-0.0003943421,-0.0001166669,0.0004112382003024768,-2.853945692387512
4081741742.0,-0.0004031118,-0.0001091855,0.00041763691971554665,-2.8770825750119307
4081821822.0,-0.0003986197,-0.0001064711,0.00041259394125859385,-2.880586260721545
4081901902.0,-0.0004039361,-0.0001218953,0.0004219275258208452,-2.848513925476013
4081981982.0,-0.0003910139,-0.0001301722,0.0004121124502439231,-2.820223694245093
4082062062.0,-0.0003926006,-0.0001234742,0.000411559362894346,-2.83688372065038
4082142142.0,-0.0003712224,-0.0001264142,0.0003921563721570772,-2.813374710698265
4082222222.0,-0.0003878682,-0.0001378307,0.0004116297394913662,-2.8001556885871244
4082302302.0,-0.0003831563,-0.0001081424,0.00039812501668125554,-2.8665071250493366
4082382382.0,-0.0003985433,-0.000115146,0.0004148437817912786,-2.8603343546637645
4082462462.0,-0.0003931174,-0.0001106268,0.0004083865559258776,-2.867277803477817
4082542543.0,-0.0003784328,-0.000113518,0.0003950920404663197,-2.850164562963325
4082622623.0,-0.0003997595,-0.0001186773,0.00041700354839682116,-2.8530082838496598
4082702703.0,-0.0003938196,-0.0001078433,0.0004083185701129083,-2.8743058173703067
4082782783.0,-0.0003820411,-0.0001122952,0.0003982029809434505,-2.8557094475014484
4082862863.0,-0.0003778125,-0.0001249276,0.00039793113775879615,-2.8222497423690975
4082942943.0,-0.0003865279,-0.0001024343,0.0003998707332312531,-2.882536270966935
4083023023.0,-0.000371756,-0.0001147811,0.00038907226122304067,-2.8421242691429303
4083103103.0,-0.0003783673,-0.0001022785,0.00039194732461332094,-2.877586892670024
4083183183.0,-0.0003731854,-0.0001064879,0.0003880811971992073,-2.863631191906021
4083263263.0,-0.0003721107,-0.0001042432,0.00038643630497241065,-2.868453862896975
4083343343.0,-0.0003767747,-9.91041e-05,0.00038959055070278593,-2.8843859456656897
4083423423.0,-0.0003611815,-0.0001011447,0.0003750764272522868,-2.8685483152575024
4083503504.0,-0.000382968,-0.0001188768,0.00040099399322463675,-2.8406136805499362
4083583584.0,-0.0003558626,-0.0001025926,0.0003703558176315312,-2.8609107780925633
4083663664.0,-0.0003536811,-9.98737e-05,0.00036751200857781507,-2.866375120298746
4083743744.0,-0.0003795015,-0.0001057598,0.0003939625918768049,-2.8698076178709933
4083823824.0,-0.0003695414,-8.93108e-05,0.0003801805693490924,-2.9044596892309884
4083903904.0,-0.0003852717,-0.0001079755,0.0004001162223918695,-2.868344665689692
4083983984.0,-0.0003738166,-9.17702e-05,0.0003849163805862255,-2.9008582275238335
4084064064.0,-0.0003800825,-0.0001118265,0.0003961917123167773,-2.855450335607597
4084144144.0,-0.0003567102,-9.8207e-05,0.0003699821369107433,-2.872935355866103
4084224224.0,-0.000375927,-0.0001019671,0.00038951046046468383,-2.8767237974392166
4084304304.0,-0.0003800653,-0.0001118799,0.0003961902879780119,-2.8553087786071445
4084384384.0,-0.0003693117,-9.99152e-05,0.0003825887857059195,-2.877373509860336
4084464464.0,-0.0003451036,-9.27656e-05,0.0003573540978865641,-2.8789948849975993
4084544545.0,-0.0003597532,-0.0001006509,0.0003735678901900564,-2.8687901600630847
4084624625.0,-0.0003531525,-9.48245e-05,0.0003656615567112572,-2.8792713605081746
4084704705.0,-0.0003436961,-8.44254e-05,0.00035391334719161126,-2.900722012680987
4084784785.0,-0.0003503511,-9.33926e-05,0.00036258526032640926,-2.8810818260514917
4084864865.0,-0.0003681956,-9.59063e-05,0.00038048129814624267,-2.8867783217023466
4084944945.0,-0.0003663674,-0.0001067373,0.00038159916534768524,-2.8581000754438795
4085025025.0,-0.0003549482,-9.20991e-05,0.0003667021528489436,-2.887719276930488
4085105105.0,-0.0003691195,-7.89766e-05,0.00037747385158155,-2.930811295179571
4085185185.0,-0.0003540351,-8.84267e-05,0.0003649111306947213,-2.89683219275832
4085265265.0,-0.0003445623,-9.73976e-05,0.0003580635014449951,-2.8661093111686777
4085345345.0,-0.0003538986,-7.29376e-05,0.0003613365641278502,-2.9383410920718083
4085425425.0,-0.000328215,-8.11018e-05,0.0003380866578086748,-2.899345622369173
4085505506.0,-0.000343176,-8.36226e-05,0.0003532173639655333,-2.9025779665520535
4085585586.0,-0.0003768873,-7.57373e-05,0.00038442187179267003,-2.9432792162054175
4085665666.0,-0.000344964,-8.94867e-05,0.0003563818608920634,-2.8877784327981653
4085745746.0,-0.0003407039,-6.82731e-05,0.00034747714120330275,-2.9438236866214664
4085825826.0,-0.0003374311,-7.39147e-05,0.0003454318024202462,-2.9259474909699166
4085905906.0,-0.0003183602,-8.9189e-05,0.0003306174445867006,-2.868443725174153
4085985986.0,-0.0003575207,-7.67384e-05,0.0003656635515922389,-2.930160193590941
4086066066.0,-0.0003512342,-7.72756e-05,0.0003596345111429102,-2.9250312795902285
4086146146.0,-0.0003421996,-9.87084e-05,0.00035615153301750646,-2.860763084608413
4086226226.0,-0.000333357,-6.94119e-05,0.00034050683004986843,-2.9363050075877184
4086306306.0,-0.0003370147,-7.59917e-05,0.0003454759709226967,-2.9198167976093727
4086386386.0,-0.0003494649,-9.75719e-05,0.0003628305279350402,-2.86932249350711
4086466466.0,-0.0003561852,-9.06591e-05,0.00036754179233367457,-2.89235692206201
4086546547.0,-0.0003400938,-7.94877e-05,0.00034925934096274365,-2.9119913257933985
4086626627.0,-0.0003444376,-0.0001013044,0.00035902624103694705,-2.855543286704368
4086706707.0,-0.0003404676,-7.25444e-05,0.0003481104373918139,-2.931659229895055
4086786787.0,-0.0003336798,-6.21484e-05,0.0003394180792924855,-2.9574509675489074
4086866867.0,-0.0003460338,-8.45059e-05,0.00035620308515964597,-2.9020680939690306
4086946947.0,-0.0003300305,-0.0001011157,0.0003451731677241729,-2.8442903281124785
4087027027.0,-0.0003327095,-6.98874e-05,0.00033997038116431554,-2.934547477938026
4087107107.0,-0.0003475293,-7.43776e-05,0.00035539927087748787,-2.930755091021165
4087187187.0,-0.0003376121,-7.41347e-05,0.00034565573018612033,-2.925437808906922
4087267267.0,-0.0003582172,-7.77882e-05,0.000366565910083139,-2.9277588377067585
4087347347.0,-0.0003309625,-6.46044e-05,0.0003372089929192429,-2.948815196278771
4087427427.0,-0.0003234913,-6.79271e-05,0.00033054608164384585,-2.93461843980603
4087507508.0,-0.0003397491,-6.55212e-05,0.0003460093620124317,-2.951079787979879
4087587588.0,-0.0003156987,-4.67741e-05,0.0003191449288528646,-2.994502141104562
4087667668.0,-0.000338101,-7.23293e-05,0.00034575108653407005,-2.930841272387956
4087747748.0,-0.0003355368,-6.90584e-05,0.0003425697108105152,-2.9386123557839845
4087827828.0,-0.0003351454,-7.76208e-05,0.00034401660967720726,-2.9140019983172563
4087907908.0,-0.0003186264,-6.90977e-05,0.0003260326286159868,-2.928038218718942
4087987988.0,-0.0003151916,-7.1232e-05,0.0003231404377891446,-2.919330529811987
4088068068.0,-0.0003303221,-8.20613e-05,0.0003403626693779739,-2.8980939483691244
4088148148.0,-0.0003215901,-8.96395e-05,0.00033384941572250806,-2.8697542432655494
4088228228.0,-0.0003314239,-6.01815e-05,0.00033684360530290613,-2.9619652010970694
4088308308.0,-0.0003139645,-7.02187e-05,0.0003217209553167776,-2.9215618948550097
4088388388.0,-0.0003274042,-6.81843e-05,0.0003344287800775077,-2.936270179089478
4088468468.0,-0.0003410093,-5.79991e-05,0.0003459064010499083,-2.9731240654939204
4088548549.0,-0.0003273436,-5.33209e-05,0.0003316578822186652,-2.980121100649845
4088628629.0,-0.0003227445,-6.41035e-05,0.0003290490404065935,-2.9455244058045658
4088708709.0,-0.0003183861,-7.24579e-05,0.00032652696051876023,-2.917825111378157
4088788789.0,-0.0003097436,-6.79922e-05,0.0003171183328062255,-2.925508597799464
4088868869.0,-0.0003145549,-7.44946e-05,0.0003232556736442069,-2.909051499752275
4088948949.0,-0.0003082289,-6.75969e-05,0.00031555410896519793,-2.9257030042154413
4089029029.0,-0.0003330918,-5.5783e-05,0.0003377304995351175,-2.9756621170280755
4089109109.0,-0.0003280496,-6.35257e-05,0.00033414376340229663,-2.9503134987807536
4089189189.0,-0.0003051626,-5.54072e-05,0.0003101518503098119,-2.961983126357961
4089269269.0,-0.0003261633,-6.47831e-05,0.00033253473249045734,-2.9455227597068343
4089349349.0,-0.0003264458,-5.40749e-05,0.00033089417514917065,-2.977435852783222
4089429429.0,-0.0003333972,-5.46868e-05,0.00033785254041087217,-2.9790114743167884
4089509510.0,-0.0003211392,-6.28276e-05,0.0003272272804923208,-2.94839311404845
4089589590.0,-0.0003174777,-6.10966e-05,0.00032330308462625283,-2.951473160917085
4089669670.0,-0.0003210788,-6.60592e-05,0.00032780392571487,-2.938682666790063
4089749750.0,-0.0003202303,-5.99898e-05,0.0003258008918682237,-2.956405743503642
4089829830.0,-0.0002959776,-8.02265e-05,0.0003066578402780695,-2.8768968463149838
4089909910.0,-0.0003160703,-4.86096e-05,0.0003197863783125385,-2.98899463122662
4089989990.0,-0.00031376,-7.31926e-05,0.0003221839448122144,-2.912415329069115
4090070070.0,-0.0003022044,-6.06084e-05,0.0003082221236866686,-2.943664144058679
4090150150.0,-0.0002982163,-5.06197e-05,0.0003024819260944032,-2.9734536879687745
4090230230.0,-0.0002982705,-6.14095e-05,0.00030452654705378314,-2.9385446456994164
4090310310.0,-0.0003089571,-7.73389e-05,0.00031848986654777573,-2.8963105257118897
4090390390.0,-0.0002969139,-6.65341e-05,0.00030427725921603144,-2.921148814954535
4090470470.0,-0.000302417,-6.45643e-05,0.000309232260159722,-2.9312561302992517
4090550551.0,-0.0002914962,-5.99349e-05,0.0002975940638730047,-2.9388075226845927
4090630631.0,-0.0002948795,-6.52713e-05,0.0003020169897935214,-2.923755934088736
4090710711.0,-0.0003025905,-6.34568e-05,0.0003091727286752342,-2.934876497556201
4090790791.0,-0.0002989267,-7.06588e-05,0.000307164187349909,-2.909478049095917
4090870871.0,-0.00032347,-5.55719e-05,0.00032820889227686993,-2.971454315912986
4090950951.0,-0.0002960118,-6.08072e-05,0.00030219282140891437,-2.938989550434015
4091031031.0,-0.0003155512,-5.76078e-05,0.0003207666105477314,-2.9610187972112216
4091111111.0,-0.0002873489,-4.85295e-05,0.00029141808918023605,-2.9742844113580045
4091191191.0,-0.0002914476,-5.40241e-05,0.00029641239334172586,-2.9583082690238296
4091271271.0,-0.0003018841,-4.66473e-05,0.0003054668237797683,-2.9882845797149176
4091351351.0,-0.0003172528,-5.02822e-05,0.00032121276242496965,-2.984407574822905
4091431431.0,-0.00030816,-5.06486e-05,0.0003122945184948977,-2.978690961589088
4091511512.0,-0.000296513,-5.21111e-05,0.0003010573465508025,-2.967622833119281
4091591592.0,-0.0003005737,-4.95517e-05,0.0003046307930997456,-2.978205178209195
4091671672.0,-0.0002970723,-4.50209e-05,0.00030046436205330575,-2.991188498822519
4091751752.0,-0.0002884803,-5.91119e-05,0.0002944742776707331,-2.9394824188343183
4091831832.0,-0.0002988521,-5.57366e-05,0.0003040051747157768,-2.9572087063188954
4091911912.0,-0.0003031007,-5.37406e-05,0.0003078280143665453,-2.96611350076705
4091991992.0,-0.0002926841,-5.78482e-05,0.0002983461020962902,-2.946460398125818
4092072072.0,-0.0003021749,-4.18096e-05,0.00030505362289631966,-3.0041033361229967
4092152152.0,-0.0003015097,-5.0914e-05,0.00030577824414122404,-2.974307227060575
4092232232.0,-0.0003009547,-5.84643e-05,0.0003065808308204869,-2.9497196778483694
4092312312.0,-0.0002751824,-4.04773e-05,0.0002781434253852677,-2.9955473156791643
4092392392.0,-0.0002984558,-5.0681e-05,0.00030272830775241355,-2.973386447041672
4092472472.0,-0.0003042379,-6.09191e-05,0.00031027703192666387,-2.943971066276368
4092552553.0,-0.0002956578,-3.34079e-05,0.00029753927889146,-3.0290747480343607
4092632633.0,-0.000291014,-4.86503e-05,0.000295052537501527,-2.975949306893153
4092712713.0,-0.000305767,-3.02947e-05,0.00030726409998092845,-3.0428372237193635
4092792793.0,-0.00030187,-6.17838e-05,0.0003081277897925469,-2.939710554971906
4092872873.0,-0.0002902326,-8.13847e-05,0.00030142732373965374,-2.8682019561465757
4092952953.0,-0.0002940484,-3.2862e-05,0.00029587898300920264,-3.030297354821239
4093033033.0,-0.0002893044,-5.3363e-05,0.0002941847134511921,-2.9591900531019784
4093113113.0,-0.0002805238,-4.79749e-05,0.00028459654494819505,-2.9722122845502015
4093193193.0,-0.0002851064,-4.26333e-05,0.00028827635627961233,-2.9931577981106154
4093273273.0,-0.0002844078,-4.43945e-05,0.00028785181661940225,-2.986747686484571
4093353353.0,-0.0002800697,-3.60314e-05,0.00028237793583077626,-3.01364392087653
4093433433.0,-0.0002958279,-4.33293e-05,0.00029898423814124384,-2.9961588307065905
4093513514.0,-0.0002975257,-2.97188e-05,0.0002990062695562252,-3.0420363813709046
4093593594.0,-0.0002893623,-4.66456e-05,0.00029309785509390885,-2.9817662260937148
4093673674.0,-0.0002947168,-4.62497e-05,0.00029832369492269634,-2.98593287340568
4093753754.0,-0.0002976321,-3.53335e-05,0.00029972207655202843,-3.023430329454177
4093833834.0,-0.0002853507,-3.85899e-05,0.0002879482633607989,-3.0071714248783343
4093913914.0,-0.0003069019,-4.65893e-05,0.00031041800704549984,-2.9909377121798024
4093993994.0,-0.0003026603,-4.78501e-05,0.0003064194661996852,-2.9847921032260425
4094074074.0,-0.0002605933,-3.66832e-05,0.0002631625451448781,-3.0017435462834374
4094154154.0,-0.0002887176,-5.70572e-05,0.00029430150631894495,-2.9464838394800004
4094234234.0,-0.0002699761,-4.94047e-05,0.0002744593211266471,-2.9605987120660777
4094314314.0,-0.0003062401,-4.91823e-05,0.0003101643072329567,-2.982351977352528
4094394394.0,-0.0002723057,-5.97843e-05,0.0002787912422924723,-2.9254730735765286
4094474474.0,-0.0002911566,-3.63457e-05,0.00029341638610011196,-3.01740294490893
4094554555.0,-0.0002855141,-4.56194e-05,0.0002891356618529959,-2.983152053850904
4094634635.0,-0.000275748,-3.46934e-05,0.0002779219162059012,-3.0164346877570654
4094714715.0,-0.0002969423,-5.78853e-05,0.0003025317131895101,-2.9490692291745435
4094794795.0,-0.0002844166,-3.93461e-05,0.0002871252652428379,-3.004125490220873
4094874875.0,-0.0002751799,-5.34948e-05,0.00028033135927157704,-2.949588066229961
4094954955.0,-0.0002771956,-5.50381e-05,0.00028260678178516874,-2.9455885415564618
4095035035.0,-0.0002556293,-6.59742e-05,0.0002640055569190353,-2.8890187618536265
4095115115.0,-0.0002847361,-3.67506e-05,0.00028709798543976234,-3.0132332985974926
4095195195.0,-0.0002914717,-3.46719e-05,0.0002935266470876196,-3.023194412862757
4095275275.0,-0.0002978753,-5.27208e-05,0.0003025048381476402,-2.966417260710914
4095355355.0,-0.000272943,-4.00421e-05,0.0002758645519478898,-2.995926757216622
4095435435.0,-0.0002574656,-2.98217e-05,0.0002591869382786293,-3.0262786089624902
4095515516.0,-0.0002709079,-2.90867e-05,0.00027246490856493795,-3.034634907338827
4095595596.0,-0.0002691195,-4.0043e-05,0.00027208224331854146,-2.9938837099856785
4095675676.0,-0.0002819804,-4.57614e-05,0.0002856694798436123,-2.9807094965579948
4095755756.0,-0.0002821574,-3.48204e-05,0.0002842978343760641,-3.01880575338585
4095835836.0,-0.0002759551,-4.46143e-05,0.0002795382853573013,-2.981307245272176
4095915916.0,-0.000267513,-3.91832e-05,0.00027036739509645017,-2.996154714445653
4095995996.0,-0.0002787021,-3.71162e-05,0.0002811627159615051,-3.0091965235693015
4096076076.0,-0.000273724,-3.9062e-05,0.0002764971392618737,-2.999843926717224
4096156156.0,-0.000262022,-4.72017e-05,0.00026623960818572805,-2.96336020539229
4096236236.0,-0.0002955519,-3.22424e-05,0.0002973053950929414,-3.0329301853788895
4096316316.0,-0.0002707982,-4.29278e-05,0.0002741796147347209,-2.9843776498080725
4096396396.0,-0.0002879416,-3.34786e-05,0.0002898813234213615,-3.02584365191867
4096476476.0,-0.0002555198,-5.1017e-05,0.0002605630489556031,-2.944524351566461
4096556557.0,-0.0002649889,-4.27266e-05,0.0002684113996662027,-2.9817293507455944
4096636637.0,-0.0002590898,-3.50127e-05,0.00026144485771445187,-3.0072690705474563
4096716717.0,-0.000260763,-3.88056e-05,0.0002636346273924577,-2.9938612528067554
4096796797.0,-0.000268002,-1.57382e-05,0.00026846370880109657,-3.0829358296821305
4096876877.0,-0.0002725652,-3.48907e-05,0.0002747892814458563,-3.014276413037497
4096956957.0,-0.0002845346,-4.18575e-05,0.0002875969208865248,-2.9955316275514927
4097037037.0,-0.0002790364,-3.51018e-05,0.0002812355754313455,-3.0164534987163636
4097117117.0,-0.0002498152,-3.62526e-05,0.00025243194163536436,-2.9974809859118907
4097197197.0,-0.0002737578,-4.00425e-05,0.0002766708059537363,-2.996352799724133
4097277277.0,-0.0002581414,-3.62612e-05,0.00026067576991235683,-3.0020354822292545
4097357357.0,-0.0002726613,-4.0436e-05,0.0002756433467611544,-2.994364529456858
4097437437.0,-0.0002731953,-4.0045e-05,0.00027611460295878955,-2.996048997716653
4097517518.0,-0.0002804458,-4.24386e-05,0.0002836386460050887,-2.9914066293752533
4097597598.0,-0.0002697294,-4.44495e-05,0.0002733673485890552,-2.9782676166647795
4097677678.0,-0.0002761917,-1.39501e-05,0.0002765437767133804,-3.0911267805614036
4097757758.0,-0.0002785575,-2.84208e-05,0.0002800036119032931,-3.0399160050647938
4097837838.0,-0.0002789351,-2.81838e-05,0.00028035533987147453,-3.0408937036297785
4097917918.0,-0.0002647043,-3.32449e-05,0.00026678378851515696,-3.0166542233023037
4097997998.0,-0.0002646354,-3.38731e-05,0.0002667944561582381,-3.0142857712906594
4098078078.0,-0.0002446289,-5.09215e-05,0.0002498725632746821,-2.9363651635471677
4098158158.0,-0.0002635574,-5.21141e-05,0.0002686603478624451,-2.9463774666637184
4098238238.0,-0.0002677201,-2.15638e-05,0.0002685871356086326,-3.061220101212852
4098318318.0,-0.0002760131,-4.17787e-05,0.0002791571083553131,-2.9913680917564442
4098398398.0,-0.0002812265,-5.35813e-05,0.00028628534718343516,-2.953321916916141
4098478478.0,-0.0002843341,-1.22635e-05,0.00028459844317047834,-3.098488769495993
4098558559.0,-0.0002879887,-3.55733e-05,0.0002901774474361852,-3.018691953751238
4098638639.0,-0.0002626861,-2.97213e-05,0.0002643621432938158,-3.0289279963604843
4098718719.0,-0.0002666525,-4.04763e-05,0.0002697070385027799,-2.990948461375057
4098798799.0,-0.0002486459,-4.06395e-05,0.00025194513797067015,-2.9795818799022196
4098878879.0,-0.0002444697,-4.65289e-05,0.0002488581378080693,-2.953516242833526
4098958959.0,-0.0002585292,-3.4522e-05,0.0002608239171100687,-3.0088456301583304
4099039039.0,-0.0002636689,-2.09621e-05,0.00026450084775595705,-3.0622579157977388
4099119119.0,-0.0002800605,-4.28238e-05,0.00028331565700943884,-2.9898588382440785
4099199199.0,-0.0002812849,-4.11051e-05,0.000284272447159446,-2.996486415472271
4099279279.0,-0.0002598485,-2.1357e-05,0.00026072469081628996,-3.059586778984192
4099359359.0,-0.0002551749,-2.62593e-05,0.00025652247548021983,-3.0390465551544943
4099439439.0,-0.0002670505,-3.15301e-05,0.00026890540484761556,-3.0240688028664255
4099519520.0,-0.000257778,-2.97807e-05,0.0002594925574587641,-3.0265740780571
4099599600.0,-0.0002515767,-1.99463e-05,0.0002523661840789689,-3.0624729979408336
4099679680.0,-0.0002655055,-3.22648e-05,0.0002674587591560426,-3.0206634536701618
4099759760.0,-0.0002663191,-2.25565e-05,0.00026727262994377107,-3.05709704788134
4099839840.0,-0.0002563308,-4.48128e-05,0.0002602184967916001,-2.9685176707149883
4099919920.0,-0.0002730076,-4.58138e-05,0.0002768249517803625,-2.9753303444641057
4100000000.0,-0.0002646851,-4.32551e-05,0.0002681962077249043,-2.97960358830093
