7.476488000000000000e+09	1.616120009999999843e-02	4.179684599999999688e-03
7.476518000000000000e+09	1.621258620000000025e-02	3.991798999999999868e-03
7.476548000000000000e+09	1.625544120000000162e-02	3.784001400000000081e-03
7.476578000000000000e+09	1.631500439999999941e-02	3.594335799999999990e-03
7.476608000000000000e+09	1.633017219999999964e-02	3.414160700000000090e-03
7.476638000000000000e+09	1.637718989999999847e-02	3.204758800000000098e-03
7.476668000000000000e+09	1.640719170000000046e-02	3.018504699999999784e-03
7.476698000000000000e+09	1.643660859999999946e-02	2.849537699999999882e-03
7.476728000000000000e+09	1.647004930000000103e-02	2.644966400000000033e-03
7.476758000000000000e+09	1.650743390000000005e-02	2.462821200000000089e-03
7.476788000000000000e+09	1.650997049999999855e-02	2.269243700000000020e-03
7.476818000000000000e+09	1.656943469999999988e-02	2.065230600000000135e-03
7.476848000000000000e+09	1.655879299999999874e-02	1.903894699999999964e-03
7.476878000000000000e+09	1.660322789999999979e-02	1.706579599999999940e-03
7.476908000000000000e+09	1.662265710000000035e-02	1.508285600000000039e-03
7.476938000000000000e+09	1.661465430000000007e-02	1.301953599999999996e-03
7.476968000000000000e+09	1.663379759999999985e-02	1.112448600000000027e-03
7.476998000000000000e+09	1.665747570000000038e-02	9.320287000000000233e-04
7.477028000000000000e+09	1.665798699999999910e-02	7.607666999999999815e-04
7.477058000000000000e+09	1.663144999999999901e-02	5.568650000000000292e-04
7.477088000000000000e+09	1.666256129999999988e-02	3.656838000000000037e-04
7.477118000000000000e+09	1.663577330000000007e-02	1.704565999999999970e-04
7.477148000000000000e+09	1.666531029999999969e-02	-2.102809999999999947e-05
7.477178000000000000e+09	1.664847649999999860e-02	-1.899214999999999942e-04
7.477208000000000000e+09	1.661743989999999935e-02	-3.860978999999999952e-04
7.477238000000000000e+09	1.662173850000000022e-02	-5.942713999999999766e-04
7.477268000000000000e+09	1.663056499999999993e-02	-7.560207999999999902e-04
7.477298000000000000e+09	1.659690969999999891e-02	-9.393512000000000129e-04
7.477328000000000000e+09	1.659842989999999949e-02	-1.158674699999999967e-03
7.477358000000000000e+09	1.662058840000000051e-02	-1.322501499999999969e-03
7.477388000000000000e+09	1.656019070000000135e-02	-1.519278900000000081e-03
7.477418000000000000e+09	1.652039560000000129e-02	-1.714166600000000028e-03
7.477448000000000000e+09	1.650213550000000085e-02	-1.906261000000000023e-03
7.477478000000000000e+09	1.647489829999999877e-02	-2.080814099999999875e-03
7.477508000000000000e+09	1.644187399999999868e-02	-2.275992599999999890e-03
7.477538000000000000e+09	1.644280789999999839e-02	-2.483183999999999825e-03
7.477568000000000000e+09	1.640046100000000159e-02	-2.651609999999999991e-03
7.477598000000000000e+09	1.637247799999999934e-02	-2.857048899999999926e-03
7.477628000000000000e+09	1.631543090000000043e-02	-3.027306100000000041e-03
7.477658000000000000e+09	1.628534619999999836e-02	-3.229443900000000117e-03
7.477688000000000000e+09	1.623859789999999859e-02	-3.412258000000000045e-03
7.477718000000000000e+09	1.620497729999999942e-02	-3.611443700000000010e-03
7.477748000000000000e+09	1.613328699999999963e-02	-3.757301900000000090e-03
7.477778000000000000e+09	1.610883379999999976e-02	-3.947031000000000150e-03
7.477808000000000000e+09	1.607746570000000153e-02	-4.147947299999999587e-03
7.477838000000000000e+09	1.603422209999999862e-02	-4.307248199999999701e-03
7.477868000000000000e+09	1.595388370000000097e-02	-4.498578599999999809e-03
7.477898000000000000e+09	1.591353469999999895e-02	-4.671546000000000379e-03
7.477928000000000000e+09	1.582398780000000144e-02	-4.864759500000000354e-03
7.477958000000000000e+09	1.577807239999999903e-02	-5.039985200000000366e-03
7.477988000000000000e+09	1.571327059999999901e-02	-5.226001600000000288e-03
7.478018000000000000e+09	1.565839819999999966e-02	-5.396827899999999748e-03
7.478048000000000000e+09	1.559526489999999918e-02	-5.561102400000000195e-03
7.478078000000000000e+09	1.550908739999999966e-02	-5.755862799999999883e-03
7.478108000000000000e+09	1.546442980000000030e-02	-5.911811799999999728e-03
7.478138000000000000e+09	1.537066079999999980e-02	-6.099622100000000324e-03
7.478168000000000000e+09	1.529903290000000048e-02	-6.290396999999999655e-03
7.478198000000000000e+09	1.520184160000000000e-02	-6.439859600000000239e-03
7.478228000000000000e+09	1.515356760000000080e-02	-6.624038999999999969e-03
7.478258000000000000e+09	1.508702770000000006e-02	-6.794780200000000332e-03
7.478288000000000000e+09	1.500262129999999951e-02	-6.964551900000000122e-03
7.478318000000000000e+09	1.488912790000000014e-02	-7.141417300000000266e-03
7.478348000000000000e+09	1.481316660000000021e-02	-7.285286499999999929e-03
7.478378000000000000e+09	1.474847380000000006e-02	-7.474086100000000045e-03
7.478408000000000000e+09	1.466549519999999981e-02	-7.644786899999999642e-03
7.478438000000000000e+09	1.455825130000000002e-02	-7.802645000000000414e-03
7.478468000000000000e+09	1.444429319999999961e-02	-7.968106200000000042e-03
7.478498000000000000e+09	1.435563680000000002e-02	-8.116508099999999309e-03
7.478528000000000000e+09	1.425375719999999978e-02	-8.272341199999999964e-03
7.478558000000000000e+09	1.418809180000000017e-02	-8.454151800000000300e-03
7.478588000000000000e+09	1.407196190000000076e-02	-8.599403699999999193e-03
7.478618000000000000e+09	1.396065649999999984e-02	-8.785506099999999818e-03
7.478648000000000000e+09	1.385462200000000046e-02	-8.933442399999999908e-03
7.478678000000000000e+09	1.377651719999999948e-02	-9.073900700000000000e-03
7.478708000000000000e+09	1.364991119999999988e-02	-9.221582900000000610e-03
7.478738000000000000e+09	1.353174380000000086e-02	-9.397118299999999980e-03
7.478768000000000000e+09	1.342169409999999924e-02	-9.538285000000000513e-03
7.478798000000000000e+09	1.327897720000000004e-02	-9.726999499999999799e-03
7.478828000000000000e+09	1.318258960000000084e-02	-9.838814899999999419e-03
7.478858000000000000e+09	1.306344729999999940e-02	-9.996225299999999744e-03
7.478888000000000000e+09	1.295079430000000038e-02	-1.011107789999999944e-02
7.478918000000000000e+09	1.285389760000000062e-02	-1.025973129999999990e-02
7.478948000000000000e+09	1.270302010000000023e-02	-1.042974430000000001e-02
7.478978000000000000e+09	1.260030449999999941e-02	-1.056935189999999927e-02
7.479008000000000000e+09	1.245632089999999977e-02	-1.072369450000000037e-02
7.479038000000000000e+09	1.235604650000000047e-02	-1.085433740000000050e-02
7.479068000000000000e+09	1.220809829999999936e-02	-1.097015510000000013e-02
7.479098000000000000e+09	1.209287149999999957e-02	-1.112269679999999990e-02
7.479128000000000000e+09	1.194886310000000014e-02	-1.125870510000000040e-02
7.479158000000000000e+09	1.182443499999999946e-02	-1.140904730000000082e-02
7.479188000000000000e+09	1.168372829999999966e-02	-1.152409050000000046e-02
7.479218000000000000e+09	1.155623970000000007e-02	-1.166100370000000032e-02
7.479248000000000000e+09	1.142751049999999984e-02	-1.178361510000000036e-02
7.479278000000000000e+09	1.126952080000000016e-02	-1.191613820000000067e-02
7.479308000000000000e+09	1.113841529999999927e-02	-1.202908270000000064e-02
7.479338000000000000e+09	1.100488950000000007e-02	-1.217900400000000022e-02
7.479368000000000000e+09	1.086480379999999954e-02	-1.226810470000000083e-02
7.479398000000000000e+09	1.069900179999999992e-02	-1.239710320000000053e-02
7.479428000000000000e+09	1.056320390000000005e-02	-1.254071780000000011e-02
7.479458000000000000e+09	1.042029820000000065e-02	-1.264641820000000048e-02
7.479488000000000000e+09	1.026766030000000017e-02	-1.275196980000000042e-02
7.479518000000000000e+09	1.012793960000000007e-02	-1.287878500000000023e-02
7.479548000000000000e+09	9.960109599999999314e-03	-1.297931260000000087e-02
7.479578000000000000e+09	9.815206400000000067e-03	-1.307008710000000067e-02
7.479608000000000000e+09	9.659868400000000410e-03	-1.321297060000000030e-02
7.479638000000000000e+09	9.496900200000000028e-03	-1.330063679999999963e-02
7.479668000000000000e+09	9.335615199999999433e-03	-1.341064200000000040e-02
7.479698000000000000e+09	9.197775300000000584e-03	-1.349686060000000049e-02
7.479728000000000000e+09	9.041473499999999261e-03	-1.361993069999999952e-02
7.479758000000000000e+09	8.870904599999999973e-03	-1.370632620000000051e-02
7.479788000000000000e+09	8.698720000000000063e-03	-1.382959370000000007e-02
7.479818000000000000e+09	8.548322500000000296e-03	-1.390428940000000037e-02
7.479848000000000000e+09	8.385460100000000430e-03	-1.400985450000000014e-02
7.479878000000000000e+09	8.213523099999999952e-03	-1.409476100000000079e-02
7.479908000000000000e+09	8.033003800000000638e-03	-1.418083149999999938e-02
7.479938000000000000e+09	7.888911400000000324e-03	-1.428598870000000014e-02
7.479968000000000000e+09	7.729363099999999979e-03	-1.435454809999999956e-02
7.479998000000000000e+09	7.570076200000000304e-03	-1.444051849999999915e-02
7.480028000000000000e+09	7.379967999999999771e-03	-1.452728049999999979e-02
7.480058000000000000e+09	7.213902700000000140e-03	-1.460794600000000013e-02
7.480088000000000000e+09	7.047469500000000386e-03	-1.466105340000000042e-02
7.480118000000000000e+09	6.871238800000000271e-03	-1.474239150000000026e-02
7.480148000000000000e+09	6.695542900000000380e-03	-1.483840709999999924e-02
7.480178000000000000e+09	6.512043200000000413e-03	-1.490479410000000032e-02
7.480208000000000000e+09	6.343275500000000386e-03	-1.499111189999999955e-02
7.480238000000000000e+09	6.173094300000000166e-03	-1.503966619999999935e-02
7.480268000000000000e+09	5.988122799999999642e-03	-1.511082000000000050e-02
7.480298000000000000e+09	5.827012399999999606e-03	-1.517052349999999973e-02
7.480328000000000000e+09	5.634145699999999930e-03	-1.522942610000000037e-02
7.480358000000000000e+09	5.461558400000000174e-03	-1.529509880000000030e-02
7.480388000000000000e+09	5.281049700000000138e-03	-1.532309450000000038e-02
7.480418000000000000e+09	5.123289799999999894e-03	-1.539627810000000069e-02
7.480448000000000000e+09	4.933179299999999878e-03	-1.546477389999999924e-02
7.480478000000000000e+09	4.748842300000000183e-03	-1.549827240000000057e-02
7.480508000000000000e+09	4.566920900000000227e-03	-1.554787810000000069e-02
7.480538000000000000e+09	4.371672800000000331e-03	-1.560399200000000056e-02
7.480568000000000000e+09	4.187195799999999732e-03	-1.564864590000000083e-02
7.480598000000000000e+09	4.017193199999999700e-03	-1.570451020000000059e-02
7.480628000000000000e+09	3.832396899999999940e-03	-1.573198090000000118e-02
7.480658000000000000e+09	3.648032600000000042e-03	-1.576479149999999996e-02
7.480688000000000000e+09	3.447848299999999987e-03	-1.579183170000000164e-02
7.480718000000000000e+09	3.286657000000000120e-03	-1.583903240000000129e-02
7.480748000000000000e+09	3.103127399999999932e-03	-1.586431339999999982e-02
7.480778000000000000e+09	2.897628000000000183e-03	-1.585885819999999918e-02
7.480808000000000000e+09	2.731824700000000123e-03	-1.591757200000000136e-02
7.480838000000000000e+09	2.540046900000000104e-03	-1.596402779999999896e-02
7.480868000000000000e+09	2.360271799999999996e-03	-1.594715890000000108e-02
7.480898000000000000e+09	2.196630700000000002e-03	-1.599981929999999899e-02
7.480928000000000000e+09	1.981151799999999845e-03	-1.601423290000000138e-02
7.480958000000000000e+09	1.794280899999999967e-03	-1.601396709999999834e-02
7.480988000000000000e+09	1.607483600000000033e-03	-1.602640810000000027e-02
7.481018000000000000e+09	1.410383199999999931e-03	-1.604735410000000112e-02
7.481048000000000000e+09	1.247660800000000101e-03	-1.606228300000000012e-02
7.481078000000000000e+09	1.026894900000000074e-03	-1.606695569999999976e-02
7.481108000000000000e+09	8.513588000000000319e-04	-1.608777939999999837e-02
7.481138000000000000e+09	6.827577000000000038e-04	-1.606438989999999997e-02
7.481168000000000000e+09	4.882147000000000201e-04	-1.607520709999999894e-02
7.481198000000000000e+09	3.171027000000000090e-04	-1.607834970000000113e-02
7.481228000000000000e+09	1.198673999999999969e-04	-1.606903399999999940e-02
7.481258000000000000e+09	-5.353770000000000073e-05	-1.606585630000000042e-02
7.481288000000000000e+09	-2.482354999999999783e-04	-1.606298319999999863e-02
7.481318000000000000e+09	-4.393412999999999876e-04	-1.605968030000000032e-02
7.481348000000000000e+09	-6.114738000000000204e-04	-1.603234209999999937e-02
7.481378000000000000e+09	-8.212242000000000239e-04	-1.599660909999999978e-02
7.481408000000000000e+09	-9.988130999999999052e-04	-1.599962220000000074e-02
7.481438000000000000e+09	-1.205745899999999910e-03	-1.600958889999999982e-02
7.481468000000000000e+09	-1.374345199999999975e-03	-1.598202610000000121e-02
7.481498000000000000e+09	-1.561285900000000020e-03	-1.592202129999999854e-02
7.481528000000000000e+09	-1.751853100000000081e-03	-1.590278750000000130e-02
7.481558000000000000e+09	-1.941779299999999917e-03	-1.588830759999999842e-02
7.481588000000000000e+09	-2.108206999999999963e-03	-1.585469800000000040e-02
7.481618000000000000e+09	-2.305188100000000150e-03	-1.583952250000000145e-02
7.481648000000000000e+09	-2.490725499999999794e-03	-1.579656520000000119e-02
7.481678000000000000e+09	-2.666676700000000007e-03	-1.576218180000000038e-02
7.481708000000000000e+09	-2.852578299999999813e-03	-1.573251739999999982e-02
7.481738000000000000e+09	-3.009986699999999890e-03	-1.567307750000000027e-02
7.481768000000000000e+09	-3.210943300000000059e-03	-1.562231669999999961e-02
7.481798000000000000e+09	-3.389860399999999885e-03	-1.557114329999999963e-02
7.481828000000000000e+09	-3.588054600000000014e-03	-1.553379059999999978e-02
7.481858000000000000e+09	-3.742631000000000169e-03	-1.549590089999999983e-02
7.481888000000000000e+09	-3.943263199999999871e-03	-1.542360039999999925e-02
7.481918000000000000e+09	-4.080089200000000353e-03	-1.538633179999999989e-02
7.481948000000000000e+09	-4.299741299999999822e-03	-1.532414850000000071e-02
7.481978000000000000e+09	-4.456285400000000070e-03	-1.526921330000000077e-02
7.482008000000000000e+09	-4.623022800000000342e-03	-1.520369650000000065e-02
7.482038000000000000e+09	-4.789719500000000178e-03	-1.513942249999999934e-02
7.482068000000000000e+09	-4.974867400000000141e-03	-1.507377149999999943e-02
7.482098000000000000e+09	-5.161047000000000204e-03	-1.500820869999999925e-02
7.482128000000000000e+09	-5.324240800000000322e-03	-1.493562749999999967e-02
7.482158000000000000e+09	-5.507708899999999921e-03	-1.489614570000000020e-02
7.482188000000000000e+09	-5.681287299999999811e-03	-1.480958190000000035e-02
7.482218000000000000e+09	-5.831261499999999647e-03	-1.473007529999999926e-02
7.482248000000000000e+09	-6.013681199999999956e-03	-1.465089439999999951e-02
7.482278000000000000e+09	-6.180018800000000069e-03	-1.458108840000000087e-02
7.482308000000000000e+09	-6.343529599999999866e-03	-1.449038490000000012e-02
7.482338000000000000e+09	-6.515845600000000348e-03	-1.440531209999999958e-02
7.482368000000000000e+09	-6.691835299999999813e-03	-1.431772989999999940e-02
7.482398000000000000e+09	-6.832161199999999858e-03	-1.423419759999999985e-02
7.482428000000000000e+09	-6.991032700000000127e-03	-1.417249209999999968e-02
7.482458000000000000e+09	-7.158674799999999692e-03	-1.407468639999999958e-02
7.482488000000000000e+09	-7.346458000000000155e-03	-1.399388279999999943e-02
7.482518000000000000e+09	-7.486581899999999838e-03	-1.389044530000000006e-02
7.482548000000000000e+09	-7.646319300000000048e-03	-1.378888760000000074e-02
7.482578000000000000e+09	-7.793692599999999839e-03	-1.370189240000000037e-02
7.482608000000000000e+09	-7.935320399999999316e-03	-1.358336259999999920e-02
7.482638000000000000e+09	-8.098371000000000042e-03	-1.348486720000000028e-02
7.482668000000000000e+09	-8.267713399999999588e-03	-1.340010340000000015e-02
7.482698000000000000e+09	-8.417887599999999970e-03	-1.328214999999999951e-02
7.482728000000000000e+09	-8.575089699999999954e-03	-1.318367259999999978e-02
7.482758000000000000e+09	-8.713166200000000555e-03	-1.305864789999999949e-02
7.482788000000000000e+09	-8.900518399999999761e-03	-1.295852980000000015e-02
7.482818000000000000e+09	-9.025245200000000384e-03	-1.283708310000000047e-02
7.482848000000000000e+09	-9.175829499999999667e-03	-1.271069959999999999e-02
7.482878000000000000e+09	-9.295449000000000767e-03	-1.261558810000000010e-02
7.482908000000000000e+09	-9.474942899999999960e-03	-1.249136200000000065e-02
7.482938000000000000e+09	-9.579331999999999431e-03	-1.235933959999999977e-02
7.482968000000000000e+09	-9.743276999999999841e-03	-1.222698680000000072e-02
7.482998000000000000e+09	-9.882202200000000589e-03	-1.212121030000000085e-02
7.483028000000000000e+09	-1.001124429999999954e-02	-1.201260229999999950e-02
7.483058000000000000e+09	-1.014167669999999945e-02	-1.187353279999999942e-02
7.483088000000000000e+09	-1.029095489999999960e-02	-1.174234520000000045e-02
7.483118000000000000e+09	-1.043038420000000008e-02	-1.164050969999999921e-02
7.483148000000000000e+09	-1.054186099999999959e-02	-1.150520409999999938e-02
7.483178000000000000e+09	-1.066566849999999941e-02	-1.136186309999999942e-02
7.483208000000000000e+09	-1.082060649999999971e-02	-1.123861810000000017e-02
7.483238000000000000e+09	-1.090191419999999960e-02	-1.109715850000000080e-02
7.483268000000000000e+09	-1.103240100000000071e-02	-1.096887009999999996e-02
7.483298000000000000e+09	-1.117267220000000075e-02	-1.081025669999999966e-02
7.483328000000000000e+09	-1.130848180000000071e-02	-1.067777689999999981e-02
7.483358000000000000e+09	-1.139925559999999984e-02	-1.053775329999999920e-02
7.483388000000000000e+09	-1.153225849999999983e-02	-1.041374559999999963e-02
7.483418000000000000e+09	-1.164540680000000078e-02	-1.026412500000000068e-02
7.483448000000000000e+09	-1.176009329999999978e-02	-1.009531840000000083e-02
7.483478000000000000e+09	-1.190037669999999964e-02	-9.961658199999999172e-03
7.483508000000000000e+09	-1.198329589999999958e-02	-9.803187099999999266e-03
7.483538000000000000e+09	-1.208365160000000015e-02	-9.673806899999999945e-03
7.483568000000000000e+09	-1.220988570000000085e-02	-9.500117500000000367e-03
7.483598000000000000e+09	-1.231623670000000018e-02	-9.354855699999999399e-03
7.483628000000000000e+09	-1.240236940000000003e-02	-9.218109500000000109e-03
7.483658000000000000e+09	-1.249844569999999933e-02	-9.057150099999999524e-03
7.483688000000000000e+09	-1.260064160000000030e-02	-8.906995100000000484e-03
7.483718000000000000e+09	-1.272586359999999979e-02	-8.734381500000000867e-03
7.483748000000000000e+09	-1.279764220000000063e-02	-8.591788399999999645e-03
7.483778000000000000e+09	-1.290216660000000071e-02	-8.433046799999999871e-03
7.483808000000000000e+09	-1.296440750000000044e-02	-8.255984600000000270e-03
7.483838000000000000e+09	-1.307700330000000077e-02	-8.104241300000000411e-03
7.483868000000000000e+09	-1.314382589999999948e-02	-7.939148199999999239e-03
7.483898000000000000e+09	-1.323525560000000066e-02	-7.775430600000000046e-03
7.483928000000000000e+09	-1.334230670000000063e-02	-7.616590300000000008e-03
7.483958000000000000e+09	-1.339148209999999929e-02	-7.435140899999999678e-03
7.483988000000000000e+09	-1.349414290000000051e-02	-7.278657000000000009e-03
7.484018000000000000e+09	-1.356103349999999985e-02	-7.109095000000000171e-03
7.484048000000000000e+09	-1.363704909999999965e-02	-6.935174700000000352e-03
7.484078000000000000e+09	-1.373739570000000014e-02	-6.782325500000000243e-03
7.484108000000000000e+09	-1.378665509999999969e-02	-6.601483600000000208e-03
7.484138000000000000e+09	-1.385360740000000056e-02	-6.444745299999999656e-03
7.484168000000000000e+09	-1.391105859999999979e-02	-6.281831899999999747e-03
7.484198000000000000e+09	-1.397976239999999988e-02	-6.089790299999999976e-03
7.484228000000000000e+09	-1.405242379999999992e-02	-5.923471100000000066e-03
7.484258000000000000e+09	-1.409773240000000011e-02	-5.763105099999999738e-03
7.484288000000000000e+09	-1.416247600000000023e-02	-5.572579700000000053e-03
7.484318000000000000e+09	-1.422115080000000038e-02	-5.380158799999999741e-03
7.484348000000000000e+09	-1.427914389999999922e-02	-5.236763799999999587e-03
7.484378000000000000e+09	-1.434107620000000041e-02	-5.054739299999999602e-03
7.484408000000000000e+09	-1.438549549999999962e-02	-4.886873299999999580e-03
7.484438000000000000e+09	-1.442065629999999925e-02	-4.672287100000000262e-03
7.484468000000000000e+09	-1.446134169999999976e-02	-4.508028399999999998e-03
7.484498000000000000e+09	-1.450061989999999919e-02	-4.337499100000000336e-03
7.484528000000000000e+09	-1.455061600000000059e-02	-4.144148200000000344e-03
7.484558000000000000e+09	-1.456779040000000074e-02	-3.982334100000000168e-03
7.484588000000000000e+09	-1.462435509999999994e-02	-3.784799199999999784e-03
7.484618000000000000e+09	-1.466682010000000015e-02	-3.609162300000000063e-03
7.484648000000000000e+09	-1.467987790000000077e-02	-3.431875500000000200e-03
7.484678000000000000e+09	-1.468946269999999929e-02	-3.253509199999999983e-03
7.484708000000000000e+09	-1.472181950000000031e-02	-3.081008699999999902e-03
7.484738000000000000e+09	-1.476357619999999968e-02	-2.886433999999999788e-03
7.484768000000000000e+09	-1.478730789999999941e-02	-2.708196300000000056e-03
7.484798000000000000e+09	-1.479804520000000019e-02	-2.535230500000000033e-03
7.484828000000000000e+09	-1.482474230000000066e-02	-2.332261500000000140e-03
7.484858000000000000e+09	-1.483128809999999936e-02	-2.149769299999999828e-03
7.484888000000000000e+09	-1.485167079999999938e-02	-1.987811400000000055e-03
7.484918000000000000e+09	-1.484539489999999948e-02	-1.779658200000000003e-03
7.484948000000000000e+09	-1.486657520000000086e-02	-1.591510599999999961e-03
7.484978000000000000e+09	-1.487361230000000013e-02	-1.422463299999999998e-03
7.485008000000000000e+09	-1.484785129999999925e-02	-1.237650299999999964e-03
7.485038000000000000e+09	-1.486347860000000048e-02	-1.046250500000000042e-03
7.485068000000000000e+09	-1.485141729999999924e-02	-8.716102000000000528e-04
7.485098000000000000e+09	-1.488250300000000005e-02	-6.911763999999999712e-04
7.485128000000000000e+09	-1.486865189999999996e-02	-4.976295999999999628e-04
7.485158000000000000e+09	-1.482825020000000035e-02	-3.297134000000000067e-04
7.485188000000000000e+09	-1.484236549999999946e-02	-1.506029999999999945e-04
7.485218000000000000e+09	-1.480707329999999926e-02	1.615929999999999960e-05
7.485248000000000000e+09	-1.480287660000000061e-02	2.283780000000000011e-04
7.485278000000000000e+09	-1.478367090000000036e-02	4.075053999999999829e-04
7.485308000000000000e+09	-1.477279939999999979e-02	5.940518000000000100e-04
7.485338000000000000e+09	-1.472233780000000054e-02	7.659874000000000110e-04
7.485368000000000000e+09	-1.472013469999999997e-02	9.663707999999999803e-04
7.485398000000000000e+09	-1.469493940000000075e-02	1.172127299999999907e-03
7.485428000000000000e+09	-1.467839569999999927e-02	1.307528000000000076e-03
7.485458000000000000e+09	-1.463474849999999924e-02	1.477060600000000079e-03
7.485488000000000000e+09	-1.459206749999999997e-02	1.665959899999999933e-03
7.485518000000000000e+09	-1.456361270000000076e-02	1.826861699999999958e-03
7.485548000000000000e+09	-1.450821899999999928e-02	2.036349199999999866e-03
7.485578000000000000e+09	-1.446308229999999917e-02	2.208934200000000139e-03
7.485608000000000000e+09	-1.440707790000000064e-02	2.356810999999999889e-03
7.485638000000000000e+09	-1.436833719999999932e-02	2.559807099999999915e-03
7.485668000000000000e+09	-1.432199009999999932e-02	2.734591699999999997e-03
7.485698000000000000e+09	-1.427882890000000023e-02	2.912359199999999849e-03
7.485728000000000000e+09	-1.421724639999999949e-02	3.106264400000000210e-03
7.485758000000000000e+09	-1.415485420000000064e-02	3.235411599999999874e-03
7.485788000000000000e+09	-1.412989369999999995e-02	3.441811600000000120e-03
7.485818000000000000e+09	-1.403686929999999923e-02	3.584107200000000073e-03
7.485848000000000000e+09	-1.398793629999999996e-02	3.769986800000000183e-03
7.485878000000000000e+09	-1.390729090000000084e-02	3.935238300000000293e-03
7.485908000000000000e+09	-1.385586490000000059e-02	4.093589400000000045e-03
7.485938000000000000e+09	-1.377771380000000073e-02	4.290772400000000125e-03
7.485968000000000000e+09	-1.369277149999999915e-02	4.455250200000000077e-03
7.485998000000000000e+09	-1.361511250000000013e-02	4.612788599999999815e-03
7.486028000000000000e+09	-1.355006719999999991e-02	4.765060399999999918e-03
7.486058000000000000e+09	-1.347173179999999922e-02	4.951859200000000363e-03
7.486088000000000000e+09	-1.340540299999999976e-02	5.100975100000000248e-03
7.486118000000000000e+09	-1.329831580000000006e-02	5.270023999999999889e-03
7.486148000000000000e+09	-1.323419089999999972e-02	5.438681400000000034e-03
7.486178000000000000e+09	-1.313305480000000018e-02	5.589003500000000110e-03
7.486208000000000000e+09	-1.305165320000000080e-02	5.737382899999999945e-03
7.486238000000000000e+09	-1.296427630000000081e-02	5.901120099999999750e-03
7.486268000000000000e+09	-1.286427589999999954e-02	6.048369300000000157e-03
7.486298000000000000e+09	-1.275961379999999978e-02	6.217662399999999805e-03
7.486328000000000000e+09	-1.265691210000000066e-02	6.361121600000000167e-03
7.486358000000000000e+09	-1.255330309999999963e-02	6.521353100000000166e-03
7.486388000000000000e+09	-1.245192600000000031e-02	6.668478700000000058e-03
7.486418000000000000e+09	-1.235728980000000074e-02	6.797543100000000109e-03
7.486448000000000000e+09	-1.225044410000000056e-02	6.962529999999999761e-03
7.486478000000000000e+09	-1.213323799999999932e-02	7.093037499999999690e-03
7.486508000000000000e+09	-1.202364830000000016e-02	7.241543700000000264e-03
7.486538000000000000e+09	-1.192903799999999945e-02	7.391520599999999719e-03
7.486568000000000000e+09	-1.179913649999999974e-02	7.533396700000000168e-03
7.486598000000000000e+09	-1.170233239999999945e-02	7.661432099999999738e-03
7.486628000000000000e+09	-1.155156310000000040e-02	7.824469400000000699e-03
7.486658000000000000e+09	-1.143944199999999932e-02	7.966678799999999880e-03
7.486688000000000000e+09	-1.131644600000000084e-02	8.076443600000000195e-03
7.486718000000000000e+09	-1.118556220000000052e-02	8.221606299999999895e-03
7.486748000000000000e+09	-1.108121129999999933e-02	8.342054899999999662e-03
7.486778000000000000e+09	-1.091107789999999980e-02	8.455258400000000354e-03
7.486808000000000000e+09	-1.081157779999999957e-02	8.589120900000000308e-03
7.486838000000000000e+09	-1.067833210000000005e-02	8.725765400000000047e-03
7.486868000000000000e+09	-1.056750579999999988e-02	8.842626299999999800e-03
7.486898000000000000e+09	-1.039365580000000018e-02	8.963410300000000316e-03
7.486928000000000000e+09	-1.028144840000000046e-02	9.057002899999999634e-03
7.486958000000000000e+09	-1.015296979999999981e-02	9.182324699999999326e-03
7.486988000000000000e+09	-9.987565800000000604e-03	9.302650900000000722e-03
7.487018000000000000e+09	-9.854694299999999449e-03	9.444239700000000778e-03
7.487048000000000000e+09	-9.712076800000000315e-03	9.524968300000000512e-03
7.487078000000000000e+09	-9.556362000000000537e-03	9.636106800000000458e-03
7.487108000000000000e+09	-9.423772199999999599e-03	9.769016900000000031e-03
7.487138000000000000e+09	-9.260588800000000426e-03	9.841217799999999599e-03
7.487168000000000000e+09	-9.096945800000000651e-03	9.941193900000000819e-03
7.487198000000000000e+09	-8.959358199999999800e-03	1.004391529999999928e-02
7.487228000000000000e+09	-8.812304700000000643e-03	1.013722419999999944e-02
7.487258000000000000e+09	-8.660465299999999672e-03	1.023453159999999917e-02
7.487288000000000000e+09	-8.500088600000000466e-03	1.033924829999999934e-02
7.487318000000000000e+09	-8.318170300000000267e-03	1.042383009999999985e-02
7.487348000000000000e+09	-8.167446499999999818e-03	1.051030430000000036e-02
7.487378000000000000e+09	-8.015586499999999628e-03	1.059523400000000025e-02
7.487408000000000000e+09	-7.865113999999999439e-03	1.067341689999999968e-02
7.487438000000000000e+09	-7.688805400000000081e-03	1.074153169999999928e-02
7.487468000000000000e+09	-7.538160300000000015e-03	1.082817280000000076e-02
7.487498000000000000e+09	-7.368750200000000368e-03	1.090965359999999940e-02
7.487528000000000000e+09	-7.164455099999999729e-03	1.098222930000000014e-02
7.487558000000000000e+09	-7.024588499999999749e-03	1.103025919999999979e-02
7.487588000000000000e+09	-6.863096600000000158e-03	1.113281080000000020e-02
7.487618000000000000e+09	-6.698665099999999949e-03	1.117051550000000039e-02
7.487648000000000000e+09	-6.499625999999999668e-03	1.123537840000000086e-02
7.487678000000000000e+09	-6.350607999999999774e-03	1.130057020000000030e-02
7.487708000000000000e+09	-6.185587600000000408e-03	1.139168079999999979e-02
7.487738000000000000e+09	-6.023303199999999885e-03	1.138467089999999939e-02
7.487768000000000000e+09	-5.830527099999999879e-03	1.144074900000000006e-02
7.487798000000000000e+09	-5.645947499999999855e-03	1.151458080000000023e-02
7.487828000000000000e+09	-5.477562499999999793e-03	1.153508200000000032e-02
7.487858000000000000e+09	-5.317702100000000140e-03	1.157794480000000001e-02
7.487888000000000000e+09	-5.139691200000000119e-03	1.162962099999999971e-02
7.487918000000000000e+09	-4.945243700000000013e-03	1.165459270000000075e-02
7.487948000000000000e+09	-4.777762300000000170e-03	1.167198879999999973e-02
7.487978000000000000e+09	-4.594215399999999720e-03	1.171939569999999944e-02
7.488008000000000000e+09	-4.415110600000000073e-03	1.173490550000000007e-02
7.488038000000000000e+09	-4.241254699999999662e-03	1.177029240000000004e-02
7.488068000000000000e+09	-4.078507599999999650e-03	1.180088670000000069e-02
7.488098000000000000e+09	-3.875561300000000126e-03	1.181510080000000053e-02
7.488128000000000000e+09	-3.699970600000000113e-03	1.182217550000000048e-02
7.488158000000000000e+09	-3.508091200000000142e-03	1.182341240000000029e-02
7.488188000000000000e+09	-3.353268700000000199e-03	1.183769200000000035e-02
7.488218000000000000e+09	-3.159754199999999930e-03	1.184834840000000000e-02
7.488248000000000000e+09	-2.964869199999999819e-03	1.185090580000000039e-02
7.488278000000000000e+09	-2.797543400000000128e-03	1.180259009999999956e-02
7.488308000000000000e+09	-2.598509799999999988e-03	1.182108550000000001e-02
7.488338000000000000e+09	-2.420459600000000010e-03	1.182413149999999961e-02
7.488368000000000000e+09	-2.250328599999999995e-03	1.180348099999999935e-02
7.488398000000000000e+09	-2.056970899999999852e-03	1.179290189999999960e-02
7.488428000000000000e+09	-1.903163399999999953e-03	1.177340590000000055e-02
7.488458000000000000e+09	-1.712128999999999951e-03	1.173631900000000026e-02
7.488488000000000000e+09	-1.522201799999999992e-03	1.175270370000000043e-02
7.488518000000000000e+09	-1.370438400000000001e-03	1.171392459999999990e-02
7.488548000000000000e+09	-1.190617099999999968e-03	1.165186089999999987e-02
7.488578000000000000e+09	-9.794976999999999850e-04	1.160674159999999962e-02
7.488608000000000000e+09	-8.284972999999999730e-04	1.158411070000000057e-02
7.488638000000000000e+09	-6.403109000000000361e-04	1.154537209999999953e-02
7.488668000000000000e+09	-4.801879999999999907e-04	1.149171270000000009e-02
7.488698000000000000e+09	-3.007675000000000235e-04	1.144717089999999944e-02
7.488728000000000000e+09	-1.362574999999999876e-04	1.139190640000000039e-02
7.488758000000000000e+09	2.474020000000000074e-05	1.132646959999999980e-02
7.488788000000000000e+09	2.062831000000000105e-04	1.126680499999999953e-02
7.488818000000000000e+09	3.670977999999999871e-04	1.120910529999999926e-02
7.488848000000000000e+09	5.467512000000000110e-04	1.115295749999999954e-02
7.488878000000000000e+09	7.086319999999999468e-04	1.106482720000000024e-02
7.488908000000000000e+09	8.889997999999999651e-04	1.099805889999999967e-02
7.488938000000000000e+09	1.037888299999999934e-03	1.093371689999999945e-02
7.488968000000000000e+09	1.223141199999999923e-03	1.083748629999999914e-02
7.488998000000000000e+09	1.359755200000000103e-03	1.073004340000000001e-02
7.489028000000000000e+09	1.523637700000000017e-03	1.066350779999999943e-02
7.489058000000000000e+09	1.678821100000000080e-03	1.057930120000000022e-02
7.489088000000000000e+09	1.831612700000000062e-03	1.049288900000000004e-02
7.489118000000000000e+09	1.971049999999999799e-03	1.039097859999999970e-02
7.489148000000000000e+09	2.122126099999999821e-03	1.028022689999999982e-02
7.489178000000000000e+09	2.268850800000000046e-03	1.015031849999999992e-02
7.489208000000000000e+09	2.416215800000000042e-03	1.006221290000000081e-02
7.489238000000000000e+09	2.546848400000000130e-03	9.970715899999999660e-03
7.489268000000000000e+09	2.688345999999999878e-03	9.842294999999999169e-03
7.489298000000000000e+09	2.832821299999999792e-03	9.709325899999999426e-03
7.489328000000000000e+09	2.959526000000000084e-03	9.616827399999999804e-03
7.489358000000000000e+09	3.108664399999999835e-03	9.483174199999999665e-03
7.489388000000000000e+09	3.203744100000000157e-03	9.361853999999999315e-03
7.489418000000000000e+09	3.354995600000000144e-03	9.229011800000000779e-03
7.489448000000000000e+09	3.461852300000000174e-03	9.105506799999999595e-03
7.489478000000000000e+09	3.597323400000000063e-03	8.991407400000000008e-03
7.489508000000000000e+09	3.710457700000000143e-03	8.828169400000000430e-03
7.489538000000000000e+09	3.810682000000000132e-03	8.695639200000000735e-03
7.489568000000000000e+09	3.893783899999999926e-03	8.540648399999999779e-03
7.489598000000000000e+09	4.017188399999999798e-03	8.388363200000000311e-03
7.489628000000000000e+09	4.121874200000000266e-03	8.239844300000000177e-03
7.489658000000000000e+09	4.188634200000000175e-03	8.077305899999999775e-03
7.489688000000000000e+09	4.302435799999999692e-03	7.923031800000000791e-03
7.489718000000000000e+09	4.392766499999999942e-03	7.758265500000000037e-03
7.489748000000000000e+09	4.480752499999999909e-03	7.612270699999999779e-03
7.489778000000000000e+09	4.538360600000000168e-03	7.445833100000000260e-03
7.489808000000000000e+09	4.618492800000000356e-03	7.294962299999999990e-03
7.489838000000000000e+09	4.677887399999999633e-03	7.134338999999999958e-03
7.489868000000000000e+09	4.753103300000000378e-03	6.957563200000000010e-03
7.489898000000000000e+09	4.795957299999999666e-03	6.785990000000000424e-03
7.489928000000000000e+09	4.848597399999999766e-03	6.611534999999999981e-03
7.489958000000000000e+09	4.916343099999999702e-03	6.442490000000000369e-03
7.489988000000000000e+09	4.966944400000000183e-03	6.269999200000000127e-03
7.490018000000000000e+09	4.989922200000000002e-03	6.096676300000000194e-03
7.490048000000000000e+09	5.014687099999999911e-03	5.918047699999999869e-03
7.490078000000000000e+09	5.049359199999999860e-03	5.742568499999999715e-03
7.490108000000000000e+09	5.087511500000000027e-03	5.566421900000000089e-03
7.490138000000000000e+09	5.093982599999999708e-03	5.396178399999999875e-03
7.490168000000000000e+09	5.118371200000000100e-03	5.197857699999999977e-03
7.490198000000000000e+09	5.125674299999999871e-03	5.020247299999999920e-03
7.490228000000000000e+09	5.116820799999999628e-03	4.840807899999999796e-03
7.490258000000000000e+09	5.100114799999999615e-03	4.661329500000000250e-03
7.490288000000000000e+09	5.090682099999999620e-03	4.483771200000000179e-03
7.490318000000000000e+09	5.055760099999999889e-03	4.295932100000000170e-03
7.490348000000000000e+09	5.061363099999999747e-03	4.133388899999999866e-03
7.490378000000000000e+09	5.021977000000000385e-03	3.955419699999999754e-03
7.490408000000000000e+09	5.009145799999999843e-03	3.786084500000000061e-03
7.490438000000000000e+09	4.963842500000000164e-03	3.619318700000000080e-03
7.490468000000000000e+09	4.891383600000000220e-03	3.426064600000000137e-03
7.490498000000000000e+09	4.846470799999999697e-03	3.256597200000000032e-03
7.490528000000000000e+09	4.780900099999999854e-03	3.089043100000000118e-03
7.490558000000000000e+09	4.690662499999999693e-03	2.906369599999999997e-03
7.490588000000000000e+09	4.632654100000000406e-03	2.770948000000000074e-03
7.490618000000000000e+09	4.574769599999999568e-03	2.590786199999999938e-03
7.490648000000000000e+09	4.462619099999999735e-03	2.410092899999999837e-03
7.490678000000000000e+09	4.369892499999999957e-03	2.295607099999999890e-03
7.490708000000000000e+09	4.277908100000000005e-03	2.120470399999999870e-03
7.490738000000000000e+09	4.193482099999999713e-03	1.970827899999999955e-03
7.490768000000000000e+09	4.091824499999999719e-03	1.811384999999999992e-03
7.490798000000000000e+09	3.925652499999999698e-03	1.670922700000000054e-03
7.490828000000000000e+09	3.832525800000000094e-03	1.541908800000000093e-03
7.490858000000000000e+09	3.682238600000000209e-03	1.415819700000000040e-03
7.490888000000000000e+09	3.567254800000000010e-03	1.285647499999999959e-03
7.490918000000000000e+09	3.430419300000000192e-03	1.172476999999999894e-03
7.490948000000000000e+09	3.272930099999999884e-03	1.028569999999999918e-03
7.490978000000000000e+09	3.139375800000000077e-03	9.375797000000000384e-04
7.491008000000000000e+09	2.959928299999999794e-03	8.143271999999999577e-04
7.491038000000000000e+09	2.819475000000000106e-03	7.260219999999999955e-04
7.491068000000000000e+09	2.656743200000000107e-03	6.398784000000000026e-04
7.491098000000000000e+09	2.476656800000000096e-03	5.628146000000000104e-04
7.491128000000000000e+09	2.313039199999999875e-03	4.792856999999999977e-04
7.491158000000000000e+09	2.115599200000000193e-03	4.058592999999999988e-04
7.491188000000000000e+09	1.961383200000000205e-03	3.305459999999999757e-04
7.491218000000000000e+09	1.753678800000000107e-03	3.027772000000000189e-04
7.491248000000000000e+09	1.574440500000000038e-03	2.254512000000000074e-04
7.491278000000000000e+09	1.412941200000000092e-03	2.128626000000000107e-04
7.491308000000000000e+09	1.169179000000000008e-03	1.704307000000000012e-04
7.491338000000000000e+09	1.011402100000000038e-03	1.410553000000000046e-04
7.491368000000000000e+09	8.013706000000000215e-04	1.543613999999999956e-04
7.491398000000000000e+09	5.855454999999999861e-04	1.275721000000000114e-04
7.491428000000000000e+09	3.961734999999999974e-04	1.404994999999999920e-04
7.491458000000000000e+09	2.042369000000000096e-04	1.449020000000000028e-04
7.491488000000000000e+09	1.583700000000000101e-05	1.701836999999999881e-04
7.491518000000000000e+09	-1.820865999999999923e-04	1.732675999999999943e-04
7.491548000000000000e+09	-3.624556000000000132e-04	2.381202999999999976e-04
7.491578000000000000e+09	-5.787353999999999546e-04	2.918110999999999817e-04
7.491608000000000000e+09	-7.697538000000000297e-04	3.360738999999999740e-04
7.491638000000000000e+09	-9.668677999999999995e-04	4.087262000000000035e-04
7.491668000000000000e+09	-1.158909500000000021e-03	4.993785000000000368e-04
7.491698000000000000e+09	-1.343797400000000010e-03	5.558962000000000191e-04
7.491728000000000000e+09	-1.546130599999999931e-03	6.675513000000000540e-04
7.491758000000000000e+09	-1.703681899999999949e-03	7.647930999999999740e-04
7.491788000000000000e+09	-1.895819800000000032e-03	8.729519000000000471e-04
7.491818000000000000e+09	-2.082492699999999829e-03	1.005928400000000037e-03
7.491848000000000000e+09	-2.235110399999999924e-03	1.155224999999999958e-03
7.491878000000000000e+09	-2.432090699999999838e-03	1.273363900000000102e-03
7.491908000000000000e+09	-2.575086900000000175e-03	1.423805499999999946e-03
7.491938000000000000e+09	-2.711719799999999861e-03	1.559547099999999921e-03
7.491968000000000000e+09	-2.882800100000000067e-03	1.725920599999999916e-03
7.491998000000000000e+09	-3.020397599999999957e-03	1.916738000000000079e-03
7.492028000000000000e+09	-3.155300399999999908e-03	2.082855000000000210e-03
7.492058000000000000e+09	-3.255706100000000172e-03	2.255617399999999828e-03
7.492088000000000000e+09	-3.417762200000000038e-03	2.463432399999999911e-03
7.492118000000000000e+09	-3.508961599999999882e-03	2.658366300000000217e-03
7.492148000000000000e+09	-3.614830700000000105e-03	2.858411700000000177e-03
7.492178000000000000e+09	-3.710625600000000152e-03	3.072762799999999989e-03
7.492208000000000000e+09	-3.817023499999999854e-03	3.265601300000000023e-03
7.492238000000000000e+09	-3.892916800000000010e-03	3.483163400000000194e-03
7.492268000000000000e+09	-3.959866000000000254e-03	3.715629299999999909e-03
7.492298000000000000e+09	-4.025820200000000335e-03	3.934092600000000349e-03
7.492328000000000000e+09	-4.081128399999999976e-03	4.163132699999999749e-03
7.492358000000000000e+09	-4.123385799999999650e-03	4.403889400000000377e-03
7.492388000000000000e+09	-4.154088200000000293e-03	4.648308900000000174e-03
7.492418000000000000e+09	-4.174270100000000358e-03	4.853467000000000198e-03
7.492448000000000000e+09	-4.198671000000000174e-03	5.131866399999999821e-03
7.492478000000000000e+09	-4.201455599999999978e-03	5.359318600000000272e-03
7.492508000000000000e+09	-4.207600899999999582e-03	5.614509499999999903e-03
7.492538000000000000e+09	-4.187569200000000429e-03	5.859370800000000302e-03
7.492568000000000000e+09	-4.163491899999999940e-03	6.101466300000000370e-03
7.492598000000000000e+09	-4.136636299999999627e-03	6.350807400000000116e-03
7.492628000000000000e+09	-4.093164499999999567e-03	6.584426299999999663e-03
7.492658000000000000e+09	-4.031525700000000018e-03	6.817628000000000056e-03
7.492688000000000000e+09	-3.978941100000000196e-03	7.065965399999999709e-03
7.492718000000000000e+09	-3.895191599999999876e-03	7.318198799999999990e-03
7.492748000000000000e+09	-3.822594300000000007e-03	7.563267400000000390e-03
7.492778000000000000e+09	-3.739035199999999996e-03	7.782665900000000116e-03
7.492808000000000000e+09	-3.639507399999999861e-03	8.013160599999999412e-03
7.492838000000000000e+09	-3.542031599999999943e-03	8.241637399999999711e-03
7.492868000000000000e+09	-3.406245000000000019e-03	8.484962800000000679e-03
7.492898000000000000e+09	-3.301352200000000087e-03	8.719817600000000571e-03
7.492928000000000000e+09	-3.176033100000000015e-03	8.940787599999999724e-03
7.492958000000000000e+09	-3.025805300000000003e-03	9.167149600000000509e-03
7.492988000000000000e+09	-2.891162499999999809e-03	9.361820200000000800e-03
7.493018000000000000e+09	-2.730127900000000035e-03	9.557333600000000526e-03
7.493048000000000000e+09	-2.543739499999999893e-03	9.788229199999999922e-03
7.493078000000000000e+09	-2.392089100000000055e-03	9.984742600000000648e-03
7.493108000000000000e+09	-2.232868600000000037e-03	1.016487479999999936e-02
7.493138000000000000e+09	-2.001483000000000081e-03	1.037259679999999983e-02
7.493168000000000000e+09	-1.825511599999999918e-03	1.053982489999999959e-02
7.493198000000000000e+09	-1.612741000000000001e-03	1.070691070000000071e-02
7.493228000000000000e+09	-1.437394100000000076e-03	1.089458819999999939e-02
7.493258000000000000e+09	-1.212338699999999892e-03	1.104503849999999981e-02
7.493288000000000000e+09	-1.016903300000000093e-03	1.120374459999999919e-02
7.493318000000000000e+09	-7.888030999999999559e-04	1.135283129999999953e-02
7.493348000000000000e+09	-5.724503999999999834e-04	1.149306800000000038e-02
7.493378000000000000e+09	-3.196911000000000197e-04	1.162200170000000053e-02
7.493408000000000000e+09	-1.137539999999999954e-04	1.175100150000000024e-02
7.493438000000000000e+09	1.110000000000000011e-04	1.191781220000000079e-02
7.493468000000000000e+09	3.745746000000000102e-04	1.200872960000000031e-02
7.493498000000000000e+09	6.090200000000000474e-04	1.211547519999999975e-02
7.493528000000000000e+09	8.641668000000000353e-04	1.223887159999999946e-02
7.493558000000000000e+09	1.097175400000000066e-03	1.232591249999999937e-02
7.493588000000000000e+09	1.390962799999999984e-03	1.242705830000000004e-02
7.493618000000000000e+09	1.633682700000000038e-03	1.249648199999999973e-02
7.493648000000000000e+09	1.853688200000000105e-03	1.258440480000000070e-02
7.493678000000000000e+09	2.135892600000000117e-03	1.264228839999999993e-02
7.493708000000000000e+09	2.437678899999999853e-03	1.269629199999999965e-02
7.493738000000000000e+09	2.678661699999999955e-03	1.276149409999999956e-02
7.493768000000000000e+09	2.913361800000000001e-03	1.280124510000000063e-02
7.493798000000000000e+09	3.193540600000000125e-03	1.287047780000000023e-02
7.493828000000000000e+09	3.462102400000000024e-03	1.285740009999999933e-02
7.493858000000000000e+09	3.756410999999999865e-03	1.290126089999999934e-02
7.493888000000000000e+09	4.025580400000000093e-03	1.292140320000000064e-02
7.493918000000000000e+09	4.276731300000000298e-03	1.292772969999999959e-02
7.493948000000000000e+09	4.556947300000000096e-03	1.295364090000000051e-02
7.493978000000000000e+09	4.823420900000000011e-03	1.291442429999999954e-02
7.494008000000000000e+09	5.070765799999999920e-03	1.291908349999999935e-02
7.494038000000000000e+09	5.355772699999999768e-03	1.292853679999999943e-02
7.494068000000000000e+09	5.633068700000000428e-03	1.287483229999999979e-02
7.494098000000000000e+09	5.892242899999999665e-03	1.284001750000000018e-02
7.494128000000000000e+09	6.156595299999999618e-03	1.282076210000000077e-02
7.494158000000000000e+09	6.423005899999999734e-03	1.278582250000000024e-02
7.494188000000000000e+09	6.693308499999999980e-03	1.271428150000000062e-02
7.494218000000000000e+09	6.954491200000000213e-03	1.267011189999999940e-02
7.494248000000000000e+09	7.193548800000000402e-03	1.260513970000000025e-02
7.494278000000000000e+09	7.462100600000000361e-03	1.254485699999999954e-02
7.494308000000000000e+09	7.732406399999999964e-03	1.245758289999999990e-02
7.494338000000000000e+09	7.974956400000000195e-03	1.237085429999999937e-02
7.494368000000000000e+09	8.227649499999999810e-03	1.227659159999999923e-02
7.494398000000000000e+09	8.485321000000000530e-03	1.221065269999999960e-02
7.494428000000000000e+09	8.751408599999999788e-03	1.211591040000000070e-02
7.494458000000000000e+09	8.995473199999999558e-03	1.200784180000000027e-02
7.494488000000000000e+09	9.239236700000000302e-03	1.189390740000000057e-02
7.494518000000000000e+09	9.477199000000000387e-03	1.178230830000000055e-02
7.494548000000000000e+09	9.727416299999999683e-03	1.166992809999999915e-02
7.494578000000000000e+09	9.968844100000000610e-03	1.154031460000000051e-02
7.494608000000000000e+09	1.019934330000000014e-02	1.141338069999999968e-02
7.494638000000000000e+09	1.041253550000000028e-02	1.129672429999999984e-02
7.494668000000000000e+09	1.066109540000000078e-02	1.115145099999999972e-02
7.494698000000000000e+09	1.084232719999999976e-02	1.101935289999999949e-02
7.494728000000000000e+09	1.106827039999999998e-02	1.084984850000000021e-02
7.494758000000000000e+09	1.131743309999999961e-02	1.071115069999999982e-02
7.494788000000000000e+09	1.152763260000000053e-02	1.057178800000000037e-02
7.494818000000000000e+09	1.173466849999999992e-02	1.039144330000000074e-02
7.494848000000000000e+09	1.193981480000000026e-02	1.022415689999999974e-02
7.494878000000000000e+09	1.211096369999999957e-02	1.008425699999999925e-02
7.494908000000000000e+09	1.233120300000000065e-02	9.899931299999999504e-03
7.494938000000000000e+09	1.254845090000000080e-02	9.727042899999999853e-03
7.494968000000000000e+09	1.275424879999999955e-02	9.539716599999999505e-03
7.494998000000000000e+09	1.291922579999999973e-02	9.341068399999999383e-03
7.495028000000000000e+09	1.313130709999999965e-02	9.195776699999999929e-03
7.495058000000000000e+09	1.328265160000000056e-02	8.995065700000000677e-03
7.495088000000000000e+09	1.347497259999999933e-02	8.800126499999999866e-03
7.495118000000000000e+09	1.362352369999999917e-02	8.614470200000000008e-03
7.495148000000000000e+09	1.379395010000000060e-02	8.422024099999999777e-03
7.495178000000000000e+09	1.397182739999999930e-02	8.221014299999999247e-03
7.495208000000000000e+09	1.412118539999999978e-02	8.017896400000000187e-03
7.495238000000000000e+09	1.428553639999999986e-02	7.802647299999999897e-03
7.495268000000000000e+09	1.441465419999999990e-02	7.597287200000000379e-03
7.495298000000000000e+09	1.458194600000000014e-02	7.399804999999999751e-03
7.495328000000000000e+09	1.473321940000000066e-02	7.189049599999999644e-03
7.495358000000000000e+09	1.486527470000000017e-02	6.968293999999999877e-03
7.495388000000000000e+09	1.501147639999999943e-02	6.750871000000000302e-03
7.495418000000000000e+09	1.513523299999999967e-02	6.525655899999999870e-03
7.495448000000000000e+09	1.527774460000000042e-02	6.326227200000000307e-03
7.495478000000000000e+09	1.539326459999999959e-02	6.099038700000000007e-03
7.495508000000000000e+09	1.552013510000000047e-02	5.848027900000000306e-03
7.495538000000000000e+09	1.564431189999999916e-02	5.637320000000000352e-03
7.495568000000000000e+09	1.573761989999999944e-02	5.389294000000000202e-03
7.495598000000000000e+09	1.584804960000000054e-02	5.162550999999999599e-03
7.495628000000000000e+09	1.595967939999999932e-02	4.924426800000000250e-03
7.495658000000000000e+09	1.607393959999999997e-02	4.700260999999999849e-03
7.495688000000000000e+09	1.616301139999999983e-02	4.485265900000000305e-03
7.495718000000000000e+09	1.623280800000000135e-02	4.246249300000000219e-03
7.495748000000000000e+09	1.632031290000000162e-02	4.011640900000000218e-03
7.495778000000000000e+09	1.640903620000000104e-02	3.773831499999999797e-03
7.495808000000000000e+09	1.649505669999999993e-02	3.529976700000000012e-03
7.495838000000000000e+09	1.655340679999999995e-02	3.287658000000000160e-03
7.495868000000000000e+09	1.661924130000000041e-02	3.049333899999999865e-03
7.495898000000000000e+09	1.669207500000000066e-02	2.795213999999999858e-03
7.495928000000000000e+09	1.678259569999999978e-02	2.565300600000000163e-03
7.495958000000000000e+09	1.681557859999999877e-02	2.326156499999999967e-03
7.495988000000000000e+09	1.687364300000000067e-02	2.077961299999999800e-03
7.496018000000000000e+09	1.693033479999999855e-02	1.848709800000000085e-03
7.496048000000000000e+09	1.695945130000000092e-02	1.601199900000000072e-03
7.496078000000000000e+09	1.700796330000000148e-02	1.360333800000000084e-03
7.496108000000000000e+09	1.706482739999999956e-02	1.123084099999999922e-03
7.496138000000000000e+09	1.708663020000000116e-02	8.631783999999999551e-04
7.496168000000000000e+09	1.710946949999999842e-02	6.322759999999999752e-04
7.496198000000000000e+09	1.711795890000000070e-02	3.716575000000000174e-04
7.496228000000000000e+09	1.714854600000000062e-02	1.164968000000000058e-04
7.496258000000000000e+09	1.717733490000000057e-02	-1.017844000000000008e-04
7.496288000000000000e+09	1.719433630000000157e-02	-3.419812999999999846e-04
7.496318000000000000e+09	1.721596170000000078e-02	-5.851686999999999731e-04
7.496348000000000000e+09	1.722146559999999937e-02	-8.446054999999999622e-04
7.496378000000000000e+09	1.721460899999999877e-02	-1.098783099999999912e-03
7.496408000000000000e+09	1.721653979999999973e-02	-1.333238999999999952e-03
7.496438000000000000e+09	1.720403289999999918e-02	-1.566049199999999982e-03
7.496468000000000000e+09	1.721969890000000017e-02	-1.816558000000000018e-03
7.496498000000000000e+09	1.718061720000000139e-02	-2.069289800000000037e-03
7.496528000000000000e+09	1.716910119999999831e-02	-2.305984599999999843e-03
7.496558000000000000e+09	1.715064289999999880e-02	-2.546319000000000013e-03
7.496588000000000000e+09	1.714187520000000006e-02	-2.789603800000000147e-03
7.496618000000000000e+09	1.710833540000000069e-02	-3.039834400000000075e-03
7.496648000000000000e+09	1.704543160000000085e-02	-3.265311099999999942e-03
7.496678000000000000e+09	1.703610720000000092e-02	-3.500295499999999792e-03
7.496708000000000000e+09	1.700551930000000073e-02	-3.733331700000000128e-03
7.496738000000000000e+09	1.697210799999999964e-02	-3.991593699999999682e-03
7.496768000000000000e+09	1.693090900000000093e-02	-4.203993500000000223e-03
7.496798000000000000e+09	1.688382319999999839e-02	-4.429828900000000111e-03
7.496828000000000000e+09	1.683863489999999977e-02	-4.689025200000000379e-03
7.496858000000000000e+09	1.676482090000000133e-02	-4.916371099999999709e-03
7.496888000000000000e+09	1.672838020000000023e-02	-5.158862099999999770e-03
7.496918000000000000e+09	1.665766670000000046e-02	-5.382374399999999802e-03
7.496948000000000000e+09	1.659872459999999980e-02	-5.628693399999999854e-03
7.496978000000000000e+09	1.653612070000000031e-02	-5.835616000000000067e-03
7.497008000000000000e+09	1.646473249999999902e-02	-6.076645299999999979e-03
7.497038000000000000e+09	1.638622849999999895e-02	-6.302678499999999663e-03
7.497068000000000000e+09	1.629171889999999831e-02	-6.509292499999999593e-03
7.497098000000000000e+09	1.623340029999999906e-02	-6.735773900000000328e-03
7.497128000000000000e+09	1.615031609999999923e-02	-6.961248100000000209e-03
7.497158000000000000e+09	1.609143970000000146e-02	-7.205971400000000388e-03
7.497188000000000000e+09	1.595996070000000114e-02	-7.409088999999999779e-03
7.497218000000000000e+09	1.589122130000000105e-02	-7.643624800000000177e-03
7.497248000000000000e+09	1.578036279999999944e-02	-7.857200099999999549e-03
7.497278000000000000e+09	1.569387389999999868e-02	-8.059081100000000525e-03
7.497308000000000000e+09	1.562195410000000000e-02	-8.266203499999999482e-03
7.497338000000000000e+09	1.550588900000000013e-02	-8.482972899999999955e-03
7.497368000000000000e+09	1.539912700000000030e-02	-8.671008799999999420e-03
7.497398000000000000e+09	1.530160879999999980e-02	-8.861577900000000563e-03
7.497428000000000000e+09	1.518014969999999936e-02	-9.080837799999999863e-03
7.497458000000000000e+09	1.504339879999999977e-02	-9.311956399999999842e-03
7.497488000000000000e+09	1.493739229999999953e-02	-9.507884499999999170e-03
7.497518000000000000e+09	1.481806450000000032e-02	-9.731992300000000609e-03
7.497548000000000000e+09	1.471172710000000043e-02	-9.910588099999999290e-03
7.497578000000000000e+09	1.457738930000000016e-02	-1.007991249999999964e-02
7.497608000000000000e+09	1.442366500000000044e-02	-1.030059290000000065e-02
7.497638000000000000e+09	1.429943220000000001e-02	-1.047864369999999996e-02
7.497668000000000000e+09	1.419271400000000037e-02	-1.067619870000000026e-02
7.497698000000000000e+09	1.404672660000000003e-02	-1.085618019999999920e-02
7.497728000000000000e+09	1.390548049999999931e-02	-1.105316050000000085e-02
7.497758000000000000e+09	1.376981300000000054e-02	-1.123764460000000083e-02
7.497788000000000000e+09	1.364765769999999948e-02	-1.140943739999999984e-02
7.497818000000000000e+09	1.347188409999999954e-02	-1.160317840000000059e-02
7.497848000000000000e+09	1.332901610000000042e-02	-1.178199289999999969e-02
7.497878000000000000e+09	1.320532800000000055e-02	-1.196366429999999939e-02
7.497908000000000000e+09	1.303277379999999951e-02	-1.212052979999999995e-02
7.497938000000000000e+09	1.288042330000000076e-02	-1.232945969999999988e-02
7.497968000000000000e+09	1.272844000000000059e-02	-1.245874630000000025e-02
7.497998000000000000e+09	1.256362079999999957e-02	-1.263403939999999982e-02
7.498028000000000000e+09	1.240187360000000009e-02	-1.281566919999999922e-02
7.498058000000000000e+09	1.224383350000000058e-02	-1.296466819999999957e-02
7.498088000000000000e+09	1.208634769999999969e-02	-1.310292830000000033e-02
7.498118000000000000e+09	1.192792829999999964e-02	-1.329305419999999953e-02
7.498148000000000000e+09	1.175677810000000031e-02	-1.342745719999999948e-02
7.498178000000000000e+09	1.158003110000000065e-02	-1.359010830000000059e-02
7.498208000000000000e+09	1.138963760000000040e-02	-1.374460830000000071e-02
7.498238000000000000e+09	1.123788879999999997e-02	-1.389599749999999995e-02
7.498268000000000000e+09	1.107187819999999948e-02	-1.403336829999999973e-02
7.498298000000000000e+09	1.087848129999999941e-02	-1.417988629999999972e-02
7.498328000000000000e+09	1.069834130000000064e-02	-1.432311569999999978e-02
7.498358000000000000e+09	1.052148500000000056e-02	-1.446049869999999939e-02
7.498388000000000000e+09	1.033940939999999920e-02	-1.460485689999999927e-02
7.498418000000000000e+09	1.016243699999999986e-02	-1.474064909999999937e-02
7.498448000000000000e+09	9.992600000000000787e-03	-1.487859830000000036e-02
7.498478000000000000e+09	9.775479099999999713e-03	-1.500829220000000040e-02
7.498508000000000000e+09	9.618600499999999456e-03	-1.512840120000000059e-02
7.498538000000000000e+09	9.425205399999999137e-03	-1.525527240000000041e-02
7.498568000000000000e+09	9.219498700000000255e-03	-1.538544610000000014e-02
7.498598000000000000e+09	9.021804300000000124e-03	-1.548983779999999963e-02
7.498628000000000000e+09	8.837568699999999444e-03	-1.562543690000000110e-02
7.498658000000000000e+09	8.641525799999999133e-03	-1.573432589999999853e-02
7.498688000000000000e+09	8.439062599999999983e-03	-1.586143829999999907e-02
7.498718000000000000e+09	8.247012200000000681e-03	-1.593499619999999908e-02
7.498748000000000000e+09	8.055013399999999893e-03	-1.604511380000000001e-02
7.498778000000000000e+09	7.831393000000000729e-03	-1.617950079999999971e-02
7.498808000000000000e+09	7.625796300000000326e-03	-1.625808559999999958e-02
7.498838000000000000e+09	7.429538099999999888e-03	-1.633943280000000123e-02
7.498868000000000000e+09	7.239360200000000307e-03	-1.646151100000000159e-02
7.498898000000000000e+09	7.034375800000000102e-03	-1.653828350000000058e-02
7.498928000000000000e+09	6.811523199999999952e-03	-1.664339069999999990e-02
7.498958000000000000e+09	6.605374599999999999e-03	-1.671978660000000144e-02
7.498988000000000000e+09	6.411930799999999986e-03	-1.679548330000000048e-02
7.499018000000000000e+09	6.204872999999999639e-03	-1.688842189999999882e-02
7.499048000000000000e+09	5.985013400000000101e-03	-1.696455759999999924e-02
7.499078000000000000e+09	5.779086000000000119e-03	-1.704514030000000083e-02
7.499108000000000000e+09	5.560512400000000230e-03	-1.711622949999999990e-02
7.499138000000000000e+09	5.372674499999999763e-03	-1.718834179999999962e-02
7.499168000000000000e+09	5.144440000000000124e-03	-1.726720069999999885e-02
7.499198000000000000e+09	4.917840700000000384e-03	-1.732821119999999882e-02
7.499228000000000000e+09	4.724283400000000264e-03	-1.738088640000000004e-02
7.499258000000000000e+09	4.484447400000000049e-03	-1.746699009999999955e-02
7.499288000000000000e+09	4.305763899999999651e-03	-1.748291280000000003e-02
7.499318000000000000e+09	4.072354900000000125e-03	-1.754726930000000129e-02
7.499348000000000000e+09	3.858950099999999914e-03	-1.759171279999999921e-02
7.499378000000000000e+09	3.644291200000000092e-03	-1.767261779999999838e-02
7.499408000000000000e+09	3.446443400000000126e-03	-1.772979859999999908e-02
7.499438000000000000e+09	3.189373699999999926e-03	-1.776248639999999934e-02
7.499468000000000000e+09	2.995173099999999880e-03	-1.778474550000000085e-02
7.499498000000000000e+09	2.750828800000000140e-03	-1.779804899999999981e-02
7.499528000000000000e+09	2.545752000000000084e-03	-1.786192290000000044e-02
7.499558000000000000e+09	2.321125399999999974e-03	-1.790593819999999892e-02
7.499588000000000000e+09	2.103309099999999855e-03	-1.793535950000000115e-02
7.499618000000000000e+09	1.897884500000000026e-03	-1.795354500000000131e-02
7.499648000000000000e+09	1.674621600000000040e-03	-1.797129110000000168e-02
7.499678000000000000e+09	1.436528799999999906e-03	-1.799078520000000139e-02
7.499708000000000000e+09	1.201737899999999904e-03	-1.802498510000000165e-02
7.499738000000000000e+09	9.975430000000000408e-04	-1.805071349999999922e-02
7.499768000000000000e+09	7.727205999999999485e-04	-1.805642699999999989e-02
7.499798000000000000e+09	5.691097999999999903e-04	-1.806071819999999911e-02
7.499828000000000000e+09	3.428827999999999759e-04	-1.806560689999999955e-02
7.499858000000000000e+09	1.223096000000000122e-04	-1.807668899999999995e-02
7.499888000000000000e+09	-1.165128999999999937e-04	-1.807875899999999980e-02
7.499918000000000000e+09	-3.149510999999999804e-04	-1.805699709999999958e-02
7.499948000000000000e+09	-5.495806000000000215e-04	-1.805765739999999966e-02
7.499978000000000000e+09	-7.591498000000000343e-04	-1.806381149999999880e-02
7.500008000000000000e+09	-9.858557999999999471e-04	-1.806314100000000131e-02
7.500038000000000000e+09	-1.210977000000000017e-03	-1.803014890000000092e-02
7.500068000000000000e+09	-1.413436400000000039e-03	-1.801767420000000008e-02
7.500098000000000000e+09	-1.658079299999999905e-03	-1.803119010000000036e-02
7.500128000000000000e+09	-1.878102300000000086e-03	-1.799654150000000105e-02
7.500158000000000000e+09	-2.096280800000000118e-03	-1.797225070000000105e-02
7.500188000000000000e+09	-2.302278300000000152e-03	-1.795499570000000031e-02
7.500218000000000000e+09	-2.517939900000000161e-03	-1.791004800000000133e-02
7.500248000000000000e+09	-2.744716800000000182e-03	-1.788612740000000007e-02
7.500278000000000000e+09	-2.955093000000000216e-03	-1.785602780000000028e-02
7.500308000000000000e+09	-3.173434900000000024e-03	-1.782229609999999922e-02
7.500338000000000000e+09	-3.390557700000000011e-03	-1.776915399999999881e-02
7.500368000000000000e+09	-3.614440599999999785e-03	-1.774923059999999886e-02
7.500398000000000000e+09	-3.821896799999999813e-03	-1.769159290000000065e-02
7.500428000000000000e+09	-4.024092800000000220e-03	-1.766516090000000080e-02
7.500458000000000000e+09	-4.242781000000000156e-03	-1.761581699999999889e-02
7.500488000000000000e+09	-4.466687300000000103e-03	-1.754892209999999939e-02
7.500518000000000000e+09	-4.693243199999999789e-03	-1.749730580000000146e-02
7.500548000000000000e+09	-4.889494099999999906e-03	-1.741819299999999848e-02
7.500578000000000000e+09	-5.079068899999999824e-03	-1.738217400000000024e-02
7.500608000000000000e+09	-5.298051699999999607e-03	-1.731107230000000080e-02
7.500638000000000000e+09	-5.539759699999999808e-03	-1.722922860000000028e-02
7.500668000000000000e+09	-5.721615799999999613e-03	-1.717597049999999848e-02
7.500698000000000000e+09	-5.920871299999999962e-03	-1.712147340000000004e-02
7.500728000000000000e+09	-6.141094599999999924e-03	-1.703296129999999978e-02
7.500758000000000000e+09	-6.350242499999999603e-03	-1.697778120000000002e-02
7.500788000000000000e+09	-6.540587900000000357e-03	-1.689594369999999901e-02
7.500818000000000000e+09	-6.753513099999999651e-03	-1.682504640000000162e-02
7.500848000000000000e+09	-6.950572300000000016e-03	-1.673088069999999900e-02
7.500878000000000000e+09	-7.134184899999999885e-03	-1.664864749999999879e-02
7.500908000000000000e+09	-7.341019800000000116e-03	-1.654146630000000173e-02
7.500938000000000000e+09	-7.547693000000000284e-03	-1.645733149999999839e-02
7.500968000000000000e+09	-7.754598399999999836e-03	-1.636267279999999852e-02
7.500998000000000000e+09	-7.934140200000000184e-03	-1.627779509999999902e-02
7.501028000000000000e+09	-8.136885499999999688e-03	-1.616544779999999973e-02
7.501058000000000000e+09	-8.333859199999999953e-03	-1.608012689999999828e-02
7.501088000000000000e+09	-8.517477000000000728e-03	-1.598711950000000076e-02
7.501118000000000000e+09	-8.712290399999999407e-03	-1.588191590000000153e-02
7.501148000000000000e+09	-8.893786000000000747e-03	-1.578994839999999997e-02
7.501178000000000000e+09	-9.080865599999999802e-03	-1.568877679999999830e-02
7.501208000000000000e+09	-9.292800599999999703e-03	-1.555312870000000007e-02
7.501238000000000000e+09	-9.451423400000000599e-03	-1.544888330000000060e-02
7.501268000000000000e+09	-9.627669800000000430e-03	-1.533505720000000010e-02
7.501298000000000000e+09	-9.827162800000000670e-03	-1.519753109999999983e-02
7.501328000000000000e+09	-1.000775429999999945e-02	-1.509082020000000052e-02
7.501358000000000000e+09	-1.019639160000000017e-02	-1.497545970000000067e-02
7.501388000000000000e+09	-1.036540690000000049e-02	-1.485518679999999966e-02
7.501418000000000000e+09	-1.053964280000000038e-02	-1.472439690000000058e-02
7.501448000000000000e+09	-1.071270579999999972e-02	-1.461128339999999935e-02
7.501478000000000000e+09	-1.087145100000000073e-02	-1.448342690000000051e-02
7.501508000000000000e+09	-1.104103870000000022e-02	-1.434597309999999931e-02
7.501538000000000000e+09	-1.123428760000000012e-02	-1.423109600000000037e-02
7.501568000000000000e+09	-1.139680449999999970e-02	-1.407815469999999965e-02
7.501598000000000000e+09	-1.155671429999999972e-02	-1.392020840000000002e-02
7.501628000000000000e+09	-1.172855639999999949e-02	-1.381228529999999934e-02
7.501658000000000000e+09	-1.187437279999999963e-02	-1.364848599999999960e-02
7.501688000000000000e+09	-1.205201929999999942e-02	-1.350676779999999966e-02
7.501718000000000000e+09	-1.220639519999999929e-02	-1.337520139999999989e-02
7.501748000000000000e+09	-1.235321609999999980e-02	-1.322527889999999991e-02
7.501778000000000000e+09	-1.251815120000000087e-02	-1.307129370000000013e-02
7.501808000000000000e+09	-1.268024719999999959e-02	-1.288932700000000077e-02
7.501838000000000000e+09	-1.284877019999999988e-02	-1.278050610000000011e-02
7.501868000000000000e+09	-1.297490809999999987e-02	-1.262124989999999919e-02
7.501898000000000000e+09	-1.311447370000000043e-02	-1.246726339999999940e-02
7.501928000000000000e+09	-1.326377920000000078e-02	-1.231347529999999961e-02
7.501958000000000000e+09	-1.341611380000000062e-02	-1.214133960000000033e-02
7.501988000000000000e+09	-1.356490869999999946e-02	-1.199654690000000017e-02
7.502018000000000000e+09	-1.370606559999999925e-02	-1.183912749999999937e-02
7.502048000000000000e+09	-1.383446009999999941e-02	-1.166410510000000060e-02
7.502078000000000000e+09	-1.397107300000000052e-02	-1.152070260000000006e-02
7.502108000000000000e+09	-1.411169649999999970e-02	-1.135489150000000037e-02
7.502138000000000000e+09	-1.424877890000000001e-02	-1.117458389999999996e-02
7.502168000000000000e+09	-1.434777270000000063e-02	-1.100754670000000067e-02
7.502198000000000000e+09	-1.449256460000000052e-02	-1.081480469999999972e-02
7.502228000000000000e+09	-1.462453390000000020e-02	-1.067442910000000050e-02
7.502258000000000000e+09	-1.472910829999999997e-02	-1.049980369999999920e-02
7.502288000000000000e+09	-1.485888819999999985e-02	-1.032884360000000008e-02
7.502318000000000000e+09	-1.496202219999999937e-02	-1.010485489999999979e-02
7.502348000000000000e+09	-1.509891019999999931e-02	-9.945632200000000325e-03
7.502378000000000000e+09	-1.521012230000000007e-02	-9.775685799999999509e-03
7.502408000000000000e+09	-1.534214570000000041e-02	-9.604742799999999719e-03
7.502438000000000000e+09	-1.543543969999999939e-02	-9.418354300000000845e-03
7.502468000000000000e+09	-1.556276470000000044e-02	-9.231073399999999499e-03
7.502498000000000000e+09	-1.566548690000000091e-02	-9.040170000000000150e-03
7.502528000000000000e+09	-1.575732739999999993e-02	-8.856673600000000007e-03
7.502558000000000000e+09	-1.585591609999999901e-02	-8.701163799999999879e-03
7.502588000000000000e+09	-1.596603590000000156e-02	-8.497919499999999349e-03
7.502618000000000000e+09	-1.607273660000000173e-02	-8.304429800000000597e-03
7.502648000000000000e+09	-1.615869810000000045e-02	-8.104357799999999806e-03
7.502678000000000000e+09	-1.624036090000000043e-02	-7.913250499999999882e-03
7.502708000000000000e+09	-1.632316160000000030e-02	-7.722002199999999580e-03
7.502738000000000000e+09	-1.641386970000000001e-02	-7.552187499999999873e-03
7.502768000000000000e+09	-1.651441699999999999e-02	-7.355480699999999983e-03
7.502798000000000000e+09	-1.659077789999999913e-02	-7.167914600000000261e-03
7.502828000000000000e+09	-1.664496960000000012e-02	-6.949316199999999721e-03
7.502858000000000000e+09	-1.674377169999999998e-02	-6.771423500000000109e-03
7.502888000000000000e+09	-1.680890750000000114e-02	-6.578625200000000339e-03
7.502918000000000000e+09	-1.691197419999999896e-02	-6.369387500000000396e-03
7.502948000000000000e+09	-1.696271389999999893e-02	-6.177608900000000104e-03
7.502978000000000000e+09	-1.703069200000000005e-02	-5.981343600000000281e-03
7.503008000000000000e+09	-1.711499710000000118e-02	-5.784380100000000025e-03
7.503038000000000000e+09	-1.716815140000000142e-02	-5.568047799999999853e-03
7.503068000000000000e+09	-1.724707069999999870e-02	-5.379452600000000050e-03
7.503098000000000000e+09	-1.728920720000000008e-02	-5.168140100000000355e-03
7.503128000000000000e+09	-1.736427800000000035e-02	-4.960159599999999780e-03
7.503158000000000000e+09	-1.739961430000000128e-02	-4.740078699999999805e-03
7.503188000000000000e+09	-1.745988459999999950e-02	-4.574921499999999759e-03
7.503218000000000000e+09	-1.749809390000000089e-02	-4.363767799999999572e-03
7.503248000000000000e+09	-1.754576609999999870e-02	-4.147281800000000331e-03
7.503278000000000000e+09	-1.759494740000000154e-02	-3.942656299999999781e-03
7.503308000000000000e+09	-1.764862940000000088e-02	-3.740018800000000174e-03
7.503338000000000000e+09	-1.768646990000000141e-02	-3.537775099999999982e-03
7.503368000000000000e+09	-1.772281939999999917e-02	-3.322715700000000195e-03
7.503398000000000000e+09	-1.777198790000000111e-02	-3.111036299999999852e-03
7.503428000000000000e+09	-1.778317429999999935e-02	-2.910380299999999840e-03
7.503458000000000000e+09	-1.782989949999999948e-02	-2.714686600000000213e-03
7.503488000000000000e+09	-1.784840960000000018e-02	-2.495857900000000070e-03
7.503518000000000000e+09	-1.787137680000000159e-02	-2.286871000000000216e-03
7.503548000000000000e+09	-1.789600439999999848e-02	-2.096051399999999953e-03
7.503578000000000000e+09	-1.793552730000000026e-02	-1.873641199999999960e-03
7.503608000000000000e+09	-1.795625949999999846e-02	-1.662619900000000036e-03
7.503638000000000000e+09	-1.796902649999999879e-02	-1.468531900000000006e-03
7.503668000000000000e+09	-1.797552599999999862e-02	-1.244730299999999984e-03
7.503698000000000000e+09	-1.801609909999999856e-02	-1.053150099999999910e-03
7.503728000000000000e+09	-1.799962520000000094e-02	-8.564605000000000308e-04
7.503758000000000000e+09	-1.799950390000000164e-02	-6.085195000000000274e-04
7.503788000000000000e+09	-1.799528989999999926e-02	-4.150210999999999896e-04
7.503818000000000000e+09	-1.802357560000000108e-02	-1.891390000000000063e-04
7.503848000000000000e+09	-1.801003790000000118e-02	1.727670000000000011e-05
7.503878000000000000e+09	-1.801417909999999956e-02	1.984928000000000115e-04
7.503908000000000000e+09	-1.800737499999999908e-02	4.053567000000000216e-04
7.503938000000000000e+09	-1.799776919999999947e-02	6.197506999999999886e-04
7.503968000000000000e+09	-1.796796180000000132e-02	8.269091999999999805e-04
7.503998000000000000e+09	-1.797236810000000032e-02	1.047754400000000053e-03
7.504028000000000000e+09	-1.793636549999999899e-02	1.261088999999999960e-03
7.504058000000000000e+09	-1.792855139999999931e-02	1.450984700000000020e-03
7.504088000000000000e+09	-1.792077220000000068e-02	1.641951700000000023e-03
7.504118000000000000e+09	-1.789122970000000049e-02	1.850435600000000088e-03
7.504148000000000000e+09	-1.785032820000000131e-02	2.047820100000000143e-03
7.504178000000000000e+09	-1.784413470000000002e-02	2.287350200000000128e-03
7.504208000000000000e+09	-1.781210949999999932e-02	2.491618299999999800e-03
7.504238000000000000e+09	-1.778891540000000077e-02	2.698678700000000166e-03
7.504268000000000000e+09	-1.776044099999999834e-02	2.911187400000000113e-03
7.504298000000000000e+09	-1.770720480000000097e-02	3.073444199999999897e-03
7.504328000000000000e+09	-1.767360189999999873e-02	3.292069400000000035e-03
7.504358000000000000e+09	-1.761439539999999984e-02	3.514123599999999844e-03
7.504388000000000000e+09	-1.757848160000000104e-02	3.696977299999999831e-03
7.504418000000000000e+09	-1.752045420000000048e-02	3.892404600000000121e-03
7.504448000000000000e+09	-1.750003359999999925e-02	4.117926699999999857e-03
7.504478000000000000e+09	-1.743902060000000059e-02	4.302844499999999850e-03
7.504508000000000000e+09	-1.739137699999999953e-02	4.480374999999999983e-03
7.504538000000000000e+09	-1.733429389999999876e-02	4.685447100000000170e-03
7.504568000000000000e+09	-1.730399200000000068e-02	4.923326999999999912e-03
7.504598000000000000e+09	-1.721922550000000093e-02	5.082561099999999797e-03
7.504628000000000000e+09	-1.715388530000000120e-02	5.292497200000000242e-03
7.504658000000000000e+09	-1.709427089999999982e-02	5.509168299999999720e-03
7.504688000000000000e+09	-1.702956809999999974e-02	5.683866000000000092e-03
7.504718000000000000e+09	-1.697456060000000072e-02	5.872940899999999978e-03
7.504748000000000000e+09	-1.688068930000000134e-02	6.058788399999999984e-03
7.504778000000000000e+09	-1.681879500000000097e-02	6.267257899999999909e-03
7.504808000000000000e+09	-1.674944880000000039e-02	6.470511200000000039e-03
7.504838000000000000e+09	-1.667093819999999893e-02	6.666590899999999889e-03
7.504868000000000000e+09	-1.660605960000000048e-02	6.829079499999999789e-03
7.504898000000000000e+09	-1.652485379999999934e-02	7.033773800000000381e-03
7.504928000000000000e+09	-1.642656619999999928e-02	7.203122600000000375e-03
7.504958000000000000e+09	-1.634431910000000085e-02	7.419523699999999722e-03
7.504988000000000000e+09	-1.627221770000000095e-02	7.580588499999999820e-03
7.505018000000000000e+09	-1.615638180000000118e-02	7.747969099999999984e-03
7.505048000000000000e+09	-1.605257020000000132e-02	7.954707999999999571e-03
7.505078000000000000e+09	-1.596457620000000036e-02	8.143762100000000170e-03
7.505108000000000000e+09	-1.589984850000000088e-02	8.318311300000000644e-03
7.505138000000000000e+09	-1.578900540000000019e-02	8.501174099999999831e-03
7.505168000000000000e+09	-1.569403910000000124e-02	8.680057799999999976e-03
7.505198000000000000e+09	-1.557399930000000036e-02	8.828152100000000169e-03
7.505228000000000000e+09	-1.547199879999999923e-02	9.016451800000000252e-03
7.505258000000000000e+09	-1.537868109999999955e-02	9.213702799999999235e-03
7.505288000000000000e+09	-1.527096099999999956e-02	9.381286200000000033e-03
7.505318000000000000e+09	-1.516279490000000015e-02	9.556853400000000706e-03
7.505348000000000000e+09	-1.503122529999999929e-02	9.715158899999999653e-03
7.505378000000000000e+09	-1.494418299999999977e-02	9.893321099999999660e-03
7.505408000000000000e+09	-1.480778479999999946e-02	1.005890909999999916e-02
7.505438000000000000e+09	-1.470116789999999923e-02	1.024974139999999985e-02
7.505468000000000000e+09	-1.458332979999999932e-02	1.040338480000000017e-02
7.505498000000000000e+09	-1.445729219999999926e-02	1.057575629999999919e-02
7.505528000000000000e+09	-1.433828870000000005e-02	1.070381999999999931e-02
7.505558000000000000e+09	-1.423610559999999997e-02	1.089344279999999998e-02
7.505588000000000000e+09	-1.408965289999999926e-02	1.103534180000000087e-02
7.505618000000000000e+09	-1.394633649999999989e-02	1.121082250000000023e-02
7.505648000000000000e+09	-1.383900809999999947e-02	1.137735089999999949e-02
7.505678000000000000e+09	-1.369974160000000073e-02	1.153309500000000015e-02
7.505708000000000000e+09	-1.355442440000000082e-02	1.166264359999999965e-02
7.505738000000000000e+09	-1.344748840000000063e-02	1.183812950000000079e-02
7.505768000000000000e+09	-1.326993639999999967e-02	1.197998320000000054e-02
7.505798000000000000e+09	-1.315868539999999996e-02	1.215708809999999952e-02
7.505828000000000000e+09	-1.299760099999999925e-02	1.227611479999999970e-02
7.505858000000000000e+09	-1.286613910000000000e-02	1.241534310000000016e-02
7.505888000000000000e+09	-1.272793260000000017e-02	1.255813979999999969e-02
7.505918000000000000e+09	-1.257531500000000010e-02	1.271744659999999964e-02
7.505948000000000000e+09	-1.242185269999999953e-02	1.284499189999999992e-02
7.505978000000000000e+09	-1.226362639999999983e-02	1.297588000000000040e-02
7.506008000000000000e+09	-1.211912570000000036e-02	1.309701779999999927e-02
7.506038000000000000e+09	-1.198007249999999933e-02	1.328259700000000015e-02
7.506068000000000000e+09	-1.182642180000000043e-02	1.339239430000000071e-02
7.506098000000000000e+09	-1.168179469999999949e-02	1.354218509999999959e-02
7.506128000000000000e+09	-1.151414679999999968e-02	1.366526990000000059e-02
7.506158000000000000e+09	-1.137362630000000006e-02	1.379816489999999979e-02
7.506188000000000000e+09	-1.117485019999999926e-02	1.390970109999999961e-02
7.506218000000000000e+09	-1.103478389999999927e-02	1.403085280000000018e-02
7.506248000000000000e+09	-1.087183679999999958e-02	1.416255140000000079e-02
7.506278000000000000e+09	-1.071920980000000065e-02	1.428475119999999925e-02
7.506308000000000000e+09	-1.053669970000000074e-02	1.438158020000000065e-02
7.506338000000000000e+09	-1.036344150000000075e-02	1.452519260000000034e-02
7.506368000000000000e+09	-1.023351750000000074e-02	1.462755569999999936e-02
7.506398000000000000e+09	-1.006793750000000050e-02	1.472073150000000052e-02
7.506428000000000000e+09	-9.879669500000000382e-03	1.483014809999999919e-02
7.506458000000000000e+09	-9.686273900000000325e-03	1.497451799999999916e-02
7.506488000000000000e+09	-9.546702400000000796e-03	1.508345479999999988e-02
