7.489048000000000000e+09	5.090472999999999873e-04	1.049633150000000084e-02
7.489053000000000000e+09	6.130795000000000515e-04	1.050870490000000053e-02
7.489058000000000000e+09	6.734650999999999702e-04	1.047490639999999924e-02
7.489063000000000000e+09	7.147984999999999495e-04	1.050025459999999987e-02
7.489068000000000000e+09	7.543046000000000082e-04	1.049005440000000053e-02
7.489073000000000000e+09	7.819727999999999749e-04	1.048002909999999968e-02
7.489078000000000000e+09	8.122064000000000237e-04	1.044989869999999980e-02
7.489083000000000000e+09	8.463138999999999948e-04	1.043906290000000056e-02
7.489088000000000000e+09	8.777742999999999960e-04	1.043926449999999992e-02
7.489093000000000000e+09	9.035089000000000054e-04	1.040026640000000016e-02
7.489098000000000000e+09	9.161557000000000077e-04	1.038326749999999958e-02
7.489103000000000000e+09	9.660507000000000035e-04	1.036145429999999965e-02
7.489108000000000000e+09	1.003748000000000053e-03	1.038160850000000024e-02
7.489113000000000000e+09	1.032255099999999969e-03	1.033779129999999949e-02
7.489118000000000000e+09	1.062295100000000027e-03	1.035612900000000038e-02
7.489123000000000000e+09	1.099045000000000100e-03	1.032424950000000036e-02
7.489128000000000000e+09	1.082173099999999893e-03	1.031702739999999958e-02
7.489133000000000000e+09	1.132912899999999898e-03	1.031515530000000000e-02
7.489138000000000000e+09	1.144029300000000068e-03	1.030480899999999984e-02
7.489143000000000000e+09	1.152180399999999964e-03	1.026724719999999938e-02
7.489148000000000000e+09	1.214471099999999987e-03	1.027157490000000020e-02
7.489153000000000000e+09	1.230657000000000018e-03	1.024085949999999946e-02
7.489158000000000000e+09	1.244862399999999928e-03	1.023129050000000026e-02
7.489163000000000000e+09	1.290942700000000023e-03	1.021470900000000064e-02
7.489168000000000000e+09	1.317164100000000043e-03	1.021635109999999985e-02
7.489173000000000000e+09	1.322960399999999898e-03	1.018833809999999951e-02
7.489178000000000000e+09	1.366204700000000008e-03	1.017666910000000063e-02
7.489183000000000000e+09	1.385048399999999971e-03	1.015517500000000066e-02
7.489188000000000000e+09	1.398062899999999919e-03	1.014464389999999994e-02
7.489193000000000000e+09	1.422093099999999959e-03	1.013246660000000077e-02
7.489198000000000000e+09	1.462285600000000005e-03	1.010706249999999973e-02
7.489203000000000000e+09	1.479576299999999910e-03	1.010207079999999973e-02
7.489208000000000000e+09	1.507885399999999961e-03	1.007725450000000050e-02
7.489213000000000000e+09	1.529343899999999938e-03	1.007831489999999955e-02
7.489218000000000000e+09	1.559584500000000097e-03	1.005819389999999987e-02
7.489223000000000000e+09	1.566315800000000038e-03	1.004307079999999970e-02
7.489228000000000000e+09	1.595784999999999955e-03	1.002502660000000045e-02
7.489233000000000000e+09	1.641314600000000042e-03	9.984718099999999666e-03
7.489238000000000000e+09	1.650083600000000093e-03	9.991200599999999765e-03
7.489243000000000000e+09	1.668214500000000065e-03	9.969778199999999521e-03
7.489248000000000000e+09	1.697013700000000059e-03	9.968410900000000338e-03
7.489253000000000000e+09	1.738069999999999980e-03	9.947477799999999981e-03
7.489258000000000000e+09	1.754497399999999964e-03	9.928432799999999461e-03
7.489263000000000000e+09	1.765715599999999937e-03	9.917395799999999262e-03
7.489268000000000000e+09	1.791640900000000033e-03	9.889693700000000420e-03
7.489273000000000000e+09	1.825408699999999957e-03	9.860572099999999340e-03
7.489278000000000000e+09	1.866036900000000043e-03	9.850207399999999849e-03
7.489283000000000000e+09	1.858058899999999979e-03	9.839048300000000080e-03
7.489288000000000000e+09	1.898083100000000096e-03	9.827820200000000200e-03
7.489293000000000000e+09	1.942917599999999939e-03	9.795748700000000628e-03
7.489298000000000000e+09	1.935987400000000044e-03	9.796089100000000480e-03
7.489303000000000000e+09	1.966484599999999885e-03	9.769042599999999688e-03
7.489308000000000000e+09	2.001757900000000149e-03	9.736062099999999789e-03
7.489313000000000000e+09	1.993673200000000128e-03	9.739445500000000824e-03
7.489318000000000000e+09	2.048017100000000101e-03	9.730485900000000396e-03
7.489323000000000000e+09	2.057503999999999930e-03	9.671535999999999675e-03
7.489328000000000000e+09	2.064237699999999821e-03	9.690390300000000651e-03
7.489333000000000000e+09	2.101628999999999824e-03	9.662072199999999916e-03
7.489338000000000000e+09	2.119843699999999966e-03	9.640694400000000136e-03
7.489343000000000000e+09	2.148211599999999902e-03	9.638627400000000442e-03
7.489348000000000000e+09	2.165598500000000086e-03	9.592666399999999829e-03
7.489353000000000000e+09	2.198522899999999936e-03	9.627472700000000438e-03
7.489358000000000000e+09	2.221378999999999888e-03	9.571162299999999915e-03
7.489363000000000000e+09	2.234081699999999979e-03	9.571478200000000519e-03
7.489368000000000000e+09	2.264421999999999876e-03	9.556966499999999809e-03
7.489373000000000000e+09	2.286619000000000151e-03	9.523944200000000401e-03
7.489378000000000000e+09	2.312728899999999879e-03	9.508030699999999585e-03
7.489383000000000000e+09	2.337455799999999841e-03	9.496906799999999677e-03
7.489388000000000000e+09	2.362307000000000122e-03	9.454533399999999477e-03
7.489393000000000000e+09	2.358006800000000003e-03	9.443310499999999635e-03
7.489398000000000000e+09	2.410779799999999886e-03	9.450807300000000841e-03
7.489403000000000000e+09	2.405705199999999804e-03	9.404602700000000426e-03
7.489408000000000000e+09	2.442083600000000045e-03	9.417394100000000406e-03
7.489413000000000000e+09	2.433451300000000206e-03	9.400405000000000566e-03
7.489418000000000000e+09	2.492763900000000143e-03	9.370256100000000019e-03
7.489423000000000000e+09	2.498635500000000089e-03	9.357214900000000724e-03
7.489428000000000000e+09	2.533430200000000212e-03	9.318260300000000620e-03
7.489433000000000000e+09	2.553087700000000130e-03	9.314165900000000858e-03
7.489438000000000000e+09	2.572878099999999831e-03	9.293591400000000488e-03
7.489443000000000000e+09	2.595987699999999926e-03	9.240339999999999665e-03
7.489448000000000000e+09	2.615731999999999953e-03	9.270717600000000572e-03
7.489453000000000000e+09	2.640364599999999850e-03	9.206975299999999723e-03
7.489458000000000000e+09	2.644851499999999883e-03	9.213519400000000012e-03
7.489463000000000000e+09	2.672010199999999905e-03	9.180302899999999433e-03
7.489468000000000000e+09	2.703930199999999857e-03	9.188873800000000452e-03
7.489473000000000000e+09	2.715937199999999933e-03	9.152851899999999916e-03
7.489478000000000000e+09	2.740773299999999836e-03	9.125021100000000121e-03
7.489483000000000000e+09	2.762192000000000119e-03	9.108472899999999275e-03
7.489488000000000000e+09	2.788082099999999921e-03	9.113793000000000241e-03
7.489493000000000000e+09	2.783128800000000003e-03	9.067951899999999316e-03
7.489498000000000000e+09	2.806225400000000002e-03	9.054851200000000114e-03
7.489503000000000000e+09	2.832026100000000109e-03	9.051809200000000138e-03
7.489508000000000000e+09	2.839644799999999948e-03	8.993449199999999782e-03
7.489513000000000000e+09	2.871756599999999819e-03	8.980607599999999163e-03
7.489518000000000000e+09	2.885040100000000208e-03	8.959220299999999179e-03
7.489523000000000000e+09	2.923118299999999826e-03	8.925860299999999539e-03
7.489528000000000000e+09	2.936267399999999920e-03	8.911061600000000707e-03
7.489533000000000000e+09	2.956011499999999879e-03	8.907250199999999438e-03
7.489538000000000000e+09	2.988160399999999824e-03	8.898894600000000280e-03
7.489543000000000000e+09	3.012768600000000074e-03	8.859747499999999151e-03
7.489548000000000000e+09	3.019337200000000044e-03	8.842873100000000694e-03
7.489553000000000000e+09	3.046269900000000194e-03	8.819261499999999851e-03
7.489558000000000000e+09	3.043745699999999849e-03	8.817228499999999608e-03
7.489563000000000000e+09	3.054904299999999882e-03	8.783313200000000126e-03
7.489568000000000000e+09	3.085671199999999968e-03	8.761338800000000732e-03
7.489573000000000000e+09	3.100950700000000126e-03	8.734111100000000599e-03
7.489578000000000000e+09	3.129260300000000130e-03	8.695158499999999444e-03
7.489583000000000000e+09	3.155307100000000024e-03	8.694349599999999859e-03
7.489588000000000000e+09	3.168001199999999785e-03	8.684507600000000369e-03
7.489593000000000000e+09	3.195623600000000071e-03	8.629581900000000624e-03
7.489598000000000000e+09	3.204753099999999889e-03	8.630123800000000234e-03
7.489603000000000000e+09	3.235801999999999862e-03	8.617952200000000840e-03
7.489608000000000000e+09	3.237336999999999854e-03	8.573568199999999362e-03
7.489613000000000000e+09	3.272375399999999813e-03	8.571693300000000557e-03
7.489618000000000000e+09	3.292876900000000009e-03	8.523571100000000220e-03
7.489623000000000000e+09	3.303985599999999939e-03	8.510494000000000392e-03
7.489628000000000000e+09	3.305687500000000032e-03	8.497727899999999931e-03
7.489633000000000000e+09	3.343862500000000133e-03	8.465653499999999804e-03
7.489638000000000000e+09	3.366719900000000095e-03	8.449619300000000763e-03
7.489643000000000000e+09	3.373421699999999950e-03	8.408216200000000543e-03
7.489648000000000000e+09	3.383407399999999871e-03	8.402626599999999182e-03
7.489653000000000000e+09	3.425886500000000119e-03	8.399403899999999604e-03
7.489658000000000000e+09	3.441121399999999813e-03	8.359054899999999316e-03
7.489663000000000000e+09	3.441552200000000134e-03	8.325554100000000235e-03
7.489668000000000000e+09	3.437906200000000190e-03	8.322162899999999142e-03
7.489673000000000000e+09	3.485349999999999906e-03	8.269470699999999924e-03
7.489678000000000000e+09	3.491756200000000008e-03	8.247170700000000521e-03
7.489683000000000000e+09	3.504464100000000137e-03	8.247962399999999444e-03
7.489688000000000000e+09	3.528024800000000103e-03	8.225301500000000571e-03
7.489693000000000000e+09	3.539587299999999957e-03	8.186382600000000065e-03
7.489698000000000000e+09	3.578876999999999840e-03	8.171761700000000281e-03
7.489703000000000000e+09	3.575799599999999936e-03	8.160085399999999350e-03
7.489708000000000000e+09	3.610331100000000078e-03	8.125822399999999696e-03
7.489713000000000000e+09	3.607954100000000056e-03	8.102527199999999194e-03
7.489718000000000000e+09	3.627385300000000000e-03	8.066171599999999789e-03
7.489723000000000000e+09	3.656775599999999900e-03	8.036378900000000144e-03
7.489728000000000000e+09	3.686244899999999852e-03	8.050477300000000863e-03
7.489733000000000000e+09	3.679989099999999864e-03	7.985967499999999802e-03
7.489738000000000000e+09	3.698982799999999804e-03	7.995878099999999267e-03
7.489743000000000000e+09	3.721005600000000090e-03	7.969551999999999539e-03
7.489748000000000000e+09	3.726491299999999847e-03	7.931387300000000348e-03
7.489753000000000000e+09	3.748905900000000166e-03	7.906050799999999809e-03
7.489758000000000000e+09	3.759166699999999788e-03	7.899122200000000676e-03
7.489763000000000000e+09	3.781543899999999930e-03	7.844242899999999408e-03
7.489768000000000000e+09	3.802584600000000117e-03	7.834852800000000062e-03
7.489773000000000000e+09	3.821731699999999891e-03	7.805812500000000251e-03
7.489778000000000000e+09	3.808157600000000153e-03	7.795414399999999779e-03
7.489783000000000000e+09	3.824095799999999851e-03	7.739781900000000138e-03
7.489788000000000000e+09	3.839206300000000058e-03	7.736573400000000197e-03
7.489793000000000000e+09	3.849771899999999969e-03	7.730208599999999902e-03
7.489798000000000000e+09	3.876355199999999800e-03	7.689439099999999770e-03
7.489803000000000000e+09	3.906598699999999647e-03	7.654282099999999700e-03
7.489808000000000000e+09	3.917865500000000147e-03	7.637517800000000190e-03
7.489813000000000000e+09	3.919025199999999660e-03	7.607054599999999583e-03
7.489818000000000000e+09	3.924532399999999810e-03	7.607878900000000083e-03
7.489823000000000000e+09	3.951105199999999963e-03	7.557681200000000189e-03
7.489828000000000000e+09	3.970281600000000188e-03	7.541851799999999863e-03
7.489833000000000000e+09	3.974970300000000081e-03	7.532316899999999711e-03
7.489838000000000000e+09	3.988768900000000048e-03	7.467866600000000292e-03
7.489843000000000000e+09	4.013931899999999969e-03	7.457568999999999830e-03
7.489848000000000000e+09	4.026034500000000120e-03	7.431049900000000208e-03
7.489853000000000000e+09	4.034974000000000199e-03	7.409033500000000369e-03
7.489858000000000000e+09	4.043862100000000098e-03	7.390925799999999851e-03
7.489863000000000000e+09	4.064939899999999925e-03	7.346460499999999706e-03
7.489868000000000000e+09	4.056200900000000130e-03	7.330973999999999650e-03
7.489873000000000000e+09	4.078463299999999722e-03	7.316884000000000061e-03
7.489878000000000000e+09	4.068850599999999929e-03	7.299268099999999850e-03
7.489883000000000000e+09	4.111329799999999778e-03	7.261792799999999826e-03
7.489888000000000000e+09	4.110356100000000373e-03	7.241842200000000139e-03
7.489893000000000000e+09	4.151532799999999718e-03	7.188459399999999611e-03
7.489898000000000000e+09	4.153336500000000264e-03	7.160058000000000394e-03
7.489903000000000000e+09	4.165063800000000371e-03	7.157977999999999737e-03
7.489908000000000000e+09	4.180810200000000150e-03	7.153556699999999956e-03
7.489913000000000000e+09	4.168665999999999691e-03	7.086214599999999739e-03
7.489918000000000000e+09	4.187720800000000083e-03	7.046967999999999809e-03
7.489923000000000000e+09	4.186541900000000094e-03	7.062531999999999838e-03
7.489928000000000000e+09	4.202831100000000222e-03	7.010342299999999804e-03
7.489933000000000000e+09	4.215433900000000074e-03	7.003421699999999930e-03
7.489938000000000000e+09	4.256987400000000407e-03	6.936361400000000399e-03
7.489943000000000000e+09	4.250049500000000272e-03	6.948558199999999713e-03
7.489948000000000000e+09	4.283127000000000288e-03	6.905300300000000169e-03
7.489953000000000000e+09	4.274719100000000209e-03	6.881735600000000140e-03
7.489958000000000000e+09	4.270625099999999716e-03	6.859531099999999909e-03
7.489963000000000000e+09	4.289861399999999984e-03	6.842980599999999580e-03
7.489968000000000000e+09	4.281031900000000119e-03	6.798307299999999630e-03
7.489973000000000000e+09	4.296167600000000246e-03	6.781845699999999692e-03
7.489978000000000000e+09	4.317731000000000000e-03	6.754259500000000041e-03
7.489983000000000000e+09	4.340258500000000220e-03	6.726952999999999926e-03
7.489988000000000000e+09	4.348412000000000284e-03	6.687621000000000364e-03
7.489993000000000000e+09	4.342686099999999716e-03	6.673405000000000309e-03
7.489998000000000000e+09	4.367405500000000156e-03	6.632212699999999982e-03
7.490003000000000000e+09	4.371390400000000308e-03	6.616942500000000393e-03
7.490008000000000000e+09	4.371430400000000070e-03	6.588866100000000114e-03
7.490013000000000000e+09	4.372457599999999937e-03	6.560844100000000172e-03
7.490018000000000000e+09	4.383519699999999589e-03	6.545153800000000008e-03
7.490023000000000000e+09	4.417208500000000329e-03	6.508980099999999748e-03
7.490028000000000000e+09	4.406074999999999749e-03	6.465912100000000343e-03
7.490033000000000000e+09	4.431598999999999608e-03	6.448419900000000246e-03
7.490038000000000000e+09	4.436136000000000246e-03	6.443302100000000178e-03
7.490043000000000000e+09	4.434798400000000348e-03	6.414038199999999579e-03
7.490048000000000000e+09	4.436986500000000139e-03	6.368194500000000369e-03
7.490053000000000000e+09	4.468465900000000331e-03	6.356038300000000155e-03
7.490058000000000000e+09	4.486281100000000417e-03	6.327267000000000134e-03
7.490063000000000000e+09	4.486936700000000201e-03	6.269625499999999761e-03
7.490068000000000000e+09	4.473292599999999578e-03	6.271907499999999913e-03
7.490073000000000000e+09	4.503312599999999971e-03	6.243890000000000204e-03
7.490078000000000000e+09	4.490285800000000382e-03	6.217016199999999757e-03
7.490083000000000000e+09	4.484570799999999628e-03	6.155436499999999977e-03
7.490088000000000000e+09	4.501093000000000281e-03	6.163071200000000069e-03
7.490093000000000000e+09	4.489298400000000210e-03	6.109944400000000102e-03
7.490098000000000000e+09	4.497293299999999966e-03	6.078596200000000414e-03
7.490103000000000000e+09	4.518864600000000245e-03	6.077499699999999901e-03
7.490108000000000000e+09	4.539236299999999981e-03	6.051655599999999739e-03
7.490113000000000000e+09	4.522774000000000238e-03	5.994173700000000014e-03
7.490118000000000000e+09	4.557667799999999894e-03	5.975231299999999787e-03
7.490123000000000000e+09	4.562996500000000323e-03	5.937385499999999622e-03
7.490128000000000000e+09	4.566249300000000191e-03	5.927800900000000303e-03
7.490133000000000000e+09	4.562520500000000201e-03	5.913697899999999751e-03
7.490138000000000000e+09	4.553805099999999779e-03	5.876073699999999692e-03
7.490143000000000000e+09	4.543713999999999913e-03	5.860643999999999923e-03
7.490148000000000000e+09	4.601503499999999580e-03	5.820239599999999826e-03
7.490153000000000000e+09	4.585825400000000107e-03	5.779308999999999835e-03
7.490158000000000000e+09	4.590254000000000209e-03	5.745180699999999710e-03
7.490163000000000000e+09	4.587800099999999985e-03	5.708587799999999615e-03
7.490168000000000000e+09	4.612145800000000059e-03	5.703454799999999568e-03
7.490173000000000000e+09	4.612130699999999681e-03	5.674659500000000037e-03
7.490178000000000000e+09	4.617219799999999937e-03	5.638402600000000028e-03
7.490183000000000000e+09	4.634060399999999878e-03	5.620199799999999607e-03
7.490188000000000000e+09	4.621254299999999655e-03	5.588791699999999876e-03
7.490193000000000000e+09	4.628047700000000389e-03	5.568409800000000132e-03
7.490198000000000000e+09	4.655640200000000020e-03	5.511269800000000336e-03
7.490203000000000000e+09	4.634761900000000136e-03	5.502405200000000211e-03
7.490208000000000000e+09	4.652818999999999879e-03	5.471101899999999789e-03
7.490213000000000000e+09	4.645996599999999664e-03	5.425008200000000329e-03
7.490218000000000000e+09	4.638822800000000184e-03	5.406290200000000296e-03
7.490223000000000000e+09	4.638931399999999920e-03	5.391211199999999988e-03
7.490228000000000000e+09	4.668860399999999640e-03	5.354222999999999968e-03
7.490233000000000000e+09	4.650390400000000042e-03	5.334108800000000004e-03
7.490238000000000000e+09	4.665549599999999943e-03	5.287749100000000042e-03
7.490243000000000000e+09	4.641699800000000271e-03	5.263451799999999993e-03
7.490248000000000000e+09	4.655837999999999817e-03	5.225348099999999919e-03
7.490253000000000000e+09	4.650291600000000178e-03	5.210549800000000356e-03
7.490258000000000000e+09	4.660589199999999772e-03	5.185767600000000185e-03
7.490263000000000000e+09	4.669348499999999985e-03	5.154837800000000060e-03
7.490268000000000000e+09	4.679776899999999948e-03	5.141959699999999571e-03
7.490273000000000000e+09	4.667904700000000302e-03	5.093995399999999736e-03
7.490278000000000000e+09	4.678003400000000159e-03	5.057220999999999765e-03
7.490283000000000000e+09	4.694734100000000354e-03	5.041283199999999770e-03
7.490288000000000000e+09	4.681993899999999618e-03	5.006608899999999938e-03
7.490293000000000000e+09	4.663579600000000366e-03	4.983539999999999845e-03
7.490298000000000000e+09	4.670672800000000117e-03	4.962741100000000148e-03
7.490303000000000000e+09	4.669081799999999678e-03	4.932145399999999895e-03
7.490308000000000000e+09	4.678648700000000334e-03	4.918791399999999751e-03
7.490313000000000000e+09	4.682750299999999949e-03	4.873418699999999826e-03
7.490318000000000000e+09	4.683253299999999737e-03	4.852655400000000126e-03
7.490323000000000000e+09	4.672687000000000021e-03	4.830359200000000283e-03
7.490328000000000000e+09	4.673818799999999996e-03	4.790330100000000230e-03
7.490333000000000000e+09	4.682271699999999807e-03	4.729771399999999938e-03
7.490338000000000000e+09	4.686954899999999993e-03	4.742044499999999684e-03
7.490343000000000000e+09	4.688597699999999882e-03	4.692126599999999793e-03
7.490348000000000000e+09	4.675377199999999726e-03	4.670627899999999985e-03
7.490353000000000000e+09	4.687408599999999884e-03	4.651691399999999602e-03
7.490358000000000000e+09	4.675734499999999703e-03	4.627225799999999840e-03
7.490363000000000000e+09	4.673089800000000335e-03	4.574831100000000157e-03
7.490368000000000000e+09	4.666703500000000081e-03	4.546937400000000164e-03
7.490373000000000000e+09	4.683593399999999921e-03	4.514966199999999666e-03
7.490378000000000000e+09	4.709256000000000206e-03	4.485499300000000099e-03
7.490383000000000000e+09	4.695315900000000126e-03	4.467603199999999747e-03
7.490388000000000000e+09	4.672633100000000289e-03	4.421837700000000315e-03
7.490393000000000000e+09	4.663915000000000248e-03	4.385912999999999964e-03
7.490398000000000000e+09	4.675330499999999848e-03	4.391111399999999762e-03
7.490403000000000000e+09	4.659594399999999678e-03	4.370890500000000276e-03
7.490408000000000000e+09	4.649131100000000391e-03	4.325613800000000127e-03
7.490413000000000000e+09	4.665853400000000324e-03	4.306704300000000277e-03
7.490418000000000000e+09	4.685571099999999954e-03	4.247562600000000070e-03
7.490423000000000000e+09	4.641618800000000405e-03	4.223105199999999636e-03
7.490428000000000000e+09	4.654194999999999860e-03	4.207207699999999939e-03
7.490433000000000000e+09	4.649059599999999862e-03	4.160788200000000402e-03
7.490438000000000000e+09	4.651973600000000424e-03	4.141831200000000400e-03
7.490443000000000000e+09	4.656335999999999635e-03	4.120247900000000366e-03
7.490448000000000000e+09	4.631267100000000143e-03	4.102552100000000229e-03
7.490453000000000000e+09	4.637529700000000282e-03	4.084354299999999778e-03
7.490458000000000000e+09	4.626072900000000043e-03	4.029390100000000349e-03
7.490463000000000000e+09	4.638733400000000055e-03	4.016904800000000234e-03
7.490468000000000000e+09	4.607048600000000077e-03	3.975136800000000047e-03
7.490473000000000000e+09	4.622332199999999898e-03	3.945271200000000263e-03
7.490478000000000000e+09	4.633725299999999665e-03	3.932738699999999664e-03
7.490483000000000000e+09	4.606428800000000358e-03	3.886385100000000047e-03
7.490488000000000000e+09	4.592043999999999987e-03	3.861679600000000011e-03
7.490493000000000000e+09	4.587259699999999586e-03	3.835841899999999863e-03
7.490498000000000000e+09	4.584182099999999614e-03	3.805285199999999899e-03
7.490503000000000000e+09	4.583520399999999918e-03	3.776641299999999955e-03
7.490508000000000000e+09	4.573618399999999917e-03	3.750400799999999927e-03
7.490513000000000000e+09	4.560078500000000132e-03	3.710163800000000102e-03
7.490518000000000000e+09	4.559548200000000141e-03	3.678901599999999817e-03
7.490523000000000000e+09	4.557025400000000274e-03	3.686461700000000057e-03
7.490528000000000000e+09	4.563550599999999756e-03	3.645241599999999790e-03
7.490533000000000000e+09	4.528548099999999896e-03	3.591838600000000180e-03
7.490538000000000000e+09	4.525900700000000040e-03	3.557700999999999919e-03
7.490543000000000000e+09	4.527888100000000346e-03	3.556649099999999869e-03
7.490548000000000000e+09	4.539370299999999706e-03	3.488981800000000213e-03
7.490553000000000000e+09	4.532471500000000326e-03	3.490443000000000191e-03
7.490558000000000000e+09	4.512015400000000433e-03	3.455047799999999992e-03
7.490563000000000000e+09	4.493788500000000033e-03	3.425437300000000029e-03
7.490568000000000000e+09	4.494123600000000246e-03	3.399306800000000215e-03
7.490573000000000000e+09	4.470453299999999769e-03	3.382076800000000192e-03
7.490578000000000000e+09	4.460742799999999585e-03	3.356995299999999873e-03
7.490583000000000000e+09	4.466008799999999883e-03	3.324853200000000078e-03
7.490588000000000000e+09	4.467972500000000347e-03	3.304178200000000131e-03
7.490593000000000000e+09	4.469940799999999777e-03	3.258048700000000172e-03
7.490598000000000000e+09	4.455523099999999896e-03	3.247862600000000002e-03
7.490603000000000000e+09	4.432598700000000072e-03	3.199435599999999810e-03
7.490608000000000000e+09	4.427883900000000386e-03	3.185482299999999999e-03
7.490613000000000000e+09	4.430307399999999785e-03	3.163676399999999951e-03
7.490618000000000000e+09	4.400248399999999969e-03	3.127100600000000050e-03
7.490623000000000000e+09	4.408752000000000157e-03	3.093264100000000117e-03
7.490628000000000000e+09	4.386719100000000329e-03	3.069437500000000117e-03
7.490633000000000000e+09	4.368405799999999957e-03	3.035247899999999905e-03
7.490638000000000000e+09	4.361364099999999987e-03	3.005549799999999994e-03
7.490643000000000000e+09	4.356138699999999656e-03	3.002591599999999972e-03
7.490648000000000000e+09	4.352092899999999986e-03	2.955568400000000134e-03
7.490653000000000000e+09	4.342797199999999871e-03	2.934501400000000086e-03
7.490658000000000000e+09	4.331367200000000098e-03	2.923156399999999808e-03
7.490663000000000000e+09	4.322002499999999872e-03	2.878259399999999902e-03
7.490668000000000000e+09	4.307848399999999675e-03	2.846609899999999818e-03
7.490673000000000000e+09	4.266739200000000364e-03	2.821572100000000090e-03
7.490678000000000000e+09	4.266434700000000177e-03	2.820036900000000030e-03
7.490683000000000000e+09	4.250155200000000320e-03	2.768265399999999925e-03
7.490688000000000000e+09	4.274616900000000053e-03	2.749838499999999845e-03
7.490693000000000000e+09	4.265636700000000406e-03	2.720569099999999973e-03
7.490698000000000000e+09	4.228968799999999889e-03	2.717590199999999831e-03
7.490703000000000000e+09	4.196367999999999800e-03	2.663423700000000071e-03
7.490708000000000000e+09	4.190066499999999840e-03	2.651566699999999971e-03
7.490713000000000000e+09	4.178197800000000087e-03	2.594846999999999952e-03
7.490718000000000000e+09	4.191889100000000326e-03	2.587892899999999930e-03
7.490723000000000000e+09	4.182503700000000414e-03	2.562167100000000211e-03
7.490728000000000000e+09	4.142675099999999777e-03	2.537244499999999868e-03
7.490733000000000000e+09	4.137606299999999938e-03	2.518293400000000144e-03
7.490738000000000000e+09	4.125922399999999886e-03	2.476046400000000113e-03
7.490743000000000000e+09	4.104748699999999882e-03	2.442727000000000006e-03
7.490748000000000000e+09	4.085580099999999715e-03	2.419763499999999859e-03
7.490753000000000000e+09	4.097206800000000211e-03	2.379725300000000172e-03
7.490758000000000000e+09	4.082363900000000184e-03	2.365551999999999933e-03
7.490763000000000000e+09	4.036041100000000229e-03	2.351546200000000000e-03
7.490768000000000000e+09	4.031438299999999704e-03	2.299031699999999796e-03
7.490773000000000000e+09	4.016199899999999684e-03	2.297320099999999865e-03
7.490778000000000000e+09	4.002731199999999892e-03	2.256466700000000179e-03
7.490783000000000000e+09	4.001164100000000230e-03	2.260195999999999907e-03
7.490788000000000000e+09	3.963887099999999740e-03	2.229900999999999845e-03
7.490793000000000000e+09	3.947761499999999889e-03	2.184993499999999828e-03
7.490798000000000000e+09	3.962395399999999769e-03	2.187372800000000200e-03
7.490803000000000000e+09	3.936929599999999807e-03	2.159879799999999805e-03
7.490808000000000000e+09	3.893977800000000128e-03	2.122142899999999912e-03
7.490813000000000000e+09	3.925658099999999873e-03	2.099737500000000128e-03
7.490818000000000000e+09	3.868866099999999919e-03	2.069950999999999996e-03
7.490823000000000000e+09	3.859477899999999920e-03	2.052812599999999984e-03
7.490828000000000000e+09	3.838380399999999880e-03	2.024724099999999916e-03
7.490833000000000000e+09	3.825835300000000189e-03	2.011550100000000004e-03
7.490838000000000000e+09	3.823842999999999947e-03	1.961022199999999834e-03
7.490843000000000000e+09	3.766852599999999992e-03	1.947273299999999902e-03
7.490848000000000000e+09	3.791064299999999908e-03	1.921891800000000063e-03
7.490853000000000000e+09	3.768726000000000020e-03	1.909977900000000076e-03
7.490858000000000000e+09	3.755238499999999889e-03	1.892133899999999926e-03
7.490863000000000000e+09	3.709752199999999823e-03	1.846016899999999893e-03
7.490868000000000000e+09	3.700771099999999869e-03	1.833756900000000061e-03
7.490873000000000000e+09	3.693094499999999801e-03	1.829745999999999933e-03
7.490878000000000000e+09	3.662721399999999995e-03	1.789080300000000069e-03
7.490883000000000000e+09	3.637399700000000166e-03	1.741536099999999943e-03
7.490888000000000000e+09	3.620034099999999873e-03	1.759377400000000039e-03
7.490893000000000000e+09	3.591536900000000081e-03	1.713579499999999967e-03
7.490898000000000000e+09	3.601689800000000205e-03	1.710111700000000075e-03
7.490903000000000000e+09	3.599927199999999796e-03	1.677641300000000000e-03
7.490908000000000000e+09	3.558024600000000114e-03	1.644255399999999985e-03
7.490913000000000000e+09	3.542579000000000127e-03	1.618025900000000022e-03
7.490918000000000000e+09	3.515560100000000073e-03	1.587403100000000069e-03
7.490923000000000000e+09	3.501383399999999976e-03	1.587346799999999952e-03
7.490928000000000000e+09	3.468763200000000210e-03	1.559105600000000071e-03
7.490933000000000000e+09	3.475951100000000162e-03	1.547965600000000093e-03
7.490938000000000000e+09	3.450848399999999986e-03	1.511882300000000085e-03
7.490943000000000000e+09	3.427200599999999809e-03	1.490350899999999968e-03
7.490948000000000000e+09	3.389956600000000164e-03	1.483732599999999964e-03
7.490953000000000000e+09	3.383771499999999998e-03	1.451621400000000081e-03
7.490958000000000000e+09	3.358859400000000200e-03	1.415826200000000088e-03
7.490963000000000000e+09	3.314705900000000129e-03	1.389343900000000005e-03
7.490968000000000000e+09	3.320801300000000063e-03	1.401345999999999929e-03
7.490973000000000000e+09	3.301955300000000183e-03	1.376274600000000018e-03
7.490978000000000000e+09	3.275694500000000172e-03	1.343241700000000032e-03
7.490983000000000000e+09	3.240678600000000079e-03	1.324286999999999947e-03
7.490988000000000000e+09	3.229192499999999823e-03	1.297528800000000105e-03
7.490993000000000000e+09	3.193203999999999834e-03	1.261837200000000096e-03
7.490998000000000000e+09	3.184128500000000216e-03	1.255540299999999970e-03
7.491003000000000000e+09	3.164823499999999939e-03	1.237355199999999947e-03
7.491008000000000000e+09	3.136354000000000052e-03	1.214546099999999976e-03
7.491013000000000000e+09	3.117813499999999832e-03	1.200024600000000044e-03
7.491018000000000000e+09	3.086897800000000178e-03	1.189199400000000078e-03
7.491023000000000000e+09	3.085887299999999934e-03	1.164001700000000033e-03
7.491028000000000000e+09	3.072498600000000100e-03	1.141491699999999925e-03
7.491033000000000000e+09	3.026418999999999811e-03	1.119113699999999944e-03
7.491038000000000000e+09	2.986495799999999874e-03	1.087639600000000041e-03
7.491043000000000000e+09	2.992527100000000068e-03	1.078927300000000027e-03
7.491048000000000000e+09	2.942552199999999823e-03	1.042275600000000047e-03
7.491053000000000000e+09	2.924497600000000065e-03	1.026878699999999971e-03
7.491058000000000000e+09	2.900428699999999839e-03	1.004739699999999958e-03
7.491063000000000000e+09	2.856137700000000151e-03	9.860610999999999161e-04
7.491068000000000000e+09	2.853719800000000060e-03	9.860608000000000307e-04
7.491073000000000000e+09	2.813756399999999859e-03	9.580886000000000480e-04
7.491078000000000000e+09	2.797514499999999814e-03	9.462980000000000393e-04
7.491083000000000000e+09	2.786227899999999934e-03	9.277733000000000030e-04
7.491088000000000000e+09	2.753784000000000006e-03	9.186100000000000428e-04
7.491093000000000000e+09	2.732224100000000145e-03	8.818963999999999883e-04
7.491098000000000000e+09	2.693474899999999828e-03	8.759154999999999589e-04
7.491103000000000000e+09	2.666193500000000032e-03	8.553639000000000251e-04
7.491108000000000000e+09	2.646560799999999897e-03	8.555192999999999999e-04
7.491113000000000000e+09	2.618058600000000135e-03	8.213994999999999543e-04
7.491118000000000000e+09	2.599082799999999794e-03	8.109824999999999760e-04
7.491123000000000000e+09	2.576971300000000051e-03	7.984247999999999996e-04
7.491128000000000000e+09	2.551147699999999942e-03	7.698807999999999693e-04
7.491133000000000000e+09	2.520325900000000216e-03	7.550551999999999871e-04
7.491138000000000000e+09	2.518007899999999931e-03	7.528116000000000278e-04
7.491143000000000000e+09	2.480014200000000071e-03	7.232283000000000158e-04
7.491148000000000000e+09	2.460604199999999984e-03	7.150937000000000005e-04
7.491153000000000000e+09	2.421059799999999984e-03	7.002177999999999961e-04
7.491158000000000000e+09	2.390840400000000115e-03	6.758686000000000294e-04
7.491163000000000000e+09	2.376100999999999821e-03	6.543035999999999471e-04
7.491168000000000000e+09	2.332222100000000149e-03	6.626170000000000020e-04
7.491173000000000000e+09	2.326907799999999860e-03	6.459725000000000363e-04
7.491178000000000000e+09	2.296336999999999857e-03	6.377105999999999790e-04
7.491183000000000000e+09	2.251464400000000032e-03	6.224177000000000225e-04
7.491188000000000000e+09	2.231431299999999968e-03	6.132101999999999518e-04
7.491193000000000000e+09	2.205535199999999856e-03	5.878667999999999871e-04
7.491198000000000000e+09	2.166791700000000181e-03	5.719006999999999910e-04
7.491203000000000000e+09	2.135562699999999942e-03	5.742855999999999959e-04
7.491208000000000000e+09	2.135511399999999796e-03	5.406926999999999740e-04
7.491213000000000000e+09	2.068524899999999844e-03	5.285408000000000337e-04
7.491218000000000000e+09	2.069305999999999923e-03	5.299508000000000083e-04
7.491223000000000000e+09	2.031426399999999941e-03	4.744115000000000029e-04
7.491228000000000000e+09	1.995850100000000002e-03	4.925527999999999981e-04
7.491233000000000000e+09	1.976522000000000088e-03	4.894402000000000171e-04
7.491238000000000000e+09	1.941686800000000032e-03	4.699373999999999977e-04
7.491243000000000000e+09	1.922582400000000073e-03	4.460571999999999888e-04
7.491248000000000000e+09	1.888112699999999972e-03	4.492861999999999811e-04
7.491253000000000000e+09	1.861367100000000090e-03	4.452009000000000153e-04
7.491258000000000000e+09	1.834318500000000100e-03	4.121845000000000175e-04
7.491263000000000000e+09	1.816663999999999952e-03	3.982699999999999934e-04
7.491268000000000000e+09	1.771113300000000043e-03	3.976803000000000217e-04
7.491273000000000000e+09	1.734053599999999928e-03	3.731809000000000103e-04
7.491278000000000000e+09	1.721846200000000035e-03	3.733438999999999747e-04
7.491283000000000000e+09	1.680861600000000062e-03	3.250597999999999942e-04
7.491288000000000000e+09	1.655592800000000057e-03	3.248182000000000066e-04
7.491293000000000000e+09	1.611671999999999974e-03	3.230573000000000147e-04
7.491298000000000000e+09	1.575276299999999905e-03	3.172210000000000177e-04
7.491303000000000000e+09	1.574644199999999895e-03	3.062170999999999925e-04
7.491308000000000000e+09	1.526237699999999971e-03	3.207764000000000210e-04
7.491313000000000000e+09	1.491085799999999906e-03	2.976464999999999970e-04
7.491318000000000000e+09	1.474609900000000079e-03	3.020666000000000193e-04
7.491323000000000000e+09	1.455385000000000012e-03	2.763247000000000142e-04
7.491328000000000000e+09	1.421979899999999955e-03	2.796218000000000271e-04
7.491333000000000000e+09	1.369001199999999967e-03	2.449958000000000235e-04
7.491338000000000000e+09	1.347651399999999977e-03	2.519520999999999827e-04
7.491343000000000000e+09	1.311708300000000074e-03	2.608191000000000047e-04
7.491348000000000000e+09	1.295848899999999925e-03	2.406537000000000097e-04
7.491353000000000000e+09	1.268611100000000035e-03	2.349944999999999877e-04
7.491358000000000000e+09	1.237900199999999963e-03	2.312647000000000086e-04
7.491363000000000000e+09	1.176197300000000022e-03	2.304701999999999944e-04
7.491368000000000000e+09	1.160233199999999949e-03	2.036037000000000036e-04
7.491373000000000000e+09	1.114273800000000099e-03	2.031562000000000049e-04
7.491378000000000000e+09	1.105428500000000050e-03	1.908209000000000012e-04
7.491383000000000000e+09	1.069805500000000015e-03	1.937027999999999981e-04
7.491388000000000000e+09	1.023594600000000054e-03	1.703514999999999901e-04
7.491393000000000000e+09	9.924356000000000497e-04	1.771913999999999922e-04
7.491398000000000000e+09	9.860563000000000140e-04	1.634543999999999982e-04
7.491403000000000000e+09	9.426181999999999530e-04	1.823778000000000074e-04
7.491408000000000000e+09	9.109148999999999545e-04	1.536138999999999896e-04
7.491413000000000000e+09	8.999658999999999480e-04	1.512829999999999947e-04
7.491418000000000000e+09	8.555955999999999978e-04	1.434065000000000101e-04
7.491423000000000000e+09	8.238292999999999831e-04	1.641792999999999952e-04
7.491428000000000000e+09	8.004938000000000504e-04	1.474484000000000027e-04
7.491433000000000000e+09	7.508464999999999541e-04	1.485250999999999987e-04
7.491438000000000000e+09	7.304183999999999590e-04	1.423359000000000072e-04
7.491443000000000000e+09	6.803700000000000199e-04	1.529417999999999999e-04
7.491448000000000000e+09	6.554215999999999862e-04	1.190203999999999964e-04
7.491453000000000000e+09	6.234224000000000232e-04	1.244343000000000022e-04
7.491458000000000000e+09	6.150004000000000148e-04	1.160357999999999979e-04
7.491463000000000000e+09	5.323718999999999977e-04	1.260812999999999951e-04
7.491468000000000000e+09	5.214227999999999572e-04	1.313999999999999955e-04
7.491473000000000000e+09	5.104105000000000491e-04	1.110101999999999964e-04
7.491478000000000000e+09	4.728919000000000048e-04	1.283213000000000008e-04
7.491483000000000000e+09	4.515744000000000247e-04	1.313436999999999873e-04
7.491488000000000000e+09	4.001920000000000065e-04	1.043374000000000016e-04
7.491493000000000000e+09	3.672198000000000107e-04	1.064948999999999958e-04
7.491498000000000000e+09	3.333154000000000173e-04	9.812040000000000334e-05
7.491503000000000000e+09	2.869985000000000136e-04	1.188688999999999962e-04
7.491508000000000000e+09	2.748289000000000005e-04	1.112682000000000064e-04
7.491513000000000000e+09	2.151249000000000043e-04	1.046152999999999943e-04
7.491518000000000000e+09	1.835154999999999881e-04	1.175202999999999936e-04
7.491523000000000000e+09	1.487204000000000000e-04	1.262598999999999937e-04
7.491528000000000000e+09	1.475093000000000075e-04	9.236170000000000035e-05
7.491533000000000000e+09	9.258149999999999442e-05	1.261877000000000116e-04
7.491538000000000000e+09	7.507149999999999435e-05	1.259157999999999914e-04
7.491543000000000000e+09	3.033040000000000017e-05	1.216277000000000010e-04
7.491548000000000000e+09	-7.317899999999999850e-06	1.328506999999999984e-04
7.491553000000000000e+09	-1.286450000000000024e-05	1.167480999999999944e-04
7.491558000000000000e+09	-6.068230000000000005e-05	1.204867999999999998e-04
7.491563000000000000e+09	-9.202740000000000594e-05	1.099903000000000030e-04
7.491568000000000000e+09	-1.622297000000000029e-04	1.349836999999999999e-04
7.491573000000000000e+09	-1.603990999999999870e-04	1.378548000000000002e-04
7.491578000000000000e+09	-1.954779999999999875e-04	1.281773999999999902e-04
7.491583000000000000e+09	-2.360952000000000092e-04	1.465666999999999871e-04
7.491588000000000000e+09	-2.886521999999999873e-04	1.577380999999999933e-04
7.491593000000000000e+09	-3.027106000000000219e-04	1.438122000000000120e-04
7.491598000000000000e+09	-3.390507999999999760e-04	1.478725999999999977e-04
7.491603000000000000e+09	-3.601529999999999922e-04	1.628372000000000001e-04
7.491608000000000000e+09	-3.844809999999999938e-04	1.491712000000000127e-04
7.491613000000000000e+09	-4.254060000000000263e-04	1.772768000000000033e-04
7.491618000000000000e+09	-4.684067000000000092e-04	1.689677000000000052e-04
7.491623000000000000e+09	-4.821075000000000187e-04	1.720982999999999985e-04
7.491628000000000000e+09	-5.240251000000000457e-04	1.771449999999999989e-04
7.491633000000000000e+09	-5.502518000000000296e-04	1.662532000000000094e-04
7.491638000000000000e+09	-6.091360999999999564e-04	1.958666999999999928e-04
7.491643000000000000e+09	-6.140485999999999471e-04	1.927499999999999960e-04
7.491648000000000000e+09	-6.592463999999999703e-04	1.992813000000000126e-04
7.491653000000000000e+09	-7.077255000000000395e-04	1.966392000000000129e-04
7.491658000000000000e+09	-7.142586000000000464e-04	2.381971000000000034e-04
7.491663000000000000e+09	-7.535194999999999740e-04	2.390051999999999932e-04
7.491668000000000000e+09	-8.019131000000000523e-04	2.291518000000000038e-04
7.491673000000000000e+09	-8.157572999999999561e-04	2.281650000000000084e-04
7.491678000000000000e+09	-8.614217000000000402e-04	2.519291999999999799e-04
7.491683000000000000e+09	-9.123364999999999817e-04	2.734754999999999738e-04
7.491688000000000000e+09	-9.300194999999999816e-04	2.680194000000000109e-04
7.491693000000000000e+09	-9.880507000000001046e-04	2.687627999999999740e-04
7.491698000000000000e+09	-9.895209999999999336e-04	2.992882999999999785e-04
7.491703000000000000e+09	-1.045797200000000071e-03	2.932379999999999731e-04
7.491708000000000000e+09	-1.059438800000000059e-03	2.900496000000000020e-04
7.491713000000000000e+09	-1.119110599999999971e-03	3.180373000000000119e-04
7.491718000000000000e+09	-1.116014000000000025e-03	3.303410000000000005e-04
7.491723000000000000e+09	-1.170357599999999896e-03	3.439911000000000140e-04
7.491728000000000000e+09	-1.207806000000000071e-03	3.524062999999999805e-04
7.491733000000000000e+09	-1.202915400000000067e-03	3.585978999999999773e-04
7.491738000000000000e+09	-1.262577599999999958e-03	3.750366000000000203e-04
7.491743000000000000e+09	-1.285488999999999903e-03	3.946102999999999850e-04
7.491748000000000000e+09	-1.313322600000000001e-03	4.127609000000000074e-04
7.491753000000000000e+09	-1.342817399999999975e-03	3.993075999999999917e-04
7.491758000000000000e+09	-1.384952399999999978e-03	4.073408000000000150e-04
7.491763000000000000e+09	-1.426917200000000054e-03	4.277686000000000162e-04
7.491768000000000000e+09	-1.450408899999999909e-03	4.373436000000000185e-04
7.491773000000000000e+09	-1.473954499999999930e-03	4.403688999999999911e-04
7.491778000000000000e+09	-1.530564299999999985e-03	4.552887000000000036e-04
7.491783000000000000e+09	-1.549260900000000094e-03	4.855422999999999879e-04
7.491788000000000000e+09	-1.593110000000000012e-03	5.107398000000000189e-04
7.491793000000000000e+09	-1.608785099999999980e-03	5.111201000000000329e-04
7.491798000000000000e+09	-1.648857799999999939e-03	5.344489999999999918e-04
7.491803000000000000e+09	-1.666776299999999907e-03	5.590442999999999628e-04
7.491808000000000000e+09	-1.706968699999999919e-03	5.461460999999999920e-04
7.491813000000000000e+09	-1.751503800000000013e-03	5.698053999999999706e-04
7.491818000000000000e+09	-1.766192399999999899e-03	5.983587000000000281e-04
7.491823000000000000e+09	-1.808380899999999930e-03	6.174438000000000192e-04
7.491828000000000000e+09	-1.825145100000000057e-03	6.412282000000000485e-04
7.491833000000000000e+09	-1.873446800000000021e-03	6.498978000000000307e-04
7.491838000000000000e+09	-1.901416099999999991e-03	6.564230000000000542e-04
7.491843000000000000e+09	-1.882993199999999975e-03	6.734431999999999831e-04
7.491848000000000000e+09	-1.947679400000000040e-03	6.901411999999999781e-04
7.491853000000000000e+09	-1.985769300000000178e-03	6.930623000000000339e-04
7.491858000000000000e+09	-2.010749699999999848e-03	7.055300000000000026e-04
7.491863000000000000e+09	-2.059292900000000200e-03	7.283934999999999845e-04
7.491868000000000000e+09	-2.088669999999999936e-03	7.416417000000000452e-04
7.491873000000000000e+09	-2.111388499999999804e-03	7.648480000000000469e-04
7.491878000000000000e+09	-2.145286699999999960e-03	7.732588000000000308e-04
7.491883000000000000e+09	-2.171466800000000207e-03	8.192250000000000313e-04
7.491888000000000000e+09	-2.194567399999999835e-03	8.229694999999999545e-04
7.491893000000000000e+09	-2.248687799999999921e-03	8.420704000000000210e-04
7.491898000000000000e+09	-2.262127999999999969e-03	8.649982000000000287e-04
7.491903000000000000e+09	-2.269223400000000036e-03	8.855084000000000479e-04
7.491908000000000000e+09	-2.309692099999999942e-03	9.072998999999999561e-04
7.491913000000000000e+09	-2.336563800000000107e-03	9.251050999999999936e-04
7.491918000000000000e+09	-2.399913699999999851e-03	9.526320999999999487e-04
7.491923000000000000e+09	-2.415934199999999858e-03	9.763341999999999941e-04
7.491928000000000000e+09	-2.421927500000000105e-03	9.760812000000000221e-04
7.491933000000000000e+09	-2.470133700000000029e-03	1.019105499999999921e-03
7.491938000000000000e+09	-2.490498700000000083e-03	1.025364400000000099e-03
7.491943000000000000e+09	-2.503372299999999905e-03	1.057551500000000061e-03
7.491948000000000000e+09	-2.563851800000000077e-03	1.090795999999999997e-03
7.491953000000000000e+09	-2.592722100000000029e-03	1.099069399999999964e-03
7.491958000000000000e+09	-2.607452499999999857e-03	1.108239000000000012e-03
7.491963000000000000e+09	-2.649782500000000002e-03	1.131758299999999955e-03
7.491968000000000000e+09	-2.682378599999999790e-03	1.163417900000000013e-03
7.491973000000000000e+09	-2.679494799999999986e-03	1.186419100000000006e-03
7.491978000000000000e+09	-2.691035799999999881e-03	1.175865799999999952e-03
7.491983000000000000e+09	-2.722228299999999816e-03	1.224577500000000084e-03
7.491988000000000000e+09	-2.805254699999999886e-03	1.243982100000000065e-03
7.491993000000000000e+09	-2.797815500000000108e-03	1.272417099999999896e-03
7.491998000000000000e+09	-2.825459599999999988e-03	1.306309700000000094e-03
7.492003000000000000e+09	-2.877012100000000006e-03	1.316785700000000026e-03
7.492008000000000000e+09	-2.893705600000000093e-03	1.347100099999999981e-03
7.492013000000000000e+09	-2.912409600000000123e-03	1.375105900000000037e-03
7.492018000000000000e+09	-2.950795300000000083e-03	1.421948300000000021e-03
7.492023000000000000e+09	-2.982155299999999891e-03	1.447296899999999916e-03
7.492028000000000000e+09	-2.980627400000000152e-03	1.448873399999999964e-03
7.492033000000000000e+09	-3.060526899999999918e-03	1.486013999999999911e-03
7.492038000000000000e+09	-3.039520200000000050e-03	1.500465899999999962e-03
7.492043000000000000e+09	-3.082643500000000099e-03	1.540924400000000076e-03
7.492048000000000000e+09	-3.101361600000000166e-03	1.567517899999999915e-03
7.492053000000000000e+09	-3.143739799999999834e-03	1.597065699999999965e-03
7.492058000000000000e+09	-3.154781100000000199e-03	1.615079900000000040e-03
7.492063000000000000e+09	-3.173300300000000095e-03	1.636019100000000092e-03
7.492068000000000000e+09	-3.210292100000000041e-03	1.654326999999999924e-03
7.492073000000000000e+09	-3.231411899999999879e-03	1.696440900000000104e-03
7.492078000000000000e+09	-3.267202299999999969e-03	1.727741999999999993e-03
7.492083000000000000e+09	-3.262835999999999861e-03	1.759312500000000026e-03
7.492088000000000000e+09	-3.302179699999999943e-03	1.778631300000000021e-03
7.492093000000000000e+09	-3.311897199999999913e-03	1.807612299999999993e-03
7.492098000000000000e+09	-3.326874599999999835e-03	1.851528700000000093e-03
7.492103000000000000e+09	-3.381775400000000195e-03	1.868510799999999932e-03
7.492108000000000000e+09	-3.393872899999999908e-03	1.898002900000000069e-03
7.492113000000000000e+09	-3.435495800000000054e-03	1.946201399999999970e-03
7.492118000000000000e+09	-3.455264699999999797e-03	1.944236700000000033e-03
7.492123000000000000e+09	-3.473651400000000045e-03	1.982528500000000065e-03
7.492128000000000000e+09	-3.495798699999999853e-03	2.010857999999999916e-03
7.492133000000000000e+09	-3.515624599999999950e-03	2.062720100000000126e-03
7.492138000000000000e+09	-3.552020800000000190e-03	2.073825999999999968e-03
7.492143000000000000e+09	-3.550951399999999810e-03	2.080196400000000004e-03
7.492148000000000000e+09	-3.588376800000000165e-03	2.118584399999999882e-03
7.492153000000000000e+09	-3.596478399999999877e-03	2.176024300000000029e-03
7.492158000000000000e+09	-3.639208200000000181e-03	2.199029800000000187e-03
7.492163000000000000e+09	-3.654847100000000164e-03	2.237634899999999937e-03
7.492168000000000000e+09	-3.662975100000000206e-03	2.268838999999999925e-03
7.492173000000000000e+09	-3.709465600000000102e-03	2.292021600000000194e-03
7.492178000000000000e+09	-3.731294000000000017e-03	2.337803099999999877e-03
7.492183000000000000e+09	-3.753191900000000213e-03	2.356407100000000067e-03
7.492188000000000000e+09	-3.758777999999999946e-03	2.384596899999999985e-03
7.492193000000000000e+09	-3.767268600000000037e-03	2.437858299999999881e-03
7.492198000000000000e+09	-3.789782599999999991e-03	2.470396900000000010e-03
7.492203000000000000e+09	-3.820191899999999998e-03	2.462930199999999962e-03
7.492208000000000000e+09	-3.829762600000000215e-03	2.505017600000000212e-03
7.492213000000000000e+09	-3.861154800000000161e-03	2.538007200000000178e-03
7.492218000000000000e+09	-3.893533499999999974e-03	2.575328799999999831e-03
7.492223000000000000e+09	-3.888552500000000151e-03	2.617118600000000080e-03
7.492228000000000000e+09	-3.938267700000000308e-03	2.659897699999999848e-03
7.492233000000000000e+09	-3.928999699999999665e-03	2.703439000000000189e-03
7.492238000000000000e+09	-3.981221400000000202e-03	2.717486700000000099e-03
7.492243000000000000e+09	-3.988421699999999612e-03	2.749218800000000160e-03
7.492248000000000000e+09	-3.976296399999999960e-03	2.769843100000000165e-03
7.492253000000000000e+09	-4.007896700000000180e-03	2.814646200000000143e-03
7.492258000000000000e+09	-4.028887200000000161e-03	2.841852199999999815e-03
7.492263000000000000e+09	-4.036911899999999671e-03	2.885060300000000157e-03
7.492268000000000000e+09	-4.065263599999999720e-03	2.930178900000000169e-03
7.492273000000000000e+09	-4.061042499999999687e-03	2.955320500000000166e-03
7.492278000000000000e+09	-4.098783100000000408e-03	2.998363100000000017e-03
7.492283000000000000e+09	-4.101658499999999950e-03	3.032869899999999976e-03
7.492288000000000000e+09	-4.120787400000000024e-03	3.083768499999999923e-03
7.492293000000000000e+09	-4.116508100000000094e-03	3.102634600000000152e-03
7.492298000000000000e+09	-4.158727699999999888e-03	3.153940999999999949e-03
7.492303000000000000e+09	-4.177303700000000071e-03	3.165794400000000123e-03
7.492308000000000000e+09	-4.197245799999999895e-03	3.215048600000000069e-03
7.492313000000000000e+09	-4.211987999999999843e-03	3.245201200000000143e-03
7.492318000000000000e+09	-4.230338200000000222e-03	3.290637400000000039e-03
7.492323000000000000e+09	-4.228774599999999585e-03	3.315323099999999829e-03
7.492328000000000000e+09	-4.262052900000000422e-03	3.367899199999999788e-03
7.492333000000000000e+09	-4.288752600000000047e-03	3.406120099999999928e-03
7.492338000000000000e+09	-4.273188600000000018e-03	3.437206600000000146e-03
7.492343000000000000e+09	-4.302424800000000278e-03	3.463792399999999962e-03
7.492348000000000000e+09	-4.305385899999999988e-03	3.523633999999999881e-03
7.492353000000000000e+09	-4.303789199999999773e-03	3.539851899999999982e-03
7.492358000000000000e+09	-4.331143699999999777e-03	3.597860500000000204e-03
7.492363000000000000e+09	-4.335545500000000281e-03	3.612335500000000109e-03
7.492368000000000000e+09	-4.341339199999999683e-03	3.661202100000000154e-03
7.492373000000000000e+09	-4.383173599999999961e-03	3.692809799999999861e-03
7.492378000000000000e+09	-4.388438599999999919e-03	3.752496799999999969e-03
7.492383000000000000e+09	-4.395641999999999952e-03	3.760247400000000118e-03
7.492388000000000000e+09	-4.408301199999999954e-03	3.777498499999999964e-03
7.492393000000000000e+09	-4.408092599999999944e-03	3.847291499999999816e-03
7.492398000000000000e+09	-4.437054900000000045e-03	3.878154200000000044e-03
7.492403000000000000e+09	-4.438216400000000172e-03	3.921258900000000255e-03
7.492408000000000000e+09	-4.430973399999999646e-03	3.964223000000000226e-03
7.492413000000000000e+09	-4.466211099999999913e-03	3.986192700000000186e-03
7.492418000000000000e+09	-4.477931099999999699e-03	4.049785000000000190e-03
7.492423000000000000e+09	-4.499359399999999787e-03	4.100218699999999897e-03
7.492428000000000000e+09	-4.487700699999999654e-03	4.127004899999999962e-03
7.492433000000000000e+09	-4.516857600000000195e-03	4.153764300000000430e-03
7.492438000000000000e+09	-4.515499400000000212e-03	4.201008699999999804e-03
7.492443000000000000e+09	-4.518977300000000079e-03	4.254655100000000016e-03
7.492448000000000000e+09	-4.511825199999999758e-03	4.299509099999999570e-03
7.492453000000000000e+09	-4.534936899999999702e-03	4.315123100000000170e-03
7.492458000000000000e+09	-4.541719199999999686e-03	4.360305299999999752e-03
7.492463000000000000e+09	-4.547477000000000290e-03	4.409401700000000097e-03
7.492468000000000000e+09	-4.559216100000000084e-03	4.433606500000000263e-03
7.492473000000000000e+09	-4.572789199999999915e-03	4.487061799999999927e-03
7.492478000000000000e+09	-4.570495499999999676e-03	4.526817699999999625e-03
7.492483000000000000e+09	-4.585810699999999865e-03	4.552873500000000420e-03
7.492488000000000000e+09	-4.589569800000000213e-03	4.611214800000000037e-03
7.492493000000000000e+09	-4.569203899999999853e-03	4.640065500000000245e-03
7.492498000000000000e+09	-4.599143299999999650e-03	4.698426099999999939e-03
7.492503000000000000e+09	-4.605437199999999620e-03	4.745087900000000136e-03
7.492508000000000000e+09	-4.611905300000000013e-03	4.759856500000000414e-03
7.492513000000000000e+09	-4.614825999999999824e-03	4.801677399999999991e-03
7.492518000000000000e+09	-4.611032900000000025e-03	4.825232399999999748e-03
7.492523000000000000e+09	-4.632610300000000216e-03	4.878557399999999648e-03
7.492528000000000000e+09	-4.653863299999999939e-03	4.915039000000000387e-03
7.492533000000000000e+09	-4.624365000000000073e-03	4.970138199999999881e-03
7.492538000000000000e+09	-4.634864800000000097e-03	5.008530899999999626e-03
7.492543000000000000e+09	-4.653977499999999851e-03	5.050787800000000431e-03
7.492548000000000000e+09	-4.661578399999999692e-03	5.110408399999999580e-03
7.492553000000000000e+09	-4.642441500000000359e-03	5.130049999999999714e-03
7.492558000000000000e+09	-4.658319999999999649e-03	5.164108199999999788e-03
7.492563000000000000e+09	-4.648898799999999672e-03	5.237895700000000029e-03
7.492568000000000000e+09	-4.662056700000000165e-03	5.242947199999999607e-03
7.492573000000000000e+09	-4.678156900000000028e-03	5.296274099999999721e-03
7.492578000000000000e+09	-4.639073100000000102e-03	5.322410799999999914e-03
7.492583000000000000e+09	-4.634375399999999742e-03	5.364636100000000352e-03
7.492588000000000000e+09	-4.667826499999999657e-03	5.400147200000000175e-03
7.492593000000000000e+09	-4.645151299999999810e-03	5.456208500000000322e-03
7.492598000000000000e+09	-4.664010900000000424e-03	5.513551999999999689e-03
7.492603000000000000e+09	-4.650167299999999858e-03	5.566792000000000094e-03
7.492608000000000000e+09	-4.636603100000000026e-03	5.596064900000000293e-03
7.492613000000000000e+09	-4.663519700000000323e-03	5.623617699999999830e-03
7.492618000000000000e+09	-4.644848099999999633e-03	5.660680500000000136e-03
7.492623000000000000e+09	-4.675625699999999899e-03	5.716194299999999631e-03
7.492628000000000000e+09	-4.641979099999999671e-03	5.773864400000000216e-03
7.492633000000000000e+09	-4.683040900000000166e-03	5.790601999999999729e-03
7.492638000000000000e+09	-4.657597000000000299e-03	5.842098599999999767e-03
7.492643000000000000e+09	-4.635468700000000032e-03	5.873713099999999625e-03
7.492648000000000000e+09	-4.655099999999999690e-03	5.938465199999999611e-03
7.492653000000000000e+09	-4.636109299999999905e-03	5.985905199999999766e-03
7.492658000000000000e+09	-4.644604699999999899e-03	6.000359700000000053e-03
7.492663000000000000e+09	-4.638673299999999944e-03	6.065582199999999986e-03
7.492668000000000000e+09	-4.654405599999999685e-03	6.102751400000000145e-03
7.492673000000000000e+09	-4.643074999999999980e-03	6.134103299999999794e-03
7.492678000000000000e+09	-4.650885500000000172e-03	6.172862399999999583e-03
7.492683000000000000e+09	-4.635497899999999581e-03	6.229184500000000194e-03
7.492688000000000000e+09	-4.634822999999999721e-03	6.243865799999999758e-03
7.492693000000000000e+09	-4.628883399999999572e-03	6.322318900000000255e-03
7.492698000000000000e+09	-4.628048699999999863e-03	6.340265000000000310e-03
7.492703000000000000e+09	-4.610193000000000277e-03	6.377907300000000036e-03
7.492708000000000000e+09	-4.582895200000000092e-03	6.445216699999999944e-03
7.492713000000000000e+09	-4.627234200000000103e-03	6.478521200000000174e-03
7.492718000000000000e+09	-4.595317100000000272e-03	6.529153099999999814e-03
7.492723000000000000e+09	-4.580292199999999765e-03	6.576088600000000103e-03
7.492728000000000000e+09	-4.574892300000000210e-03	6.596773700000000025e-03
7.492733000000000000e+09	-4.581385599999999655e-03	6.645266399999999636e-03
7.492738000000000000e+09	-4.571587099999999820e-03	6.705939999999999644e-03
7.492743000000000000e+09	-4.552291400000000113e-03	6.713242700000000146e-03
7.492748000000000000e+09	-4.544108300000000364e-03	6.770146799999999729e-03
7.492753000000000000e+09	-4.535087400000000282e-03	6.816203600000000050e-03
7.492758000000000000e+09	-4.523199500000000053e-03	6.847356500000000359e-03
7.492763000000000000e+09	-4.524875999999999725e-03	6.882956699999999775e-03
7.492768000000000000e+09	-4.524284800000000217e-03	6.913443299999999687e-03
7.492773000000000000e+09	-4.496445400000000092e-03	6.996792600000000147e-03
7.492778000000000000e+09	-4.498737699999999853e-03	7.008560700000000289e-03
7.492783000000000000e+09	-4.476612799999999878e-03	7.088689199999999649e-03
7.492788000000000000e+09	-4.485133599999999859e-03	7.097879500000000251e-03
7.492793000000000000e+09	-4.480854700000000065e-03	7.162828599999999761e-03
7.492798000000000000e+09	-4.443428099999999735e-03	7.183337799999999981e-03
7.492803000000000000e+09	-4.449841500000000123e-03	7.254347399999999668e-03
7.492808000000000000e+09	-4.451894599999999848e-03	7.288508200000000034e-03
7.492813000000000000e+09	-4.416174600000000346e-03	7.318913100000000276e-03
7.492818000000000000e+09	-4.425701599999999972e-03	7.349649500000000370e-03
7.492823000000000000e+09	-4.411337700000000223e-03	7.416505500000000056e-03
7.492828000000000000e+09	-4.374619800000000003e-03	7.460666900000000219e-03
7.492833000000000000e+09	-4.384564500000000253e-03	7.475636800000000186e-03
7.492838000000000000e+09	-4.362180400000000360e-03	7.546730100000000226e-03
7.492843000000000000e+09	-4.330455399999999684e-03	7.539504600000000029e-03
7.492848000000000000e+09	-4.352366899999999747e-03	7.619067799999999606e-03
7.492853000000000000e+09	-4.308786400000000349e-03	7.641125200000000416e-03
7.492858000000000000e+09	-4.296621399999999737e-03	7.660776099999999818e-03
7.492863000000000000e+09	-4.282344199999999629e-03	7.731911200000000234e-03
7.492868000000000000e+09	-4.273034299999999876e-03	7.785662500000000222e-03
7.492873000000000000e+09	-4.260871200000000344e-03	7.802462599999999797e-03
7.492878000000000000e+09	-4.247802499999999912e-03	7.851305100000000731e-03
7.492883000000000000e+09	-4.247012199999999731e-03	7.915309800000000853e-03
7.492888000000000000e+09	-4.214378999999999868e-03	7.943509600000000712e-03
7.492893000000000000e+09	-4.219630900000000129e-03	7.986446399999999612e-03
7.492898000000000000e+09	-4.193970200000000058e-03	8.019491800000000392e-03
7.492903000000000000e+09	-4.143655700000000233e-03	8.057869800000000762e-03
7.492908000000000000e+09	-4.156598499999999800e-03	8.095365300000000736e-03
7.492913000000000000e+09	-4.141390000000000002e-03	8.131348899999999921e-03
7.492918000000000000e+09	-4.129877199999999748e-03	8.168532500000000654e-03
7.492923000000000000e+09	-4.087186500000000201e-03	8.232259800000000724e-03
7.492928000000000000e+09	-4.075241500000000017e-03	8.262961600000000295e-03
7.492933000000000000e+09	-4.085115299999999942e-03	8.292280600000000168e-03
7.492938000000000000e+09	-4.062392399999999876e-03	8.349545099999999484e-03
7.492943000000000000e+09	-4.035102999999999954e-03	8.391603100000000551e-03
7.492948000000000000e+09	-4.024235000000000138e-03	8.425806500000000698e-03
7.492953000000000000e+09	-3.996548200000000009e-03	8.452842299999999143e-03
7.492958000000000000e+09	-3.958811999999999921e-03	8.492026700000000414e-03
7.492963000000000000e+09	-3.963131899999999819e-03	8.557379500000000111e-03
7.492968000000000000e+09	-3.938133600000000116e-03	8.597428000000000708e-03
7.492973000000000000e+09	-3.915635800000000048e-03	8.622341500000000117e-03
7.492978000000000000e+09	-3.916762399999999984e-03	8.675348700000000066e-03
7.492983000000000000e+09	-3.890958400000000053e-03	8.709223900000000185e-03
7.492988000000000000e+09	-3.845537400000000137e-03	8.751620099999999486e-03
7.492993000000000000e+09	-3.838732499999999818e-03	8.783235900000000221e-03
7.492998000000000000e+09	-3.808900500000000217e-03	8.812192899999999815e-03
7.493003000000000000e+09	-3.799869400000000126e-03	8.864012399999999375e-03
7.493008000000000000e+09	-3.773866299999999955e-03	8.901909700000000189e-03
7.493013000000000000e+09	-3.755166900000000193e-03	8.931484599999999288e-03
7.493018000000000000e+09	-3.750607300000000088e-03	8.963264599999999638e-03
7.493023000000000000e+09	-3.705438100000000168e-03	9.017733499999999736e-03
7.493028000000000000e+09	-3.675626500000000151e-03	9.053339900000000398e-03
7.493033000000000000e+09	-3.641179300000000132e-03	9.084709599999999177e-03
7.493038000000000000e+09	-3.643129699999999964e-03	9.148957699999999901e-03
7.493043000000000000e+09	-3.633659300000000123e-03	9.151817399999999728e-03
7.493048000000000000e+09	-3.600499499999999797e-03	9.225893100000000235e-03
7.493053000000000000e+09	-3.568138499999999949e-03	9.255183599999999497e-03
7.493058000000000000e+09	-3.555141300000000046e-03	9.294922500000000337e-03
7.493063000000000000e+09	-3.538083400000000163e-03	9.321819300000000821e-03
7.493068000000000000e+09	-3.503858099999999920e-03	9.361724899999999960e-03
7.493073000000000000e+09	-3.488079299999999935e-03	9.382648000000000377e-03
7.493078000000000000e+09	-3.466216399999999965e-03	9.452665199999999920e-03
7.493083000000000000e+09	-3.440835599999999932e-03	9.468487600000000462e-03
7.493088000000000000e+09	-3.387058300000000185e-03	9.518934899999999602e-03
7.493093000000000000e+09	-3.402699199999999983e-03	9.540004100000000833e-03
7.493098000000000000e+09	-3.349027999999999988e-03	9.581098600000000770e-03
7.493103000000000000e+09	-3.306097599999999800e-03	9.616996200000000120e-03
7.493108000000000000e+09	-3.316031100000000134e-03	9.643262799999999940e-03
7.493113000000000000e+09	-3.271125800000000000e-03	9.677598299999999598e-03
7.493118000000000000e+09	-3.253050999999999859e-03	9.728000299999999337e-03
7.493123000000000000e+09	-3.207546099999999956e-03	9.754643099999999942e-03
7.493128000000000000e+09	-3.202087000000000162e-03	9.798635999999999457e-03
7.493133000000000000e+09	-3.145175499999999791e-03	9.821263400000000351e-03
7.493138000000000000e+09	-3.145365099999999827e-03	9.881038300000000510e-03
7.493143000000000000e+09	-3.114501799999999827e-03	9.912681300000000112e-03
7.493148000000000000e+09	-3.098261699999999962e-03	9.955176399999999745e-03
7.493153000000000000e+09	-3.049696299999999846e-03	9.967873900000000231e-03
7.493158000000000000e+09	-3.035703299999999941e-03	1.000559189999999932e-02
7.493163000000000000e+09	-3.008818900000000216e-03	1.003591629999999943e-02
7.493168000000000000e+09	-2.988309800000000030e-03	1.008346639999999940e-02
7.493173000000000000e+09	-2.949320799999999906e-03	1.010541279999999965e-02
7.493178000000000000e+09	-2.935444299999999829e-03	1.014240039999999947e-02
7.493183000000000000e+09	-2.864166799999999860e-03	1.019020519999999999e-02
7.493188000000000000e+09	-2.858230199999999867e-03	1.023700649999999962e-02
7.493193000000000000e+09	-2.848908299999999925e-03	1.027236240000000030e-02
7.493198000000000000e+09	-2.817326499999999942e-03	1.027258739999999983e-02
7.493203000000000000e+09	-2.761592800000000052e-03	1.031989300000000012e-02
7.493208000000000000e+09	-2.721744600000000104e-03	1.034850730000000038e-02
7.493213000000000000e+09	-2.693944099999999800e-03	1.039939320000000077e-02
7.493218000000000000e+09	-2.677366500000000205e-03	1.041196060000000069e-02
7.493223000000000000e+09	-2.630232499999999880e-03	1.044682750000000028e-02
7.493228000000000000e+09	-2.616981100000000029e-03	1.047857919999999922e-02
7.493233000000000000e+09	-2.571120000000000089e-03	1.051848969999999960e-02
7.493238000000000000e+09	-2.560716700000000012e-03	1.056154160000000002e-02
7.493243000000000000e+09	-2.527505599999999974e-03	1.059590820000000030e-02
7.493248000000000000e+09	-2.500713199999999962e-03	1.064020419999999953e-02
7.493253000000000000e+09	-2.471770099999999904e-03	1.063492079999999937e-02
7.493258000000000000e+09	-2.428522499999999969e-03	1.068550600000000086e-02
7.493263000000000000e+09	-2.395972100000000153e-03	1.073184270000000079e-02
7.493268000000000000e+09	-2.349773600000000084e-03	1.074905009999999918e-02
7.493273000000000000e+09	-2.308704600000000169e-03	1.077563280000000054e-02
7.493278000000000000e+09	-2.315568699999999858e-03	1.079623130000000042e-02
7.493283000000000000e+09	-2.257551300000000104e-03	1.081949089999999919e-02
7.493288000000000000e+09	-2.213819200000000185e-03	1.087161189999999965e-02
7.493293000000000000e+09	-2.193427600000000168e-03	1.090329569999999929e-02
7.493298000000000000e+09	-2.162039399999999851e-03	1.093905579999999989e-02
7.493303000000000000e+09	-2.120259599999999977e-03	1.096492119999999994e-02
7.493308000000000000e+09	-2.090139400000000109e-03	1.096708000000000058e-02
7.493313000000000000e+09	-2.082537499999999927e-03	1.102530730000000035e-02
7.493318000000000000e+09	-2.028020000000000170e-03	1.107709699999999929e-02
7.493323000000000000e+09	-1.978683000000000178e-03	1.109632039999999993e-02
7.493328000000000000e+09	-1.964949599999999894e-03	1.110251920000000087e-02
7.493333000000000000e+09	-1.934477499999999938e-03	1.111766810000000029e-02
7.493338000000000000e+09	-1.871514400000000040e-03	1.116890339999999926e-02
7.493343000000000000e+09	-1.870993800000000104e-03	1.121689990000000053e-02
7.493348000000000000e+09	-1.821944600000000025e-03	1.124192409999999996e-02
7.493353000000000000e+09	-1.777978400000000073e-03	1.123186999999999970e-02
7.493358000000000000e+09	-1.748576499999999903e-03	1.129876039999999984e-02
7.493363000000000000e+09	-1.702782300000000009e-03	1.132069259999999959e-02
7.493368000000000000e+09	-1.679888899999999914e-03	1.135944690000000035e-02
7.493373000000000000e+09	-1.653729800000000106e-03	1.138410320000000052e-02
7.493378000000000000e+09	-1.598725700000000081e-03	1.140394379999999999e-02
7.493383000000000000e+09	-1.559680400000000057e-03	1.143641400000000065e-02
7.493388000000000000e+09	-1.538177800000000003e-03	1.145686570000000078e-02
7.493393000000000000e+09	-1.530229599999999909e-03	1.148230410000000007e-02
7.493398000000000000e+09	-1.450931400000000059e-03	1.150870080000000045e-02
7.493403000000000000e+09	-1.436009499999999980e-03	1.154842049999999995e-02
7.493408000000000000e+09	-1.407748899999999989e-03	1.157236900000000075e-02
7.493413000000000000e+09	-1.345815599999999976e-03	1.159548149999999923e-02
7.493418000000000000e+09	-1.312492900000000046e-03	1.163023799999999934e-02
7.493423000000000000e+09	-1.268038200000000046e-03	1.165349209999999927e-02
7.493428000000000000e+09	-1.238375400000000029e-03	1.169840890000000029e-02
7.493433000000000000e+09	-1.195137800000000035e-03	1.168525550000000003e-02
7.493438000000000000e+09	-1.159416900000000009e-03	1.172023919999999955e-02
7.493443000000000000e+09	-1.121224799999999931e-03	1.174303340000000008e-02
7.493448000000000000e+09	-1.070474299999999964e-03	1.178885319999999938e-02
7.493453000000000000e+09	-1.037443999999999996e-03	1.179895450000000012e-02
7.493458000000000000e+09	-1.006041199999999905e-03	1.182440390000000056e-02
7.493463000000000000e+09	-9.717795999999999683e-04	1.186042049999999973e-02
7.493468000000000000e+09	-9.343825000000000481e-04	1.188356840000000074e-02
7.493473000000000000e+09	-8.913824000000000530e-04	1.189647639999999972e-02
7.493478000000000000e+09	-8.502047000000000423e-04	1.191720909999999939e-02
7.493483000000000000e+09	-8.245166999999999861e-04	1.195056949999999917e-02
7.493488000000000000e+09	-7.976605000000000110e-04	1.197178450000000068e-02
7.493493000000000000e+09	-7.310886999999999854e-04	1.198962569999999922e-02
7.493498000000000000e+09	-6.969018999999999691e-04	1.201968919999999927e-02
7.493503000000000000e+09	-6.666435999999999543e-04	1.204513259999999940e-02
7.493508000000000000e+09	-6.047221999999999884e-04	1.208057400000000017e-02
7.493513000000000000e+09	-5.676013000000000369e-04	1.206958139999999950e-02
7.493518000000000000e+09	-5.282744000000000459e-04	1.212714950000000000e-02
7.493523000000000000e+09	-5.164062999999999553e-04	1.214593880000000049e-02
7.493528000000000000e+09	-4.499125000000000194e-04	1.214734739999999945e-02
7.493533000000000000e+09	-4.134836999999999931e-04	1.217648709999999933e-02
7.493538000000000000e+09	-3.710529999999999861e-04	1.221609820000000082e-02
7.493543000000000000e+09	-3.414156999999999912e-04	1.222475309999999926e-02
7.493548000000000000e+09	-3.044950999999999843e-04	1.225722939999999983e-02
7.493553000000000000e+09	-2.521916000000000132e-04	1.228737979999999959e-02
7.493558000000000000e+09	-2.112449000000000076e-04	1.228454669999999929e-02
7.493563000000000000e+09	-1.621368000000000093e-04	1.230062720000000068e-02
7.493568000000000000e+09	-1.303394999999999944e-04	1.233332590000000076e-02
7.493573000000000000e+09	-7.404709999999999786e-05	1.234758790000000002e-02
7.493578000000000000e+09	-3.317020000000000304e-05	1.238157519999999977e-02
7.493583000000000000e+09	6.961100000000000149e-06	1.239849789999999952e-02
7.493588000000000000e+09	2.733729999999999998e-05	1.242687819999999978e-02
7.493593000000000000e+09	9.030260000000000511e-05	1.242183900000000049e-02
7.493598000000000000e+09	1.161277999999999963e-04	1.244198650000000010e-02
7.493603000000000000e+09	1.595931000000000086e-04	1.249569539999999951e-02
7.493608000000000000e+09	1.817873000000000069e-04	1.250420499999999914e-02
7.493613000000000000e+09	2.515196999999999832e-04	1.252513740000000056e-02
7.493618000000000000e+09	3.056992000000000021e-04	1.252963680000000052e-02
7.493623000000000000e+09	3.165023000000000207e-04	1.256311419999999943e-02
7.493628000000000000e+09	3.439855999999999817e-04	1.256899090000000024e-02
7.493633000000000000e+09	4.172394999999999750e-04	1.260872319999999970e-02
7.493638000000000000e+09	4.746635000000000134e-04	1.260810249999999924e-02
7.493643000000000000e+09	5.060286999999999685e-04	1.262621700000000034e-02
7.493648000000000000e+09	5.550410000000000413e-04	1.264772110000000026e-02
7.493653000000000000e+09	6.015508000000000140e-04	1.266712690000000065e-02
7.493658000000000000e+09	6.123004000000000033e-04	1.268577040000000086e-02
7.493663000000000000e+09	6.800814999999999768e-04	1.269120399999999933e-02
7.493668000000000000e+09	7.214832999999999706e-04	1.270630480000000014e-02
7.493673000000000000e+09	7.410363000000000323e-04	1.274821720000000012e-02
7.493678000000000000e+09	7.968174999999999650e-04	1.274005459999999999e-02
7.493683000000000000e+09	8.487507000000000254e-04	1.276414569999999998e-02
7.493688000000000000e+09	8.879565999999999544e-04	1.276976659999999944e-02
7.493693000000000000e+09	9.132839999999999925e-04	1.277586890000000086e-02
7.493698000000000000e+09	9.879951000000000098e-04	1.279198299999999983e-02
7.493703000000000000e+09	1.026761499999999903e-03	1.281387290000000033e-02
7.493708000000000000e+09	1.071820200000000089e-03	1.284634219999999938e-02
7.493713000000000000e+09	1.103637399999999897e-03	1.284992700000000057e-02
7.493718000000000000e+09	1.159304400000000027e-03	1.286765890000000044e-02
7.493723000000000000e+09	1.212233299999999946e-03	1.289059130000000039e-02
7.493728000000000000e+09	1.221415399999999920e-03	1.289015079999999980e-02
7.493733000000000000e+09	1.277340999999999980e-03	1.290640969999999957e-02
7.493738000000000000e+09	1.332506499999999965e-03	1.292795679999999940e-02
7.493743000000000000e+09	1.380258799999999932e-03	1.292444059999999992e-02
7.493748000000000000e+09	1.394350300000000032e-03	1.295880620000000073e-02
7.493753000000000000e+09	1.445128900000000041e-03	1.295770790000000047e-02
7.493758000000000000e+09	1.499403799999999903e-03	1.295087909999999981e-02
7.493763000000000000e+09	1.543759399999999936e-03	1.298903619999999988e-02
7.493768000000000000e+09	1.613637900000000104e-03	1.299554300000000003e-02
7.493773000000000000e+09	1.632846500000000034e-03	1.301443610000000035e-02
7.493778000000000000e+09	1.699476400000000031e-03	1.302907149999999945e-02
7.493783000000000000e+09	1.730960599999999908e-03	1.303683050000000072e-02
7.493788000000000000e+09	1.759941699999999914e-03	1.303667269999999982e-02
7.493793000000000000e+09	1.815301199999999919e-03	1.306441860000000059e-02
7.493798000000000000e+09	1.853770499999999981e-03	1.309091140000000035e-02
7.493803000000000000e+09	1.922641799999999946e-03	1.306198740000000073e-02
7.493808000000000000e+09	1.957473899999999812e-03	1.308133440000000015e-02
7.493813000000000000e+09	1.993895800000000142e-03	1.308407080000000000e-02
7.493818000000000000e+09	2.052302000000000206e-03	1.312009830000000071e-02
7.493823000000000000e+09	2.085612799999999982e-03	1.312793959999999927e-02
7.493828000000000000e+09	2.129161000000000074e-03	1.313421059999999967e-02
7.493833000000000000e+09	2.180466800000000101e-03	1.314165630000000036e-02
7.493838000000000000e+09	2.210410900000000199e-03	1.315152150000000082e-02
7.493843000000000000e+09	2.274429200000000189e-03	1.318819549999999952e-02
7.493848000000000000e+09	2.306448500000000176e-03	1.317643370000000022e-02
7.493853000000000000e+09	2.356435799999999879e-03	1.317709130000000069e-02
7.493858000000000000e+09	2.396502200000000075e-03	1.319225360000000034e-02
7.493863000000000000e+09	2.440629399999999852e-03	1.318326180000000021e-02
7.493868000000000000e+09	2.491115900000000216e-03	1.321055559999999990e-02
7.493873000000000000e+09	2.521343899999999982e-03	1.323776530000000083e-02
7.493878000000000000e+09	2.585691499999999941e-03	1.322032360000000017e-02
7.493883000000000000e+09	2.621428900000000173e-03	1.323672010000000003e-02
7.493888000000000000e+09	2.687794700000000099e-03	1.324461319999999977e-02
7.493893000000000000e+09	2.723965799999999906e-03	1.325210890000000016e-02
7.493898000000000000e+09	2.795439800000000096e-03	1.326841089999999945e-02
7.493903000000000000e+09	2.825849599999999840e-03	1.328498489999999956e-02
7.493908000000000000e+09	2.862580500000000156e-03	1.325967049999999918e-02
7.493913000000000000e+09	2.925418700000000181e-03	1.327883610000000006e-02
7.493918000000000000e+09	2.934772500000000159e-03	1.329546570000000004e-02
7.493923000000000000e+09	3.005187700000000114e-03	1.328929899999999921e-02
7.493928000000000000e+09	3.054798100000000096e-03	1.331040690000000019e-02
7.493933000000000000e+09	3.090215199999999957e-03	1.330796570000000040e-02
7.493938000000000000e+09	3.118988100000000090e-03	1.332086669999999959e-02
7.493943000000000000e+09	3.174678399999999925e-03	1.330895900000000041e-02
7.493948000000000000e+09	3.229739100000000168e-03	1.333418930000000030e-02
7.493953000000000000e+09	3.297766399999999855e-03	1.330333189999999971e-02
7.493958000000000000e+09	3.350523000000000216e-03	1.331917309999999972e-02
7.493963000000000000e+09	3.355711300000000039e-03	1.333803880000000025e-02
7.493968000000000000e+09	3.420691300000000112e-03	1.334519879999999936e-02
7.493973000000000000e+09	3.463399700000000057e-03	1.333640479999999989e-02
7.493978000000000000e+09	3.517657200000000057e-03	1.332963250000000072e-02
7.493983000000000000e+09	3.557925999999999884e-03	1.333890639999999947e-02
7.493988000000000000e+09	3.595788400000000072e-03	1.335071099999999948e-02
7.493993000000000000e+09	3.644804000000000186e-03	1.338568159999999931e-02
7.493998000000000000e+09	3.666710799999999947e-03	1.336184990000000017e-02
7.494003000000000000e+09	3.740532999999999879e-03	1.335307600000000018e-02
7.494008000000000000e+09	3.785590100000000170e-03	1.335175050000000051e-02
7.494013000000000000e+09	3.826444500000000196e-03	1.336818269999999996e-02
7.494018000000000000e+09	3.873763399999999822e-03	1.337329660000000087e-02
7.494023000000000000e+09	3.917466199999999725e-03	1.336567250000000005e-02
7.494028000000000000e+09	3.984391799999999727e-03	1.338636439999999969e-02
7.494033000000000000e+09	4.036698099999999623e-03	1.336960189999999993e-02
7.494038000000000000e+09	4.049351999999999986e-03	1.336858139999999931e-02
7.494043000000000000e+09	4.117634900000000098e-03	1.336135649999999932e-02
7.494048000000000000e+09	4.141384700000000363e-03	1.337424199999999973e-02
