7.481548000000000000e+09	-1.013654500000000071e-03	-1.568328769999999955e-02
7.481568000000000000e+09	-1.185649800000000047e-03	-1.569674470000000099e-02
7.481588000000000000e+09	-1.331575900000000080e-03	-1.567896540000000144e-02
7.481608000000000000e+09	-1.477244400000000089e-03	-1.566370400000000052e-02
7.481628000000000000e+09	-1.602007599999999898e-03	-1.565324829999999862e-02
7.481648000000000000e+09	-1.720591999999999955e-03	-1.565568570000000145e-02
7.481668000000000000e+09	-1.851039500000000023e-03	-1.563906639999999848e-02
7.481688000000000000e+09	-1.969260699999999826e-03	-1.561085329999999972e-02
7.481708000000000000e+09	-2.096639600000000173e-03	-1.558334710000000047e-02
7.481728000000000000e+09	-2.214472500000000052e-03	-1.556576930000000067e-02
7.481748000000000000e+09	-2.342188700000000061e-03	-1.552555180000000055e-02
7.481768000000000000e+09	-2.449635800000000193e-03	-1.550467959999999971e-02
7.481788000000000000e+09	-2.569450999999999940e-03	-1.548573819999999983e-02
7.481808000000000000e+09	-2.701676999999999985e-03	-1.546725910000000016e-02
7.481828000000000000e+09	-2.808701700000000058e-03	-1.543834059999999939e-02
7.481848000000000000e+09	-2.928551000000000158e-03	-1.540386740000000004e-02
7.481868000000000000e+09	-3.056444599999999946e-03	-1.537326070000000038e-02
7.481888000000000000e+09	-3.188194799999999936e-03	-1.536217800000000064e-02
7.481908000000000000e+09	-3.295923599999999853e-03	-1.532651080000000006e-02
7.481928000000000000e+09	-3.415878099999999831e-03	-1.530147999999999925e-02
7.481948000000000000e+09	-3.544681999999999954e-03	-1.526842469999999986e-02
7.481968000000000000e+09	-3.635292200000000105e-03	-1.522472090000000049e-02
7.481988000000000000e+09	-3.762547900000000074e-03	-1.518785779999999933e-02
7.482008000000000000e+09	-3.887031500000000164e-03	-1.516306060000000011e-02
7.482028000000000000e+09	-3.981747400000000027e-03	-1.513316110000000048e-02
7.482048000000000000e+09	-4.120976499999999890e-03	-1.510620019999999938e-02
7.482068000000000000e+09	-4.211823699999999761e-03	-1.506151889999999931e-02
7.482088000000000000e+09	-4.353110399999999582e-03	-1.501566770000000058e-02
7.482108000000000000e+09	-4.478942399999999782e-03	-1.496609949999999981e-02
7.482128000000000000e+09	-4.600382600000000287e-03	-1.493244399999999958e-02
7.482148000000000000e+09	-4.684398900000000081e-03	-1.490151839999999915e-02
7.482168000000000000e+09	-4.816417400000000057e-03	-1.485762669999999945e-02
7.482188000000000000e+09	-4.938501700000000327e-03	-1.482110520000000028e-02
7.482208000000000000e+09	-5.038349400000000262e-03	-1.477041649999999949e-02
7.482228000000000000e+09	-5.167927699999999916e-03	-1.473621970000000073e-02
7.482248000000000000e+09	-5.288514900000000109e-03	-1.468325629999999923e-02
7.482268000000000000e+09	-5.369161699999999704e-03	-1.465303649999999923e-02
7.482288000000000000e+09	-5.481135199999999895e-03	-1.459388810000000064e-02
7.482308000000000000e+09	-5.606782200000000327e-03	-1.452462260000000026e-02
7.482328000000000000e+09	-5.714005299999999968e-03	-1.447014419999999996e-02
7.482348000000000000e+09	-5.823631600000000325e-03	-1.444942609999999919e-02
7.482368000000000000e+09	-5.923896199999999744e-03	-1.438405669999999990e-02
7.482388000000000000e+09	-6.046813399999999977e-03	-1.432535690000000077e-02
7.482408000000000000e+09	-6.173713499999999681e-03	-1.429007619999999971e-02
7.482428000000000000e+09	-6.257752200000000174e-03	-1.422876950000000022e-02
7.482448000000000000e+09	-6.383535099999999678e-03	-1.416826749999999975e-02
7.482468000000000000e+09	-6.475025300000000240e-03	-1.411293249999999964e-02
7.482488000000000000e+09	-6.604125500000000357e-03	-1.407650660000000012e-02
7.482508000000000000e+09	-6.689472499999999863e-03	-1.402042470000000075e-02
7.482528000000000000e+09	-6.828365299999999971e-03	-1.396397450000000026e-02
7.482548000000000000e+09	-6.904413699999999675e-03	-1.389157639999999937e-02
7.482568000000000000e+09	-7.007940399999999966e-03	-1.382692739999999941e-02
7.482588000000000000e+09	-7.131630499999999651e-03	-1.377459450000000085e-02
7.482608000000000000e+09	-7.243326599999999789e-03	-1.370763839999999956e-02
7.482628000000000000e+09	-7.315962900000000380e-03	-1.363962170000000002e-02
7.482648000000000000e+09	-7.440379900000000310e-03	-1.359174330000000042e-02
7.482668000000000000e+09	-7.515309999999999872e-03	-1.354532089999999946e-02
7.482688000000000000e+09	-7.649255899999999643e-03	-1.346640110000000071e-02
7.482708000000000000e+09	-7.751145099999999684e-03	-1.339302919999999994e-02
7.482728000000000000e+09	-7.852430599999999858e-03	-1.332447099999999919e-02
7.482748000000000000e+09	-7.959027100000000063e-03	-1.326853939999999947e-02
7.482768000000000000e+09	-8.059356900000000032e-03	-1.319680070000000052e-02
7.482788000000000000e+09	-8.140612199999999396e-03	-1.313797969999999996e-02
7.482808000000000000e+09	-8.273149999999999948e-03	-1.305848329999999974e-02
7.482828000000000000e+09	-8.341666200000000253e-03	-1.299185859999999956e-02
7.482848000000000000e+09	-8.446063499999999918e-03	-1.293766480000000003e-02
7.482868000000000000e+09	-8.566810399999999492e-03	-1.284177669999999986e-02
7.482888000000000000e+09	-8.661227699999999446e-03	-1.277410309999999979e-02
7.482908000000000000e+09	-8.727765800000000448e-03	-1.270539220000000032e-02
7.482928000000000000e+09	-8.832782000000000827e-03	-1.261426570000000018e-02
7.482948000000000000e+09	-8.919727299999999359e-03	-1.256123070000000029e-02
7.482968000000000000e+09	-9.034393099999999538e-03	-1.249383779999999923e-02
7.482988000000000000e+09	-9.102988799999999631e-03	-1.241090360000000024e-02
7.483008000000000000e+09	-9.228629199999999547e-03	-1.231519059999999950e-02
7.483028000000000000e+09	-9.317055399999999571e-03	-1.224328440000000025e-02
7.483048000000000000e+09	-9.408759900000000787e-03	-1.219201259999999967e-02
7.483068000000000000e+09	-9.497178499999999954e-03	-1.210504899999999967e-02
7.483088000000000000e+09	-9.570384600000000561e-03	-1.199061639999999922e-02
7.483108000000000000e+09	-9.676406199999999444e-03	-1.194965939999999976e-02
7.483128000000000000e+09	-9.775700999999999488e-03	-1.184061980000000042e-02
7.483148000000000000e+09	-9.844751900000000416e-03	-1.176025919999999954e-02
7.483168000000000000e+09	-9.945288499999999782e-03	-1.167059380000000021e-02
7.483188000000000000e+09	-1.004369320000000031e-02	-1.162817780000000023e-02
7.483208000000000000e+09	-1.011066709999999987e-02	-1.151588840000000030e-02
7.483228000000000000e+09	-1.021382520000000023e-02	-1.144934780000000062e-02
7.483248000000000000e+09	-1.029914600000000034e-02	-1.136968109999999914e-02
7.483268000000000000e+09	-1.036996559999999942e-02	-1.126184099999999987e-02
7.483288000000000000e+09	-1.046073850000000041e-02	-1.117040960000000027e-02
7.483308000000000000e+09	-1.053201699999999942e-02	-1.108461139999999956e-02
7.483328000000000000e+09	-1.063104389999999962e-02	-1.103282920000000014e-02
7.483348000000000000e+09	-1.071587189999999995e-02	-1.093640859999999923e-02
7.483368000000000000e+09	-1.076277919999999930e-02	-1.082455979999999950e-02
7.483388000000000000e+09	-1.088139810000000006e-02	-1.072866670000000022e-02
7.483408000000000000e+09	-1.094783610000000032e-02	-1.063197389999999930e-02
7.483428000000000000e+09	-1.103167459999999933e-02	-1.055038120000000024e-02
7.483448000000000000e+09	-1.111033770000000032e-02	-1.046231650000000075e-02
7.483468000000000000e+09	-1.119431069999999966e-02	-1.036350930000000045e-02
7.483488000000000000e+09	-1.126333789999999987e-02	-1.026454870000000075e-02
7.483508000000000000e+09	-1.133153920000000078e-02	-1.017459339999999927e-02
7.483528000000000000e+09	-1.144954320000000046e-02	-1.010066920000000056e-02
7.483548000000000000e+09	-1.150212519999999940e-02	-1.001134969999999992e-02
7.483568000000000000e+09	-1.156703440000000048e-02	-9.888054400000000424e-03
7.483588000000000000e+09	-1.162700529999999982e-02	-9.807753500000000388e-03
7.483608000000000000e+09	-1.170340249999999964e-02	-9.732722399999999344e-03
7.483628000000000000e+09	-1.178415759999999930e-02	-9.598233899999999291e-03
7.483648000000000000e+09	-1.186203289999999966e-02	-9.507789799999999403e-03
7.483668000000000000e+09	-1.191853009999999970e-02	-9.414169599999999347e-03
7.483688000000000000e+09	-1.200868320000000010e-02	-9.339042500000000260e-03
7.483708000000000000e+09	-1.204463960000000042e-02	-9.196163499999999991e-03
7.483728000000000000e+09	-1.212475560000000029e-02	-9.109629799999999569e-03
7.483748000000000000e+09	-1.220998400000000012e-02	-9.019242699999999169e-03
7.483768000000000000e+09	-1.227222740000000027e-02	-8.912036200000000852e-03
7.483788000000000000e+09	-1.233779639999999997e-02	-8.798349400000000584e-03
7.483808000000000000e+09	-1.237824530000000006e-02	-8.712425600000000409e-03
7.483828000000000000e+09	-1.244726659999999957e-02	-8.618017800000000658e-03
7.483848000000000000e+09	-1.252059229999999933e-02	-8.503323599999999469e-03
7.483868000000000000e+09	-1.256749490000000011e-02	-8.401784699999999620e-03
7.483888000000000000e+09	-1.263952420000000014e-02	-8.301565699999999270e-03
7.483908000000000000e+09	-1.270682029999999942e-02	-8.178615700000000863e-03
7.483928000000000000e+09	-1.276824260000000016e-02	-8.120825200000000854e-03
7.483948000000000000e+09	-1.280833079999999999e-02	-7.969487299999999594e-03
7.483968000000000000e+09	-1.283925110000000078e-02	-7.874936500000000519e-03
7.483988000000000000e+09	-1.292402230000000082e-02	-7.760192299999999627e-03
7.484008000000000000e+09	-1.298566420000000013e-02	-7.661538100000000323e-03
7.484028000000000000e+09	-1.304025399999999939e-02	-7.556318000000000236e-03
7.484048000000000000e+09	-1.309187719999999923e-02	-7.455574500000000139e-03
7.484068000000000000e+09	-1.316048769999999916e-02	-7.331738800000000243e-03
7.484088000000000000e+09	-1.321349269999999923e-02	-7.224995399999999818e-03
7.484108000000000000e+09	-1.325933439999999949e-02	-7.108083299999999952e-03
7.484128000000000000e+09	-1.331217349999999980e-02	-7.008786900000000229e-03
7.484148000000000000e+09	-1.333573600000000081e-02	-6.889706800000000055e-03
7.484168000000000000e+09	-1.340179610000000014e-02	-6.786753199999999604e-03
7.484188000000000000e+09	-1.344790239999999956e-02	-6.706391699999999720e-03
7.484208000000000000e+09	-1.349594129999999968e-02	-6.550547200000000382e-03
7.484228000000000000e+09	-1.353609400000000025e-02	-6.461015599999999845e-03
7.484248000000000000e+09	-1.360625090000000016e-02	-6.358317999999999956e-03
7.484268000000000000e+09	-1.364789029999999986e-02	-6.232267900000000409e-03
7.484288000000000000e+09	-1.369669750000000047e-02	-6.126018599999999772e-03
7.484308000000000000e+09	-1.372656159999999931e-02	-6.005743000000000019e-03
7.484328000000000000e+09	-1.373470409999999996e-02	-5.889656899999999931e-03
7.484348000000000000e+09	-1.379651680000000026e-02	-5.784527900000000118e-03
7.484368000000000000e+09	-1.381524309999999922e-02	-5.677786100000000238e-03
7.484388000000000000e+09	-1.387485370000000016e-02	-5.548889599999999762e-03
7.484408000000000000e+09	-1.389824180000000069e-02	-5.437700600000000377e-03
7.484428000000000000e+09	-1.394987819999999983e-02	-5.314404699999999808e-03
7.484448000000000000e+09	-1.395528090000000034e-02	-5.210559200000000092e-03
7.484468000000000000e+09	-1.400562269999999949e-02	-5.089257100000000276e-03
7.484488000000000000e+09	-1.404295830000000002e-02	-4.970511000000000373e-03
7.484508000000000000e+09	-1.408789300000000064e-02	-4.852392399999999779e-03
7.484528000000000000e+09	-1.410468320000000074e-02	-4.749300700000000375e-03
7.484548000000000000e+09	-1.414265229999999915e-02	-4.643126099999999624e-03
7.484568000000000000e+09	-1.414687350000000052e-02	-4.549804900000000048e-03
7.484588000000000000e+09	-1.418079700000000019e-02	-4.408605599999999673e-03
7.484608000000000000e+09	-1.420389860000000060e-02	-4.289296199999999802e-03
7.484628000000000000e+09	-1.421661259999999934e-02	-4.182968300000000118e-03
7.484648000000000000e+09	-1.426838639999999936e-02	-4.053629999999999907e-03
7.484668000000000000e+09	-1.428335550000000079e-02	-3.956823899999999811e-03
7.484688000000000000e+09	-1.430870319999999994e-02	-3.843034700000000185e-03
7.484708000000000000e+09	-1.433419550000000070e-02	-3.711307499999999798e-03
7.484728000000000000e+09	-1.435754239999999932e-02	-3.599356399999999873e-03
7.484748000000000000e+09	-1.436816819999999981e-02	-3.446953799999999835e-03
7.484768000000000000e+09	-1.439439009999999956e-02	-3.357657899999999876e-03
7.484788000000000000e+09	-1.440211159999999976e-02	-3.247719699999999845e-03
7.484808000000000000e+09	-1.444745830000000036e-02	-3.118758299999999789e-03
7.484828000000000000e+09	-1.442322880000000002e-02	-3.011834799999999965e-03
7.484848000000000000e+09	-1.445556890000000011e-02	-2.875532699999999893e-03
7.484868000000000000e+09	-1.448849139999999931e-02	-2.774945799999999855e-03
7.484888000000000000e+09	-1.446784310000000066e-02	-2.643779900000000054e-03
7.484908000000000000e+09	-1.449390610000000044e-02	-2.504751300000000042e-03
7.484928000000000000e+09	-1.449051120000000026e-02	-2.434234999999999871e-03
7.484948000000000000e+09	-1.450995040000000076e-02	-2.293029199999999882e-03
7.484968000000000000e+09	-1.451965090000000014e-02	-2.180138500000000038e-03
7.484988000000000000e+09	-1.452840560000000052e-02	-2.044536500000000180e-03
7.485008000000000000e+09	-1.454368389999999983e-02	-1.905959499999999992e-03
7.485028000000000000e+09	-1.455042760000000053e-02	-1.799670599999999947e-03
7.485048000000000000e+09	-1.455943449999999931e-02	-1.679528499999999964e-03
7.485068000000000000e+09	-1.454976120000000053e-02	-1.578083899999999963e-03
7.485088000000000000e+09	-1.454652759999999941e-02	-1.437616199999999919e-03
7.485108000000000000e+09	-1.456101840000000036e-02	-1.322988200000000053e-03
7.485128000000000000e+09	-1.456569920000000060e-02	-1.220194400000000103e-03
7.485148000000000000e+09	-1.457795320000000033e-02	-1.085471900000000052e-03
7.485168000000000000e+09	-1.457239630000000015e-02	-9.639660000000000199e-04
7.485188000000000000e+09	-1.456519149999999964e-02	-8.645423000000000387e-04
7.485208000000000000e+09	-1.455624399999999943e-02	-7.312415000000000494e-04
7.485228000000000000e+09	-1.455100869999999963e-02	-6.159008000000000104e-04
7.485248000000000000e+09	-1.452857500000000017e-02	-4.880872000000000183e-04
7.485268000000000000e+09	-1.455393450000000075e-02	-3.851417999999999790e-04
7.485288000000000000e+09	-1.452100100000000039e-02	-2.582905999999999831e-04
7.485308000000000000e+09	-1.452754650000000029e-02	-1.114045000000000004e-04
7.485328000000000000e+09	-1.452199990000000059e-02	-1.584859999999999934e-05
7.485348000000000000e+09	-1.448823259999999953e-02	1.193712000000000066e-04
7.485368000000000000e+09	-1.446943449999999950e-02	2.205521000000000055e-04
7.485388000000000000e+09	-1.449920610000000019e-02	3.372655000000000119e-04
7.485408000000000000e+09	-1.446451080000000014e-02	4.917075000000000352e-04
7.485428000000000000e+09	-1.444066110000000007e-02	5.731437999999999724e-04
7.485448000000000000e+09	-1.443726820000000056e-02	6.956650999999999677e-04
7.485468000000000000e+09	-1.441428919999999947e-02	8.153929999999999772e-04
7.485488000000000000e+09	-1.439251639999999943e-02	9.229054999999999681e-04
7.485508000000000000e+09	-1.437924429999999990e-02	1.035379199999999968e-03
7.485528000000000000e+09	-1.437199670000000040e-02	1.201350899999999991e-03
7.485548000000000000e+09	-1.433093749999999993e-02	1.291630999999999899e-03
7.485568000000000000e+09	-1.433231310000000064e-02	1.384050800000000006e-03
7.485588000000000000e+09	-1.430402180000000037e-02	1.513476199999999995e-03
7.485608000000000000e+09	-1.429278020000000066e-02	1.658370400000000076e-03
7.485628000000000000e+09	-1.426769720000000026e-02	1.752885200000000102e-03
7.485648000000000000e+09	-1.423954220000000007e-02	1.874935600000000088e-03
7.485668000000000000e+09	-1.419323899999999986e-02	1.977221300000000029e-03
7.485688000000000000e+09	-1.417534730000000014e-02	2.089542099999999823e-03
7.485708000000000000e+09	-1.413354770000000045e-02	2.237481500000000102e-03
7.485728000000000000e+09	-1.410932980000000059e-02	2.317991000000000149e-03
7.485748000000000000e+09	-1.408066980000000079e-02	2.450706799999999817e-03
7.485768000000000000e+09	-1.405834499999999987e-02	2.539438800000000038e-03
7.485788000000000000e+09	-1.404443189999999946e-02	2.673819500000000193e-03
7.485808000000000000e+09	-1.398161449999999958e-02	2.783051400000000064e-03
7.485828000000000000e+09	-1.393846380000000017e-02	2.905664799999999916e-03
7.485848000000000000e+09	-1.392014719999999997e-02	3.018328199999999878e-03
7.485868000000000000e+09	-1.388087709999999940e-02	3.140208099999999836e-03
7.485888000000000000e+09	-1.384902040000000022e-02	3.243529399999999906e-03
7.485908000000000000e+09	-1.378169220000000084e-02	3.359210000000000060e-03
7.485928000000000000e+09	-1.374696280000000000e-02	3.474492699999999837e-03
7.485948000000000000e+09	-1.371165189999999992e-02	3.551565000000000017e-03
7.485968000000000000e+09	-1.366709969999999920e-02	3.682640599999999816e-03
7.485988000000000000e+09	-1.364074080000000043e-02	3.793898799999999814e-03
7.486008000000000000e+09	-1.360073319999999947e-02	3.914399800000000103e-03
7.486028000000000000e+09	-1.355325599999999964e-02	4.013947099999999948e-03
7.486048000000000000e+09	-1.349900639999999929e-02	4.140703600000000123e-03
7.486068000000000000e+09	-1.344746290000000018e-02	4.251082699999999583e-03
7.486088000000000000e+09	-1.340693310000000069e-02	4.355670800000000127e-03
7.486108000000000000e+09	-1.332056920000000005e-02	4.465325699999999828e-03
7.486128000000000000e+09	-1.329804480000000046e-02	4.588138799999999691e-03
7.486148000000000000e+09	-1.324226920000000016e-02	4.669341199999999664e-03
7.486168000000000000e+09	-1.319770229999999919e-02	4.771559499999999607e-03
7.486188000000000000e+09	-1.316886199999999993e-02	4.870883299999999999e-03
7.486208000000000000e+09	-1.308355010000000068e-02	4.988326599999999729e-03
7.486228000000000000e+09	-1.303996200000000043e-02	5.122514800000000160e-03
7.486248000000000000e+09	-1.298192060000000030e-02	5.185079599999999761e-03
7.486268000000000000e+09	-1.294740559999999971e-02	5.313053400000000009e-03
7.486288000000000000e+09	-1.287876509999999995e-02	5.418680900000000245e-03
7.486308000000000000e+09	-1.281765120000000029e-02	5.534581299999999891e-03
7.486328000000000000e+09	-1.274437060000000073e-02	5.640779099999999879e-03
7.486348000000000000e+09	-1.269110430000000046e-02	5.719108700000000330e-03
7.486368000000000000e+09	-1.262366219999999997e-02	5.824164399999999867e-03
7.486388000000000000e+09	-1.256202799999999939e-02	5.932489499999999728e-03
7.486408000000000000e+09	-1.249486760000000085e-02	6.013853799999999833e-03
7.486428000000000000e+09	-1.243578080000000072e-02	6.129760199999999791e-03
7.486448000000000000e+09	-1.237108280000000053e-02	6.211615000000000192e-03
7.486468000000000000e+09	-1.229362129999999990e-02	6.314947599999999779e-03
7.486488000000000000e+09	-1.225320950000000075e-02	6.431114400000000064e-03
7.486508000000000000e+09	-1.218247459999999976e-02	6.531819799999999746e-03
7.486528000000000000e+09	-1.211086790000000073e-02	6.615153700000000157e-03
7.486548000000000000e+09	-1.205630889999999983e-02	6.721406400000000218e-03
7.486568000000000000e+09	-1.198042329999999926e-02	6.819629300000000331e-03
7.486588000000000000e+09	-1.189117599999999983e-02	6.875411399999999812e-03
7.486608000000000000e+09	-1.180102300000000076e-02	6.989791399999999676e-03
7.486628000000000000e+09	-1.174059700000000019e-02	7.067374700000000204e-03
7.486648000000000000e+09	-1.165926970000000056e-02	7.169815900000000262e-03
7.486668000000000000e+09	-1.160534790000000011e-02	7.285480100000000028e-03
7.486688000000000000e+09	-1.153466019999999960e-02	7.358628400000000007e-03
7.486708000000000000e+09	-1.144676839999999966e-02	7.428410199999999942e-03
7.486728000000000000e+09	-1.135328730000000064e-02	7.542558300000000091e-03
7.486748000000000000e+09	-1.129389549999999971e-02	7.637486800000000027e-03
7.486768000000000000e+09	-1.121001660000000080e-02	7.729124799999999816e-03
7.486788000000000000e+09	-1.114472149999999953e-02	7.777165600000000151e-03
7.486808000000000000e+09	-1.107382909999999991e-02	7.896102999999999802e-03
7.486828000000000000e+09	-1.097706040000000043e-02	7.980641800000000396e-03
7.486848000000000000e+09	-1.089178700000000000e-02	8.076077600000000287e-03
7.486868000000000000e+09	-1.083078760000000078e-02	8.148413300000000720e-03
7.486888000000000000e+09	-1.068838580000000017e-02	8.252430300000000371e-03
7.486908000000000000e+09	-1.062672849999999995e-02	8.314652999999999974e-03
7.486928000000000000e+09	-1.056694189999999971e-02	8.401696499999999901e-03
7.486948000000000000e+09	-1.046174319999999998e-02	8.492742200000000241e-03
7.486968000000000000e+09	-1.039134570000000042e-02	8.563712600000000438e-03
7.486988000000000000e+09	-1.029171499999999989e-02	8.655023399999999673e-03
7.487008000000000000e+09	-1.018239410000000046e-02	8.723700900000000771e-03
7.487028000000000000e+09	-1.011632250000000025e-02	8.802698700000000098e-03
7.487048000000000000e+09	-1.002428449999999936e-02	8.850218400000000110e-03
7.487068000000000000e+09	-9.925183799999999154e-03	8.955877399999999378e-03
7.487088000000000000e+09	-9.841540100000000652e-03	8.996442900000000201e-03
7.487108000000000000e+09	-9.741400699999999691e-03	9.092965800000000001e-03
7.487128000000000000e+09	-9.661772299999999564e-03	9.125156500000000323e-03
7.487148000000000000e+09	-9.572706800000000543e-03	9.226587600000000708e-03
7.487168000000000000e+09	-9.443999899999999670e-03	9.304803400000000516e-03
7.487188000000000000e+09	-9.351661199999999896e-03	9.367485300000000584e-03
7.487208000000000000e+09	-9.268022100000000360e-03	9.447524000000000546e-03
7.487228000000000000e+09	-9.193333399999999850e-03	9.505794999999999176e-03
7.487248000000000000e+09	-9.082667500000000602e-03	9.591730899999999574e-03
7.487268000000000000e+09	-8.984681600000000642e-03	9.635300600000000493e-03
7.487288000000000000e+09	-8.890088200000000052e-03	9.717011600000000429e-03
7.487308000000000000e+09	-8.786786799999999828e-03	9.782014199999999535e-03
7.487328000000000000e+09	-8.665715799999999455e-03	9.822185400000000774e-03
7.487348000000000000e+09	-8.583829799999999691e-03	9.889964700000000025e-03
7.487368000000000000e+09	-8.489348600000000064e-03	9.950419900000000151e-03
7.487388000000000000e+09	-8.398832400000000309e-03	1.002517900000000038e-02
7.487408000000000000e+09	-8.284803699999999244e-03	1.007580890000000021e-02
7.487428000000000000e+09	-8.200624599999999445e-03	1.012843660000000041e-02
7.487448000000000000e+09	-8.073995500000000214e-03	1.019671550000000003e-02
7.487468000000000000e+09	-7.994002899999999925e-03	1.024940010000000012e-02
7.487488000000000000e+09	-7.871556199999999240e-03	1.030695270000000011e-02
7.487508000000000000e+09	-7.758033999999999590e-03	1.035920190000000005e-02
7.487528000000000000e+09	-7.635823100000000384e-03	1.042524719999999953e-02
7.487548000000000000e+09	-7.556951899999999993e-03	1.047569700000000083e-02
7.487568000000000000e+09	-7.431232099999999889e-03	1.050268589999999932e-02
7.487588000000000000e+09	-7.335300799999999732e-03	1.057223849999999916e-02
7.487608000000000000e+09	-7.213319600000000359e-03	1.060668990000000061e-02
7.487628000000000000e+09	-7.118912100000000277e-03	1.066022879999999930e-02
7.487648000000000000e+09	-7.003796300000000169e-03	1.068565299999999982e-02
7.487668000000000000e+09	-6.920309799999999761e-03	1.072673139999999990e-02
7.487688000000000000e+09	-6.795644600000000195e-03	1.080104519999999964e-02
7.487708000000000000e+09	-6.665382400000000214e-03	1.081244299999999971e-02
7.487728000000000000e+09	-6.567740399999999999e-03	1.087742260000000051e-02
7.487748000000000000e+09	-6.457370399999999740e-03	1.090649750000000084e-02
7.487768000000000000e+09	-6.348104799999999652e-03	1.096165139999999948e-02
7.487788000000000000e+09	-6.236513200000000021e-03	1.098816239999999937e-02
7.487808000000000000e+09	-6.113670899999999742e-03	1.104016960000000006e-02
7.487828000000000000e+09	-6.016829700000000253e-03	1.105849220000000056e-02
7.487848000000000000e+09	-5.903786999999999750e-03	1.109182669999999975e-02
7.487868000000000000e+09	-5.815063500000000260e-03	1.112908079999999980e-02
7.487888000000000000e+09	-5.681314399999999945e-03	1.115321399999999984e-02
7.487908000000000000e+09	-5.576373199999999988e-03	1.117715069999999922e-02
7.487928000000000000e+09	-5.451989400000000104e-03	1.118924299999999976e-02
7.487948000000000000e+09	-5.331271599999999611e-03	1.123650160000000051e-02
7.487968000000000000e+09	-5.198324100000000295e-03	1.127222890000000033e-02
7.487988000000000000e+09	-5.115268699999999877e-03	1.128481620000000053e-02
7.488008000000000000e+09	-4.968502799999999914e-03	1.129394100000000005e-02
7.488028000000000000e+09	-4.874850000000000017e-03	1.131551459999999981e-02
7.488048000000000000e+09	-4.753493499999999865e-03	1.134524930000000049e-02
7.488068000000000000e+09	-4.631889900000000018e-03	1.134989410000000060e-02
7.488088000000000000e+09	-4.534123200000000214e-03	1.139609280000000030e-02
7.488108000000000000e+09	-4.424935500000000237e-03	1.141630509999999946e-02
7.488128000000000000e+09	-4.290037800000000290e-03	1.141713830000000082e-02
7.488148000000000000e+09	-4.174430500000000412e-03	1.143934259999999925e-02
7.488168000000000000e+09	-4.046222700000000165e-03	1.142750220000000004e-02
7.488188000000000000e+09	-3.949888099999999957e-03	1.146707330000000004e-02
7.488208000000000000e+09	-3.810524100000000063e-03	1.146337300000000066e-02
7.488228000000000000e+09	-3.701486400000000062e-03	1.147430510000000022e-02
7.488248000000000000e+09	-3.597877099999999793e-03	1.145388569999999939e-02
7.488268000000000000e+09	-3.475808800000000209e-03	1.149035999999999981e-02
7.488288000000000000e+09	-3.313658200000000210e-03	1.151328620000000025e-02
7.488308000000000000e+09	-3.238543500000000148e-03	1.149203990000000064e-02
7.488328000000000000e+09	-3.111120499999999942e-03	1.150027349999999983e-02
7.488348000000000000e+09	-3.028709699999999894e-03	1.148290350000000064e-02
7.488368000000000000e+09	-2.884913800000000073e-03	1.151468549999999993e-02
7.488388000000000000e+09	-2.782410600000000123e-03	1.150026229999999948e-02
7.488408000000000000e+09	-2.647179099999999972e-03	1.151319800000000053e-02
7.488428000000000000e+09	-2.528747300000000128e-03	1.147426189999999936e-02
7.488448000000000000e+09	-2.432414500000000101e-03	1.148517649999999946e-02
7.488468000000000000e+09	-2.289930600000000122e-03	1.146780030000000075e-02
7.488488000000000000e+09	-2.187899799999999933e-03	1.148460119999999973e-02
7.488508000000000000e+09	-2.076027600000000025e-03	1.144483590000000030e-02
7.488528000000000000e+09	-1.927263299999999908e-03	1.141660000000000071e-02
7.488548000000000000e+09	-1.822265599999999984e-03	1.143256380000000003e-02
7.488568000000000000e+09	-1.716064900000000091e-03	1.142513149999999957e-02
7.488588000000000000e+09	-1.599160399999999998e-03	1.138448589999999962e-02
7.488608000000000000e+09	-1.470720600000000001e-03	1.136418789999999943e-02
7.488628000000000000e+09	-1.375737900000000014e-03	1.135811989999999973e-02
7.488648000000000000e+09	-1.250302000000000011e-03	1.132760810000000076e-02
7.488668000000000000e+09	-1.134401499999999896e-03	1.129306809999999946e-02
7.488688000000000000e+09	-1.021475800000000043e-03	1.127749519999999943e-02
7.488708000000000000e+09	-9.156155000000000023e-04	1.127444659999999980e-02
7.488728000000000000e+09	-8.016838000000000306e-04	1.122202859999999955e-02
7.488748000000000000e+09	-6.846859999999999969e-04	1.119169419999999950e-02
7.488768000000000000e+09	-5.823733999999999899e-04	1.117288970000000076e-02
7.488788000000000000e+09	-4.635309000000000109e-04	1.114365259999999976e-02
7.488808000000000000e+09	-3.566372999999999744e-04	1.108547390000000007e-02
7.488828000000000000e+09	-2.176978999999999948e-04	1.107310809999999951e-02
7.488848000000000000e+09	-1.216087999999999935e-04	1.102893440000000079e-02
7.488868000000000000e+09	1.151049999999999932e-05	1.100629709999999956e-02
7.488888000000000000e+09	8.090490000000000528e-05	1.096425340000000033e-02
7.488908000000000000e+09	2.015021000000000032e-04	1.092695810000000010e-02
7.488928000000000000e+09	3.006374000000000025e-04	1.086631530000000019e-02
7.488948000000000000e+09	4.153539000000000146e-04	1.081121229999999940e-02
7.488968000000000000e+09	5.414334000000000464e-04	1.078575579999999957e-02
7.488988000000000000e+09	6.302700999999999746e-04	1.073102689999999929e-02
7.489008000000000000e+09	7.298965000000000140e-04	1.068424880000000063e-02
7.489028000000000000e+09	8.444592999999999804e-04	1.062813269999999914e-02
7.489048000000000000e+09	9.564808999999999855e-04	1.057013319999999985e-02
7.489068000000000000e+09	1.059486500000000062e-03	1.053275329999999940e-02
7.489088000000000000e+09	1.163699700000000049e-03	1.048877169999999984e-02
7.489108000000000000e+09	1.247259300000000013e-03	1.043090460000000060e-02
7.489128000000000000e+09	1.367600199999999917e-03	1.038884240000000070e-02
7.489148000000000000e+09	1.459346800000000093e-03	1.031090129999999959e-02
7.489168000000000000e+09	1.558550199999999978e-03	1.023365910000000045e-02
7.489188000000000000e+09	1.680348699999999933e-03	1.019007780000000078e-02
7.489208000000000000e+09	1.760315400000000063e-03	1.012638350000000069e-02
7.489228000000000000e+09	1.852500300000000082e-03	1.002897869999999983e-02
7.489248000000000000e+09	1.938780800000000030e-03	9.985133999999999677e-03
7.489268000000000000e+09	2.066770199999999960e-03	9.914829800000000276e-03
7.489288000000000000e+09	2.153561999999999924e-03	9.863039599999999865e-03
7.489308000000000000e+09	2.246987700000000008e-03	9.784061199999999348e-03
7.489328000000000000e+09	2.328848000000000116e-03	9.732982499999999135e-03
7.489348000000000000e+09	2.411482999999999856e-03	9.648202599999999157e-03
7.489368000000000000e+09	2.500287400000000045e-03	9.595747199999999158e-03
7.489388000000000000e+09	2.604357600000000057e-03	9.470906299999999958e-03
7.489408000000000000e+09	2.683504800000000023e-03	9.420754300000000470e-03
7.489428000000000000e+09	2.755892499999999974e-03	9.335214700000000337e-03
7.489448000000000000e+09	2.853241500000000021e-03	9.258135799999999208e-03
7.489468000000000000e+09	2.923729400000000048e-03	9.159663000000000180e-03
7.489488000000000000e+09	3.027332099999999800e-03	9.086502499999999510e-03
7.489508000000000000e+09	3.100167100000000061e-03	8.998086100000000226e-03
7.489528000000000000e+09	3.175144500000000140e-03	8.924688499999999802e-03
7.489548000000000000e+09	3.247595399999999959e-03	8.848554899999999668e-03
7.489568000000000000e+09	3.335970000000000168e-03	8.753242799999999893e-03
7.489588000000000000e+09	3.396566800000000007e-03	8.655285100000000009e-03
7.489608000000000000e+09	3.498429500000000119e-03	8.564538099999999612e-03
7.489628000000000000e+09	3.547956599999999884e-03	8.463127000000000844e-03
7.489648000000000000e+09	3.616753199999999963e-03	8.379841000000000720e-03
7.489668000000000000e+09	3.672332400000000076e-03	8.290330500000000005e-03
7.489688000000000000e+09	3.766681799999999861e-03	8.204061599999999677e-03
7.489708000000000000e+09	3.844660199999999813e-03	8.109631100000000425e-03
7.489728000000000000e+09	3.867573999999999925e-03	7.990742300000000867e-03
7.489748000000000000e+09	3.948768299999999738e-03	7.905017900000000167e-03
7.489768000000000000e+09	4.005563999999999653e-03	7.812109200000000309e-03
7.489788000000000000e+09	4.075253400000000172e-03	7.707633900000000066e-03
7.489808000000000000e+09	4.120868800000000026e-03	7.623097900000000426e-03
7.489828000000000000e+09	4.158236899999999923e-03	7.496088599999999914e-03
7.489848000000000000e+09	4.235790300000000230e-03	7.412875299999999862e-03
7.489868000000000000e+09	4.291356900000000384e-03	7.284548699999999870e-03
7.489888000000000000e+09	4.316248200000000028e-03	7.204325900000000012e-03
7.489908000000000000e+09	4.375672799999999994e-03	7.082193500000000252e-03
7.489928000000000000e+09	4.437174599999999663e-03	7.009807300000000380e-03
7.489948000000000000e+09	4.462311400000000192e-03	6.869613299999999777e-03
7.489968000000000000e+09	4.508775700000000261e-03	6.750765899999999591e-03
7.489988000000000000e+09	4.543140900000000072e-03	6.667403500000000302e-03
7.490008000000000000e+09	4.582461500000000083e-03	6.512733799999999990e-03
7.490028000000000000e+09	4.620322900000000364e-03	6.445318799999999633e-03
7.490048000000000000e+09	4.660166399999999577e-03	6.306299399999999722e-03
7.490068000000000000e+09	4.659207099999999879e-03	6.214312700000000286e-03
7.490088000000000000e+09	4.721961499999999951e-03	6.087317200000000143e-03
7.490108000000000000e+09	4.725968700000000335e-03	5.975069399999999656e-03
7.490128000000000000e+09	4.756992399999999954e-03	5.851562799999999662e-03
7.490148000000000000e+09	4.754147200000000302e-03	5.752206499999999896e-03
7.490168000000000000e+09	4.803824400000000078e-03	5.642274800000000347e-03
7.490188000000000000e+09	4.808008899999999773e-03	5.527690600000000239e-03
7.490208000000000000e+09	4.804888099999999815e-03	5.428159800000000382e-03
7.490228000000000000e+09	4.828429000000000401e-03	5.289089200000000358e-03
7.490248000000000000e+09	4.848665500000000003e-03	5.177606199999999596e-03
7.490268000000000000e+09	4.844956800000000362e-03	5.058192599999999754e-03
7.490288000000000000e+09	4.873741400000000147e-03	4.936874600000000154e-03
7.490308000000000000e+09	4.868143499999999860e-03	4.818389400000000315e-03
7.490328000000000000e+09	4.839718500000000402e-03	4.703433100000000387e-03
7.490348000000000000e+09	4.835716900000000193e-03	4.613045500000000250e-03
7.490368000000000000e+09	4.836177700000000336e-03	4.464343899999999830e-03
7.490388000000000000e+09	4.844575599999999607e-03	4.343311600000000078e-03
7.490408000000000000e+09	4.823298499999999905e-03	4.228812799999999601e-03
7.490428000000000000e+09	4.793290999999999871e-03	4.140934899999999634e-03
7.490448000000000000e+09	4.783354099999999678e-03	4.017996799999999646e-03
7.490468000000000000e+09	4.779787700000000424e-03	3.914244100000000351e-03
7.490488000000000000e+09	4.757184200000000307e-03	3.802919100000000125e-03
7.490508000000000000e+09	4.710627299999999885e-03	3.654503500000000089e-03
7.490528000000000000e+09	4.711572199999999877e-03	3.556740300000000177e-03
7.490548000000000000e+09	4.698338500000000424e-03	3.435014599999999894e-03
7.490568000000000000e+09	4.641361099999999698e-03	3.338771800000000199e-03
7.490588000000000000e+09	4.592113000000000098e-03	3.202185000000000187e-03
7.490608000000000000e+09	4.557904199999999843e-03	3.105097299999999907e-03
7.490628000000000000e+09	4.531351599999999639e-03	2.972721499999999954e-03
7.490648000000000000e+09	4.456840200000000175e-03	2.907627099999999902e-03
7.490668000000000000e+09	4.420141899999999700e-03	2.791603900000000013e-03
7.490688000000000000e+09	4.386106600000000064e-03	2.683112799999999923e-03
7.490708000000000000e+09	4.326705800000000407e-03	2.549173400000000200e-03
7.490728000000000000e+09	4.266637000000000207e-03	2.432570099999999819e-03
7.490748000000000000e+09	4.202232400000000326e-03	2.354480500000000111e-03
7.490768000000000000e+09	4.145417200000000267e-03	2.251517000000000188e-03
7.490788000000000000e+09	4.093467600000000144e-03	2.147821700000000084e-03
7.490808000000000000e+09	4.035776900000000340e-03	2.061150099999999909e-03
7.490828000000000000e+09	3.950102700000000279e-03	1.949124399999999915e-03
7.490848000000000000e+09	3.906487099999999754e-03	1.851523799999999940e-03
7.490868000000000000e+09	3.812446199999999785e-03	1.752375899999999900e-03
7.490888000000000000e+09	3.735441899999999808e-03	1.671102600000000035e-03
7.490908000000000000e+09	3.657625399999999988e-03	1.586415500000000044e-03
7.490928000000000000e+09	3.587463800000000209e-03	1.487619199999999989e-03
7.490948000000000000e+09	3.500629199999999962e-03	1.400116700000000099e-03
7.490968000000000000e+09	3.398097100000000131e-03	1.317404600000000089e-03
7.490988000000000000e+09	3.308821400000000121e-03	1.216267999999999950e-03
7.491008000000000000e+09	3.230440199999999856e-03	1.169125899999999899e-03
7.491028000000000000e+09	3.129117600000000041e-03	1.088033200000000037e-03
7.491048000000000000e+09	3.050338300000000197e-03	1.015406499999999901e-03
7.491068000000000000e+09	2.954076400000000061e-03	9.215040999999999987e-04
7.491088000000000000e+09	2.832475499999999834e-03	8.436281999999999809e-04
7.491108000000000000e+09	2.728113700000000131e-03	7.818989999999999621e-04
7.491128000000000000e+09	2.624278399999999990e-03	7.411339000000000295e-04
7.491148000000000000e+09	2.495005599999999997e-03	6.723594000000000055e-04
7.491168000000000000e+09	2.402704600000000069e-03	5.939425999999999603e-04
7.491188000000000000e+09	2.280578799999999958e-03	5.334854000000000202e-04
7.491208000000000000e+09	2.160079799999999918e-03	4.883268999999999544e-04
7.491228000000000000e+09	2.067598199999999987e-03	4.494968000000000227e-04
7.491248000000000000e+09	1.934413700000000083e-03	4.095678999999999856e-04
7.491268000000000000e+09	1.824802900000000025e-03	3.748089999999999820e-04
7.491288000000000000e+09	1.697053800000000072e-03	3.162940000000000044e-04
7.491308000000000000e+09	1.592781500000000098e-03	2.707604000000000174e-04
7.491328000000000000e+09	1.469323499999999980e-03	2.387068999999999964e-04
7.491348000000000000e+09	1.346815199999999973e-03	2.040226000000000073e-04
7.491368000000000000e+09	1.236373000000000029e-03	2.124895999999999925e-04
7.491388000000000000e+09	1.105309199999999917e-03	1.852815000000000115e-04
7.491408000000000000e+09	9.974690999999999939e-04	1.679521000000000009e-04
7.491428000000000000e+09	8.205973999999999777e-04	1.354728000000000084e-04
7.491448000000000000e+09	6.919043000000000155e-04	1.301127000000000121e-04
7.491468000000000000e+09	5.740164999999999547e-04	1.058652000000000041e-04
7.491488000000000000e+09	4.531469000000000100e-04	1.186809000000000041e-04
7.491508000000000000e+09	2.995230999999999783e-04	1.016225999999999984e-04
7.491528000000000000e+09	1.813437999999999899e-04	9.738509999999999701e-05
7.491548000000000000e+09	5.858450000000000127e-05	1.297535000000000105e-04
7.491568000000000000e+09	-8.703340000000000598e-05	1.347227999999999902e-04
7.491588000000000000e+09	-2.139351000000000111e-04	1.396339999999999984e-04
7.491608000000000000e+09	-3.416523999999999885e-04	1.857330999999999988e-04
7.491628000000000000e+09	-4.596639000000000020e-04	2.006750000000000124e-04
7.491648000000000000e+09	-5.883048999999999787e-04	2.432182000000000018e-04
7.491668000000000000e+09	-7.402830000000000001e-04	2.585641000000000068e-04
7.491688000000000000e+09	-8.640265000000000055e-04	2.881817000000000059e-04
7.491708000000000000e+09	-9.747233999999999586e-04	3.551081000000000094e-04
7.491728000000000000e+09	-1.139257500000000027e-03	3.824540000000000079e-04
7.491748000000000000e+09	-1.257936899999999953e-03	4.241151999999999878e-04
7.491768000000000000e+09	-1.383027200000000066e-03	4.683147000000000243e-04
7.491788000000000000e+09	-1.508307499999999917e-03	5.338208000000000102e-04
7.491808000000000000e+09	-1.664058099999999978e-03	5.986961000000000496e-04
7.491828000000000000e+09	-1.767531400000000056e-03	6.771753000000000147e-04
7.491848000000000000e+09	-1.896163800000000028e-03	7.269884999999999802e-04
7.491868000000000000e+09	-2.023946400000000128e-03	8.089417000000000005e-04
7.491888000000000000e+09	-2.140344499999999924e-03	8.980715000000000225e-04
7.491908000000000000e+09	-2.249085899999999933e-03	9.804072000000000481e-04
7.491928000000000000e+09	-2.335425600000000119e-03	1.059883599999999950e-03
7.491948000000000000e+09	-2.466460299999999849e-03	1.144820800000000008e-03
7.491968000000000000e+09	-2.595811600000000156e-03	1.226833099999999907e-03
7.491988000000000000e+09	-2.680922400000000216e-03	1.345195900000000075e-03
7.492008000000000000e+09	-2.828489999999999911e-03	1.409089299999999973e-03
7.492028000000000000e+09	-2.914539399999999982e-03	1.520261200000000033e-03
7.492048000000000000e+09	-2.995113700000000007e-03	1.625501500000000070e-03
7.492068000000000000e+09	-3.121287800000000206e-03	1.749974399999999980e-03
7.492088000000000000e+09	-3.186627200000000104e-03	1.873846499999999929e-03
7.492108000000000000e+09	-3.294309200000000108e-03	1.983984399999999971e-03
7.492128000000000000e+09	-3.395755199999999936e-03	2.090196099999999928e-03
7.492148000000000000e+09	-3.461826900000000186e-03	2.218799799999999871e-03
7.492168000000000000e+09	-3.563783699999999860e-03	2.346337899999999862e-03
7.492188000000000000e+09	-3.631395200000000004e-03	2.465497499999999825e-03
7.492208000000000000e+09	-3.715061700000000210e-03	2.607243799999999813e-03
7.492228000000000000e+09	-3.793059200000000169e-03	2.759744499999999909e-03
7.492248000000000000e+09	-3.884921300000000050e-03	2.870715199999999880e-03
7.492268000000000000e+09	-3.935026000000000322e-03	3.023343400000000087e-03
7.492288000000000000e+09	-3.981098199999999823e-03	3.147347100000000026e-03
7.492308000000000000e+09	-4.066906399999999609e-03	3.296800400000000041e-03
7.492328000000000000e+09	-4.108469299999999678e-03	3.468847499999999900e-03
7.492348000000000000e+09	-4.147143399999999973e-03	3.578799000000000129e-03
7.492368000000000000e+09	-4.215563599999999633e-03	3.721329299999999885e-03
7.492388000000000000e+09	-4.266716999999999732e-03	3.907027100000000017e-03
7.492408000000000000e+09	-4.291659100000000220e-03	4.064665400000000428e-03
7.492428000000000000e+09	-4.325009900000000192e-03	4.212366199999999575e-03
7.492448000000000000e+09	-4.341860500000000074e-03	4.372450100000000416e-03
7.492468000000000000e+09	-4.367733700000000184e-03	4.515739799999999790e-03
7.492488000000000000e+09	-4.407908599999999649e-03	4.703797499999999750e-03
7.492508000000000000e+09	-4.419645699999999629e-03	4.833957499999999574e-03
7.492528000000000000e+09	-4.437858700000000059e-03	4.994151700000000298e-03
7.492548000000000000e+09	-4.431561599999999865e-03	5.176863900000000171e-03
7.492568000000000000e+09	-4.474034200000000065e-03	5.345913699999999685e-03
7.492588000000000000e+09	-4.423928700000000387e-03	5.512869099999999703e-03
7.492608000000000000e+09	-4.424390000000000267e-03	5.670615000000000377e-03
7.492628000000000000e+09	-4.425100900000000261e-03	5.841535400000000267e-03
7.492648000000000000e+09	-4.414991000000000054e-03	6.024901200000000109e-03
7.492668000000000000e+09	-4.423500200000000417e-03	6.177028600000000411e-03
7.492688000000000000e+09	-4.381468000000000342e-03	6.320535199999999590e-03
7.492708000000000000e+09	-4.369819700000000286e-03	6.502080099999999960e-03
7.492728000000000000e+09	-4.339464700000000147e-03	6.683267199999999748e-03
7.492748000000000000e+09	-4.300051699999999852e-03	6.827117199999999803e-03
7.492768000000000000e+09	-4.278313300000000270e-03	7.013397700000000012e-03
7.492788000000000000e+09	-4.216246199999999951e-03	7.176520599999999805e-03
7.492808000000000000e+09	-4.183830599999999698e-03	7.330519500000000355e-03
7.492828000000000000e+09	-4.121142700000000186e-03	7.471159399999999923e-03
7.492848000000000000e+09	-4.080764800000000019e-03	7.655169499999999599e-03
7.492868000000000000e+09	-4.017376799999999859e-03	7.797999600000000107e-03
7.492888000000000000e+09	-3.940429999999999974e-03	8.004716800000000534e-03
7.492908000000000000e+09	-3.891967999999999990e-03	8.144147200000000086e-03
7.492928000000000000e+09	-3.808635900000000192e-03	8.301299399999999967e-03
7.492948000000000000e+09	-3.721707400000000016e-03	8.443774100000000712e-03
7.492968000000000000e+09	-3.669756499999999883e-03	8.625959199999999952e-03
7.492988000000000000e+09	-3.572973200000000189e-03	8.767716000000000051e-03
7.493008000000000000e+09	-3.462698900000000038e-03	8.929949499999999263e-03
7.493028000000000000e+09	-3.384798999999999967e-03	9.055297299999999147e-03
7.493048000000000000e+09	-3.297750600000000105e-03	9.238070200000000204e-03
7.493068000000000000e+09	-3.198355999999999855e-03	9.346235799999999885e-03
7.493088000000000000e+09	-3.092280900000000075e-03	9.515522999999999690e-03
7.493108000000000000e+09	-2.983486599999999808e-03	9.617834800000000725e-03
7.493128000000000000e+09	-2.903169399999999852e-03	9.791288800000000694e-03
7.493148000000000000e+09	-2.784642300000000036e-03	9.928961099999999637e-03
7.493168000000000000e+09	-2.668793100000000067e-03	1.006454690000000048e-02
7.493188000000000000e+09	-2.560955599999999947e-03	1.017889720000000019e-02
7.493208000000000000e+09	-2.434305900000000196e-03	1.033304149999999914e-02
7.493228000000000000e+09	-2.341732500000000185e-03	1.046413619999999982e-02
7.493248000000000000e+09	-2.171076000000000082e-03	1.059819400000000002e-02
7.493268000000000000e+09	-2.044036800000000216e-03	1.073093760000000049e-02
7.493288000000000000e+09	-1.906216000000000074e-03	1.081405799999999966e-02
7.493308000000000000e+09	-1.794212199999999958e-03	1.097621030000000067e-02
7.493328000000000000e+09	-1.650914000000000071e-03	1.106867220000000082e-02
7.493348000000000000e+09	-1.497491099999999917e-03	1.118758819999999925e-02
7.493368000000000000e+09	-1.370865200000000042e-03	1.129332360000000028e-02
7.493388000000000000e+09	-1.220048100000000087e-03	1.141730260000000004e-02
7.493408000000000000e+09	-1.063077499999999899e-03	1.149481829999999920e-02
7.493428000000000000e+09	-9.140977000000000217e-04	1.162227899999999925e-02
7.493448000000000000e+09	-7.687214000000000156e-04	1.170452529999999915e-02
7.493468000000000000e+09	-6.031069000000000447e-04	1.178122740000000016e-02
7.493488000000000000e+09	-4.628519999999999792e-04	1.189647419999999983e-02
7.493508000000000000e+09	-2.751081000000000164e-04	1.198196940000000044e-02
7.493528000000000000e+09	-1.287221999999999921e-04	1.206423310000000020e-02
7.493548000000000000e+09	1.256720000000000057e-05	1.216176679999999947e-02
7.493568000000000000e+09	1.899356000000000048e-04	1.221064149999999925e-02
7.493588000000000000e+09	3.703272999999999873e-04	1.230586959999999987e-02
7.493608000000000000e+09	5.331107999999999984e-04	1.238375019999999986e-02
7.493628000000000000e+09	7.079437999999999964e-04	1.245998790000000037e-02
7.493648000000000000e+09	8.774979999999999933e-04	1.250576010000000078e-02
7.493668000000000000e+09	1.043182799999999976e-03	1.257433150000000083e-02
7.493688000000000000e+09	1.203131999999999986e-03	1.264121449999999931e-02
7.493708000000000000e+09	1.385899300000000001e-03	1.270207769999999979e-02
7.493728000000000000e+09	1.560844999999999941e-03	1.273391679999999991e-02
7.493748000000000000e+09	1.740164700000000012e-03	1.279056649999999948e-02
7.493768000000000000e+09	1.909554799999999995e-03	1.284122050000000015e-02
7.493788000000000000e+09	2.088958799999999973e-03	1.288251280000000075e-02
7.493808000000000000e+09	2.279070599999999999e-03	1.291873189999999914e-02
7.493828000000000000e+09	2.441749999999999910e-03	1.298643170000000034e-02
7.493848000000000000e+09	2.623349799999999919e-03	1.301182499999999943e-02
7.493868000000000000e+09	2.804747399999999932e-03	1.300457189999999937e-02
7.493888000000000000e+09	2.981924700000000185e-03	1.307576979999999951e-02
7.493908000000000000e+09	3.156526099999999811e-03	1.307176799999999924e-02
7.493928000000000000e+09	3.347495199999999879e-03	1.309557100000000029e-02
7.493948000000000000e+09	3.530203100000000021e-03	1.314668379999999956e-02
7.493968000000000000e+09	3.702409700000000060e-03	1.312980359999999999e-02
7.493988000000000000e+09	3.907659299999999628e-03	1.313741140000000002e-02
7.494008000000000000e+09	4.075194899999999738e-03	1.315168750000000018e-02
7.494028000000000000e+09	4.285482499999999917e-03	1.316596549999999970e-02
7.494048000000000000e+09	4.441594699999999903e-03	1.315664570000000047e-02
7.494068000000000000e+09	4.625694500000000244e-03	1.314271969999999956e-02
7.494088000000000000e+09	4.814713699999999784e-03	1.313817630000000021e-02
7.494108000000000000e+09	4.986208399999999923e-03	1.315233659999999992e-02
7.494128000000000000e+09	5.175585600000000112e-03	1.314868649999999944e-02
7.494148000000000000e+09	5.368055200000000117e-03	1.312900499999999915e-02
7.494168000000000000e+09	5.543385900000000373e-03	1.311212999999999962e-02
7.494188000000000000e+09	5.733703599999999921e-03	1.309428720000000053e-02
7.494208000000000000e+09	5.906207999999999597e-03	1.306388389999999997e-02
7.494228000000000000e+09	6.071852600000000183e-03	1.303872589999999915e-02
7.494248000000000000e+09	6.277911700000000407e-03	1.302082130000000067e-02
7.494268000000000000e+09	6.458759199999999749e-03	1.297062440000000018e-02
7.494288000000000000e+09	6.620508300000000311e-03	1.294280870000000076e-02
7.494308000000000000e+09	6.816536300000000312e-03	1.292035820000000078e-02
7.494328000000000000e+09	6.995420700000000262e-03	1.289168750000000037e-02
7.494348000000000000e+09	7.161229499999999595e-03	1.283215960000000030e-02
7.494368000000000000e+09	7.349468300000000162e-03	1.279603399999999953e-02
7.494388000000000000e+09	7.514778899999999609e-03	1.275155040000000052e-02
7.494408000000000000e+09	7.688844200000000302e-03	1.268836620000000047e-02
7.494428000000000000e+09	7.863049699999999365e-03	1.264140419999999938e-02
7.494448000000000000e+09	8.024033800000000133e-03	1.256750610000000046e-02
7.494468000000000000e+09	8.194681599999999871e-03	1.251535659999999939e-02
7.494488000000000000e+09	8.385029800000000713e-03	1.246480510000000028e-02
7.494508000000000000e+09	8.547331400000000162e-03	1.240095459999999983e-02
7.494528000000000000e+09	8.709525399999999348e-03	1.231110290000000072e-02
7.494548000000000000e+09	8.891941500000000165e-03	1.227306639999999928e-02
7.494568000000000000e+09	9.053357399999999860e-03	1.219879119999999970e-02
7.494588000000000000e+09	9.207851499999999273e-03	1.211137150000000072e-02
7.494608000000000000e+09	9.382938699999999327e-03	1.203978860000000026e-02
7.494628000000000000e+09	9.524082600000000759e-03	1.198398359999999947e-02
7.494648000000000000e+09	9.698870199999999261e-03	1.188665229999999982e-02
7.494668000000000000e+09	9.843131899999999629e-03	1.182517439999999920e-02
7.494688000000000000e+09	1.000414280000000086e-02	1.172992739999999950e-02
7.494708000000000000e+09	1.014610080000000018e-02	1.164092079999999932e-02
7.494728000000000000e+09	1.032487460000000058e-02	1.156049469999999996e-02
7.494748000000000000e+09	1.049802480000000017e-02	1.145152890000000062e-02
7.494768000000000000e+09	1.064839700000000042e-02	1.136163850000000003e-02
7.494788000000000000e+09	1.079388220000000037e-02	1.128174480000000007e-02
7.494808000000000000e+09	1.093264849999999941e-02	1.119294250000000060e-02
7.494828000000000000e+09	1.108617620000000061e-02	1.106995520000000031e-02
7.494848000000000000e+09	1.125007960000000071e-02	1.098684490000000069e-02
7.494868000000000000e+09	1.137487229999999995e-02	1.085702770000000067e-02
7.494888000000000000e+09	1.152499530000000022e-02	1.077531380000000018e-02
7.494908000000000000e+09	1.166626989999999982e-02	1.065001099999999916e-02
7.494928000000000000e+09	1.179782929999999980e-02	1.054832009999999952e-02
7.494948000000000000e+09	1.194309820000000015e-02	1.044595780000000078e-02
7.494968000000000000e+09	1.209313769999999927e-02	1.032768100000000001e-02
7.494988000000000000e+09	1.222067010000000079e-02	1.020416910000000038e-02
7.495008000000000000e+09	1.232481069999999922e-02	1.011848559999999932e-02
7.495028000000000000e+09	1.249132640000000065e-02	9.982766400000000692e-03
7.495048000000000000e+09	1.262957489999999919e-02	9.872814800000000862e-03
7.495068000000000000e+09	1.276330590000000070e-02	9.739662499999999362e-03
7.495088000000000000e+09	1.287772099999999996e-02	9.634836900000000662e-03
7.495108000000000000e+09	1.298488960000000053e-02	9.502487299999999235e-03
7.495128000000000000e+09	1.311769259999999958e-02	9.375686200000000331e-03
7.495148000000000000e+09	1.323371549999999980e-02	9.263323099999999991e-03
7.495168000000000000e+09	1.336288740000000051e-02	9.129184499999999994e-03
7.495188000000000000e+09	1.350023290000000077e-02	8.996704300000000001e-03
7.495208000000000000e+09	1.360609869999999944e-02	8.893671100000000163e-03
7.495228000000000000e+09	1.370670939999999935e-02	8.732674399999999434e-03
7.495248000000000000e+09	1.383307790000000079e-02	8.617535399999999221e-03
7.495268000000000000e+09	1.393105820000000057e-02	8.455188100000000234e-03
7.495288000000000000e+09	1.404435189999999993e-02	8.300164199999999701e-03
7.495308000000000000e+09	1.414987449999999952e-02	8.196552500000000782e-03
7.495328000000000000e+09	1.426942079999999995e-02	8.052586599999999803e-03
7.495348000000000000e+09	1.436195049999999980e-02	7.922472200000000783e-03
7.495368000000000000e+09	1.446320929999999998e-02	7.789281299999999998e-03
7.495388000000000000e+09	1.457717549999999924e-02	7.622859000000000058e-03
7.495408000000000000e+09	1.467251649999999977e-02	7.503962299999999974e-03
7.495428000000000000e+09	1.477026120000000074e-02	7.340384299999999813e-03
7.495448000000000000e+09	1.485770580000000084e-02	7.206588300000000419e-03
7.495468000000000000e+09	1.496398040000000013e-02	7.062195799999999683e-03
7.495488000000000000e+09	1.505659189999999925e-02	6.920162199999999736e-03
7.495508000000000000e+09	1.512710129999999924e-02	6.784545500000000069e-03
7.495528000000000000e+09	1.522640800000000030e-02	6.629055899999999890e-03
7.495548000000000000e+09	1.530772900000000082e-02	6.476162199999999786e-03
7.495568000000000000e+09	1.542325840000000059e-02	6.347737600000000202e-03
7.495588000000000000e+09	1.549504969999999926e-02	6.185792100000000321e-03
7.495608000000000000e+09	1.555865889999999939e-02	6.010729200000000313e-03
7.495628000000000000e+09	1.565120039999999893e-02	5.893410800000000241e-03
7.495648000000000000e+09	1.570756170000000077e-02	5.711928800000000070e-03
7.495668000000000000e+09	1.576869989999999874e-02	5.564678400000000122e-03
7.495688000000000000e+09	1.586014100000000121e-02	5.421340699999999992e-03
7.495708000000000000e+09	1.590069950000000051e-02	5.263773999999999710e-03
7.495728000000000000e+09	1.601253849999999951e-02	5.116647099999999809e-03
7.495748000000000000e+09	1.606450079999999919e-02	4.954283000000000298e-03
7.495768000000000000e+09	1.614380879999999935e-02	4.794318500000000274e-03
7.495788000000000000e+09	1.617198070000000140e-02	4.636631000000000433e-03
7.495808000000000000e+09	1.626102020000000023e-02	4.459324100000000221e-03
7.495828000000000000e+09	1.631770239999999830e-02	4.325517800000000350e-03
7.495848000000000000e+09	1.641907960000000069e-02	4.162212600000000408e-03
7.495868000000000000e+09	1.641630419999999882e-02	3.993599999999999928e-03
7.495888000000000000e+09	1.650149490000000010e-02	3.849230800000000199e-03
7.495908000000000000e+09	1.655005920000000158e-02	3.681847800000000084e-03
7.495928000000000000e+09	1.662027749999999901e-02	3.517163700000000039e-03
7.495948000000000000e+09	1.663605300000000134e-02	3.368315900000000071e-03
7.495968000000000000e+09	1.667653499999999928e-02	3.196890600000000179e-03
7.495988000000000000e+09	1.674289539999999910e-02	3.056762399999999897e-03
7.496008000000000000e+09	1.678556070000000039e-02	2.884591299999999820e-03
7.496028000000000000e+09	1.681844689999999892e-02	2.733066799999999980e-03
7.496048000000000000e+09	1.685089160000000086e-02	2.547642599999999907e-03
7.496068000000000000e+09	1.691398129999999861e-02	2.380168599999999985e-03
7.496088000000000000e+09	1.693890279999999901e-02	2.230993399999999828e-03
7.496108000000000000e+09	1.694738880000000100e-02	2.072323999999999954e-03
7.496128000000000000e+09	1.702440289999999912e-02	1.929874199999999894e-03
7.496148000000000000e+09	1.702981890000000026e-02	1.735823299999999939e-03
7.496168000000000000e+09	1.707864090000000071e-02	1.575522800000000046e-03
7.496188000000000000e+09	1.709543570000000151e-02	1.424690699999999963e-03
7.496208000000000000e+09	1.711256439999999865e-02	1.246147300000000069e-03
7.496228000000000000e+09	1.712493420000000058e-02	1.095057699999999997e-03
7.496248000000000000e+09	1.714026410000000014e-02	9.341580000000000369e-04
7.496268000000000000e+09	1.718398570000000125e-02	7.511319999999999499e-04
7.496288000000000000e+09	1.719690280000000029e-02	5.898919000000000298e-04
7.496308000000000000e+09	1.722241169999999891e-02	4.355284999999999756e-04
7.496328000000000000e+09	1.722743339999999873e-02	2.623033999999999999e-04
7.496348000000000000e+09	1.723151040000000037e-02	9.520030000000000397e-05
7.496368000000000000e+09	1.725833220000000043e-02	-7.418280000000000403e-05
7.496388000000000000e+09	1.726848840000000038e-02	-2.244426000000000049e-04
7.496408000000000000e+09	1.726803370000000101e-02	-3.933454999999999764e-04
7.496428000000000000e+09	1.728384939999999884e-02	-5.659407999999999670e-04
7.496448000000000000e+09	1.729325909999999966e-02	-7.327593000000000301e-04
7.496468000000000000e+09	1.728133280000000022e-02	-8.643337999999999542e-04
7.496488000000000000e+09	1.730327900000000127e-02	-1.066624099999999992e-03
7.496508000000000000e+09	1.728778590000000157e-02	-1.218646799999999935e-03
7.496528000000000000e+09	1.729870569999999996e-02	-1.379810399999999897e-03
7.496548000000000000e+09	1.726169099999999915e-02	-1.508009100000000076e-03
7.496568000000000000e+09	1.727270170000000035e-02	-1.693444899999999986e-03
7.496588000000000000e+09	1.725925869999999848e-02	-1.866377499999999964e-03
7.496608000000000000e+09	1.725856549999999975e-02	-1.998224299999999936e-03
7.496628000000000000e+09	1.725878540000000058e-02	-2.168740699999999969e-03
7.496648000000000000e+09	1.723741009999999949e-02	-2.380078600000000086e-03
7.496668000000000000e+09	1.723534310000000153e-02	-2.503186000000000126e-03
7.496688000000000000e+09	1.720502759999999881e-02	-2.670016999999999790e-03
7.496708000000000000e+09	1.720465050000000162e-02	-2.818607199999999952e-03
7.496728000000000000e+09	1.717737280000000005e-02	-3.025763999999999797e-03
7.496748000000000000e+09	1.716455659999999855e-02	-3.160074100000000163e-03
7.496768000000000000e+09	1.715301600000000010e-02	-3.341022899999999789e-03
7.496788000000000000e+09	1.711166650000000081e-02	-3.489446700000000019e-03
7.496808000000000000e+09	1.707846249999999885e-02	-3.633488600000000027e-03
7.496828000000000000e+09	1.707872009999999996e-02	-3.798004800000000063e-03
7.496848000000000000e+09	1.703680750000000077e-02	-3.953626099999999616e-03
7.496868000000000000e+09	1.701596559999999855e-02	-4.106130399999999639e-03
7.496888000000000000e+09	1.697278530000000119e-02	-4.264337800000000261e-03
7.496908000000000000e+09	1.695056879999999946e-02	-4.418981100000000245e-03
7.496928000000000000e+09	1.691169970000000120e-02	-4.588983599999999809e-03
7.496948000000000000e+09	1.688210539999999982e-02	-4.742500699999999993e-03
7.496968000000000000e+09	1.683593580000000006e-02	-4.893389399999999861e-03
7.496988000000000000e+09	1.679990890000000042e-02	-5.043833999999999644e-03
7.497008000000000000e+09	1.675841020000000056e-02	-5.222648699999999679e-03
7.497028000000000000e+09	1.671245500000000106e-02	-5.341330899999999909e-03
7.497048000000000000e+09	1.669054899999999897e-02	-5.483562899999999858e-03
7.497068000000000000e+09	1.663865260000000137e-02	-5.636075100000000407e-03
7.497088000000000000e+09	1.658938940000000140e-02	-5.807819399999999792e-03
7.497108000000000000e+09	1.655628879999999914e-02	-5.976039600000000035e-03
7.497128000000000000e+09	1.650538290000000061e-02	-6.135322200000000413e-03
7.497148000000000000e+09	1.643062819999999841e-02	-6.258885599999999827e-03
7.497168000000000000e+09	1.639533450000000073e-02	-6.424104600000000130e-03
7.497188000000000000e+09	1.633742499999999917e-02	-6.590202899999999739e-03
7.497208000000000000e+09	1.631415380000000165e-02	-6.718871900000000265e-03
7.497228000000000000e+09	1.622265709999999930e-02	-6.860256999999999813e-03
7.497248000000000000e+09	1.617243880000000106e-02	-7.000946499999999816e-03
7.497268000000000000e+09	1.610204330000000045e-02	-7.171111600000000183e-03
7.497288000000000000e+09	1.606073300000000065e-02	-7.317577599999999793e-03
7.497308000000000000e+09	1.599621060000000136e-02	-7.430271100000000045e-03
7.497328000000000000e+09	1.591415839999999957e-02	-7.585767000000000204e-03
7.497348000000000000e+09	1.585999360000000039e-02	-7.748836000000000265e-03
7.497368000000000000e+09	1.580857769999999968e-02	-7.897451300000000313e-03
7.497388000000000000e+09	1.572462609999999983e-02	-8.006039399999999653e-03
7.497408000000000000e+09	1.567033940000000028e-02	-8.168047299999999997e-03
7.497428000000000000e+09	1.562784810000000107e-02	-8.310580700000000376e-03
7.497448000000000000e+09	1.554231860000000048e-02	-8.432883099999999993e-03
7.497468000000000000e+09	1.547255059999999918e-02	-8.587676600000000021e-03
7.497488000000000000e+09	1.541352290000000055e-02	-8.728861200000000153e-03
7.497508000000000000e+09	1.531927190000000050e-02	-8.866926299999999470e-03
7.497528000000000000e+09	1.524283469999999918e-02	-9.010972299999999574e-03
7.497548000000000000e+09	1.515479469999999988e-02	-9.132558100000000290e-03
7.497568000000000000e+09	1.507759439999999986e-02	-9.292200500000000196e-03
7.497588000000000000e+09	1.502480590000000032e-02	-9.393191699999999325e-03
7.497608000000000000e+09	1.492511579999999949e-02	-9.561194099999999890e-03
7.497628000000000000e+09	1.486104459999999967e-02	-9.673516899999999932e-03
7.497648000000000000e+09	1.477833270000000060e-02	-9.818051799999999787e-03
7.497668000000000000e+09	1.469244029999999986e-02	-9.946547700000000700e-03
7.497688000000000000e+09	1.459103580000000074e-02	-1.008743680000000024e-02
7.497708000000000000e+09	1.453417580000000014e-02	-1.018561259999999948e-02
7.497728000000000000e+09	1.442125690000000023e-02	-1.034435449999999979e-02
7.497748000000000000e+09	1.433385990000000075e-02	-1.048752030000000071e-02
7.497768000000000000e+09	1.427687579999999991e-02	-1.058046909999999993e-02
7.497788000000000000e+09	1.418176760000000071e-02	-1.071673859999999930e-02
7.497808000000000000e+09	1.409545079999999923e-02	-1.086564259999999935e-02
7.497828000000000000e+09	1.400729600000000068e-02	-1.097339919999999920e-02
7.497848000000000000e+09	1.389902689999999996e-02	-1.107054399999999987e-02
7.497868000000000000e+09	1.379101439999999915e-02	-1.119130129999999952e-02
7.497888000000000000e+09	1.370376589999999957e-02	-1.133184140000000062e-02
7.497908000000000000e+09	1.361732119999999914e-02	-1.145085239999999935e-02
7.497928000000000000e+09	1.352769369999999929e-02	-1.156796279999999962e-02
7.497948000000000000e+09	1.342731219999999948e-02	-1.167237330000000031e-02
7.497968000000000000e+09	1.333802019999999998e-02	-1.180453390000000061e-02
7.497988000000000000e+09	1.321568509999999919e-02	-1.195065579999999954e-02
7.498008000000000000e+09	1.313034270000000038e-02	-1.205548210000000064e-02
7.498028000000000000e+09	1.302100179999999933e-02	-1.215869940000000038e-02
7.498048000000000000e+09	1.291862199999999940e-02	-1.226304419999999992e-02
7.498068000000000000e+09	1.281151860000000024e-02	-1.238817080000000070e-02
7.498088000000000000e+09	1.272797969999999931e-02	-1.248917320000000018e-02
7.498108000000000000e+09	1.259837289999999992e-02	-1.260587210000000020e-02
7.498128000000000000e+09	1.249141110000000048e-02	-1.271696100000000058e-02
7.498148000000000000e+09	1.238289180000000031e-02	-1.286952419999999944e-02
7.498168000000000000e+09	1.228190820000000030e-02	-1.293792669999999957e-02
7.498188000000000000e+09	1.216942820000000043e-02	-1.306062380000000064e-02
7.498208000000000000e+09	1.207166770000000014e-02	-1.313792819999999931e-02
7.498228000000000000e+09	1.194879039999999920e-02	-1.327588269999999994e-02
7.498248000000000000e+09	1.185366120000000065e-02	-1.338947839999999993e-02
7.498268000000000000e+09	1.171801920000000059e-02	-1.345903780000000036e-02
7.498288000000000000e+09	1.162503810000000033e-02	-1.356281749999999932e-02
7.498308000000000000e+09	1.151302419999999938e-02	-1.368620809999999965e-02
7.498328000000000000e+09	1.137270680000000006e-02	-1.379514389999999917e-02
7.498348000000000000e+09	1.126064870000000051e-02	-1.387024880000000022e-02
7.498368000000000000e+09	1.116973509999999968e-02	-1.396180590000000062e-02
7.498388000000000000e+09	1.104900080000000007e-02	-1.406680150000000004e-02
7.498408000000000000e+09	1.092005040000000073e-02	-1.415882970000000018e-02
7.498428000000000000e+09	1.080580670000000007e-02	-1.425826720000000075e-02
7.498448000000000000e+09	1.066541489999999967e-02	-1.434350809999999921e-02
7.498468000000000000e+09	1.055171830000000040e-02	-1.442342310000000079e-02
7.498488000000000000e+09	1.046017360000000077e-02	-1.455122810000000072e-02
7.498508000000000000e+09	1.031750290000000084e-02	-1.463557050000000026e-02
7.498528000000000000e+09	1.019954959999999980e-02	-1.469955969999999987e-02
7.498548000000000000e+09	1.005977280000000008e-02	-1.479481099999999973e-02
7.498568000000000000e+09	9.955333000000000238e-03	-1.489648399999999977e-02
7.498588000000000000e+09	9.842135700000000792e-03	-1.499016759999999976e-02
7.498608000000000000e+09	9.719625399999999235e-03	-1.506833139999999918e-02
7.498628000000000000e+09	9.574824200000000077e-03	-1.514766740000000021e-02
7.498648000000000000e+09	9.432829499999999950e-03	-1.524036320000000076e-02
7.498668000000000000e+09	9.318363700000000319e-03	-1.532401169999999917e-02
7.498688000000000000e+09	9.197064499999999324e-03	-1.537300469999999981e-02
7.498708000000000000e+09	9.067047899999999827e-03	-1.545958579999999992e-02
7.498728000000000000e+09	8.954645000000000660e-03	-1.554987889999999949e-02
7.498748000000000000e+09	8.795421899999999321e-03	-1.562327359999999936e-02
7.498768000000000000e+09	8.650330899999999351e-03	-1.568581419999999851e-02
7.498788000000000000e+09	8.548456499999999153e-03	-1.576858329999999975e-02
7.498808000000000000e+09	8.438809800000000513e-03	-1.586205640000000125e-02
7.498828000000000000e+09	8.293377500000000818e-03	-1.593048299999999876e-02
7.498848000000000000e+09	8.150875900000000007e-03	-1.598779930000000099e-02
7.498868000000000000e+09	8.005094699999999730e-03	-1.606312409999999941e-02
7.498888000000000000e+09	7.866654900000000575e-03	-1.612657270000000115e-02
7.498908000000000000e+09	7.757207900000000211e-03	-1.621639390000000069e-02
7.498928000000000000e+09	7.625581000000000199e-03	-1.624545390000000158e-02
7.498948000000000000e+09	7.462042399999999596e-03	-1.631063929999999884e-02
7.498968000000000000e+09	7.344376700000000355e-03	-1.641040880000000160e-02
7.498988000000000000e+09	7.205728100000000254e-03	-1.646174980000000149e-02
7.499008000000000000e+09	7.062139200000000332e-03	-1.650847730000000110e-02
7.499028000000000000e+09	6.952942200000000218e-03	-1.657539909999999894e-02
7.499048000000000000e+09	6.784651800000000323e-03	-1.662792349999999905e-02
7.499068000000000000e+09	6.654396800000000195e-03	-1.668583280000000141e-02
7.499088000000000000e+09	6.534025500000000333e-03	-1.676368380000000172e-02
7.499108000000000000e+09	6.373104999999999569e-03	-1.680826770000000067e-02
7.499128000000000000e+09	6.233594999999999761e-03	-1.687289729999999835e-02
7.499148000000000000e+09	6.099960300000000293e-03	-1.692149290000000139e-02
7.499168000000000000e+09	5.931713800000000189e-03	-1.694717880000000051e-02
7.499188000000000000e+09	5.819106999999999578e-03	-1.703310250000000109e-02
7.499208000000000000e+09	5.677856900000000095e-03	-1.705691559999999996e-02
7.499228000000000000e+09	5.538981299999999781e-03	-1.712141739999999829e-02
7.499248000000000000e+09	5.375577000000000306e-03	-1.715494780000000052e-02
7.499268000000000000e+09	5.262031000000000347e-03	-1.722843710000000056e-02
7.499288000000000000e+09	5.129026800000000344e-03	-1.725345910000000010e-02
7.499308000000000000e+09	4.981371699999999868e-03	-1.730787030000000004e-02
7.499328000000000000e+09	4.843643800000000180e-03	-1.731704579999999993e-02
7.499348000000000000e+09	4.677189099999999600e-03	-1.739785069999999836e-02
7.499368000000000000e+09	4.531806400000000339e-03	-1.742051099999999964e-02
7.499388000000000000e+09	4.405004100000000158e-03	-1.744812579999999863e-02
7.499408000000000000e+09	4.272337600000000388e-03	-1.749566539999999892e-02
7.499428000000000000e+09	4.102439700000000064e-03	-1.754234829999999981e-02
7.499448000000000000e+09	3.968486000000000236e-03	-1.756498780000000093e-02
7.499468000000000000e+09	3.820834300000000051e-03	-1.760406949999999970e-02
7.499488000000000000e+09	3.680292500000000109e-03	-1.762809599999999935e-02
7.499508000000000000e+09	3.538026599999999876e-03	-1.766481120000000168e-02
7.499528000000000000e+09	3.372557200000000054e-03	-1.766904459999999941e-02
7.499548000000000000e+09	3.252101500000000034e-03	-1.769879070000000137e-02
7.499568000000000000e+09	3.088086199999999937e-03	-1.773113440000000096e-02
7.499588000000000000e+09	2.925464100000000050e-03	-1.776846769999999853e-02
7.499608000000000000e+09	2.803563099999999836e-03	-1.778531170000000050e-02
7.499628000000000000e+09	2.672354999999999956e-03	-1.779716259999999939e-02
7.499648000000000000e+09	2.531055099999999971e-03	-1.786709410000000137e-02
7.499668000000000000e+09	2.375097200000000127e-03	-1.787024519999999908e-02
7.499688000000000000e+09	2.235173899999999894e-03	-1.787068509999999860e-02
7.499708000000000000e+09	2.087516700000000003e-03	-1.791649429999999862e-02
7.499728000000000000e+09	1.928620399999999950e-03	-1.793306609999999884e-02
7.499748000000000000e+09	1.780604000000000084e-03	-1.793460070000000087e-02
7.499768000000000000e+09	1.645574599999999896e-03	-1.794545390000000171e-02
7.499788000000000000e+09	1.491690099999999977e-03	-1.797501270000000095e-02
7.499808000000000000e+09	1.310185200000000020e-03	-1.796222750000000049e-02
7.499828000000000000e+09	1.212196299999999905e-03	-1.800510459999999854e-02
7.499848000000000000e+09	1.041462599999999931e-03	-1.800588289999999897e-02
7.499868000000000000e+09	8.969530999999999555e-04	-1.799300950000000052e-02
7.499888000000000000e+09	7.371889000000000393e-04	-1.799620659999999830e-02
7.499908000000000000e+09	5.842173000000000418e-04	-1.802536169999999910e-02
7.499928000000000000e+09	4.579020999999999742e-04	-1.801204370000000082e-02
7.499948000000000000e+09	2.954515000000000223e-04	-1.802925110000000095e-02
7.499968000000000000e+09	1.706425999999999982e-04	-1.802977570000000029e-02
7.499988000000000000e+09	8.380600000000000703e-06	-1.806292799999999893e-02
7.500008000000000000e+09	-1.461431999999999868e-04	-1.803476210000000066e-02
7.500028000000000000e+09	-3.080925999999999782e-04	-1.803180470000000091e-02
7.500048000000000000e+09	-4.214999000000000198e-04	-1.804363380000000017e-02
7.500068000000000000e+09	-5.771260999999999969e-04	-1.801716440000000058e-02
7.500088000000000000e+09	-7.262117999999999915e-04	-1.805374850000000114e-02
7.500108000000000000e+09	-8.444934000000000078e-04	-1.800602559999999949e-02
7.500128000000000000e+09	-1.022626100000000038e-03	-1.800132780000000127e-02
7.500148000000000000e+09	-1.179689600000000029e-03	-1.800440739999999845e-02
7.500168000000000000e+09	-1.320637400000000076e-03	-1.800853839999999942e-02
7.500188000000000000e+09	-1.459668600000000108e-03	-1.799626160000000058e-02
7.500208000000000000e+09	-1.592855599999999996e-03	-1.797362840000000031e-02
7.500228000000000000e+09	-1.753585200000000064e-03	-1.796383240000000089e-02
7.500248000000000000e+09	-1.905187299999999912e-03	-1.794430909999999990e-02
7.500268000000000000e+09	-2.025762999999999869e-03	-1.792065500000000061e-02
7.500288000000000000e+09	-2.181870600000000021e-03	-1.790577520000000145e-02
7.500308000000000000e+09	-2.316937900000000123e-03	-1.790239470000000097e-02
7.500328000000000000e+09	-2.474876600000000190e-03	-1.788043480000000088e-02
7.500348000000000000e+09	-2.623952100000000176e-03	-1.786037949999999888e-02
7.500368000000000000e+09	-2.750661199999999799e-03	-1.782569939999999881e-02
7.500388000000000000e+09	-2.904137800000000050e-03	-1.781802489999999989e-02
7.500408000000000000e+09	-3.033315200000000038e-03	-1.780412699999999945e-02
7.500428000000000000e+09	-3.183976399999999957e-03	-1.779585659999999986e-02
7.500448000000000000e+09	-3.350509099999999813e-03	-1.774503679999999903e-02
7.500468000000000000e+09	-3.464382099999999826e-03	-1.771919790000000064e-02
7.500488000000000000e+09	-3.639376100000000190e-03	-1.769158300000000031e-02
7.500508000000000000e+09	-3.779434500000000089e-03	-1.766285999999999898e-02
7.500528000000000000e+09	-3.895915299999999897e-03	-1.761735940000000097e-02
7.500548000000000000e+09	-4.057541399999999715e-03	-1.758693260000000064e-02
7.500568000000000000e+09	-4.189414899999999685e-03	-1.755761299999999969e-02
7.500588000000000000e+09	-4.336538099999999625e-03	-1.754324889999999901e-02
7.500608000000000000e+09	-4.475515600000000427e-03	-1.747643800000000039e-02
7.500628000000000000e+09	-4.621217399999999649e-03	-1.743877099999999875e-02
7.500648000000000000e+09	-4.774245800000000151e-03	-1.740141229999999858e-02
7.500668000000000000e+09	-4.907377000000000093e-03	-1.738046119999999903e-02
7.500688000000000000e+09	-5.006161599999999628e-03	-1.733383640000000017e-02
7.500708000000000000e+09	-5.189744900000000348e-03	-1.729186729999999950e-02
7.500728000000000000e+09	-5.301909500000000219e-03	-1.724218950000000125e-02
7.500748000000000000e+09	-5.448461299999999598e-03	-1.721312380000000058e-02
7.500768000000000000e+09	-5.599263600000000361e-03	-1.717160120000000081e-02
7.500788000000000000e+09	-5.728104300000000024e-03	-1.712305080000000104e-02
7.500808000000000000e+09	-5.848995699999999867e-03	-1.706656059999999905e-02
7.500828000000000000e+09	-6.018171600000000315e-03	-1.702057709999999988e-02
7.500848000000000000e+09	-6.134653799999999733e-03	-1.698543679999999986e-02
7.500868000000000000e+09	-6.290502499999999636e-03	-1.694115339999999886e-02
7.500888000000000000e+09	-6.423592700000000343e-03	-1.687432419999999877e-02
7.500908000000000000e+09	-6.549418199999999628e-03	-1.683887510000000101e-02
7.500928000000000000e+09	-6.700822799999999781e-03	-1.678234370000000059e-02
7.500948000000000000e+09	-6.817079699999999999e-03	-1.673275260000000111e-02
7.500968000000000000e+09	-6.949839799999999596e-03	-1.666614329999999838e-02
7.500988000000000000e+09	-7.101928100000000008e-03	-1.661488880000000154e-02
7.501008000000000000e+09	-7.240517900000000007e-03	-1.657136609999999843e-02
7.501028000000000000e+09	-7.375646599999999796e-03	-1.647975650000000139e-02
7.501048000000000000e+09	-7.480579900000000095e-03	-1.643909400000000132e-02
7.501068000000000000e+09	-7.618260800000000235e-03	-1.637248880000000129e-02
7.501088000000000000e+09	-7.767229100000000094e-03	-1.630994700000000172e-02
7.501108000000000000e+09	-7.874596600000000404e-03	-1.624297820000000087e-02
7.501128000000000000e+09	-8.000827800000000559e-03	-1.616637950000000129e-02
7.501148000000000000e+09	-8.134858999999999493e-03	-1.612993650000000070e-02
7.501168000000000000e+09	-8.274695300000000850e-03	-1.605082019999999957e-02
7.501188000000000000e+09	-8.398471100000000703e-03	-1.599008290000000082e-02
7.501208000000000000e+09	-8.529144299999999457e-03	-1.594040249999999909e-02
7.501228000000000000e+09	-8.636054900000000520e-03	-1.587754699999999880e-02
7.501248000000000000e+09	-8.771402899999999198e-03	-1.576911110000000019e-02
7.501268000000000000e+09	-8.902415199999999529e-03	-1.571597389999999927e-02
7.501288000000000000e+09	-9.027081399999999436e-03	-1.565199340000000133e-02
7.501308000000000000e+09	-9.168637699999999252e-03	-1.558072310000000078e-02
7.501328000000000000e+09	-9.295799299999999224e-03	-1.547475929999999993e-02
7.501348000000000000e+09	-9.421055600000000432e-03	-1.539287550000000004e-02
7.501368000000000000e+09	-9.516595600000000293e-03	-1.534344829999999965e-02
7.501388000000000000e+09	-9.633038300000000553e-03	-1.525039079999999936e-02
7.501408000000000000e+09	-9.760149600000000286e-03	-1.519470380000000065e-02
7.501428000000000000e+09	-9.881720099999999687e-03	-1.509954919999999950e-02
7.501448000000000000e+09	-1.000585470000000046e-02	-1.505420870000000015e-02
7.501468000000000000e+09	-1.011401280000000062e-02	-1.493379369999999970e-02
7.501488000000000000e+09	-1.020163009999999933e-02	-1.485721769999999962e-02
7.501508000000000000e+09	-1.034679389999999984e-02	-1.480101950000000006e-02
7.501528000000000000e+09	-1.047824839999999917e-02	-1.470493640000000019e-02
7.501548000000000000e+09	-1.059881810000000077e-02	-1.459173889999999980e-02
