7.489068000000000000e+09	4.382756999999999820e-04	1.046462620000000038e-02
7.489073000000000000e+09	5.610085999999999806e-04	1.046137949999999955e-02
7.489078000000000000e+09	6.615176000000000172e-04	1.045984080000000004e-02
7.489083000000000000e+09	6.800225999999999493e-04	1.046143679999999958e-02
7.489088000000000000e+09	8.015935000000000291e-04	1.043892220000000072e-02
7.489093000000000000e+09	8.230438000000000294e-04	1.042541460000000024e-02
7.489098000000000000e+09	8.353981000000000341e-04	1.040156019999999987e-02
7.489103000000000000e+09	8.752198999999999786e-04	1.040912859999999947e-02
7.489108000000000000e+09	8.836663999999999934e-04	1.041255880000000085e-02
7.489113000000000000e+09	9.424459999999999955e-04	1.036156830000000036e-02
7.489118000000000000e+09	9.683613000000000420e-04	1.036469460000000002e-02
7.489123000000000000e+09	1.008668199999999959e-03	1.036284110000000071e-02
7.489128000000000000e+09	1.005848200000000010e-03	1.034489979999999969e-02
7.489133000000000000e+09	1.030946899999999906e-03	1.031803449999999997e-02
7.489138000000000000e+09	1.073945800000000034e-03	1.031352879999999916e-02
7.489143000000000000e+09	1.079205400000000101e-03	1.029599529999999930e-02
7.489148000000000000e+09	1.117921200000000087e-03	1.028358260000000052e-02
7.489153000000000000e+09	1.120233200000000061e-03	1.027792270000000077e-02
7.489158000000000000e+09	1.152042299999999925e-03	1.025420529999999941e-02
7.489163000000000000e+09	1.222087599999999944e-03	1.026032189999999920e-02
7.489168000000000000e+09	1.184837700000000021e-03	1.023972530000000040e-02
7.489173000000000000e+09	1.229209200000000056e-03	1.023687239999999943e-02
7.489178000000000000e+09	1.258045800000000009e-03	1.018154060000000041e-02
7.489183000000000000e+09	1.313523000000000034e-03	1.019765000000000081e-02
7.489188000000000000e+09	1.303901299999999991e-03	1.018931030000000057e-02
7.489193000000000000e+09	1.340743400000000063e-03	1.014958820000000025e-02
7.489198000000000000e+09	1.379391700000000016e-03	1.013554959999999998e-02
7.489203000000000000e+09	1.386935599999999935e-03	1.010762639999999990e-02
7.489208000000000000e+09	1.405442600000000007e-03	1.010969930000000030e-02
7.489213000000000000e+09	1.431154700000000042e-03	1.007834550000000044e-02
7.489218000000000000e+09	1.458289300000000085e-03	1.006930460000000048e-02
7.489223000000000000e+09	1.496636100000000007e-03	1.008371960000000074e-02
7.489228000000000000e+09	1.504331299999999913e-03	1.008036759999999914e-02
7.489233000000000000e+09	1.531926399999999997e-03	1.006228850000000057e-02
7.489238000000000000e+09	1.567925499999999915e-03	1.000620359999999931e-02
7.489243000000000000e+09	1.581103900000000026e-03	1.002035400000000041e-02
7.489248000000000000e+09	1.606423999999999960e-03	9.997665399999999467e-03
7.489253000000000000e+09	1.614736099999999897e-03	9.987998099999999269e-03
7.489258000000000000e+09	1.663044800000000080e-03	9.962517500000000331e-03
7.489263000000000000e+09	1.662148399999999930e-03	9.932857800000000070e-03
7.489268000000000000e+09	1.694353300000000107e-03	9.934819200000000183e-03
7.489273000000000000e+09	1.731059899999999943e-03	9.941820900000000391e-03
7.489278000000000000e+09	1.744300999999999968e-03	9.916479199999999813e-03
7.489283000000000000e+09	1.784308199999999926e-03	9.904662200000000777e-03
7.489288000000000000e+09	1.791736699999999958e-03	9.854481499999999741e-03
7.489293000000000000e+09	1.834270199999999892e-03	9.844364200000000481e-03
7.489298000000000000e+09	1.855090499999999948e-03	9.842843699999999363e-03
7.489303000000000000e+09	1.886607700000000019e-03	9.802619300000000799e-03
7.489308000000000000e+09	1.885352700000000100e-03	9.813421100000000591e-03
7.489313000000000000e+09	1.896619700000000018e-03	9.782495500000000163e-03
7.489318000000000000e+09	1.932597299999999976e-03	9.769610800000000025e-03
7.489323000000000000e+09	1.947498800000000037e-03	9.758162900000000653e-03
7.489328000000000000e+09	1.976555200000000134e-03	9.707469300000000356e-03
7.489333000000000000e+09	2.013728800000000058e-03	9.721363499999999963e-03
7.489338000000000000e+09	2.035312999999999966e-03	9.681142900000000093e-03
7.489343000000000000e+09	2.043846599999999975e-03	9.688940000000000052e-03
7.489348000000000000e+09	2.099148099999999934e-03	9.686292100000000460e-03
7.489353000000000000e+09	2.083852000000000187e-03	9.635274799999999501e-03
7.489358000000000000e+09	2.139583599999999794e-03	9.624572600000000713e-03
7.489363000000000000e+09	2.166152199999999816e-03	9.627566199999999796e-03
7.489368000000000000e+09	2.175878200000000082e-03	9.585375599999999482e-03
7.489373000000000000e+09	2.204212599999999869e-03	9.564001199999999994e-03
7.489378000000000000e+09	2.204188299999999823e-03	9.528227400000000361e-03
7.489383000000000000e+09	2.253959199999999892e-03	9.523972400000000477e-03
7.489388000000000000e+09	2.256872500000000215e-03	9.507029599999999511e-03
7.489393000000000000e+09	2.280945400000000071e-03	9.506479499999999708e-03
7.489398000000000000e+09	2.287701100000000091e-03	9.477804499999999133e-03
7.489403000000000000e+09	2.322133300000000199e-03	9.475187200000000434e-03
7.489408000000000000e+09	2.354951499999999830e-03	9.448582900000000381e-03
7.489413000000000000e+09	2.358210500000000077e-03	9.414987499999999399e-03
7.489418000000000000e+09	2.379362299999999986e-03	9.411953000000000680e-03
7.489423000000000000e+09	2.421814799999999837e-03	9.385281000000000526e-03
7.489428000000000000e+09	2.436259899999999954e-03	9.371521100000000312e-03
7.489433000000000000e+09	2.460611299999999804e-03	9.347716699999999643e-03
7.489438000000000000e+09	2.456655900000000170e-03	9.337070100000000733e-03
7.489443000000000000e+09	2.502377300000000176e-03	9.321165899999999185e-03
7.489448000000000000e+09	2.525465699999999980e-03	9.301600099999999746e-03
7.489453000000000000e+09	2.527416000000000211e-03	9.281309600000000812e-03
7.489458000000000000e+09	2.552157399999999913e-03	9.252473900000000515e-03
7.489463000000000000e+09	2.595080500000000213e-03	9.237298799999999963e-03
7.489468000000000000e+09	2.603782199999999866e-03	9.225931499999999452e-03
7.489473000000000000e+09	2.627165800000000155e-03	9.196316700000000191e-03
7.489478000000000000e+09	2.646406999999999926e-03	9.160807400000000114e-03
7.489483000000000000e+09	2.693261100000000213e-03	9.162079000000000056e-03
7.489488000000000000e+09	2.690848699999999830e-03	9.142967499999999845e-03
7.489493000000000000e+09	2.700914899999999879e-03	9.111704999999999458e-03
7.489498000000000000e+09	2.742095500000000120e-03	9.099825900000000495e-03
7.489503000000000000e+09	2.746894000000000158e-03	9.074544599999999697e-03
7.489508000000000000e+09	2.782105200000000063e-03	9.046618600000000399e-03
7.489513000000000000e+09	2.786047700000000068e-03	9.041287000000000282e-03
7.489518000000000000e+09	2.809330699999999879e-03	9.016092899999999730e-03
7.489523000000000000e+09	2.831507200000000102e-03	9.018507699999999197e-03
7.489528000000000000e+09	2.857239299999999801e-03	8.974394400000000258e-03
7.489533000000000000e+09	2.872350899999999950e-03	8.981257799999999708e-03
7.489538000000000000e+09	2.896464100000000104e-03	8.939797700000000000e-03
7.489543000000000000e+09	2.905352099999999969e-03	8.900662700000000829e-03
7.489548000000000000e+09	2.922789299999999958e-03	8.912114800000000767e-03
7.489553000000000000e+09	2.954536199999999863e-03	8.872887200000000377e-03
7.489558000000000000e+09	2.978069099999999889e-03	8.862024799999999869e-03
7.489563000000000000e+09	3.009703500000000028e-03	8.833178299999999358e-03
7.489568000000000000e+09	3.012642900000000144e-03	8.812824599999999689e-03
7.489573000000000000e+09	3.019832899999999945e-03	8.796450900000000669e-03
7.489578000000000000e+09	3.042169999999999857e-03	8.785005099999999845e-03
7.489583000000000000e+09	3.054214600000000179e-03	8.740341400000000566e-03
7.489588000000000000e+09	3.112237800000000176e-03	8.723450299999999449e-03
7.489593000000000000e+09	3.104900600000000052e-03	8.694217599999999949e-03
7.489598000000000000e+09	3.111580799999999914e-03	8.693767800000000087e-03
7.489603000000000000e+09	3.151657200000000051e-03	8.686843399999999785e-03
7.489608000000000000e+09	3.170364599999999939e-03	8.639911999999999592e-03
7.489613000000000000e+09	3.171470599999999789e-03	8.602704900000000821e-03
7.489618000000000000e+09	3.196070400000000210e-03	8.618528099999999900e-03
7.489623000000000000e+09	3.227442799999999910e-03	8.565463599999999927e-03
7.489628000000000000e+09	3.251475900000000072e-03	8.565792799999999430e-03
7.489633000000000000e+09	3.262900300000000104e-03	8.539589599999999545e-03
7.489638000000000000e+09	3.283641600000000108e-03	8.524569200000000138e-03
7.489643000000000000e+09	3.284250299999999945e-03	8.485285000000000397e-03
7.489648000000000000e+09	3.307638400000000034e-03	8.489916400000000266e-03
7.489653000000000000e+09	3.315104000000000141e-03	8.442511999999999239e-03
7.489658000000000000e+09	3.355766799999999883e-03	8.406775199999999212e-03
7.489663000000000000e+09	3.351549100000000142e-03	8.392156099999999175e-03
7.489668000000000000e+09	3.402605400000000089e-03	8.379834900000000808e-03
7.489673000000000000e+09	3.390379099999999823e-03	8.355474300000000423e-03
7.489678000000000000e+09	3.422882999999999828e-03	8.327940299999999491e-03
7.489683000000000000e+09	3.455112700000000005e-03	8.311604499999999951e-03
7.489688000000000000e+09	3.460389300000000015e-03	8.283928799999999704e-03
7.489693000000000000e+09	3.501611200000000028e-03	8.269146200000000724e-03
7.489698000000000000e+09	3.495892300000000112e-03	8.213520199999999397e-03
7.489703000000000000e+09	3.504956400000000180e-03	8.214360999999999885e-03
7.489708000000000000e+09	3.516214399999999848e-03	8.166713500000000528e-03
7.489713000000000000e+09	3.532638399999999974e-03	8.155673900000000309e-03
7.489718000000000000e+09	3.565601900000000147e-03	8.166348099999999957e-03
7.489723000000000000e+09	3.560300499999999920e-03	8.139782800000000193e-03
7.489728000000000000e+09	3.586361100000000184e-03	8.091024800000000752e-03
7.489733000000000000e+09	3.590043599999999998e-03	8.052092900000000150e-03
7.489738000000000000e+09	3.628913000000000104e-03	8.056482499999999963e-03
7.489743000000000000e+09	3.638947999999999922e-03	8.033683800000000069e-03
7.489748000000000000e+09	3.654946899999999936e-03	8.005779799999999599e-03
7.489753000000000000e+09	3.665765200000000151e-03	7.979345800000000807e-03
7.489758000000000000e+09	3.660457000000000207e-03	7.960284300000000299e-03
7.489763000000000000e+09	3.728817599999999927e-03	7.936465000000000186e-03
7.489768000000000000e+09	3.707940199999999915e-03	7.911599199999999263e-03
7.489773000000000000e+09	3.751927500000000124e-03	7.904942800000000144e-03
7.489778000000000000e+09	3.757068200000000194e-03	7.837746399999999738e-03
7.489783000000000000e+09	3.758339900000000171e-03	7.809578900000000053e-03
7.489788000000000000e+09	3.799088700000000183e-03	7.819252800000000767e-03
7.489793000000000000e+09	3.781931799999999934e-03	7.773402399999999705e-03
7.489798000000000000e+09	3.829276899999999820e-03	7.769787700000000026e-03
7.489803000000000000e+09	3.819639799999999946e-03	7.736106199999999607e-03
7.489808000000000000e+09	3.831479899999999921e-03	7.717546799999999881e-03
7.489813000000000000e+09	3.847640099999999862e-03	7.688152000000000180e-03
7.489818000000000000e+09	3.867662799999999849e-03	7.690344299999999668e-03
7.489823000000000000e+09	3.871537200000000050e-03	7.632593699999999821e-03
7.489828000000000000e+09	3.876275299999999875e-03	7.597355000000000080e-03
7.489833000000000000e+09	3.919590599999999911e-03	7.610955699999999782e-03
7.489838000000000000e+09	3.916636799999999655e-03	7.562223499999999599e-03
7.489843000000000000e+09	3.935448200000000313e-03	7.543720799999999692e-03
7.489848000000000000e+09	3.979170300000000292e-03	7.522897399999999880e-03
7.489853000000000000e+09	3.962322499999999630e-03	7.482127199999999943e-03
7.489858000000000000e+09	3.974364299999999864e-03	7.443514899999999906e-03
7.489863000000000000e+09	3.997618799999999931e-03	7.435047699999999989e-03
7.489868000000000000e+09	3.990904099999999580e-03	7.396802299999999733e-03
7.489873000000000000e+09	4.002694499999999954e-03	7.388852999999999914e-03
7.489878000000000000e+09	4.016328000000000432e-03	7.348629599999999956e-03
7.489883000000000000e+09	4.031220299999999958e-03	7.321847999999999725e-03
7.489888000000000000e+09	4.077315100000000227e-03	7.297404599999999728e-03
7.489893000000000000e+09	4.063067400000000204e-03	7.289251400000000200e-03
7.489898000000000000e+09	4.092849200000000034e-03	7.253272899999999718e-03
7.489903000000000000e+09	4.106684700000000007e-03	7.241355799999999940e-03
7.489908000000000000e+09	4.098572200000000047e-03	7.209487100000000134e-03
7.489913000000000000e+09	4.116836300000000122e-03	7.166272700000000245e-03
7.489918000000000000e+09	4.147674900000000373e-03	7.159272599999999716e-03
7.489923000000000000e+09	4.143510500000000159e-03	7.132216000000000250e-03
7.489928000000000000e+09	4.154772400000000289e-03	7.119016899999999586e-03
7.489933000000000000e+09	4.164669200000000251e-03	7.078768099999999640e-03
7.489938000000000000e+09	4.184506099999999763e-03	7.055518600000000411e-03
7.489943000000000000e+09	4.210328299999999829e-03	7.017101100000000015e-03
7.489948000000000000e+09	4.188540800000000418e-03	6.970370499999999775e-03
7.489953000000000000e+09	4.212369900000000403e-03	6.985097400000000144e-03
7.489958000000000000e+09	4.212707700000000235e-03	6.946769000000000208e-03
7.489963000000000000e+09	4.233247499999999615e-03	6.929286699999999584e-03
7.489968000000000000e+09	4.247475100000000156e-03	6.885023700000000337e-03
7.489973000000000000e+09	4.259208399999999707e-03	6.871092300000000187e-03
7.489978000000000000e+09	4.265992899999999574e-03	6.812559600000000354e-03
7.489983000000000000e+09	4.273759000000000238e-03	6.820386299999999999e-03
7.489988000000000000e+09	4.290668499999999823e-03	6.789567600000000029e-03
7.489993000000000000e+09	4.303100399999999943e-03	6.754860900000000425e-03
7.489998000000000000e+09	4.324943399999999633e-03	6.738119400000000016e-03
7.490003000000000000e+09	4.299217000000000143e-03	6.720921099999999961e-03
7.490008000000000000e+09	4.317596400000000070e-03	6.677980200000000095e-03
7.490013000000000000e+09	4.334555799999999758e-03	6.650222199999999972e-03
7.490018000000000000e+09	4.360721799999999967e-03	6.610575999999999952e-03
7.490023000000000000e+09	4.364173300000000373e-03	6.591480999999999729e-03
7.490028000000000000e+09	4.360232999999999817e-03	6.570054500000000255e-03
7.490033000000000000e+09	4.383058100000000040e-03	6.536511299999999726e-03
7.490038000000000000e+09	4.388591699999999651e-03	6.514650700000000107e-03
7.490043000000000000e+09	4.387803000000000016e-03	6.499955600000000173e-03
7.490048000000000000e+09	4.382156499999999635e-03	6.457184700000000166e-03
7.490053000000000000e+09	4.413331500000000109e-03	6.432777899999999639e-03
7.490058000000000000e+09	4.409458500000000385e-03	6.393864200000000039e-03
7.490063000000000000e+09	4.432154800000000054e-03	6.395873300000000372e-03
7.490068000000000000e+09	4.446338200000000268e-03	6.337978299999999857e-03
7.490073000000000000e+09	4.427832300000000137e-03	6.319581299999999999e-03
7.490078000000000000e+09	4.458730200000000227e-03	6.288784999999999861e-03
7.490083000000000000e+09	4.463604099999999957e-03	6.268793400000000071e-03
7.490088000000000000e+09	4.452994899999999923e-03	6.265380400000000218e-03
7.490093000000000000e+09	4.471557099999999736e-03	6.215432600000000106e-03
7.490098000000000000e+09	4.500521700000000187e-03	6.167936399999999868e-03
7.490103000000000000e+09	4.483129899999999633e-03	6.122753400000000013e-03
7.490108000000000000e+09	4.524394000000000159e-03	6.141892399999999627e-03
7.490113000000000000e+09	4.507164299999999804e-03	6.109114700000000363e-03
7.490118000000000000e+09	4.504615699999999813e-03	6.062054300000000416e-03
7.490123000000000000e+09	4.528893400000000118e-03	6.051464299999999991e-03
7.490128000000000000e+09	4.540659499999999578e-03	6.030962499999999692e-03
7.490133000000000000e+09	4.522236800000000063e-03	6.004657099999999650e-03
7.490138000000000000e+09	4.534917900000000161e-03	5.965331200000000000e-03
7.490143000000000000e+09	4.550889600000000007e-03	5.933335399999999787e-03
7.490148000000000000e+09	4.546088400000000349e-03	5.902919999999999869e-03
7.490153000000000000e+09	4.561321699999999930e-03	5.866133499999999674e-03
7.490158000000000000e+09	4.559371500000000167e-03	5.844814900000000132e-03
7.490163000000000000e+09	4.575645100000000180e-03	5.813058000000000287e-03
7.490168000000000000e+09	4.574194200000000245e-03	5.763796399999999986e-03
7.490173000000000000e+09	4.600178899999999779e-03	5.751962400000000357e-03
7.490178000000000000e+09	4.598652600000000153e-03	5.734560399999999794e-03
7.490183000000000000e+09	4.589879300000000370e-03	5.703714300000000022e-03
7.490188000000000000e+09	4.592181400000000004e-03	5.669634599999999990e-03
7.490193000000000000e+09	4.594984499999999611e-03	5.642300999999999740e-03
7.490198000000000000e+09	4.617477499999999777e-03	5.643045799999999584e-03
7.490203000000000000e+09	4.608399299999999671e-03	5.593419300000000184e-03
7.490208000000000000e+09	4.642827399999999681e-03	5.568437300000000402e-03
7.490213000000000000e+09	4.609636400000000425e-03	5.517019599999999947e-03
7.490218000000000000e+09	4.620817200000000222e-03	5.510350100000000265e-03
7.490223000000000000e+09	4.645837300000000419e-03	5.468694900000000379e-03
7.490228000000000000e+09	4.634885600000000251e-03	5.474178799999999956e-03
7.490233000000000000e+09	4.630523499999999841e-03	5.430233500000000192e-03
7.490238000000000000e+09	4.641227199999999574e-03	5.388612400000000226e-03
7.490243000000000000e+09	4.637574099999999810e-03	5.379510199999999742e-03
7.490248000000000000e+09	4.643371599999999641e-03	5.330487600000000277e-03
7.490253000000000000e+09	4.627621600000000369e-03	5.295489599999999783e-03
7.490258000000000000e+09	4.643591100000000332e-03	5.283165999999999730e-03
7.490263000000000000e+09	4.634603200000000228e-03	5.243438500000000176e-03
7.490268000000000000e+09	4.663610700000000130e-03	5.249572499999999829e-03
7.490273000000000000e+09	4.646697200000000048e-03	5.171929500000000193e-03
7.490278000000000000e+09	4.664335700000000161e-03	5.162731000000000264e-03
7.490283000000000000e+09	4.645266200000000394e-03	5.130731500000000091e-03
7.490288000000000000e+09	4.667722899999999890e-03	5.095439999999999692e-03
7.490293000000000000e+09	4.679593499999999857e-03	5.067674000000000310e-03
7.490298000000000000e+09	4.671757099999999940e-03	5.056708200000000104e-03
7.490303000000000000e+09	4.660979499999999727e-03	5.027287800000000348e-03
7.490308000000000000e+09	4.662675699999999611e-03	4.995879499999999682e-03
7.490313000000000000e+09	4.645479299999999770e-03	4.972799899999999843e-03
7.490318000000000000e+09	4.677759800000000356e-03	4.917220600000000129e-03
7.490323000000000000e+09	4.665373700000000241e-03	4.889220399999999814e-03
7.490328000000000000e+09	4.683422799999999858e-03	4.857049399999999705e-03
7.490333000000000000e+09	4.646214899999999946e-03	4.830759500000000178e-03
7.490338000000000000e+09	4.681478000000000202e-03	4.811953300000000426e-03
7.490343000000000000e+09	4.684123499999999843e-03	4.789353300000000202e-03
7.490348000000000000e+09	4.685334999999999674e-03	4.755610000000000392e-03
7.490353000000000000e+09	4.695126800000000260e-03	4.726236899999999852e-03
7.490358000000000000e+09	4.676112500000000234e-03	4.703525299999999736e-03
7.490363000000000000e+09	4.683644600000000033e-03	4.674046200000000345e-03
7.490368000000000000e+09	4.678171099999999666e-03	4.651427700000000318e-03
7.490373000000000000e+09	4.675251400000000196e-03	4.614656099999999567e-03
7.490378000000000000e+09	4.659052099999999932e-03	4.586155599999999950e-03
7.490383000000000000e+09	4.658975499999999832e-03	4.556273399999999710e-03
7.490388000000000000e+09	4.659589999999999912e-03	4.530073199999999981e-03
7.490393000000000000e+09	4.653532900000000028e-03	4.504206099999999782e-03
7.490398000000000000e+09	4.670038399999999756e-03	4.486859600000000364e-03
7.490403000000000000e+09	4.680431500000000258e-03	4.443880199999999947e-03
7.490408000000000000e+09	4.655475600000000269e-03	4.423152700000000312e-03
7.490413000000000000e+09	4.648243199999999888e-03	4.385272100000000423e-03
7.490418000000000000e+09	4.658449000000000270e-03	4.340499400000000403e-03
7.490423000000000000e+09	4.640782399999999683e-03	4.318925700000000173e-03
7.490428000000000000e+09	4.649011800000000041e-03	4.293545600000000378e-03
7.490433000000000000e+09	4.627200500000000320e-03	4.281978799999999925e-03
7.490438000000000000e+09	4.654507399999999705e-03	4.212797100000000364e-03
7.490443000000000000e+09	4.631770900000000205e-03	4.205683200000000059e-03
7.490448000000000000e+09	4.629537900000000282e-03	4.176993500000000109e-03
7.490453000000000000e+09	4.641977700000000061e-03	4.150198400000000044e-03
7.490458000000000000e+09	4.636572000000000263e-03	4.110686399999999817e-03
7.490463000000000000e+09	4.647951600000000197e-03	4.089932000000000116e-03
7.490468000000000000e+09	4.610709099999999762e-03	4.057978700000000084e-03
7.490473000000000000e+09	4.623980100000000225e-03	4.047974600000000395e-03
7.490478000000000000e+09	4.626333300000000370e-03	4.014572299999999774e-03
7.490483000000000000e+09	4.626265800000000337e-03	3.987270200000000292e-03
7.490488000000000000e+09	4.637879600000000338e-03	3.959104399999999885e-03
7.490493000000000000e+09	4.610720500000000180e-03	3.918611199999999864e-03
7.490498000000000000e+09	4.613985000000000135e-03	3.913598100000000371e-03
7.490503000000000000e+09	4.582149199999999839e-03	3.871063899999999981e-03
7.490508000000000000e+09	4.595182500000000343e-03	3.850487000000000094e-03
7.490513000000000000e+09	4.592219500000000419e-03	3.807885300000000105e-03
7.490518000000000000e+09	4.573184600000000308e-03	3.776198299999999810e-03
7.490523000000000000e+09	4.577076400000000371e-03	3.763725800000000156e-03
7.490528000000000000e+09	4.547921699999999713e-03	3.730093099999999898e-03
7.490533000000000000e+09	4.574894200000000424e-03	3.685262500000000083e-03
7.490538000000000000e+09	4.557751500000000247e-03	3.661685500000000197e-03
7.490543000000000000e+09	4.548623299999999571e-03	3.632853399999999826e-03
7.490548000000000000e+09	4.534843799999999613e-03	3.610670099999999886e-03
7.490553000000000000e+09	4.536878400000000401e-03	3.568889000000000002e-03
7.490558000000000000e+09	4.528026800000000372e-03	3.556931900000000028e-03
7.490563000000000000e+09	4.511280500000000061e-03	3.506663599999999912e-03
7.490568000000000000e+09	4.508313699999999709e-03	3.509817399999999848e-03
7.490573000000000000e+09	4.498316700000000272e-03	3.475916400000000038e-03
7.490578000000000000e+09	4.501405099999999590e-03	3.429044699999999821e-03
7.490583000000000000e+09	4.473102300000000170e-03	3.402606800000000133e-03
7.490588000000000000e+09	4.459528199999999998e-03	3.395319899999999814e-03
7.490593000000000000e+09	4.459677799999999838e-03	3.356859900000000105e-03
7.490598000000000000e+09	4.476767500000000156e-03	3.342204000000000095e-03
7.490603000000000000e+09	4.457290899999999910e-03	3.310583699999999994e-03
7.490608000000000000e+09	4.444685700000000107e-03	3.266483299999999815e-03
7.490613000000000000e+09	4.435645400000000349e-03	3.227080800000000065e-03
7.490618000000000000e+09	4.413036599999999726e-03	3.218852899999999784e-03
7.490623000000000000e+09	4.412553100000000082e-03	3.182854399999999855e-03
7.490628000000000000e+09	4.401608399999999699e-03	3.144169400000000180e-03
7.490633000000000000e+09	4.404821899999999610e-03	3.126134599999999802e-03
7.490638000000000000e+09	4.382435100000000097e-03	3.100301199999999820e-03
7.490643000000000000e+09	4.392752699999999573e-03	3.074589899999999841e-03
7.490648000000000000e+09	4.362677500000000305e-03	3.052507299999999979e-03
7.490653000000000000e+09	4.365589500000000185e-03	3.040402000000000209e-03
7.490658000000000000e+09	4.350277799999999889e-03	3.000951100000000000e-03
7.490663000000000000e+09	4.321817099999999967e-03	2.958635700000000063e-03
7.490668000000000000e+09	4.349740799999999782e-03	2.942372099999999990e-03
7.490673000000000000e+09	4.329878300000000214e-03	2.906815100000000127e-03
7.490678000000000000e+09	4.312706500000000089e-03	2.884691400000000128e-03
7.490683000000000000e+09	4.284379100000000086e-03	2.876377299999999942e-03
7.490688000000000000e+09	4.279057000000000173e-03	2.823866200000000031e-03
7.490693000000000000e+09	4.278561299999999838e-03	2.802566199999999893e-03
7.490698000000000000e+09	4.271775600000000429e-03	2.776257299999999959e-03
7.490703000000000000e+09	4.249644500000000075e-03	2.743997000000000189e-03
7.490708000000000000e+09	4.234384100000000359e-03	2.726323300000000217e-03
7.490713000000000000e+09	4.237001300000000324e-03	2.692186100000000092e-03
7.490718000000000000e+09	4.205138199999999826e-03	2.654968399999999874e-03
7.490723000000000000e+09	4.206083999999999691e-03	2.636466100000000104e-03
7.490728000000000000e+09	4.169466099999999745e-03	2.618926199999999788e-03
7.490733000000000000e+09	4.191702900000000148e-03	2.620176200000000170e-03
7.490738000000000000e+09	4.170489700000000119e-03	2.575323300000000124e-03
7.490743000000000000e+09	4.164128100000000048e-03	2.547751100000000043e-03
7.490748000000000000e+09	4.140449699999999844e-03	2.485208400000000172e-03
7.490753000000000000e+09	4.128813700000000080e-03	2.484897600000000005e-03
7.490758000000000000e+09	4.104387099999999740e-03	2.450341700000000216e-03
7.490763000000000000e+09	4.099670700000000376e-03	2.432917599999999923e-03
7.490768000000000000e+09	4.093178400000000404e-03	2.413296300000000207e-03
7.490773000000000000e+09	4.060482399999999943e-03	2.375523899999999917e-03
7.490778000000000000e+09	4.062572700000000210e-03	2.362791800000000209e-03
7.490783000000000000e+09	4.047198299999999783e-03	2.323891499999999975e-03
7.490788000000000000e+09	4.022574499999999852e-03	2.317435799999999907e-03
7.490793000000000000e+09	4.018322099999999987e-03	2.276197900000000076e-03
7.490798000000000000e+09	4.002402300000000059e-03	2.266294700000000099e-03
7.490803000000000000e+09	3.969051200000000418e-03	2.255378100000000191e-03
7.490808000000000000e+09	3.965541799999999784e-03	2.224340500000000168e-03
7.490813000000000000e+09	3.958032099999999817e-03	2.174604499999999857e-03
7.490818000000000000e+09	3.931235899999999811e-03	2.140475099999999790e-03
7.490823000000000000e+09	3.916821600000000222e-03	2.136315900000000049e-03
7.490828000000000000e+09	3.897996400000000063e-03	2.096444700000000064e-03
7.490833000000000000e+09	3.887195700000000212e-03	2.077336400000000076e-03
7.490838000000000000e+09	3.901737499999999911e-03	2.049910199999999908e-03
7.490843000000000000e+09	3.823802700000000082e-03	2.017912199999999812e-03
7.490848000000000000e+09	3.855588799999999910e-03	2.011702299999999864e-03
7.490853000000000000e+09	3.821720900000000112e-03	1.976081599999999962e-03
7.490858000000000000e+09	3.797794000000000170e-03	1.955385400000000159e-03
7.490863000000000000e+09	3.776007000000000061e-03	1.940047700000000104e-03
7.490868000000000000e+09	3.742513299999999932e-03	1.927204999999999977e-03
7.490873000000000000e+09	3.731529600000000127e-03	1.889978700000000079e-03
7.490878000000000000e+09	3.721223899999999939e-03	1.854092099999999927e-03
7.490883000000000000e+09	3.704953400000000115e-03	1.810256799999999944e-03
7.490888000000000000e+09	3.697471700000000156e-03	1.812529499999999960e-03
7.490893000000000000e+09	3.668256600000000152e-03	1.786635699999999981e-03
7.490898000000000000e+09	3.631305999999999944e-03	1.773499999999999903e-03
7.490903000000000000e+09	3.640654399999999815e-03	1.738542000000000039e-03
7.490908000000000000e+09	3.625692199999999872e-03	1.722856399999999960e-03
7.490913000000000000e+09	3.571727800000000074e-03	1.705827499999999991e-03
7.490918000000000000e+09	3.561521499999999955e-03	1.666529900000000017e-03
7.490923000000000000e+09	3.557531599999999832e-03	1.674003299999999965e-03
7.490928000000000000e+09	3.533885699999999869e-03	1.617483399999999991e-03
7.490933000000000000e+09	3.513807400000000004e-03	1.588472399999999981e-03
7.490938000000000000e+09	3.498253499999999950e-03	1.565833900000000072e-03
7.490943000000000000e+09	3.480247899999999988e-03	1.546445600000000012e-03
7.490948000000000000e+09	3.471581300000000161e-03	1.527931099999999985e-03
7.490953000000000000e+09	3.444358199999999863e-03	1.513509599999999893e-03
7.490958000000000000e+09	3.387979299999999833e-03	1.478848299999999940e-03
7.490963000000000000e+09	3.412937000000000002e-03	1.466704699999999903e-03
7.490968000000000000e+09	3.398851200000000111e-03	1.463991200000000058e-03
7.490973000000000000e+09	3.370408300000000187e-03	1.421840699999999975e-03
7.490978000000000000e+09	3.328273300000000184e-03	1.420548999999999900e-03
7.490983000000000000e+09	3.329322100000000045e-03	1.398327499999999944e-03
7.490988000000000000e+09	3.322758500000000045e-03	1.367253099999999949e-03
7.490993000000000000e+09	3.247906100000000091e-03	1.342423300000000026e-03
7.490998000000000000e+09	3.245942899999999798e-03	1.308191999999999905e-03
7.491003000000000000e+09	3.195180000000000155e-03	1.291806599999999932e-03
7.491008000000000000e+09	3.210255899999999839e-03	1.293152600000000091e-03
7.491013000000000000e+09	3.185775200000000133e-03	1.286979800000000000e-03
7.491018000000000000e+09	3.157334800000000195e-03	1.219411199999999957e-03
7.491023000000000000e+09	3.135464299999999802e-03	1.209367299999999923e-03
7.491028000000000000e+09	3.123727099999999788e-03	1.201051799999999911e-03
7.491033000000000000e+09	3.110262899999999796e-03	1.186881899999999964e-03
7.491038000000000000e+09	3.063059800000000193e-03	1.166463900000000052e-03
7.491043000000000000e+09	3.054069799999999807e-03	1.134965400000000069e-03
7.491048000000000000e+09	3.035511299999999954e-03	1.112001500000000002e-03
7.491053000000000000e+09	3.006067299999999956e-03	1.094347700000000093e-03
7.491058000000000000e+09	2.980884100000000085e-03	1.073445099999999945e-03
7.491063000000000000e+09	2.953697899999999793e-03	1.063924800000000002e-03
7.491068000000000000e+09	2.927928399999999917e-03	1.053136799999999929e-03
7.491073000000000000e+09	2.900068000000000003e-03	1.010800999999999974e-03
7.491078000000000000e+09	2.896591000000000009e-03	1.009259599999999969e-03
7.491083000000000000e+09	2.869928299999999991e-03	9.935678999999999778e-04
7.491088000000000000e+09	2.836235600000000089e-03	9.637585999999999853e-04
7.491093000000000000e+09	2.819047700000000111e-03	9.419206000000000497e-04
7.491098000000000000e+09	2.787086199999999885e-03	9.107219999999999855e-04
7.491103000000000000e+09	2.761199099999999806e-03	9.054220000000000193e-04
7.491108000000000000e+09	2.734545799999999957e-03	8.996313000000000139e-04
7.491113000000000000e+09	2.706199399999999981e-03	8.890083999999999704e-04
7.491118000000000000e+09	2.676175900000000128e-03	8.657854000000000201e-04
7.491123000000000000e+09	2.663974800000000216e-03	8.501869999999999697e-04
7.491128000000000000e+09	2.633898999999999876e-03	8.132353000000000368e-04
7.491133000000000000e+09	2.604525700000000134e-03	7.984326999999999831e-04
7.491138000000000000e+09	2.584723100000000176e-03	7.920431000000000129e-04
7.491143000000000000e+09	2.550722400000000195e-03	7.700577000000000116e-04
7.491148000000000000e+09	2.525266200000000037e-03	7.732214999999999965e-04
7.491153000000000000e+09	2.503524200000000095e-03	7.382506999999999958e-04
7.491158000000000000e+09	2.461430799999999967e-03	7.158867000000000182e-04
7.491163000000000000e+09	2.455094200000000181e-03	7.115396999999999868e-04
7.491168000000000000e+09	2.428033899999999887e-03	7.066638000000000086e-04
7.491173000000000000e+09	2.389970099999999976e-03	6.909744000000000433e-04
7.491178000000000000e+09	2.370554400000000114e-03	6.789049000000000125e-04
7.491183000000000000e+09	2.338451599999999842e-03	6.609358000000000290e-04
7.491188000000000000e+09	2.319547700000000167e-03	6.421759000000000191e-04
7.491193000000000000e+09	2.287546599999999881e-03	6.162787999999999990e-04
7.491198000000000000e+09	2.270214899999999873e-03	5.884936999999999590e-04
7.491203000000000000e+09	2.231887599999999878e-03	6.044784000000000095e-04
7.491208000000000000e+09	2.197268699999999856e-03	5.824645999999999730e-04
7.491213000000000000e+09	2.173135399999999787e-03	5.482685000000000379e-04
7.491218000000000000e+09	2.153747599999999898e-03	5.235288000000000485e-04
7.491223000000000000e+09	2.117779299999999858e-03	5.206546999999999738e-04
7.491228000000000000e+09	2.113764900000000054e-03	5.130799000000000340e-04
7.491233000000000000e+09	2.059626399999999868e-03	5.020584999999999501e-04
7.491238000000000000e+09	2.040039600000000206e-03	5.101735000000000037e-04
7.491243000000000000e+09	2.020362800000000212e-03	4.748859999999999930e-04
7.491248000000000000e+09	1.988076699999999884e-03	4.549867999999999990e-04
7.491253000000000000e+09	1.954062300000000002e-03	4.377219999999999809e-04
7.491258000000000000e+09	1.931471699999999948e-03	4.496155999999999851e-04
7.491263000000000000e+09	1.888669599999999926e-03	4.405809000000000222e-04
7.491268000000000000e+09	1.860279700000000078e-03	4.204839999999999945e-04
7.491273000000000000e+09	1.845807199999999941e-03	4.224133000000000033e-04
7.491278000000000000e+09	1.794392899999999996e-03	4.027580000000000222e-04
7.491283000000000000e+09	1.793296399999999916e-03	3.865343999999999833e-04
7.491288000000000000e+09	1.762593999999999923e-03	3.466774999999999956e-04
7.491293000000000000e+09	1.731788300000000050e-03	3.581069999999999783e-04
7.491298000000000000e+09	1.685745200000000063e-03	3.590085000000000238e-04
7.491303000000000000e+09	1.642032400000000003e-03	3.470343999999999990e-04
7.491308000000000000e+09	1.646108999999999984e-03	3.581422999999999811e-04
7.491313000000000000e+09	1.583719500000000096e-03	3.294319999999999996e-04
7.491318000000000000e+09	1.582704600000000086e-03	3.042405999999999886e-04
7.491323000000000000e+09	1.577873899999999909e-03	2.925739000000000009e-04
7.491328000000000000e+09	1.493842300000000102e-03	2.892875999999999846e-04
7.491333000000000000e+09	1.499306900000000036e-03	2.554802000000000006e-04
7.491338000000000000e+09	1.448054700000000073e-03	2.865162000000000199e-04
7.491343000000000000e+09	1.436612400000000008e-03	2.639766000000000096e-04
7.491348000000000000e+09	1.382155500000000099e-03	2.571828999999999869e-04
7.491353000000000000e+09	1.354607700000000099e-03	2.445047000000000106e-04
7.491358000000000000e+09	1.316114800000000012e-03	2.504326000000000186e-04
7.491363000000000000e+09	1.290975200000000047e-03	2.416649000000000043e-04
7.491368000000000000e+09	1.265138600000000058e-03	2.441067000000000052e-04
7.491373000000000000e+09	1.229044500000000054e-03	1.965469000000000070e-04
7.491378000000000000e+09	1.212874600000000058e-03	2.147759999999999914e-04
7.491383000000000000e+09	1.173625399999999892e-03	1.860308000000000079e-04
7.491388000000000000e+09	1.143358400000000054e-03	1.939184999999999900e-04
7.491393000000000000e+09	1.107836899999999937e-03	1.959088000000000105e-04
7.491398000000000000e+09	1.071151399999999924e-03	1.730555000000000103e-04
7.491403000000000000e+09	1.047550200000000025e-03	1.779816000000000037e-04
7.491408000000000000e+09	1.007542499999999897e-03	1.524170999999999946e-04
7.491413000000000000e+09	9.921226000000000003e-04	1.781398999999999917e-04
7.491418000000000000e+09	9.494485000000000424e-04	1.448815000000000053e-04
7.491423000000000000e+09	9.188611000000000174e-04	1.574384999999999869e-04
7.491428000000000000e+09	9.001776999999999652e-04	1.571723000000000130e-04
7.491433000000000000e+09	8.476630000000000189e-04	1.565217000000000095e-04
7.491438000000000000e+09	8.203358000000000004e-04	1.384666000000000000e-04
7.491443000000000000e+09	7.850743999999999995e-04	1.450171000000000045e-04
7.491448000000000000e+09	7.485083000000000448e-04	1.295792999999999945e-04
7.491453000000000000e+09	7.146544999999999591e-04	1.428124000000000017e-04
7.491458000000000000e+09	7.193380999999999560e-04	1.279668000000000027e-04
7.491463000000000000e+09	6.739343000000000503e-04	1.180733000000000000e-04
7.491468000000000000e+09	6.177832999999999979e-04	9.104150000000000578e-05
7.491473000000000000e+09	5.799651000000000285e-04	9.621760000000000523e-05
7.491478000000000000e+09	5.668446000000000378e-04	1.286075999999999984e-04
7.491483000000000000e+09	5.435992999999999641e-04	1.117937000000000000e-04
7.491488000000000000e+09	5.069710999999999749e-04	1.002790000000000067e-04
7.491493000000000000e+09	4.629680000000000167e-04	1.108206000000000008e-04
7.491498000000000000e+09	4.407829000000000044e-04	9.397829999999999433e-05
7.491503000000000000e+09	4.064342999999999992e-04	1.084761999999999966e-04
7.491508000000000000e+09	3.734214999999999822e-04	1.157447999999999968e-04
7.491513000000000000e+09	3.370830999999999914e-04	1.143384000000000029e-04
7.491518000000000000e+09	3.067295000000000047e-04	8.469319999999999746e-05
7.491523000000000000e+09	2.639265000000000014e-04	1.075088000000000031e-04
7.491528000000000000e+09	2.107903000000000001e-04	1.215018999999999962e-04
7.491533000000000000e+09	1.858544000000000005e-04	1.021173999999999991e-04
7.491538000000000000e+09	1.667887999999999912e-04	1.079116999999999989e-04
7.491543000000000000e+09	1.224435000000000009e-04	1.090588999999999936e-04
7.491548000000000000e+09	1.121471999999999958e-04	8.318049999999999413e-05
7.491553000000000000e+09	6.079450000000000213e-05	1.103320999999999935e-04
7.491558000000000000e+09	3.638640000000000114e-05	1.211975999999999998e-04
7.491563000000000000e+09	5.134599999999999933e-06	1.057672000000000061e-04
7.491568000000000000e+09	-7.269000000000000199e-06	9.414959999999999724e-05
7.491573000000000000e+09	-6.335830000000000628e-05	9.906140000000000670e-05
7.491578000000000000e+09	-1.203815999999999995e-04	1.051821999999999973e-04
7.491583000000000000e+09	-1.231880999999999937e-04	1.228567999999999924e-04
7.491588000000000000e+09	-1.427938000000000015e-04	1.032888000000000062e-04
7.491593000000000000e+09	-1.918994999999999946e-04	1.279402000000000122e-04
7.491598000000000000e+09	-2.224937000000000074e-04	1.318509999999999951e-04
7.491603000000000000e+09	-2.515842000000000230e-04	1.279057999999999909e-04
7.491608000000000000e+09	-2.952168999999999822e-04	1.287921000000000031e-04
7.491613000000000000e+09	-3.213973999999999867e-04	1.389760999999999991e-04
7.491618000000000000e+09	-3.817698000000000120e-04	1.545707000000000005e-04
7.491623000000000000e+09	-4.050929999999999787e-04	1.303214000000000022e-04
7.491628000000000000e+09	-4.289154000000000100e-04	1.541125999999999922e-04
7.491633000000000000e+09	-4.579609000000000219e-04	1.298271999999999892e-04
7.491638000000000000e+09	-4.793191999999999830e-04	1.729800999999999941e-04
7.491643000000000000e+09	-5.113036000000000490e-04	1.484110999999999926e-04
7.491648000000000000e+09	-5.756061000000000250e-04	1.663734999999999953e-04
7.491653000000000000e+09	-6.074866999999999854e-04	1.726987999999999939e-04
7.491658000000000000e+09	-6.477034999999999694e-04	1.603831000000000061e-04
7.491663000000000000e+09	-6.491802000000000293e-04	1.830521999999999954e-04
7.491668000000000000e+09	-6.876707999999999823e-04	1.997900000000000099e-04
7.491673000000000000e+09	-7.465632999999999948e-04	2.338410000000000130e-04
7.491678000000000000e+09	-7.614711000000000353e-04	2.051690000000000002e-04
7.491683000000000000e+09	-7.985213999999999810e-04	2.088664999999999966e-04
7.491688000000000000e+09	-8.203442999999999716e-04	2.166924999999999993e-04
7.491693000000000000e+09	-8.684332000000000119e-04	2.351765999999999872e-04
7.491698000000000000e+09	-9.039388000000000197e-04	2.496907000000000250e-04
7.491703000000000000e+09	-9.193320999999999524e-04	2.472528999999999786e-04
7.491708000000000000e+09	-9.721664000000000304e-04	2.827484000000000117e-04
7.491713000000000000e+09	-9.718377000000000482e-04	2.673597000000000213e-04
7.491718000000000000e+09	-1.044986300000000021e-03	2.750486999999999811e-04
7.491723000000000000e+09	-1.048739300000000024e-03	2.839308000000000023e-04
7.491728000000000000e+09	-1.093330100000000030e-03	2.875530000000000165e-04
7.491733000000000000e+09	-1.145510800000000030e-03	2.977033999999999930e-04
7.491738000000000000e+09	-1.163052799999999979e-03	3.149949999999999885e-04
7.491743000000000000e+09	-1.221558800000000031e-03	3.385161000000000029e-04
7.491748000000000000e+09	-1.232299399999999987e-03	3.281995000000000008e-04
7.491753000000000000e+09	-1.259855100000000080e-03	3.427786000000000049e-04
7.491758000000000000e+09	-1.299648800000000092e-03	3.607691000000000218e-04
7.491763000000000000e+09	-1.311260899999999946e-03	3.717637999999999997e-04
7.491768000000000000e+09	-1.375917099999999973e-03	3.846128999999999781e-04
7.491773000000000000e+09	-1.409015800000000063e-03	3.928172999999999973e-04
7.491778000000000000e+09	-1.431399400000000002e-03	4.281940000000000138e-04
7.491783000000000000e+09	-1.447135599999999989e-03	4.469650999999999941e-04
7.491788000000000000e+09	-1.477132900000000014e-03	4.317664999999999936e-04
7.491793000000000000e+09	-1.507327900000000019e-03	4.449996000000000008e-04
7.491798000000000000e+09	-1.548716299999999997e-03	4.452777000000000211e-04
7.491803000000000000e+09	-1.577771300000000050e-03	4.684355999999999980e-04
7.491808000000000000e+09	-1.621503600000000038e-03	4.865603000000000245e-04
7.491813000000000000e+09	-1.652882500000000003e-03	5.091749999999999488e-04
7.491818000000000000e+09	-1.688492900000000078e-03	5.166787000000000376e-04
7.491823000000000000e+09	-1.707429400000000028e-03	5.087009000000000409e-04
7.491828000000000000e+09	-1.739348099999999970e-03	5.361184999999999866e-04
7.491833000000000000e+09	-1.762669199999999979e-03	5.543448999999999989e-04
7.491838000000000000e+09	-1.827203699999999922e-03	5.852191000000000294e-04
7.491843000000000000e+09	-1.851104300000000003e-03	6.053236000000000467e-04
7.491848000000000000e+09	-1.899279899999999901e-03	6.171163000000000126e-04
7.491853000000000000e+09	-1.900178499999999934e-03	6.309460999999999932e-04
7.491858000000000000e+09	-1.922352599999999989e-03	6.480038999999999504e-04
7.491863000000000000e+09	-1.978524000000000168e-03	6.825089999999999803e-04
7.491868000000000000e+09	-2.010451700000000144e-03	6.703284000000000109e-04
7.491873000000000000e+09	-2.041535599999999909e-03	7.259891999999999778e-04
7.491878000000000000e+09	-2.072743599999999926e-03	7.351435000000000131e-04
7.491883000000000000e+09	-2.088854299999999900e-03	7.528164999999999640e-04
7.491888000000000000e+09	-2.115793400000000064e-03	7.565113999999999953e-04
7.491893000000000000e+09	-2.155665199999999820e-03	7.648702000000000278e-04
7.491898000000000000e+09	-2.175012599999999810e-03	8.035546000000000398e-04
7.491903000000000000e+09	-2.186569699999999991e-03	7.908817999999999534e-04
7.491908000000000000e+09	-2.230777800000000033e-03	8.325602999999999780e-04
7.491913000000000000e+09	-2.283157799999999907e-03	8.565664000000000394e-04
7.491918000000000000e+09	-2.293401599999999804e-03	8.578518000000000254e-04
7.491923000000000000e+09	-2.353788400000000024e-03	8.730085999999999749e-04
7.491928000000000000e+09	-2.343616499999999925e-03	8.865229999999999552e-04
7.491933000000000000e+09	-2.402353199999999935e-03	9.412274999999999461e-04
7.491938000000000000e+09	-2.423198599999999876e-03	9.479223000000000163e-04
7.491943000000000000e+09	-2.477178599999999790e-03	9.312435999999999891e-04
7.491948000000000000e+09	-2.498141800000000003e-03	9.877280000000000001e-04
7.491953000000000000e+09	-2.515752500000000176e-03	9.945954999999999813e-04
7.491958000000000000e+09	-2.549556499999999868e-03	1.029744200000000040e-03
7.491963000000000000e+09	-2.559667399999999982e-03	1.049902599999999898e-03
7.491968000000000000e+09	-2.596301400000000214e-03	1.084943099999999922e-03
7.491973000000000000e+09	-2.611795399999999791e-03	1.085315699999999913e-03
7.491978000000000000e+09	-2.662897200000000075e-03	1.130590099999999928e-03
7.491983000000000000e+09	-2.716984400000000115e-03	1.129412100000000028e-03
7.491988000000000000e+09	-2.733032099999999857e-03	1.154291300000000100e-03
7.491993000000000000e+09	-2.764865400000000167e-03	1.194085500000000065e-03
7.491998000000000000e+09	-2.777258400000000033e-03	1.220362299999999895e-03
7.492003000000000000e+09	-2.819513000000000054e-03	1.238040199999999999e-03
7.492008000000000000e+09	-2.833107100000000107e-03	1.272548799999999921e-03
7.492013000000000000e+09	-2.866638300000000014e-03	1.289141499999999895e-03
7.492018000000000000e+09	-2.897553099999999795e-03	1.297860999999999980e-03
7.492023000000000000e+09	-2.904402600000000143e-03	1.315303500000000042e-03
7.492028000000000000e+09	-2.946344999999999954e-03	1.345336199999999996e-03
7.492033000000000000e+09	-2.981391800000000175e-03	1.383761999999999969e-03
7.492038000000000000e+09	-3.003192699999999819e-03	1.414323299999999985e-03
7.492043000000000000e+09	-3.016835700000000068e-03	1.430478900000000091e-03
7.492048000000000000e+09	-3.051247899999999860e-03	1.462771399999999999e-03
7.492053000000000000e+09	-3.060515800000000036e-03	1.468768299999999956e-03
7.492058000000000000e+09	-3.106238099999999915e-03	1.501582700000000025e-03
7.492063000000000000e+09	-3.160376299999999999e-03	1.550946500000000049e-03
7.492068000000000000e+09	-3.163067500000000046e-03	1.550421200000000029e-03
7.492073000000000000e+09	-3.181520599999999952e-03	1.599337500000000108e-03
7.492078000000000000e+09	-3.208064000000000054e-03	1.623835799999999961e-03
7.492083000000000000e+09	-3.231866500000000076e-03	1.645816100000000066e-03
7.492088000000000000e+09	-3.259640700000000085e-03	1.671743000000000057e-03
7.492093000000000000e+09	-3.291481299999999850e-03	1.706309800000000093e-03
7.492098000000000000e+09	-3.303537200000000121e-03	1.717335099999999989e-03
7.492103000000000000e+09	-3.335986899999999859e-03	1.754863499999999906e-03
7.492108000000000000e+09	-3.364251999999999868e-03	1.793080899999999938e-03
7.492113000000000000e+09	-3.352503599999999938e-03	1.808983799999999958e-03
7.492118000000000000e+09	-3.407662899999999977e-03	1.833758599999999990e-03
7.492123000000000000e+09	-3.437710599999999842e-03	1.875560299999999960e-03
7.492128000000000000e+09	-3.470470199999999873e-03	1.895077399999999922e-03
7.492133000000000000e+09	-3.479723499999999841e-03	1.938244200000000059e-03
7.492138000000000000e+09	-3.506422199999999992e-03	1.968505699999999973e-03
7.492143000000000000e+09	-3.516851100000000126e-03	1.965859700000000161e-03
7.492148000000000000e+09	-3.545726500000000083e-03	2.018495600000000129e-03
7.492153000000000000e+09	-3.576194200000000056e-03	2.045695100000000186e-03
7.492158000000000000e+09	-3.604931300000000123e-03	2.080500800000000157e-03
7.492163000000000000e+09	-3.624605800000000200e-03	2.113568100000000165e-03
7.492168000000000000e+09	-3.653495300000000195e-03	2.139571900000000141e-03
7.492173000000000000e+09	-3.649706500000000128e-03	2.164884599999999937e-03
7.492178000000000000e+09	-3.698550100000000136e-03	2.210284600000000065e-03
7.492183000000000000e+09	-3.725787099999999970e-03	2.227609000000000186e-03
7.492188000000000000e+09	-3.740777199999999886e-03	2.259204099999999934e-03
7.492193000000000000e+09	-3.749898599999999978e-03	2.305510599999999969e-03
7.492198000000000000e+09	-3.773730900000000187e-03	2.306458099999999980e-03
7.492203000000000000e+09	-3.790501700000000179e-03	2.341267800000000013e-03
7.492208000000000000e+09	-3.812662699999999887e-03	2.392893799999999942e-03
7.492213000000000000e+09	-3.840329500000000135e-03	2.426048200000000162e-03
7.492218000000000000e+09	-3.859828300000000146e-03	2.475108199999999804e-03
7.492223000000000000e+09	-3.885958100000000155e-03	2.491447999999999840e-03
7.492228000000000000e+09	-3.889885699999999849e-03	2.532488800000000113e-03
7.492233000000000000e+09	-3.919226300000000149e-03	2.574062299999999893e-03
7.492238000000000000e+09	-3.934139799999999965e-03	2.587263299999999905e-03
7.492243000000000000e+09	-3.962241600000000231e-03	2.633345699999999848e-03
7.492248000000000000e+09	-3.988811499999999829e-03	2.687511499999999803e-03
7.492253000000000000e+09	-3.986223700000000349e-03	2.715767500000000178e-03
7.492258000000000000e+09	-4.015377399999999798e-03	2.718829099999999898e-03
7.492263000000000000e+09	-4.016151199999999991e-03	2.763372999999999958e-03
7.492268000000000000e+09	-4.047583000000000431e-03	2.811120299999999954e-03
7.492273000000000000e+09	-4.057607000000000401e-03	2.814091800000000174e-03
7.492278000000000000e+09	-4.079453400000000382e-03	2.870231200000000066e-03
7.492283000000000000e+09	-4.118611399999999589e-03	2.908931599999999788e-03
7.492288000000000000e+09	-4.116700699999999852e-03	2.942048000000000059e-03
7.492293000000000000e+09	-4.144339700000000161e-03	2.985305800000000002e-03
7.492298000000000000e+09	-4.162264599999999926e-03	3.027534499999999865e-03
7.492303000000000000e+09	-4.198860599999999776e-03	3.040498200000000054e-03
7.492308000000000000e+09	-4.199145199999999682e-03	3.114413700000000142e-03
7.492313000000000000e+09	-4.211085300000000364e-03	3.129744800000000115e-03
7.492318000000000000e+09	-4.220211199999999822e-03	3.144253000000000065e-03
7.492323000000000000e+09	-4.236241100000000433e-03	3.177923400000000169e-03
7.492328000000000000e+09	-4.268652700000000189e-03	3.244165099999999843e-03
7.492333000000000000e+09	-4.269762600000000068e-03	3.273494000000000057e-03
7.492338000000000000e+09	-4.301210500000000360e-03	3.302342199999999846e-03
7.492343000000000000e+09	-4.294125000000000199e-03	3.338134899999999853e-03
7.492348000000000000e+09	-4.324470500000000134e-03	3.368225199999999933e-03
7.492353000000000000e+09	-4.333866399999999723e-03	3.399136300000000187e-03
7.492358000000000000e+09	-4.353516099999999583e-03	3.468399100000000082e-03
7.492363000000000000e+09	-4.368168300000000066e-03	3.484778300000000110e-03
7.492368000000000000e+09	-4.373007800000000209e-03	3.527008600000000084e-03
7.492373000000000000e+09	-4.368574299999999737e-03	3.564332700000000156e-03
7.492378000000000000e+09	-4.388845500000000330e-03	3.594438299999999815e-03
7.492383000000000000e+09	-4.431309700000000268e-03	3.617568600000000030e-03
7.492388000000000000e+09	-4.424684400000000045e-03	3.699948599999999983e-03
7.492393000000000000e+09	-4.429355799999999677e-03	3.711600499999999966e-03
7.492398000000000000e+09	-4.457221299999999595e-03	3.733517500000000169e-03
7.492403000000000000e+09	-4.470354200000000236e-03	3.786290400000000018e-03
7.492408000000000000e+09	-4.479018700000000214e-03	3.850324000000000021e-03
7.492413000000000000e+09	-4.476413999999999740e-03	3.887683399999999987e-03
7.492418000000000000e+09	-4.514604299999999855e-03	3.896227400000000073e-03
7.492423000000000000e+09	-4.520091099999999987e-03	3.962628400000000294e-03
7.492428000000000000e+09	-4.508106999999999913e-03	3.981643099999999588e-03
7.492433000000000000e+09	-4.520510699999999958e-03	4.028949300000000087e-03
7.492438000000000000e+09	-4.566589599999999576e-03	4.085947999999999837e-03
7.492443000000000000e+09	-4.537329900000000409e-03	4.113965500000000414e-03
7.492448000000000000e+09	-4.558547700000000272e-03	4.140433300000000323e-03
7.492453000000000000e+09	-4.563350699999999677e-03	4.175216800000000096e-03
7.492458000000000000e+09	-4.580489499999999825e-03	4.229201400000000277e-03
7.492463000000000000e+09	-4.584648700000000000e-03	4.282872400000000204e-03
7.492468000000000000e+09	-4.618502600000000229e-03	4.311391500000000092e-03
7.492473000000000000e+09	-4.601693900000000323e-03	4.328218899999999869e-03
7.492478000000000000e+09	-4.601858900000000210e-03	4.364635500000000126e-03
7.492483000000000000e+09	-4.605518299999999954e-03	4.436398200000000319e-03
7.492488000000000000e+09	-4.626632599999999651e-03	4.476337799999999777e-03
7.492493000000000000e+09	-4.608395300000000042e-03	4.528437599999999945e-03
7.492498000000000000e+09	-4.654129800000000178e-03	4.551599800000000196e-03
7.492503000000000000e+09	-4.634827600000000422e-03	4.607103500000000150e-03
7.492508000000000000e+09	-4.652824600000000053e-03	4.643579600000000314e-03
7.492513000000000000e+09	-4.657243900000000020e-03	4.667407499999999890e-03
7.492518000000000000e+09	-4.648873500000000152e-03	4.704562100000000274e-03
7.492523000000000000e+09	-4.674859200000000027e-03	4.764284199999999775e-03
7.492528000000000000e+09	-4.677279799999999738e-03	4.795077299999999688e-03
7.492533000000000000e+09	-4.683418800000000229e-03	4.841920999999999899e-03
7.492538000000000000e+09	-4.678608800000000172e-03	4.899721299999999780e-03
7.492543000000000000e+09	-4.673937100000000004e-03	4.905704000000000314e-03
7.492548000000000000e+09	-4.702403600000000169e-03	4.971225400000000259e-03
7.492553000000000000e+09	-4.694864699999999787e-03	5.001898599999999619e-03
7.492558000000000000e+09	-4.681002600000000284e-03	5.028226400000000360e-03
7.492563000000000000e+09	-4.693650700000000404e-03	5.064805599999999686e-03
7.492568000000000000e+09	-4.714849299999999792e-03	5.138411100000000314e-03
7.492573000000000000e+09	-4.703463599999999946e-03	5.159769300000000350e-03
7.492578000000000000e+09	-4.721681299999999810e-03	5.192184300000000398e-03
7.492583000000000000e+09	-4.723133099999999619e-03	5.257731899999999736e-03
7.492588000000000000e+09	-4.702090699999999721e-03	5.292023100000000334e-03
7.492593000000000000e+09	-4.718591700000000083e-03	5.349500899999999962e-03
7.492598000000000000e+09	-4.701706299999999610e-03	5.390984700000000379e-03
7.492603000000000000e+09	-4.729157399999999595e-03	5.418090100000000006e-03
7.492608000000000000e+09	-4.718205599999999826e-03	5.473170400000000428e-03
7.492613000000000000e+09	-4.715156699999999666e-03	5.506473900000000317e-03
7.492618000000000000e+09	-4.741890399999999610e-03	5.548004100000000077e-03
7.492623000000000000e+09	-4.713097400000000430e-03	5.584404200000000346e-03
7.492628000000000000e+09	-4.717967099999999595e-03	5.622866699999999607e-03
7.492633000000000000e+09	-4.739908000000000142e-03	5.672338499999999596e-03
7.492638000000000000e+09	-4.732176700000000069e-03	5.722421899999999978e-03
7.492643000000000000e+09	-4.713091800000000255e-03	5.756080799999999630e-03
7.492648000000000000e+09	-4.715621700000000374e-03	5.791092500000000025e-03
7.492653000000000000e+09	-4.735213299999999938e-03	5.849408999999999859e-03
7.492658000000000000e+09	-4.708433899999999589e-03	5.883238399999999972e-03
7.492663000000000000e+09	-4.717143200000000099e-03	5.924920699999999991e-03
7.492668000000000000e+09	-4.715459499999999707e-03	5.949631900000000237e-03
7.492673000000000000e+09	-4.718235299999999979e-03	6.011090999999999657e-03
7.492678000000000000e+09	-4.705859700000000409e-03	6.038831599999999918e-03
7.492683000000000000e+09	-4.710436499999999874e-03	6.098821299999999598e-03
7.492688000000000000e+09	-4.712354099999999796e-03	6.135587599999999843e-03
7.492693000000000000e+09	-4.695907899999999906e-03	6.180213599999999710e-03
7.492698000000000000e+09	-4.694441599999999923e-03	6.249635800000000185e-03
7.492703000000000000e+09	-4.703208099999999989e-03	6.236667199999999626e-03
7.492708000000000000e+09	-4.668703500000000346e-03	6.313418599999999666e-03
7.492713000000000000e+09	-4.687225100000000193e-03	6.357696300000000023e-03
7.492718000000000000e+09	-4.677835800000000252e-03	6.399355300000000336e-03
7.492723000000000000e+09	-4.671248099999999841e-03	6.454799800000000053e-03
7.492728000000000000e+09	-4.664211500000000309e-03	6.470052199999999643e-03
7.492733000000000000e+09	-4.664143699999999740e-03	6.516398199999999703e-03
7.492738000000000000e+09	-4.647806899999999859e-03	6.580142199999999830e-03
7.492743000000000000e+09	-4.643626199999999725e-03	6.590537300000000147e-03
7.492748000000000000e+09	-4.630425500000000250e-03	6.644828999999999666e-03
7.492753000000000000e+09	-4.609341900000000179e-03	6.683179899999999903e-03
7.492758000000000000e+09	-4.626955799999999709e-03	6.745104299999999699e-03
7.492763000000000000e+09	-4.627802799999999710e-03	6.758094099999999681e-03
7.492768000000000000e+09	-4.607919099999999851e-03	6.829553799999999765e-03
7.492773000000000000e+09	-4.621610499999999691e-03	6.837845900000000254e-03
7.492778000000000000e+09	-4.576651999999999630e-03	6.891923999999999793e-03
7.492783000000000000e+09	-4.561992299999999625e-03	6.932564799999999840e-03
7.492788000000000000e+09	-4.574024299999999987e-03	6.970602400000000358e-03
7.492793000000000000e+09	-4.564417999999999774e-03	7.030329699999999897e-03
7.492798000000000000e+09	-4.560293699999999791e-03	7.075642099999999643e-03
7.492803000000000000e+09	-4.555866599999999766e-03	7.130967600000000413e-03
7.492808000000000000e+09	-4.520085499999999812e-03	7.143469900000000254e-03
7.492813000000000000e+09	-4.518329100000000216e-03	7.207504200000000062e-03
7.492818000000000000e+09	-4.508249500000000368e-03	7.257602699999999955e-03
7.492823000000000000e+09	-4.498926700000000119e-03	7.297370899999999945e-03
7.492828000000000000e+09	-4.500596299999999605e-03	7.338711199999999567e-03
7.492833000000000000e+09	-4.491870799999999643e-03	7.356439400000000343e-03
7.492838000000000000e+09	-4.445219099999999854e-03	7.414863199999999904e-03
7.492843000000000000e+09	-4.460698600000000125e-03	7.470336999999999637e-03
7.492848000000000000e+09	-4.471605400000000161e-03	7.476160199999999992e-03
7.492853000000000000e+09	-4.444242900000000031e-03	7.521668700000000256e-03
7.492858000000000000e+09	-4.421355600000000281e-03	7.593171200000000190e-03
7.492863000000000000e+09	-4.403483300000000239e-03	7.631370999999999641e-03
7.492868000000000000e+09	-4.378563499999999983e-03	7.659283700000000042e-03
7.492873000000000000e+09	-4.372938100000000293e-03	7.690601099999999635e-03
7.492878000000000000e+09	-4.364447300000000134e-03	7.744303899999999997e-03
7.492883000000000000e+09	-4.343239199999999675e-03	7.792137200000000263e-03
7.492888000000000000e+09	-4.342918200000000367e-03	7.838654900000000328e-03
7.492893000000000000e+09	-4.338707199999999875e-03	7.873711499999999988e-03
7.492898000000000000e+09	-4.298234300000000271e-03	7.905269799999999764e-03
7.492903000000000000e+09	-4.301587100000000413e-03	7.954434999999999284e-03
7.492908000000000000e+09	-4.302609599999999979e-03	7.992523399999999778e-03
7.492913000000000000e+09	-4.253026400000000165e-03	8.053054100000000062e-03
7.492918000000000000e+09	-4.241155100000000393e-03	8.073889900000000633e-03
7.492923000000000000e+09	-4.220732999999999950e-03	8.102096799999999877e-03
7.492928000000000000e+09	-4.228002199999999870e-03	8.166171499999999583e-03
7.492933000000000000e+09	-4.195837699999999809e-03	8.183919499999999306e-03
7.492938000000000000e+09	-4.194786699999999632e-03	8.240351099999999526e-03
7.492943000000000000e+09	-4.170486099999999759e-03	8.295127200000000298e-03
7.492948000000000000e+09	-4.140511099999999965e-03	8.306831400000000767e-03
7.492953000000000000e+09	-4.132219300000000012e-03	8.355883700000000386e-03
7.492958000000000000e+09	-4.111888799999999580e-03	8.412411700000000520e-03
7.492963000000000000e+09	-4.094267599999999729e-03	8.443489099999999803e-03
7.492968000000000000e+09	-4.070346100000000328e-03	8.495428100000000649e-03
7.492973000000000000e+09	-4.053806299999999745e-03	8.540570900000000673e-03
7.492978000000000000e+09	-4.038084299999999613e-03	8.577153400000000691e-03
7.492983000000000000e+09	-4.034836400000000114e-03	8.624890099999999241e-03
7.492988000000000000e+09	-3.990587700000000106e-03	8.638377900000000775e-03
7.492993000000000000e+09	-3.972778799999999999e-03	8.684286500000000866e-03
7.492998000000000000e+09	-3.947409800000000087e-03	8.727317999999999534e-03
7.493003000000000000e+09	-3.913994100000000101e-03	8.763097500000000678e-03
7.493008000000000000e+09	-3.935913600000000290e-03	8.815512299999999843e-03
7.493013000000000000e+09	-3.890808899999999813e-03	8.858228900000000849e-03
7.493018000000000000e+09	-3.867722100000000121e-03	8.868746999999999742e-03
7.493023000000000000e+09	-3.847319000000000086e-03	8.940658100000000233e-03
7.493028000000000000e+09	-3.834119200000000050e-03	8.971121099999999904e-03
7.493033000000000000e+09	-3.806638099999999809e-03	8.991319899999999227e-03
7.493038000000000000e+09	-3.791102499999999924e-03	9.061554399999999579e-03
7.493043000000000000e+09	-3.778727099999999988e-03	9.086373000000000019e-03
7.493048000000000000e+09	-3.755013000000000187e-03	9.124643999999999464e-03
7.493053000000000000e+09	-3.714529500000000005e-03	9.148057600000000442e-03
7.493058000000000000e+09	-3.693210499999999893e-03	9.209348600000000218e-03
7.493063000000000000e+09	-3.672567600000000050e-03	9.246351499999999612e-03
7.493068000000000000e+09	-3.663604200000000061e-03	9.257367799999999258e-03
7.493073000000000000e+09	-3.642058399999999804e-03	9.326171399999999556e-03
7.493078000000000000e+09	-3.593046800000000186e-03	9.363973500000000866e-03
7.493083000000000000e+09	-3.602934400000000047e-03	9.416640599999999764e-03
7.493088000000000000e+09	-3.519354299999999814e-03	9.444377300000000863e-03
7.493093000000000000e+09	-3.530634200000000011e-03	9.474048299999999340e-03
7.493098000000000000e+09	-3.492532699999999820e-03	9.488214599999999360e-03
7.493103000000000000e+09	-3.459973400000000004e-03	9.563031600000000687e-03
7.493108000000000000e+09	-3.451321499999999987e-03	9.568122800000000358e-03
7.493113000000000000e+09	-3.401494699999999937e-03	9.635409899999999167e-03
7.493118000000000000e+09	-3.411548899999999798e-03	9.654096799999999437e-03
7.493123000000000000e+09	-3.370753700000000009e-03	9.689285799999999144e-03
7.493128000000000000e+09	-3.360203400000000111e-03	9.729155899999999621e-03
7.493133000000000000e+09	-3.341455799999999959e-03	9.762990600000000241e-03
7.493138000000000000e+09	-3.310598599999999871e-03	9.795007899999999545e-03
7.493143000000000000e+09	-3.280036699999999868e-03	9.840295799999999177e-03
7.493148000000000000e+09	-3.239109799999999838e-03	9.875400399999999593e-03
7.493153000000000000e+09	-3.211074500000000130e-03	9.905051300000000322e-03
7.493158000000000000e+09	-3.201301299999999815e-03	9.952964099999999509e-03
7.493163000000000000e+09	-3.160710299999999837e-03	9.986669899999999975e-03
7.493168000000000000e+09	-3.145706399999999986e-03	1.003605789999999914e-02
7.493173000000000000e+09	-3.112483599999999861e-03	1.007081410000000045e-02
7.493178000000000000e+09	-3.069170700000000210e-03	1.008171679999999952e-02
7.493183000000000000e+09	-3.072279900000000116e-03	1.013801760000000024e-02
7.493188000000000000e+09	-3.024067300000000177e-03	1.016651590000000084e-02
7.493193000000000000e+09	-2.991957400000000086e-03	1.019786469999999987e-02
7.493198000000000000e+09	-2.940814899999999801e-03	1.022910680000000024e-02
7.493203000000000000e+09	-2.925764200000000037e-03	1.027248459999999947e-02
7.493208000000000000e+09	-2.894153799999999842e-03	1.029814149999999998e-02
7.493213000000000000e+09	-2.877995099999999980e-03	1.033526319999999998e-02
7.493218000000000000e+09	-2.820347500000000129e-03	1.035290500000000079e-02
7.493223000000000000e+09	-2.824027199999999856e-03	1.042333609999999966e-02
7.493228000000000000e+09	-2.779268000000000103e-03	1.042742980000000048e-02
7.493233000000000000e+09	-2.742698899999999884e-03	1.046985970000000044e-02
7.493238000000000000e+09	-2.721465900000000042e-03	1.051562169999999997e-02
7.493243000000000000e+09	-2.696745600000000163e-03	1.055736080000000028e-02
7.493248000000000000e+09	-2.659481400000000134e-03	1.058529889999999980e-02
7.493253000000000000e+09	-2.620116200000000093e-03	1.058875299999999936e-02
7.493258000000000000e+09	-2.581604199999999998e-03	1.063587270000000001e-02
7.493263000000000000e+09	-2.556391900000000179e-03	1.065434319999999935e-02
7.493268000000000000e+09	-2.533898699999999945e-03	1.069861530000000040e-02
7.493273000000000000e+09	-2.490822100000000209e-03	1.074118750000000073e-02
7.493278000000000000e+09	-2.463376099999999794e-03	1.077818319999999941e-02
7.493283000000000000e+09	-2.452873099999999980e-03	1.080724540000000018e-02
7.493288000000000000e+09	-2.388325299999999839e-03	1.084163410000000063e-02
7.493293000000000000e+09	-2.357102800000000081e-03	1.086322489999999932e-02
7.493298000000000000e+09	-2.317758300000000160e-03	1.089322969999999974e-02
7.493303000000000000e+09	-2.301915500000000035e-03	1.092856409999999959e-02
7.493308000000000000e+09	-2.279655299999999891e-03	1.095785030000000042e-02
7.493313000000000000e+09	-2.227613900000000122e-03	1.102693320000000012e-02
7.493318000000000000e+09	-2.216383499999999892e-03	1.100856260000000059e-02
7.493323000000000000e+09	-2.177981399999999977e-03	1.105837100000000087e-02
7.493328000000000000e+09	-2.138734700000000013e-03	1.106401889999999999e-02
7.493333000000000000e+09	-2.098638299999999995e-03	1.110669669999999991e-02
7.493338000000000000e+09	-2.067347399999999898e-03	1.113415019999999984e-02
7.493343000000000000e+09	-2.026990299999999884e-03	1.117082689999999989e-02
7.493348000000000000e+09	-1.990144799999999953e-03	1.118707199999999929e-02
7.493353000000000000e+09	-1.956896400000000206e-03	1.122491620000000065e-02
7.493358000000000000e+09	-1.915999000000000044e-03	1.125581930000000078e-02
7.493363000000000000e+09	-1.864042499999999953e-03	1.129040299999999920e-02
7.493368000000000000e+09	-1.856645299999999969e-03	1.132253360000000028e-02
7.493373000000000000e+09	-1.836160299999999978e-03	1.135939889999999959e-02
7.493378000000000000e+09	-1.794291099999999976e-03	1.137845110000000083e-02
7.493383000000000000e+09	-1.744394499999999976e-03	1.141202940000000075e-02
7.493388000000000000e+09	-1.711626800000000002e-03	1.143450179999999997e-02
7.493393000000000000e+09	-1.683873299999999896e-03	1.147434439999999931e-02
7.493398000000000000e+09	-1.631196899999999995e-03	1.152806680000000028e-02
7.493403000000000000e+09	-1.592614900000000099e-03	1.149653739999999952e-02
7.493408000000000000e+09	-1.575914899999999964e-03	1.156511910000000004e-02
7.493413000000000000e+09	-1.516671999999999942e-03	1.158283180000000030e-02
7.493418000000000000e+09	-1.502943600000000062e-03	1.159649609999999914e-02
7.493423000000000000e+09	-1.437757499999999964e-03	1.164879700000000066e-02
7.493428000000000000e+09	-1.436379499999999951e-03	1.167074939999999950e-02
7.493433000000000000e+09	-1.389274200000000089e-03	1.168667689999999988e-02
7.493438000000000000e+09	-1.354369600000000003e-03	1.174060399999999997e-02
7.493443000000000000e+09	-1.295611400000000035e-03	1.176546690000000034e-02
7.493448000000000000e+09	-1.256006199999999901e-03	1.178370429999999955e-02
7.493453000000000000e+09	-1.223676599999999918e-03	1.178380769999999925e-02
7.493458000000000000e+09	-1.174974700000000092e-03	1.180850689999999974e-02
7.493463000000000000e+09	-1.153011000000000010e-03	1.187631410000000026e-02
7.493468000000000000e+09	-1.120914700000000003e-03	1.188818009999999953e-02
7.493473000000000000e+09	-1.059180700000000083e-03	1.191641230000000003e-02
7.493478000000000000e+09	-1.018666699999999908e-03	1.194394850000000084e-02
7.493483000000000000e+09	-1.001832700000000048e-03	1.194234379999999963e-02
7.493488000000000000e+09	-9.482342000000000158e-04	1.198543279999999926e-02
7.493493000000000000e+09	-9.304867000000000303e-04	1.200693109999999980e-02
7.493498000000000000e+09	-8.659472000000000089e-04	1.202666640000000023e-02
7.493503000000000000e+09	-8.367023999999999599e-04	1.203279590000000052e-02
7.493508000000000000e+09	-7.855158999999999579e-04	1.209279870000000076e-02
7.493513000000000000e+09	-7.506894000000000500e-04	1.209149640000000032e-02
7.493518000000000000e+09	-7.240115000000000526e-04	1.211348400000000075e-02
7.493523000000000000e+09	-6.788961000000000474e-04	1.213371560000000085e-02
7.493528000000000000e+09	-6.508322000000000196e-04	1.216411270000000017e-02
7.493533000000000000e+09	-5.829153999999999586e-04	1.219789720000000015e-02
7.493538000000000000e+09	-5.525684999999999798e-04	1.222318279999999938e-02
7.493543000000000000e+09	-5.191476999999999897e-04	1.226711630000000032e-02
7.493548000000000000e+09	-4.771334999999999812e-04	1.227738589999999991e-02
7.493553000000000000e+09	-4.138953999999999810e-04	1.226481599999999957e-02
7.493558000000000000e+09	-3.921360999999999944e-04	1.230606539999999985e-02
7.493563000000000000e+09	-3.409832000000000119e-04	1.231247870000000064e-02
7.493568000000000000e+09	-3.042567999999999835e-04	1.235425660000000030e-02
7.493573000000000000e+09	-2.585517000000000067e-04	1.236635460000000061e-02
7.493578000000000000e+09	-2.237821999999999934e-04	1.240856809999999963e-02
7.493583000000000000e+09	-1.926440000000000075e-04	1.241321979999999991e-02
7.493588000000000000e+09	-1.460664000000000081e-04	1.241769820000000052e-02
7.493593000000000000e+09	-9.898779999999999439e-05	1.245543829999999977e-02
7.493598000000000000e+09	-5.374770000000000041e-05	1.248361670000000014e-02
7.493603000000000000e+09	-4.502899999999999866e-05	1.249590039999999916e-02
7.493608000000000000e+09	2.364999999999999888e-05	1.253329920000000042e-02
7.493613000000000000e+09	6.017860000000000012e-05	1.252405839999999951e-02
7.493618000000000000e+09	1.074925000000000012e-04	1.257441389999999944e-02
7.493623000000000000e+09	1.532314999999999914e-04	1.257629199999999933e-02
7.493628000000000000e+09	1.658111000000000090e-04	1.259472940000000082e-02
7.493633000000000000e+09	2.088597999999999887e-04	1.263751699999999915e-02
7.493638000000000000e+09	2.786811999999999840e-04	1.262329989999999916e-02
7.493643000000000000e+09	3.183641999999999765e-04	1.266799679999999935e-02
7.493648000000000000e+09	3.628920000000000214e-04	1.266983829999999978e-02
7.493653000000000000e+09	4.129847999999999766e-04	1.268192500000000014e-02
7.493658000000000000e+09	4.435380999999999742e-04	1.270452759999999952e-02
7.493663000000000000e+09	4.994056999999999880e-04	1.272680070000000059e-02
7.493668000000000000e+09	5.299251000000000265e-04	1.274337080000000066e-02
7.493673000000000000e+09	5.804007000000000350e-04	1.276369179999999916e-02
7.493678000000000000e+09	6.272269000000000238e-04	1.277886160000000007e-02
7.493683000000000000e+09	6.607801999999999860e-04	1.279242830000000032e-02
7.493688000000000000e+09	6.990116999999999468e-04	1.281620839999999921e-02
7.493693000000000000e+09	7.625455999999999858e-04	1.284498329999999959e-02
7.493698000000000000e+09	7.797467000000000200e-04	1.284321949999999921e-02
7.493703000000000000e+09	8.634364000000000058e-04	1.287162910000000035e-02
7.493708000000000000e+09	8.982343999999999528e-04	1.285949959999999927e-02
7.493713000000000000e+09	9.168880000000000346e-04	1.288153279999999963e-02
7.493718000000000000e+09	9.734258000000000407e-04	1.289089730000000066e-02
7.493723000000000000e+09	1.001807699999999980e-03	1.293117419999999934e-02
7.493728000000000000e+09	1.050485299999999976e-03	1.294349409999999943e-02
7.493733000000000000e+09	1.096230699999999926e-03	1.295428369999999940e-02
7.493738000000000000e+09	1.164837499999999901e-03	1.296364069999999917e-02
7.493743000000000000e+09	1.195877799999999977e-03	1.297446810000000075e-02
7.493748000000000000e+09	1.238435900000000060e-03	1.297467230000000013e-02
7.493753000000000000e+09	1.275761700000000061e-03	1.302231470000000078e-02
7.493758000000000000e+09	1.336721400000000053e-03	1.302706929999999930e-02
7.493763000000000000e+09	1.372351200000000021e-03	1.303883469999999982e-02
7.493768000000000000e+09	1.424971699999999942e-03	1.302681980000000052e-02
7.493773000000000000e+09	1.477138899999999892e-03	1.305121480000000049e-02
7.493778000000000000e+09	1.500229000000000059e-03	1.305963679999999974e-02
7.493783000000000000e+09	1.546057399999999906e-03	1.309906930000000018e-02
7.493788000000000000e+09	1.593233400000000025e-03	1.310381289999999928e-02
7.493793000000000000e+09	1.644185299999999933e-03	1.312512470000000084e-02
7.493798000000000000e+09	1.678151400000000041e-03	1.311823879999999935e-02
7.493803000000000000e+09	1.749210300000000060e-03	1.313085370000000029e-02
7.493808000000000000e+09	1.797079000000000037e-03	1.311971309999999946e-02
7.493813000000000000e+09	1.826802800000000039e-03	1.315211969999999925e-02
7.493818000000000000e+09	1.894283399999999997e-03	1.317227609999999972e-02
7.493823000000000000e+09	1.922425300000000061e-03	1.318441430000000074e-02
7.493828000000000000e+09	1.979238700000000156e-03	1.318239080000000070e-02
7.493833000000000000e+09	2.012364799999999832e-03	1.321813810000000040e-02
7.493838000000000000e+09	2.039645699999999891e-03	1.319182860000000027e-02
7.493843000000000000e+09	2.101785499999999848e-03	1.322657359999999949e-02
7.493848000000000000e+09	2.152008899999999832e-03	1.322283619999999917e-02
7.493853000000000000e+09	2.207828399999999924e-03	1.323527950000000057e-02
7.493858000000000000e+09	2.256764499999999816e-03	1.324543000000000074e-02
7.493863000000000000e+09	2.282443299999999987e-03	1.326455059999999929e-02
7.493868000000000000e+09	2.333217299999999945e-03	1.327738959999999989e-02
7.493873000000000000e+09	2.396005699999999902e-03	1.326668159999999999e-02
7.493878000000000000e+09	2.422036800000000080e-03	1.329143219999999979e-02
7.493883000000000000e+09	2.471414099999999937e-03	1.331705690000000060e-02
7.493888000000000000e+09	2.514713599999999789e-03	1.331087840000000008e-02
7.493893000000000000e+09	2.577069600000000179e-03	1.331388499999999926e-02
7.493898000000000000e+09	2.597709799999999968e-03	1.332576689999999918e-02
7.493903000000000000e+09	2.658949500000000032e-03	1.334160910000000040e-02
7.493908000000000000e+09	2.676882800000000059e-03	1.336282750000000047e-02
7.493913000000000000e+09	2.744068899999999988e-03	1.334400839999999935e-02
7.493918000000000000e+09	2.754780899999999949e-03	1.336385990000000037e-02
7.493923000000000000e+09	2.852041899999999911e-03	1.337261529999999969e-02
7.493928000000000000e+09	2.899932699999999836e-03	1.337854769999999999e-02
7.493933000000000000e+09	2.937408099999999894e-03	1.337937299999999996e-02
7.493938000000000000e+09	2.965066799999999982e-03	1.339855539999999963e-02
7.493943000000000000e+09	3.029836499999999898e-03	1.338133839999999970e-02
7.493948000000000000e+09	3.061072900000000058e-03	1.337696589999999922e-02
7.493953000000000000e+09	3.145920700000000205e-03	1.341035259999999972e-02
7.493958000000000000e+09	3.143089700000000191e-03	1.340505430000000012e-02
7.493963000000000000e+09	3.180483200000000076e-03	1.340912699999999985e-02
7.493968000000000000e+09	3.232799000000000176e-03	1.341033359999999931e-02
7.493973000000000000e+09	3.303510200000000022e-03	1.340260849999999962e-02
7.493978000000000000e+09	3.351788799999999915e-03	1.343219080000000037e-02
7.493983000000000000e+09	3.392085200000000047e-03	1.342662719999999921e-02
7.493988000000000000e+09	3.438205399999999870e-03	1.344151170000000041e-02
7.493993000000000000e+09	3.475857000000000165e-03	1.342122110000000014e-02
7.493998000000000000e+09	3.541096200000000156e-03	1.343468199999999987e-02
7.494003000000000000e+09	3.584680700000000050e-03	1.346441999999999951e-02
7.494008000000000000e+09	3.636456000000000150e-03	1.344877069999999945e-02
7.494013000000000000e+09	3.657917399999999816e-03	1.344166930000000038e-02
7.494018000000000000e+09	3.715112300000000117e-03	1.346103969999999997e-02
7.494023000000000000e+09	3.778041900000000085e-03	1.343872899999999995e-02
7.494028000000000000e+09	3.805646700000000007e-03	1.347420589999999939e-02
7.494033000000000000e+09	3.827274500000000038e-03	1.347160239999999932e-02
7.494038000000000000e+09	3.892100500000000071e-03	1.346750170000000045e-02
7.494043000000000000e+09	3.959035599999999842e-03	1.347351609999999922e-02
7.494048000000000000e+09	3.988951400000000265e-03	1.347681449999999989e-02
7.494053000000000000e+09	4.042523899999999996e-03	1.347588570000000062e-02
7.494058000000000000e+09	4.103021099999999699e-03	1.345301900000000009e-02
7.494063000000000000e+09	4.146883300000000182e-03	1.347852069999999972e-02
7.494068000000000000e+09	4.179817399999999870e-03	1.348645270000000014e-02
