Freq	I	Q
7.989650000000000000e+09	1.461499909999999965e-02	-2.268644299999999885e-03
7.989655000000000000e+09	1.460219989999999961e-02	-2.428192799999999863e-03
7.989660000000000000e+09	1.456735030000000028e-02	-2.537959399999999924e-03
7.989665000000000000e+09	1.457382309999999924e-02	-2.590682899999999841e-03
7.989670000000000000e+09	1.456240450000000075e-02	-2.678242899999999822e-03
7.989675000000000000e+09	1.454500520000000068e-02	-2.716781399999999846e-03
7.989680000000000000e+09	1.453488889999999915e-02	-2.749110800000000195e-03
7.989685000000000000e+09	1.454679610000000033e-02	-2.797481599999999870e-03
7.989690000000000000e+09	1.450595610000000001e-02	-2.833943299999999894e-03
7.989695000000000000e+09	1.449449740000000042e-02	-2.884306300000000212e-03
7.989700000000000000e+09	1.449586069999999997e-02	-2.921723800000000041e-03
7.989705000000000000e+09	1.446897179999999915e-02	-2.928749100000000057e-03
7.989710000000000000e+09	1.445871689999999980e-02	-2.960361700000000134e-03
7.989715000000000000e+09	1.442386959999999996e-02	-3.022392899999999921e-03
7.989720000000000000e+09	1.443517690000000082e-02	-3.052826199999999872e-03
7.989725000000000000e+09	1.442916699999999969e-02	-3.080761100000000037e-03
7.989730000000000000e+09	1.441117859999999952e-02	-3.136385700000000019e-03
7.989735000000000000e+09	1.439896910000000065e-02	-3.156211700000000151e-03
7.989740000000000000e+09	1.437554440000000065e-02	-3.207764599999999872e-03
7.989745000000000000e+09	1.440219730000000080e-02	-3.219702899999999941e-03
7.989750000000000000e+09	1.435363039999999930e-02	-3.247715400000000113e-03
7.989755000000000000e+09	1.433248070000000055e-02	-3.271052899999999861e-03
7.989760000000000000e+09	1.432180459999999982e-02	-3.301765400000000045e-03
7.989765000000000000e+09	1.432774279999999949e-02	-3.333354499999999915e-03
7.989770000000000000e+09	1.430905009999999984e-02	-3.379086999999999803e-03
7.989775000000000000e+09	1.427484289999999927e-02	-3.402942200000000014e-03
7.989780000000000000e+09	1.425252029999999996e-02	-3.445790900000000097e-03
7.989785000000000000e+09	1.425706000000000022e-02	-3.480553400000000082e-03
7.989790000000000000e+09	1.424246170000000034e-02	-3.502345799999999863e-03
7.989795000000000000e+09	1.424864600000000023e-02	-3.547699699999999883e-03
7.989800000000000000e+09	1.422466569999999986e-02	-3.561362599999999979e-03
7.989805000000000000e+09	1.420302730000000055e-02	-3.598147700000000129e-03
7.989810000000000000e+09	1.418191660000000034e-02	-3.635064800000000190e-03
7.989815000000000000e+09	1.417025740000000048e-02	-3.672058599999999950e-03
7.989820000000000000e+09	1.415985189999999921e-02	-3.698897899999999909e-03
7.989825000000000000e+09	1.414013780000000081e-02	-3.737615799999999960e-03
7.989830000000000000e+09	1.412412229999999991e-02	-3.776188299999999869e-03
7.989835000000000000e+09	1.412670339999999927e-02	-3.809844499999999901e-03
7.989840000000000000e+09	1.410028529999999940e-02	-3.812441399999999883e-03
7.989845000000000000e+09	1.409437290000000072e-02	-3.911312099999999722e-03
7.989850000000000000e+09	1.408618979999999923e-02	-3.898465199999999898e-03
7.989855000000000000e+09	1.407880960000000049e-02	-3.905864499999999948e-03
7.989860000000000000e+09	1.404953639999999976e-02	-3.955914900000000352e-03
7.989865000000000000e+09	1.403748330000000044e-02	-3.981612699999999630e-03
7.989870000000000000e+09	1.401106170000000067e-02	-4.011634699999999838e-03
7.989875000000000000e+09	1.399036229999999978e-02	-4.063002100000000054e-03
7.989880000000000000e+09	1.399606580000000051e-02	-4.075550600000000037e-03
7.989885000000000000e+09	1.396852799999999915e-02	-4.143082699999999993e-03
7.989890000000000000e+09	1.394892510000000051e-02	-4.156492900000000219e-03
7.989895000000000000e+09	1.392926849999999959e-02	-4.179445300000000051e-03
7.989900000000000000e+09	1.391785499999999981e-02	-4.200303800000000122e-03
7.989905000000000000e+09	1.390317010000000075e-02	-4.244166800000000010e-03
7.989910000000000000e+09	1.390284890000000051e-02	-4.275912199999999837e-03
7.989915000000000000e+09	1.386858409999999937e-02	-4.291839599999999755e-03
7.989920000000000000e+09	1.385203919999999922e-02	-4.336286499999999697e-03
7.989925000000000000e+09	1.382717370000000057e-02	-4.361798499999999801e-03
7.989930000000000000e+09	1.382416160000000081e-02	-4.386792599999999806e-03
7.989935000000000000e+09	1.379772379999999986e-02	-4.422613700000000390e-03
7.989940000000000000e+09	1.378996090000000029e-02	-4.462643199999999713e-03
7.989945000000000000e+09	1.377243210000000072e-02	-4.507522600000000122e-03
7.989950000000000000e+09	1.374488110000000006e-02	-4.514199600000000194e-03
7.989955000000000000e+09	1.374749479999999927e-02	-4.551316599999999900e-03
7.989960000000000000e+09	1.370458050000000066e-02	-4.589185499999999703e-03
7.989965000000000000e+09	1.371025109999999929e-02	-4.611024000000000025e-03
7.989970000000000000e+09	1.368139059999999921e-02	-4.647372700000000113e-03
7.989975000000000000e+09	1.368817630000000035e-02	-4.677584999999999729e-03
7.989980000000000000e+09	1.365708319999999962e-02	-4.702549000000000312e-03
7.989985000000000000e+09	1.364346879999999915e-02	-4.725657799999999700e-03
7.989990000000000000e+09	1.363750340000000061e-02	-4.750971700000000339e-03
7.989995000000000000e+09	1.361305529999999944e-02	-4.810410999999999680e-03
7.990000000000000000e+09	1.359821580000000057e-02	-4.825443799999999846e-03
7.990005000000000000e+09	1.356588300000000080e-02	-4.835004099999999985e-03
7.990010000000000000e+09	1.354762999999999974e-02	-4.879525099999999609e-03
7.990015000000000000e+09	1.353061730000000053e-02	-4.878794900000000406e-03
7.990020000000000000e+09	1.351021510000000037e-02	-4.946313800000000198e-03
7.990025000000000000e+09	1.346459449999999961e-02	-4.972258900000000106e-03
7.990030000000000000e+09	1.346182679999999993e-02	-4.989442099999999783e-03
7.990035000000000000e+09	1.344401720000000001e-02	-5.050884000000000276e-03
7.990040000000000000e+09	1.344907939999999934e-02	-5.079911299999999991e-03
7.990045000000000000e+09	1.339468350000000071e-02	-5.095252899999999641e-03
7.990050000000000000e+09	1.340428209999999960e-02	-5.115104799999999931e-03
7.990055000000000000e+09	1.337375290000000078e-02	-5.174470900000000331e-03
7.990060000000000000e+09	1.338098539999999989e-02	-5.173842199999999746e-03
7.990065000000000000e+09	1.335581620000000046e-02	-5.211542500000000168e-03
7.990070000000000000e+09	1.330790029999999978e-02	-5.247398000000000340e-03
7.990075000000000000e+09	1.329032779999999962e-02	-5.277847500000000178e-03
7.990080000000000000e+09	1.327973179999999975e-02	-5.304570599999999976e-03
7.990085000000000000e+09	1.325443389999999937e-02	-5.324460900000000350e-03
7.990090000000000000e+09	1.323360810000000047e-02	-5.354952799999999902e-03
7.990095000000000000e+09	1.321565079999999920e-02	-5.381587600000000381e-03
7.990100000000000000e+09	1.319422439999999933e-02	-5.429457000000000380e-03
7.990105000000000000e+09	1.317931240000000045e-02	-5.434674799999999854e-03
7.990110000000000000e+09	1.316135189999999983e-02	-5.483133400000000414e-03
7.990115000000000000e+09	1.315025990000000082e-02	-5.515851900000000307e-03
7.990120000000000000e+09	1.312373640000000057e-02	-5.521348700000000380e-03
7.990125000000000000e+09	1.312429539999999950e-02	-5.561623800000000187e-03
7.990130000000000000e+09	1.308702930000000056e-02	-5.587057900000000181e-03
7.990135000000000000e+09	1.307098729999999973e-02	-5.620114499999999576e-03
7.990140000000000000e+09	1.303844529999999974e-02	-5.670699599999999736e-03
7.990145000000000000e+09	1.301999799999999964e-02	-5.663169299999999684e-03
7.990150000000000000e+09	1.299933370000000074e-02	-5.699753000000000111e-03
7.990155000000000000e+09	1.298609579999999986e-02	-5.726830900000000335e-03
7.990160000000000000e+09	1.295953489999999986e-02	-5.747862700000000089e-03
7.990165000000000000e+09	1.294978739999999920e-02	-5.792926999999999799e-03
7.990170000000000000e+09	1.291272859999999939e-02	-5.829711999999999915e-03
7.990175000000000000e+09	1.289737309999999977e-02	-5.850139699999999665e-03
7.990180000000000000e+09	1.286851909999999974e-02	-5.864515300000000368e-03
7.990185000000000000e+09	1.286573839999999996e-02	-5.910568599999999929e-03
7.990190000000000000e+09	1.283432559999999993e-02	-5.945671999999999936e-03
7.990195000000000000e+09	1.280316180000000068e-02	-5.950590799999999798e-03
7.990200000000000000e+09	1.277677540000000077e-02	-5.991787600000000359e-03
7.990205000000000000e+09	1.277515140000000035e-02	-6.021204100000000087e-03
7.990210000000000000e+09	1.273132719999999982e-02	-6.053537700000000132e-03
7.990215000000000000e+09	1.271461810000000005e-02	-6.084765100000000260e-03
7.990220000000000000e+09	1.270405370000000055e-02	-6.081265800000000034e-03
7.990225000000000000e+09	1.265574189999999974e-02	-6.115650700000000058e-03
7.990230000000000000e+09	1.265201510000000043e-02	-6.164721599999999947e-03
7.990235000000000000e+09	1.261617949999999967e-02	-6.162891000000000202e-03
7.990240000000000000e+09	1.259846260000000058e-02	-6.221414800000000037e-03
7.990245000000000000e+09	1.258911319999999993e-02	-6.245857700000000297e-03
7.990250000000000000e+09	1.255766749999999952e-02	-6.273615500000000351e-03
7.990255000000000000e+09	1.251434660000000018e-02	-6.306945700000000238e-03
7.990260000000000000e+09	1.252098880000000053e-02	-6.339196000000000067e-03
7.990265000000000000e+09	1.247068989999999995e-02	-6.352024199999999586e-03
7.990270000000000000e+09	1.246188139999999944e-02	-6.369627299999999770e-03
7.990275000000000000e+09	1.245495859999999969e-02	-6.396866499999999921e-03
7.990280000000000000e+09	1.242808590000000005e-02	-6.411632500000000179e-03
7.990285000000000000e+09	1.240935410000000051e-02	-6.485344599999999862e-03
7.990290000000000000e+09	1.234820399999999978e-02	-6.479453900000000342e-03
7.990295000000000000e+09	1.232963519999999945e-02	-6.504768600000000386e-03
7.990300000000000000e+09	1.231355140000000084e-02	-6.544837999999999871e-03
7.990305000000000000e+09	1.229037539999999935e-02	-6.580281399999999593e-03
7.990310000000000000e+09	1.227604940000000082e-02	-6.595020600000000253e-03
7.990315000000000000e+09	1.223450899999999932e-02	-6.608753900000000070e-03
7.990320000000000000e+09	1.221992950000000064e-02	-6.640596700000000151e-03
7.990325000000000000e+09	1.220258259999999935e-02	-6.684541100000000041e-03
7.990330000000000000e+09	1.217511289999999996e-02	-6.700607600000000122e-03
7.990335000000000000e+09	1.214815129999999993e-02	-6.739557600000000391e-03
7.990340000000000000e+09	1.213295929999999925e-02	-6.742631699999999603e-03
7.990345000000000000e+09	1.210974440000000055e-02	-6.769580800000000141e-03
7.990350000000000000e+09	1.209117409999999927e-02	-6.817462300000000364e-03
7.990355000000000000e+09	1.203811039999999957e-02	-6.838262999999999807e-03
7.990360000000000000e+09	1.200217859999999984e-02	-6.867704999999999990e-03
7.990365000000000000e+09	1.198545439999999969e-02	-6.873882199999999630e-03
7.990370000000000000e+09	1.195209640000000073e-02	-6.890726699999999601e-03
7.990375000000000000e+09	1.195577280000000020e-02	-6.951377800000000176e-03
7.990380000000000000e+09	1.193904320000000081e-02	-6.958149299999999947e-03
7.990385000000000000e+09	1.191539030000000020e-02	-6.975713700000000378e-03
7.990390000000000000e+09	1.186123270000000000e-02	-7.021066599999999623e-03
7.990395000000000000e+09	1.185134290000000069e-02	-7.036076799999999888e-03
7.990400000000000000e+09	1.182540269999999942e-02	-7.069281699999999981e-03
7.990405000000000000e+09	1.180221799999999974e-02	-7.061254399999999584e-03
7.990410000000000000e+09	1.176976230000000012e-02	-7.115796399999999890e-03
7.990415000000000000e+09	1.171835469999999921e-02	-7.124397700000000000e-03
7.990420000000000000e+09	1.170711120000000015e-02	-7.172627099999999596e-03
7.990425000000000000e+09	1.168871590000000044e-02	-7.186147300000000036e-03
7.990430000000000000e+09	1.168723020000000078e-02	-7.234399300000000400e-03
7.990435000000000000e+09	1.162364649999999937e-02	-7.218832799999999952e-03
7.990440000000000000e+09	1.159452220000000040e-02	-7.249653800000000273e-03
7.990445000000000000e+09	1.158220710000000021e-02	-7.288063099999999607e-03
7.990450000000000000e+09	1.154985170000000054e-02	-7.310400699999999689e-03
7.990455000000000000e+09	1.152169899999999983e-02	-7.344771499999999675e-03
7.990460000000000000e+09	1.149244940000000020e-02	-7.366040699999999719e-03
7.990465000000000000e+09	1.146534079999999949e-02	-7.365282199999999974e-03
7.990470000000000000e+09	1.142130690000000073e-02	-7.412464799999999958e-03
7.990475000000000000e+09	1.140395270000000086e-02	-7.425632799999999992e-03
7.990480000000000000e+09	1.137232460000000070e-02	-7.470258300000000122e-03
7.990485000000000000e+09	1.134558530000000058e-02	-7.496728999999999719e-03
7.990490000000000000e+09	1.134014539999999953e-02	-7.488716200000000364e-03
7.990495000000000000e+09	1.129075080000000071e-02	-7.532392599999999938e-03
7.990500000000000000e+09	1.125831669999999979e-02	-7.556392000000000317e-03
7.990505000000000000e+09	1.125743100000000003e-02	-7.580839600000000011e-03
7.990510000000000000e+09	1.119806549999999984e-02	-7.591828899999999991e-03
7.990515000000000000e+09	1.120073689999999920e-02	-7.620971399999999958e-03
7.990520000000000000e+09	1.116627300000000086e-02	-7.644938999999999901e-03
7.990525000000000000e+09	1.111794219999999965e-02	-7.681370899999999738e-03
7.990530000000000000e+09	1.109365179999999979e-02	-7.668462899999999895e-03
7.990535000000000000e+09	1.106191590000000016e-02	-7.729569700000000175e-03
7.990540000000000000e+09	1.102413520000000008e-02	-7.740477299999999616e-03
7.990545000000000000e+09	1.098679089999999962e-02	-7.751639900000000145e-03
7.990550000000000000e+09	1.095428499999999937e-02	-7.785514399999999592e-03
7.990555000000000000e+09	1.095697269999999952e-02	-7.789173600000000135e-03
7.990560000000000000e+09	1.091305719999999951e-02	-7.814364199999999927e-03
7.990565000000000000e+09	1.090133949999999921e-02	-7.831967400000000579e-03
7.990570000000000000e+09	1.087861530000000000e-02	-7.880432999999999188e-03
7.990575000000000000e+09	1.082015799999999986e-02	-7.875340600000000843e-03
7.990580000000000000e+09	1.079093440000000043e-02	-7.905862300000000148e-03
7.990585000000000000e+09	1.077926339999999913e-02	-7.938496899999999620e-03
7.990590000000000000e+09	1.073263609999999986e-02	-7.948174000000000558e-03
7.990595000000000000e+09	1.073048180000000032e-02	-7.978998600000000371e-03
7.990600000000000000e+09	1.069681830000000083e-02	-7.978636199999999956e-03
7.990605000000000000e+09	1.063964379999999925e-02	-8.017355000000000315e-03
7.990610000000000000e+09	1.061941599999999958e-02	-8.027820800000000021e-03
7.990615000000000000e+09	1.056334779999999925e-02	-8.060804399999999675e-03
7.990620000000000000e+09	1.055072720000000026e-02	-8.102202500000000793e-03
7.990625000000000000e+09	1.053621889999999985e-02	-8.090817499999999884e-03
7.990630000000000000e+09	1.050622759999999926e-02	-8.120285799999999929e-03
7.990635000000000000e+09	1.046317020000000000e-02	-8.137814900000000032e-03
7.990640000000000000e+09	1.042546339999999953e-02	-8.153398299999999738e-03
7.990645000000000000e+09	1.041014600000000033e-02	-8.163420500000000829e-03
7.990650000000000000e+09	1.037362279999999928e-02	-8.192827099999999349e-03
7.990655000000000000e+09	1.033909769999999916e-02	-8.218906300000000317e-03
7.990660000000000000e+09	1.031961999999999983e-02	-8.227927899999999337e-03
7.990665000000000000e+09	1.026941619999999916e-02	-8.274830000000000380e-03
7.990670000000000000e+09	1.023323010000000075e-02	-8.280418899999999333e-03
7.990675000000000000e+09	1.018985409999999953e-02	-8.313514200000000215e-03
7.990680000000000000e+09	1.019441979999999998e-02	-8.321718100000000118e-03
7.990685000000000000e+09	1.015729920000000078e-02	-8.336353399999999608e-03
7.990690000000000000e+09	1.010626310000000035e-02	-8.382816700000000204e-03
7.990695000000000000e+09	1.005756460000000081e-02	-8.382038300000000178e-03
7.990700000000000000e+09	1.005272230000000058e-02	-8.421738200000000729e-03
7.990705000000000000e+09	1.000448039999999976e-02	-8.403874299999999214e-03
7.990710000000000000e+09	9.976270699999999561e-03	-8.439717299999999894e-03
7.990715000000000000e+09	9.944179200000000107e-03	-8.455355600000000540e-03
7.990720000000000000e+09	9.899202699999999980e-03	-8.480559800000000634e-03
7.990725000000000000e+09	9.869833300000000267e-03	-8.497748600000000485e-03
7.990730000000000000e+09	9.838463000000000416e-03	-8.522864499999999524e-03
7.990735000000000000e+09	9.810048300000000568e-03	-8.534401299999999288e-03
7.990740000000000000e+09	9.764202399999999740e-03	-8.558855799999999167e-03
7.990745000000000000e+09	9.718289700000000420e-03	-8.571852200000000532e-03
7.990750000000000000e+09	9.712720100000000675e-03	-8.591819800000000812e-03
7.990755000000000000e+09	9.683351899999999637e-03	-8.615079200000000381e-03
7.990760000000000000e+09	9.614931599999999509e-03	-8.622316999999999135e-03
7.990765000000000000e+09	9.586138900000000865e-03	-8.641238399999999140e-03
7.990770000000000000e+09	9.563392000000000420e-03	-8.673104600000000261e-03
7.990775000000000000e+09	9.521114900000000533e-03	-8.680307199999999154e-03
7.990780000000000000e+09	9.470877000000000809e-03	-8.700925199999999179e-03
7.990785000000000000e+09	9.438146700000000361e-03	-8.730059300000000619e-03
7.990790000000000000e+09	9.432077100000000117e-03	-8.714341800000000721e-03
7.990795000000000000e+09	9.399374699999999208e-03	-8.749073200000000508e-03
7.990800000000000000e+09	9.340984099999999693e-03	-8.767566500000000679e-03
7.990805000000000000e+09	9.317977700000000529e-03	-8.775196000000000732e-03
7.990810000000000000e+09	9.276675099999999452e-03	-8.788903000000000687e-03
7.990815000000000000e+09	9.266421699999999317e-03	-8.804111099999999482e-03
7.990820000000000000e+09	9.202652699999999339e-03	-8.820946200000000584e-03
7.990825000000000000e+09	9.168046200000000076e-03	-8.846852900000000408e-03
7.990830000000000000e+09	9.128533299999999975e-03	-8.853761499999999660e-03
7.990835000000000000e+09	9.107578099999999455e-03	-8.859136599999999431e-03
7.990840000000000000e+09	9.058009199999999747e-03	-8.876959999999999712e-03
7.990845000000000000e+09	9.012915300000000351e-03	-8.913209599999999400e-03
7.990850000000000000e+09	8.948992299999999900e-03	-8.902258700000000372e-03
7.990855000000000000e+09	8.938957600000000184e-03	-8.922083100000000391e-03
7.990860000000000000e+09	8.912228499999999207e-03	-8.966150399999999257e-03
7.990865000000000000e+09	8.874864099999999270e-03	-8.959181400000000225e-03
7.990870000000000000e+09	8.815689099999999417e-03	-8.966757000000000546e-03
7.990875000000000000e+09	8.804494399999999651e-03	-9.003813200000000336e-03
7.990880000000000000e+09	8.753230299999999534e-03	-9.002849500000000005e-03
7.990885000000000000e+09	8.723840000000000067e-03	-9.041419300000000728e-03
7.990890000000000000e+09	8.681861900000000659e-03	-9.016685700000000650e-03
7.990895000000000000e+09	8.646212999999999815e-03	-9.043733499999999717e-03
7.990900000000000000e+09	8.603382200000000632e-03	-9.059822099999999961e-03
7.990905000000000000e+09	8.550308100000000855e-03	-9.088441799999999460e-03
7.990910000000000000e+09	8.527948000000000472e-03	-9.090728399999999446e-03
7.990915000000000000e+09	8.511687599999999757e-03	-9.124849299999999649e-03
7.990920000000000000e+09	8.447147599999999673e-03	-9.112990899999999506e-03
7.990925000000000000e+09	8.422092699999999751e-03	-9.126906799999999140e-03
7.990930000000000000e+09	8.366239500000000745e-03	-9.156693900000000344e-03
7.990935000000000000e+09	8.348753299999999225e-03	-9.151663299999999654e-03
7.990940000000000000e+09	8.296238900000000790e-03	-9.169098400000000662e-03
7.990945000000000000e+09	8.280669500000000655e-03	-9.165580099999999161e-03
7.990950000000000000e+09	8.234672400000000309e-03	-9.206973599999999577e-03
7.990955000000000000e+09	8.198232800000000015e-03	-9.200205200000000430e-03
7.990960000000000000e+09	8.161396099999999182e-03	-9.192032600000000359e-03
7.990965000000000000e+09	8.110897100000000193e-03	-9.205334199999999981e-03
7.990970000000000000e+09	8.078829100000000513e-03	-9.231344900000000575e-03
7.990975000000000000e+09	8.010496599999999967e-03	-9.234434899999999571e-03
7.990980000000000000e+09	7.975443400000000599e-03	-9.242787699999999509e-03
7.990985000000000000e+09	7.944638000000000394e-03	-9.267233099999999321e-03
7.990990000000000000e+09	7.917238899999999927e-03	-9.291350599999999640e-03
7.990995000000000000e+09	7.865845800000000054e-03	-9.277080400000000185e-03
7.991000000000000000e+09	7.824349799999999813e-03	-9.300155699999999859e-03
7.991005000000000000e+09	7.745275400000000386e-03	-9.301026500000000169e-03
7.991010000000000000e+09	7.730220799999999726e-03	-9.308529299999999951e-03
7.991015000000000000e+09	7.716012300000000060e-03	-9.307221900000000811e-03
7.991020000000000000e+09	7.659488899999999760e-03	-9.308604499999999574e-03
7.991025000000000000e+09	7.615830300000000185e-03	-9.342437699999999248e-03
7.991030000000000000e+09	7.583327899999999823e-03	-9.349496800000000815e-03
7.991035000000000000e+09	7.554804400000000170e-03	-9.364295800000000183e-03
7.991040000000000000e+09	7.476849100000000289e-03	-9.379067499999999349e-03
7.991045000000000000e+09	7.444507099999999981e-03	-9.375481800000000018e-03
7.991050000000000000e+09	7.420668200000000124e-03	-9.362577999999999873e-03
7.991055000000000000e+09	7.388697900000000367e-03	-9.398314799999999899e-03
7.991060000000000000e+09	7.320972700000000048e-03	-9.416244000000000697e-03
7.991065000000000000e+09	7.289438599999999852e-03	-9.398011600000000590e-03
7.991070000000000000e+09	7.245707300000000205e-03	-9.384548899999999375e-03
7.991075000000000000e+09	7.220579900000000280e-03	-9.423577699999999627e-03
7.991080000000000000e+09	7.162131999999999873e-03	-9.410863800000000487e-03
7.991085000000000000e+09	7.128244100000000194e-03	-9.426361399999999557e-03
7.991090000000000000e+09	7.067161399999999892e-03	-9.444782900000000397e-03
7.991095000000000000e+09	7.033983599999999933e-03	-9.450571700000000297e-03
7.991100000000000000e+09	6.981317899999999778e-03	-9.465991599999999326e-03
7.991105000000000000e+09	6.937172099999999730e-03	-9.447490500000000832e-03
7.991110000000000000e+09	6.894716700000000191e-03	-9.465527399999999758e-03
7.991115000000000000e+09	6.857163700000000126e-03	-9.470914199999999616e-03
7.991120000000000000e+09	6.837367100000000045e-03	-9.464748300000000794e-03
7.991125000000000000e+09	6.760528400000000160e-03	-9.457301499999999292e-03
7.991130000000000000e+09	6.721908199999999597e-03	-9.474909599999999446e-03
7.991135000000000000e+09	6.693688799999999994e-03	-9.473554199999999550e-03
7.991140000000000000e+09	6.638991000000000337e-03	-9.474010499999999460e-03
7.991145000000000000e+09	6.599830000000000106e-03	-9.466986000000000151e-03
7.991150000000000000e+09	6.554895699999999624e-03	-9.488415800000000316e-03
7.991155000000000000e+09	6.506872399999999619e-03	-9.479229100000000074e-03
7.991160000000000000e+09	6.478597099999999602e-03	-9.499717799999999809e-03
7.991165000000000000e+09	6.403009000000000304e-03	-9.471535200000000612e-03
7.991170000000000000e+09	6.370288699999999797e-03	-9.477499400000000476e-03
7.991175000000000000e+09	6.354376600000000326e-03	-9.483043300000000564e-03
7.991180000000000000e+09	6.293443000000000127e-03	-9.464400899999999422e-03
7.991185000000000000e+09	6.239741499999999774e-03	-9.489737899999999698e-03
7.991190000000000000e+09	6.204610800000000433e-03	-9.501321599999999409e-03
7.991195000000000000e+09	6.157854499999999669e-03	-9.482115699999999966e-03
7.991200000000000000e+09	6.104812000000000259e-03	-9.503638999999999490e-03
7.991205000000000000e+09	6.073446100000000174e-03	-9.508258199999999535e-03
7.991210000000000000e+09	6.016061900000000372e-03	-9.489859800000000067e-03
7.991215000000000000e+09	5.970257700000000320e-03	-9.489377000000000228e-03
7.991220000000000000e+09	5.936066499999999996e-03	-9.510098399999999952e-03
7.991225000000000000e+09	5.880872199999999730e-03	-9.507536000000000459e-03
7.991230000000000000e+09	5.852506799999999780e-03	-9.490693999999999173e-03
7.991235000000000000e+09	5.786800400000000066e-03	-9.490160100000000556e-03
7.991240000000000000e+09	5.734193799999999681e-03	-9.478594800000000181e-03
7.991245000000000000e+09	5.708495000000000062e-03	-9.479201899999999473e-03
7.991250000000000000e+09	5.662688400000000059e-03	-9.481520300000000762e-03
7.991255000000000000e+09	5.608146900000000358e-03	-9.478327800000000206e-03
7.991260000000000000e+09	5.552739899999999985e-03	-9.469724500000000281e-03
7.991265000000000000e+09	5.504675500000000277e-03	-9.468341599999999247e-03
7.991270000000000000e+09	5.465579199999999992e-03	-9.455333200000000729e-03
7.991275000000000000e+09	5.432218699999999748e-03	-9.456929100000000671e-03
7.991280000000000000e+09	5.377823399999999594e-03	-9.446257899999999444e-03
7.991285000000000000e+09	5.318479499999999825e-03	-9.443929999999999686e-03
7.991290000000000000e+09	5.287713799999999714e-03	-9.438449800000000070e-03
7.991295000000000000e+09	5.258822699999999607e-03	-9.436819600000000141e-03
7.991300000000000000e+09	5.197528699999999675e-03	-9.427454700000000715e-03
7.991305000000000000e+09	5.142680299999999836e-03	-9.430236599999999164e-03
7.991310000000000000e+09	5.073345200000000006e-03	-9.428340800000000604e-03
7.991315000000000000e+09	5.029652100000000375e-03	-9.390523399999999715e-03
7.991320000000000000e+09	4.991458399999999969e-03	-9.407983400000000107e-03
7.991325000000000000e+09	4.955675700000000336e-03	-9.411584599999999953e-03
7.991330000000000000e+09	4.910128100000000183e-03	-9.393611499999999365e-03
7.991335000000000000e+09	4.876270999999999731e-03	-9.398841700000000465e-03
7.991340000000000000e+09	4.815940900000000198e-03	-9.391380399999999656e-03
7.991345000000000000e+09	4.779003999999999891e-03	-9.359740099999999674e-03
7.991350000000000000e+09	4.698572600000000023e-03	-9.323800099999999744e-03
7.991355000000000000e+09	4.646758699999999770e-03	-9.340719299999999600e-03
7.991360000000000000e+09	4.621160000000000025e-03	-9.311179799999999562e-03
7.991365000000000000e+09	4.565397799999999957e-03	-9.336270100000000280e-03
7.991370000000000000e+09	4.509360700000000256e-03	-9.296680400000000011e-03
7.991375000000000000e+09	4.471188600000000277e-03	-9.309976200000000257e-03
7.991380000000000000e+09	4.419742400000000078e-03	-9.292742899999999542e-03
7.991385000000000000e+09	4.384463400000000038e-03	-9.271367900000000717e-03
7.991390000000000000e+09	4.317086200000000429e-03	-9.270658899999999203e-03
7.991395000000000000e+09	4.273145100000000363e-03	-9.237046500000000229e-03
7.991400000000000000e+09	4.256726399999999876e-03	-9.230889500000000539e-03
7.991405000000000000e+09	4.188088399999999670e-03	-9.212728300000000425e-03
7.991410000000000000e+09	4.138111100000000341e-03	-9.203039600000000736e-03
7.991415000000000000e+09	4.083054499999999760e-03	-9.191724199999999276e-03
7.991420000000000000e+09	4.050368399999999640e-03	-9.180446899999999966e-03
7.991425000000000000e+09	3.988970700000000341e-03	-9.143571099999999244e-03
7.991430000000000000e+09	3.944365200000000092e-03	-9.126330900000000079e-03
7.991435000000000000e+09	3.891559599999999935e-03	-9.146092399999999900e-03
7.991440000000000000e+09	3.836845900000000059e-03	-9.100022799999999551e-03
7.991445000000000000e+09	3.766494200000000073e-03	-9.063694500000000348e-03
7.991450000000000000e+09	3.750653400000000196e-03	-9.046676199999999224e-03
7.991455000000000000e+09	3.683467199999999799e-03	-9.035327299999999784e-03
7.991460000000000000e+09	3.644218299999999952e-03	-9.030899900000000091e-03
7.991465000000000000e+09	3.595436200000000099e-03	-9.014417800000000536e-03
7.991470000000000000e+09	3.558483600000000076e-03	-8.986952200000000376e-03
7.991475000000000000e+09	3.515198800000000033e-03	-8.968538800000000130e-03
7.991480000000000000e+09	3.448778600000000204e-03	-8.942997499999999142e-03
7.991485000000000000e+09	3.413602400000000092e-03	-8.917157599999999545e-03
7.991490000000000000e+09	3.339827599999999844e-03	-8.902600000000000097e-03
7.991495000000000000e+09	3.321127499999999844e-03	-8.885075399999999360e-03
7.991500000000000000e+09	3.242724800000000053e-03	-8.864443899999999502e-03
7.991505000000000000e+09	3.195882799999999989e-03	-8.828205299999999228e-03
7.991510000000000000e+09	3.165666299999999808e-03	-8.800775099999999865e-03
7.991515000000000000e+09	3.101553400000000085e-03	-8.769719000000000472e-03
7.991520000000000000e+09	3.071851500000000179e-03	-8.729668100000000791e-03
7.991525000000000000e+09	3.003327699999999885e-03	-8.700576700000000469e-03
7.991530000000000000e+09	2.952832700000000091e-03	-8.693310799999999505e-03
7.991535000000000000e+09	2.912088599999999947e-03	-8.682520500000000599e-03
7.991540000000000000e+09	2.870505499999999929e-03	-8.636166799999999213e-03
7.991545000000000000e+09	2.835089099999999872e-03	-8.620133000000000309e-03
7.991550000000000000e+09	2.781803800000000066e-03	-8.551855000000000567e-03
7.991555000000000000e+09	2.706848899999999853e-03	-8.550210500000000532e-03
7.991560000000000000e+09	2.674635900000000167e-03	-8.518918400000000460e-03
7.991565000000000000e+09	2.620210200000000055e-03	-8.483291800000000715e-03
7.991570000000000000e+09	2.601870100000000085e-03	-8.469091999999999246e-03
7.991575000000000000e+09	2.520065399999999855e-03	-8.430935699999999450e-03
7.991580000000000000e+09	2.476744900000000214e-03	-8.386256899999999792e-03
7.991585000000000000e+09	2.435315700000000201e-03	-8.342866500000000601e-03
7.991590000000000000e+09	2.365473600000000086e-03	-8.355447199999999422e-03
7.991595000000000000e+09	2.317088499999999870e-03	-8.290869200000000258e-03
7.991600000000000000e+09	2.278333000000000007e-03	-8.255438599999999696e-03
7.991605000000000000e+09	2.250789100000000036e-03	-8.224672400000000716e-03
7.991610000000000000e+09	2.191025799999999930e-03	-8.190650400000000844e-03
7.991615000000000000e+09	2.146323800000000167e-03	-8.150761499999999160e-03
7.991620000000000000e+09	2.083149900000000158e-03	-8.112028500000000031e-03
7.991625000000000000e+09	2.057399499999999857e-03	-8.073772300000000429e-03
7.991630000000000000e+09	1.994104200000000084e-03	-8.061268499999999643e-03
7.991635000000000000e+09	1.950042099999999955e-03	-7.993195099999999415e-03
7.991640000000000000e+09	1.917159699999999899e-03	-7.963128499999999610e-03
7.991645000000000000e+09	1.867649500000000042e-03	-7.929287000000000141e-03
7.991650000000000000e+09	1.826965299999999941e-03	-7.871354599999999882e-03
7.991655000000000000e+09	1.781880499999999963e-03	-7.819616799999999993e-03
7.991660000000000000e+09	1.717956000000000084e-03	-7.784681600000000097e-03
7.991665000000000000e+09	1.708800099999999936e-03	-7.732079600000000413e-03
7.991670000000000000e+09	1.630381300000000077e-03	-7.712837499999999902e-03
7.991675000000000000e+09	1.594794899999999946e-03	-7.657020100000000093e-03
7.991680000000000000e+09	1.536981100000000015e-03	-7.612811399999999847e-03
7.991685000000000000e+09	1.479654499999999906e-03	-7.574282400000000026e-03
7.991690000000000000e+09	1.424471000000000070e-03	-7.505780899999999964e-03
7.991695000000000000e+09	1.422472699999999951e-03	-7.460082399999999961e-03
7.991700000000000000e+09	1.351167799999999962e-03	-7.445652199999999721e-03
7.991705000000000000e+09	1.301782899999999899e-03	-7.377279900000000348e-03
7.991710000000000000e+09	1.273907599999999892e-03	-7.302799799999999848e-03
7.991715000000000000e+09	1.223383100000000013e-03	-7.285389399999999890e-03
7.991720000000000000e+09	1.162342499999999973e-03	-7.224595200000000390e-03
7.991725000000000000e+09	1.123029900000000088e-03	-7.136306000000000246e-03
7.991730000000000000e+09	1.077424599999999991e-03	-7.115279900000000268e-03
7.991735000000000000e+09	1.051452700000000051e-03	-7.057149599999999745e-03
7.991740000000000000e+09	9.961438999999999884e-04	-7.000565400000000396e-03
7.991745000000000000e+09	9.587587000000000062e-04	-6.951296499999999774e-03
7.991750000000000000e+09	9.326958000000000427e-04	-6.869591999999999886e-03
7.991755000000000000e+09	8.762543999999999498e-04	-6.823216699999999808e-03
7.991760000000000000e+09	8.362105999999999793e-04	-6.780887299999999868e-03
7.991765000000000000e+09	8.050854000000000083e-04	-6.707965500000000365e-03
7.991770000000000000e+09	7.715361000000000007e-04	-6.637190700000000082e-03
7.991775000000000000e+09	7.146535000000000517e-04	-6.606328699999999658e-03
7.991780000000000000e+09	6.729369999999999710e-04	-6.522599199999999653e-03
7.991785000000000000e+09	6.368279999999999818e-04	-6.476033200000000031e-03
7.991790000000000000e+09	6.134603000000000191e-04	-6.407624300000000321e-03
7.991795000000000000e+09	5.503742000000000269e-04	-6.316198799999999704e-03
7.991800000000000000e+09	5.361615000000000131e-04	-6.278437300000000096e-03
7.991805000000000000e+09	5.066629999999999702e-04	-6.216316500000000113e-03
7.991810000000000000e+09	4.610870999999999785e-04	-6.121862300000000152e-03
7.991815000000000000e+09	4.176265999999999767e-04	-6.061043599999999670e-03
7.991820000000000000e+09	3.881555999999999874e-04	-5.993416399999999811e-03
7.991825000000000000e+09	3.698042999999999925e-04	-5.923468099999999910e-03
7.991830000000000000e+09	3.288478999999999860e-04	-5.844760099999999660e-03
7.991835000000000000e+09	2.765523999999999782e-04	-5.780751899999999645e-03
7.991840000000000000e+09	2.487691999999999898e-04	-5.729727500000000168e-03
7.991845000000000000e+09	2.215235000000000077e-04	-5.634631799999999593e-03
7.991850000000000000e+09	1.920509999999999947e-04	-5.583118899999999635e-03
7.991855000000000000e+09	1.718773999999999953e-04	-5.512149200000000110e-03
7.991860000000000000e+09	1.411030999999999874e-04	-5.407590599999999650e-03
7.991865000000000000e+09	1.094940999999999992e-04	-5.373770200000000004e-03
7.991870000000000000e+09	8.139919999999999816e-05	-5.267942700000000089e-03
7.991875000000000000e+09	5.411999999999999683e-05	-5.173670899999999878e-03
7.991880000000000000e+09	8.720099999999999740e-06	-5.098551199999999846e-03
7.991885000000000000e+09	-2.479130000000000098e-05	-5.037916600000000127e-03
7.991890000000000000e+09	-2.337880000000000052e-05	-4.949425500000000089e-03
7.991895000000000000e+09	-4.682359999999999669e-05	-4.889045600000000054e-03
7.991900000000000000e+09	-8.148350000000000005e-05	-4.768704599999999683e-03
7.991905000000000000e+09	-8.666439999999999647e-05	-4.728377899999999627e-03
7.991910000000000000e+09	-1.091908000000000050e-04	-4.603971099999999705e-03
7.991915000000000000e+09	-1.454911999999999937e-04	-4.526545499999999611e-03
7.991920000000000000e+09	-1.635871000000000113e-04	-4.443321400000000213e-03
7.991925000000000000e+09	-1.692472999999999948e-04	-4.361282900000000053e-03
7.991930000000000000e+09	-2.011338999999999955e-04	-4.277675800000000153e-03
7.991935000000000000e+09	-2.207206000000000023e-04	-4.163538700000000287e-03
7.991940000000000000e+09	-2.025504999999999981e-04	-4.079515300000000240e-03
7.991945000000000000e+09	-2.409109000000000044e-04	-4.010401999999999717e-03
7.991950000000000000e+09	-2.618971999999999902e-04	-3.896152999999999856e-03
7.991955000000000000e+09	-2.691966000000000172e-04	-3.820537499999999888e-03
7.991960000000000000e+09	-2.522886000000000226e-04	-3.716382399999999982e-03
7.991965000000000000e+09	-2.444365000000000101e-04	-3.632148300000000076e-03
7.991970000000000000e+09	-2.682029000000000270e-04	-3.526474400000000065e-03
7.991975000000000000e+09	-2.774507999999999966e-04	-3.415458799999999961e-03
7.991980000000000000e+09	-2.867313000000000240e-04	-3.345216800000000087e-03
7.991985000000000000e+09	-2.973132000000000183e-04	-3.246736799999999906e-03
7.991990000000000000e+09	-2.879267000000000024e-04	-3.150994500000000014e-03
7.991995000000000000e+09	-2.931221000000000239e-04	-3.052486699999999893e-03
7.992000000000000000e+09	-2.980408000000000146e-04	-2.980503700000000037e-03
7.992005000000000000e+09	-2.819817000000000178e-04	-2.886593900000000105e-03
7.992010000000000000e+09	-2.736773999999999761e-04	-2.747712199999999879e-03
7.992015000000000000e+09	-2.913101000000000080e-04	-2.652694900000000019e-03
7.992020000000000000e+09	-2.773504000000000204e-04	-2.573191099999999881e-03
7.992025000000000000e+09	-2.707958000000000001e-04	-2.453831100000000102e-03
7.992030000000000000e+09	-2.519485000000000019e-04	-2.355324399999999922e-03
7.992035000000000000e+09	-2.472468999999999925e-04	-2.252172000000000202e-03
7.992040000000000000e+09	-2.341801999999999979e-04	-2.156966699999999983e-03
7.992045000000000000e+09	-2.236101999999999957e-04	-2.054139799999999804e-03
7.992050000000000000e+09	-1.984269999999999892e-04	-1.968396399999999997e-03
7.992055000000000000e+09	-1.602270000000000094e-04	-1.841386700000000000e-03
7.992060000000000000e+09	-1.561886999999999976e-04	-1.742356499999999980e-03
7.992065000000000000e+09	-1.361420999999999920e-04	-1.649669299999999977e-03
7.992070000000000000e+09	-1.215938999999999947e-04	-1.547248200000000051e-03
7.992075000000000000e+09	-1.141848999999999984e-04	-1.434670500000000039e-03
7.992080000000000000e+09	-7.802120000000000442e-05	-1.315498600000000002e-03
7.992085000000000000e+09	-3.757680000000000248e-05	-1.213909300000000097e-03
7.992090000000000000e+09	-1.255200000000000069e-06	-1.117242799999999901e-03
7.992095000000000000e+09	2.284369999999999950e-05	-1.028445700000000032e-03
7.992100000000000000e+09	5.348989999999999756e-05	-9.110796999999999906e-04
7.992105000000000000e+09	1.149990000000000013e-04	-8.058359999999999872e-04
7.992110000000000000e+09	1.236874999999999910e-04	-7.177798999999999681e-04
7.992115000000000000e+09	1.765937000000000030e-04	-5.955380999999999826e-04
7.992120000000000000e+09	1.878535000000000133e-04	-4.882107999999999912e-04
7.992125000000000000e+09	2.295401999999999881e-04	-4.087410999999999887e-04
7.992130000000000000e+09	2.976815999999999859e-04	-3.021507000000000207e-04
7.992135000000000000e+09	3.426890000000000253e-04	-1.813694999999999988e-04
7.992140000000000000e+09	3.662342999999999979e-04	-1.148373000000000059e-04
7.992145000000000000e+09	4.225332000000000155e-04	4.003700000000000309e-06
7.992150000000000000e+09	4.820145999999999979e-04	8.322070000000000097e-05
7.992155000000000000e+09	5.339718000000000025e-04	1.895424999999999899e-04
7.992160000000000000e+09	5.923185000000000516e-04	2.840636000000000224e-04
7.992165000000000000e+09	6.457573999999999780e-04	4.013547999999999812e-04
7.992170000000000000e+09	6.831310000000000160e-04	4.756054999999999918e-04
7.992175000000000000e+09	7.375511999999999867e-04	5.697153000000000373e-04
7.992180000000000000e+09	8.260859000000000387e-04	7.016604999999999544e-04
7.992185000000000000e+09	8.866367000000000215e-04	8.005469000000000517e-04
7.992190000000000000e+09	9.321480999999999734e-04	8.946636999999999906e-04
7.992195000000000000e+09	1.010216800000000035e-03	9.879205999999999752e-04
7.992200000000000000e+09	1.057195500000000093e-03	1.081297200000000012e-03
7.992205000000000000e+09	1.157470799999999909e-03	1.188880700000000037e-03
7.992210000000000000e+09	1.197148699999999897e-03	1.273434799999999993e-03
7.992215000000000000e+09	1.277706599999999968e-03	1.327061800000000095e-03
7.992220000000000000e+09	1.356412700000000004e-03	1.412297799999999914e-03
7.992225000000000000e+09	1.429574199999999930e-03	1.507800500000000066e-03
7.992230000000000000e+09	1.521822400000000068e-03	1.625286799999999931e-03
7.992235000000000000e+09	1.582668900000000056e-03	1.720762999999999937e-03
7.992240000000000000e+09	1.656038500000000038e-03	1.789499300000000053e-03
7.992245000000000000e+09	1.714065700000000098e-03	1.851178700000000003e-03
7.992250000000000000e+09	1.813326699999999892e-03	1.923606399999999933e-03
7.992255000000000000e+09	1.895417699999999957e-03	2.027143999999999821e-03
7.992260000000000000e+09	1.983203800000000062e-03	2.079591999999999899e-03
7.992265000000000000e+09	2.066115900000000186e-03	2.190355800000000006e-03
7.992270000000000000e+09	2.147650400000000216e-03	2.228374899999999853e-03
7.992275000000000000e+09	2.234719300000000131e-03	2.340153499999999935e-03
7.992280000000000000e+09	2.353438399999999934e-03	2.411974199999999957e-03
7.992285000000000000e+09	2.419423300000000075e-03	2.470422099999999930e-03
7.992290000000000000e+09	2.514064099999999916e-03	2.544096300000000133e-03
7.992295000000000000e+09	2.631408500000000181e-03	2.626827100000000016e-03
7.992300000000000000e+09	2.715869699999999901e-03	2.667450400000000166e-03
7.992305000000000000e+09	2.792039200000000134e-03	2.751628400000000023e-03
7.992310000000000000e+09	2.862140999999999904e-03	2.799124699999999862e-03
7.992315000000000000e+09	2.975724999999999811e-03	2.881078200000000093e-03
7.992320000000000000e+09	3.091976399999999889e-03	2.956447699999999873e-03
7.992325000000000000e+09	3.176663499999999880e-03	3.005039000000000148e-03
7.992330000000000000e+09	3.260062800000000042e-03	3.053273300000000114e-03
7.992335000000000000e+09	3.362331599999999858e-03	3.103603999999999825e-03
7.992340000000000000e+09	3.473804200000000109e-03	3.171806599999999875e-03
7.992345000000000000e+09	3.568948499999999909e-03	3.210296400000000206e-03
7.992350000000000000e+09	3.653819999999999898e-03	3.261222399999999955e-03
7.992355000000000000e+09	3.778993599999999793e-03	3.339557500000000113e-03
7.992360000000000000e+09	3.850337100000000151e-03	3.353060900000000028e-03
7.992365000000000000e+09	3.975898400000000416e-03	3.406137999999999961e-03
7.992370000000000000e+09	4.061519700000000219e-03	3.453073300000000182e-03
7.992375000000000000e+09	4.169366600000000075e-03	3.494783500000000175e-03
7.992380000000000000e+09	4.273615899999999579e-03	3.556856199999999801e-03
7.992385000000000000e+09	4.384798999999999988e-03	3.575127899999999866e-03
7.992390000000000000e+09	4.491832000000000290e-03	3.597373799999999903e-03
7.992395000000000000e+09	4.594829299999999596e-03	3.668438400000000130e-03
7.992400000000000000e+09	4.714161799999999972e-03	3.716075399999999810e-03
7.992405000000000000e+09	4.781112700000000361e-03	3.726032499999999952e-03
7.992410000000000000e+09	4.890555300000000091e-03	3.746977399999999996e-03
7.992415000000000000e+09	5.005221199999999870e-03	3.789017400000000129e-03
7.992420000000000000e+09	5.092474900000000353e-03	3.824056399999999859e-03
7.992425000000000000e+09	5.211222399999999866e-03	3.831983800000000016e-03
7.992430000000000000e+09	5.330589299999999829e-03	3.861200700000000201e-03
7.992435000000000000e+09	5.435785400000000406e-03	3.901066999999999816e-03
7.992440000000000000e+09	5.549482399999999815e-03	3.914795500000000164e-03
7.992445000000000000e+09	5.630626900000000427e-03	3.938222800000000176e-03
7.992450000000000000e+09	5.730719100000000038e-03	3.947731599999999667e-03
7.992455000000000000e+09	5.848221399999999938e-03	3.980215399999999758e-03
7.992460000000000000e+09	5.940477500000000168e-03	3.980988599999999746e-03
7.992465000000000000e+09	6.097408999999999815e-03	4.017558499999999803e-03
7.992470000000000000e+09	6.168118700000000017e-03	4.035279499999999860e-03
7.992475000000000000e+09	6.282061999999999716e-03	4.028244700000000074e-03
7.992480000000000000e+09	6.356179899999999869e-03	4.039283200000000351e-03
7.992485000000000000e+09	6.506306300000000431e-03	4.050538099999999829e-03
7.992490000000000000e+09	6.591599200000000137e-03	4.035803400000000270e-03
7.992495000000000000e+09	6.693885699999999918e-03	4.061972300000000168e-03
7.992500000000000000e+09	6.806823699999999845e-03	4.055610000000000291e-03
7.992505000000000000e+09	6.894719700000000347e-03	4.073188600000000360e-03
7.992510000000000000e+09	7.005914599999999576e-03	4.052572800000000218e-03
7.992515000000000000e+09	7.141601600000000230e-03	4.069305199999999692e-03
7.992520000000000000e+09	7.235692099999999766e-03	4.040215699999999584e-03
7.992525000000000000e+09	7.327479999999999931e-03	4.063788199999999670e-03
7.992530000000000000e+09	7.404474700000000104e-03	4.054596399999999858e-03
7.992535000000000000e+09	7.519932499999999742e-03	4.049431400000000174e-03
7.992540000000000000e+09	7.631200299999999978e-03	4.044113900000000095e-03
7.992545000000000000e+09	7.728759800000000249e-03	4.037874299999999993e-03
7.992550000000000000e+09	7.838368899999999945e-03	4.015432799999999608e-03
7.992555000000000000e+09	7.933383500000000185e-03	4.010940400000000301e-03
7.992560000000000000e+09	8.028367899999999668e-03	3.979623300000000377e-03
7.992565000000000000e+09	8.126578500000000357e-03	3.974056400000000253e-03
7.992570000000000000e+09	8.236260999999999929e-03	3.967802299999999976e-03
7.992575000000000000e+09	8.336493900000000248e-03	3.957578100000000258e-03
7.992580000000000000e+09	8.411921799999999561e-03	3.924320000000000239e-03
7.992585000000000000e+09	8.528615899999999680e-03	3.922829000000000073e-03
7.992590000000000000e+09	8.615603799999999729e-03	3.903095799999999928e-03
7.992595000000000000e+09	8.701307000000000139e-03	3.863523099999999818e-03
7.992600000000000000e+09	8.809174200000000413e-03	3.857742099999999976e-03
7.992605000000000000e+09	8.909433200000000524e-03	3.826516900000000165e-03
7.992610000000000000e+09	8.980445700000000767e-03	3.845188900000000125e-03
7.992615000000000000e+09	9.104150199999999291e-03	3.766464900000000057e-03
7.992620000000000000e+09	9.196232000000000364e-03	3.752029999999999949e-03
7.992625000000000000e+09	9.293846399999999841e-03	3.720940600000000043e-03
7.992630000000000000e+09	9.385345099999999399e-03	3.678842500000000047e-03
7.992635000000000000e+09	9.498771899999999477e-03	3.663541199999999828e-03
7.992640000000000000e+09	9.573776399999999256e-03	3.628947999999999896e-03
7.992645000000000000e+09	9.679798899999999748e-03	3.614836399999999880e-03
7.992650000000000000e+09	9.763753000000000015e-03	3.559241099999999915e-03
7.992655000000000000e+09	9.851563699999999618e-03	3.546421200000000190e-03
7.992660000000000000e+09	9.957334999999999450e-03	3.496934399999999856e-03
7.992665000000000000e+09	1.004466189999999974e-02	3.452839799999999921e-03
7.992670000000000000e+09	1.011419730000000065e-02	3.416020499999999818e-03
7.992675000000000000e+09	1.021657370000000030e-02	3.372448200000000181e-03
7.992680000000000000e+09	1.028315779999999964e-02	3.318289800000000147e-03
7.992685000000000000e+09	1.038834609999999929e-02	3.297845499999999940e-03
7.992690000000000000e+09	1.048135579999999976e-02	3.244115300000000209e-03
7.992695000000000000e+09	1.056522849999999916e-02	3.242147400000000047e-03
7.992700000000000000e+09	1.068143159999999925e-02	3.161409799999999846e-03
7.992705000000000000e+09	1.072909390000000018e-02	3.120201400000000101e-03
7.992710000000000000e+09	1.080956899999999977e-02	3.073828199999999872e-03
7.992715000000000000e+09	1.092284550000000021e-02	3.037742099999999994e-03
7.992720000000000000e+09	1.097491010000000052e-02	2.977288199999999878e-03
7.992725000000000000e+09	1.108761729999999980e-02	2.940730099999999941e-03
7.992730000000000000e+09	1.119458090000000072e-02	2.897147999999999998e-03
7.992735000000000000e+09	1.122383469999999918e-02	2.840465999999999824e-03
7.992740000000000000e+09	1.133030860000000008e-02	2.811403899999999952e-03
7.992745000000000000e+09	1.137831459999999982e-02	2.737871399999999931e-03
7.992750000000000000e+09	1.147746479999999999e-02	2.687970500000000200e-03
7.992755000000000000e+09	1.155267020000000019e-02	2.623052900000000156e-03
7.992760000000000000e+09	1.163024130000000003e-02	2.576885100000000147e-03
7.992765000000000000e+09	1.172644280000000039e-02	2.543442800000000198e-03
7.992770000000000000e+09	1.176871349999999983e-02	2.475126099999999836e-03
7.992775000000000000e+09	1.184726430000000025e-02	2.447150400000000069e-03
7.992780000000000000e+09	1.192720979999999965e-02	2.359322100000000103e-03
7.992785000000000000e+09	1.201021770000000079e-02	2.299804300000000013e-03
7.992790000000000000e+09	1.206002660000000080e-02	2.243002200000000085e-03
7.992795000000000000e+09	1.214729730000000014e-02	2.180793700000000120e-03
7.992800000000000000e+09	1.221695710000000011e-02	2.121313499999999842e-03
7.992805000000000000e+09	1.229286700000000072e-02	2.081275000000000052e-03
7.992810000000000000e+09	1.234744750000000071e-02	1.999238500000000140e-03
7.992815000000000000e+09	1.244016319999999981e-02	1.933734199999999955e-03
7.992820000000000000e+09	1.247705969999999935e-02	1.883707999999999997e-03
7.992825000000000000e+09	1.255343840000000023e-02	1.831296700000000074e-03
7.992830000000000000e+09	1.263577110000000010e-02	1.751787699999999897e-03
7.992835000000000000e+09	1.268912210000000020e-02	1.712474799999999910e-03
7.992840000000000000e+09	1.276027260000000066e-02	1.654248299999999975e-03
7.992845000000000000e+09	1.282959340000000038e-02	1.570679800000000011e-03
7.992850000000000000e+09	1.286938179999999946e-02	1.501792799999999897e-03
7.992855000000000000e+09	1.294216829999999922e-02	1.428189100000000098e-03
7.992860000000000000e+09	1.298380740000000012e-02	1.399662600000000073e-03
7.992865000000000000e+09	1.308196229999999960e-02	1.313374599999999953e-03
7.992870000000000000e+09	1.314250919999999934e-02	1.247000100000000096e-03
7.992875000000000000e+09	1.319923710000000042e-02	1.162908999999999948e-03
7.992880000000000000e+09	1.325984730000000049e-02	1.101177500000000012e-03
7.992885000000000000e+09	1.331723129999999936e-02	1.020820300000000076e-03
7.992890000000000000e+09	1.337461679999999917e-02	9.373359999999999852e-04
7.992895000000000000e+09	1.340645669999999956e-02	8.977780000000000092e-04
7.992900000000000000e+09	1.348142559999999934e-02	8.306153000000000364e-04
7.992905000000000000e+09	1.352838389999999960e-02	7.868044000000000253e-04
7.992910000000000000e+09	1.357643549999999928e-02	6.988507000000000139e-04
7.992915000000000000e+09	1.364199150000000062e-02	6.281302000000000326e-04
7.992920000000000000e+09	1.369081429999999960e-02	5.680273000000000223e-04
7.992925000000000000e+09	1.373447380000000079e-02	4.776631000000000041e-04
7.992930000000000000e+09	1.379316660000000014e-02	4.204675999999999856e-04
7.992935000000000000e+09	1.383891590000000012e-02	3.355922000000000223e-04
7.992940000000000000e+09	1.390576110000000046e-02	2.721498999999999945e-04
7.992945000000000000e+09	1.394045640000000051e-02	1.841210999999999879e-04
7.992950000000000000e+09	1.399093220000000026e-02	1.241864000000000075e-04
7.992955000000000000e+09	1.403930490000000059e-02	3.985219999999999767e-05
7.992960000000000000e+09	1.410764660000000080e-02	-2.877539999999999897e-05
7.992965000000000000e+09	1.416043839999999929e-02	-9.597000000000000441e-05
7.992970000000000000e+09	1.418903749999999957e-02	-1.743768999999999940e-04
7.992975000000000000e+09	1.422953069999999959e-02	-2.444169999999999741e-04
7.992980000000000000e+09	1.425962740000000055e-02	-3.362967999999999817e-04
7.992985000000000000e+09	1.430210929999999915e-02	-3.997728000000000089e-04
7.992990000000000000e+09	1.435284149999999960e-02	-4.725285999999999874e-04
7.992995000000000000e+09	1.441692039999999987e-02	-5.525919999999999704e-04
7.993000000000000000e+09	1.444249849999999953e-02	-6.447544000000000148e-04
7.993005000000000000e+09	1.449372730000000019e-02	-7.072616999999999576e-04
7.993010000000000000e+09	1.452255080000000066e-02	-8.161772999999999554e-04
7.993015000000000000e+09	1.456382940000000049e-02	-8.679949999999999862e-04
7.993020000000000000e+09	1.462349049999999914e-02	-9.454103999999999633e-04
7.993025000000000000e+09	1.464715590000000012e-02	-1.021881400000000011e-03
7.993030000000000000e+09	1.466687629999999937e-02	-1.120403999999999975e-03
7.993035000000000000e+09	1.469394150000000003e-02	-1.182791600000000082e-03
7.993040000000000000e+09	1.473314470000000077e-02	-1.248604099999999981e-03
7.993045000000000000e+09	1.478835470000000075e-02	-1.340573299999999954e-03
7.993050000000000000e+09	1.480561719999999928e-02	-1.404549800000000001e-03
7.993055000000000000e+09	1.487121329999999998e-02	-1.503572199999999963e-03
7.993060000000000000e+09	1.488076789999999948e-02	-1.574582699999999957e-03
7.993065000000000000e+09	1.490761569999999973e-02	-1.657920499999999964e-03
7.993070000000000000e+09	1.492808519999999986e-02	-1.749724600000000015e-03
7.993075000000000000e+09	1.496792670000000013e-02	-1.797306899999999907e-03
7.993080000000000000e+09	1.498348000000000041e-02	-1.906256399999999972e-03
7.993085000000000000e+09	1.501994440000000049e-02	-1.954157299999999872e-03
7.993090000000000000e+09	1.504699529999999931e-02	-2.043574399999999961e-03
7.993095000000000000e+09	1.508330939999999974e-02	-2.117594799999999826e-03
7.993100000000000000e+09	1.510153959999999997e-02	-2.212172200000000165e-03
7.993105000000000000e+09	1.514288159999999973e-02	-2.316213299999999795e-03
7.993110000000000000e+09	1.517384880000000047e-02	-2.388904800000000127e-03
7.993115000000000000e+09	1.517749409999999931e-02	-2.461772300000000194e-03
7.993120000000000000e+09	1.521950950000000059e-02	-2.526920099999999808e-03
7.993125000000000000e+09	1.523966310000000011e-02	-2.609733700000000170e-03
7.993130000000000000e+09	1.525999270000000067e-02	-2.681642200000000208e-03
7.993135000000000000e+09	1.529187339999999937e-02	-2.792656399999999834e-03
7.993140000000000000e+09	1.531772519999999999e-02	-2.878823999999999880e-03
7.993145000000000000e+09	1.531928370000000018e-02	-2.934103600000000176e-03
7.993150000000000000e+09	1.533293039999999996e-02	-2.995550899999999909e-03
7.993155000000000000e+09	1.534239180000000063e-02	-3.093816899999999974e-03
7.993160000000000000e+09	1.536102259999999955e-02	-3.184041900000000175e-03
7.993165000000000000e+09	1.540275110000000058e-02	-3.259540300000000109e-03
7.993170000000000000e+09	1.539954080000000003e-02	-3.358320900000000015e-03
7.993175000000000000e+09	1.543327499999999977e-02	-3.401223799999999933e-03
7.993180000000000000e+09	1.544566149999999916e-02	-3.492789799999999889e-03
7.993185000000000000e+09	1.543720049999999962e-02	-3.580990200000000109e-03
7.993190000000000000e+09	1.548928509999999981e-02	-3.678337700000000078e-03
7.993195000000000000e+09	1.550272639999999980e-02	-3.755318699999999916e-03
7.993200000000000000e+09	1.549234820000000047e-02	-3.820709800000000097e-03
7.993205000000000000e+09	1.552472860000000086e-02	-3.895964300000000127e-03
7.993210000000000000e+09	1.552291060000000021e-02	-4.001667199999999619e-03
7.993215000000000000e+09	1.556191940000000058e-02	-4.070818099999999953e-03
7.993220000000000000e+09	1.554256790000000006e-02	-4.177361200000000163e-03
7.993225000000000000e+09	1.557834169999999969e-02	-4.250592299999999754e-03
7.993230000000000000e+09	1.554724910000000043e-02	-4.317617099999999757e-03
7.993235000000000000e+09	1.558870029999999927e-02	-4.400932300000000297e-03
7.993240000000000000e+09	1.557991700000000042e-02	-4.477059900000000120e-03
7.993245000000000000e+09	1.559892750000000002e-02	-4.565291099999999568e-03
7.993250000000000000e+09	1.561359369999999920e-02	-4.644014900000000001e-03
7.993255000000000000e+09	1.561837330000000017e-02	-4.730156000000000117e-03
7.993260000000000000e+09	1.561503470000000053e-02	-4.830985299999999982e-03
7.993265000000000000e+09	1.562634749999999850e-02	-4.898904499999999669e-03
7.993270000000000000e+09	1.562088309999999994e-02	-4.964193100000000025e-03
7.993275000000000000e+09	1.562989210000000073e-02	-5.060857200000000271e-03
7.993280000000000000e+09	1.561347700000000061e-02	-5.135913300000000299e-03
7.993285000000000000e+09	1.561452439999999955e-02	-5.221485599999999873e-03
7.993290000000000000e+09	1.562016909999999932e-02	-5.286581900000000139e-03
7.993295000000000000e+09	1.565844309999999892e-02	-5.351723600000000275e-03
7.993300000000000000e+09	1.564777029999999888e-02	-5.432974800000000409e-03
7.993305000000000000e+09	1.565257200000000001e-02	-5.533264399999999680e-03
7.993310000000000000e+09	1.564614890000000022e-02	-5.636980100000000236e-03
7.993315000000000000e+09	1.565697879999999875e-02	-5.689898599999999862e-03
7.993320000000000000e+09	1.564758689999999966e-02	-5.751015200000000015e-03
7.993325000000000000e+09	1.564281039999999845e-02	-5.831301799999999945e-03
7.993330000000000000e+09	1.564055729999999991e-02	-5.927279500000000312e-03
7.993335000000000000e+09	1.564739780000000066e-02	-6.017172900000000192e-03
7.993340000000000000e+09	1.564067840000000001e-02	-6.091005499999999767e-03
7.993345000000000000e+09	1.562568090000000104e-02	-6.167609099999999712e-03
7.993350000000000000e+09	1.563384480000000118e-02	-6.249518299999999582e-03
7.993355000000000000e+09	1.562699329999999928e-02	-6.330726499999999798e-03
7.993360000000000000e+09	1.561132240000000053e-02	-6.416466299999999678e-03
7.993365000000000000e+09	1.560941589999999962e-02	-6.500010599999999847e-03
7.993370000000000000e+09	1.559558999999999945e-02	-6.566462599999999677e-03
7.993375000000000000e+09	1.561717550000000024e-02	-6.646004399999999764e-03
7.993380000000000000e+09	1.558836209999999931e-02	-6.730385900000000060e-03
7.993385000000000000e+09	1.558390370000000032e-02	-6.782649400000000106e-03
7.993390000000000000e+09	1.555317519999999988e-02	-6.864285500000000088e-03
7.993395000000000000e+09	1.557272999999999991e-02	-6.954505399999999851e-03
7.993400000000000000e+09	1.555974469999999929e-02	-7.029860500000000359e-03
7.993405000000000000e+09	1.555153639999999962e-02	-7.087022800000000386e-03
7.993410000000000000e+09	1.553683909999999981e-02	-7.172967599999999916e-03
7.993415000000000000e+09	1.552898569999999930e-02	-7.254040599999999998e-03
7.993420000000000000e+09	1.549929539999999988e-02	-7.334789900000000286e-03
7.993425000000000000e+09	1.549339110000000005e-02	-7.405754999999999977e-03
7.993430000000000000e+09	1.546204479999999971e-02	-7.481658999999999879e-03
7.993435000000000000e+09	1.546757080000000020e-02	-7.568607800000000038e-03
7.993440000000000000e+09	1.547087309999999917e-02	-7.629573399999999873e-03
7.993445000000000000e+09	1.544875409999999991e-02	-7.723895399999999856e-03
7.993450000000000000e+09	1.544671199999999960e-02	-7.794276900000000029e-03
7.993455000000000000e+09	1.543290699999999918e-02	-7.867576799999999662e-03
7.993460000000000000e+09	1.538148349999999935e-02	-7.915489399999999648e-03
7.993465000000000000e+09	1.539513799999999918e-02	-8.012348000000000733e-03
7.993470000000000000e+09	1.536404180000000043e-02	-8.126419299999999846e-03
7.993475000000000000e+09	1.536494289999999936e-02	-8.156699599999999231e-03
7.993480000000000000e+09	1.531957310000000086e-02	-8.231451399999999141e-03
7.993485000000000000e+09	1.533088340000000015e-02	-8.310875299999999355e-03
7.993490000000000000e+09	1.531375779999999930e-02	-8.382886500000000587e-03
7.993495000000000000e+09	1.529734590000000026e-02	-8.475749499999999173e-03
7.993500000000000000e+09	1.527359269999999970e-02	-8.526560100000000336e-03
7.993505000000000000e+09	1.523835379999999989e-02	-8.637678299999999865e-03
7.993510000000000000e+09	1.523008430000000017e-02	-8.690240300000000653e-03
7.993515000000000000e+09	1.521201949999999997e-02	-8.747140900000000344e-03
7.993520000000000000e+09	1.519886720000000052e-02	-8.828687800000000266e-03
7.993525000000000000e+09	1.517619840000000025e-02	-8.890892100000000534e-03
7.993530000000000000e+09	1.513216140000000001e-02	-8.961108699999999552e-03
7.993535000000000000e+09	1.514495390000000080e-02	-9.049034100000000538e-03
7.993540000000000000e+09	1.510244240000000078e-02	-9.118746000000000490e-03
7.993545000000000000e+09	1.508686809999999941e-02	-9.184858599999999942e-03
7.993550000000000000e+09	1.506802980000000042e-02	-9.259526900000000435e-03
7.993555000000000000e+09	1.503673200000000057e-02	-9.334404600000000343e-03
7.993560000000000000e+09	1.501651820000000047e-02	-9.414263500000000576e-03
7.993565000000000000e+09	1.497137240000000029e-02	-9.480525999999999537e-03
7.993570000000000000e+09	1.496951579999999948e-02	-9.550208799999999540e-03
7.993575000000000000e+09	1.494535540000000058e-02	-9.586419800000000810e-03
7.993580000000000000e+09	1.491305599999999919e-02	-9.689944000000000682e-03
7.993585000000000000e+09	1.492403469999999989e-02	-9.752531700000000719e-03
7.993590000000000000e+09	1.487623970000000011e-02	-9.829874299999999399e-03
7.993595000000000000e+09	1.481608369999999966e-02	-9.879710700000000553e-03
7.993600000000000000e+09	1.480291320000000008e-02	-9.952008700000000707e-03
7.993605000000000000e+09	1.479190950000000039e-02	-1.001915310000000073e-02
7.993610000000000000e+09	1.475551569999999924e-02	-1.009680639999999997e-02
7.993615000000000000e+09	1.472616990000000063e-02	-1.015074250000000053e-02
7.993620000000000000e+09	1.470662330000000080e-02	-1.023909830000000083e-02
7.993625000000000000e+09	1.468947609999999952e-02	-1.031586429999999978e-02
7.993630000000000000e+09	1.464741900000000006e-02	-1.035465999999999991e-02
7.993635000000000000e+09	1.461407009999999944e-02	-1.042528040000000045e-02
7.993640000000000000e+09	1.458428240000000063e-02	-1.050127000000000005e-02
7.993645000000000000e+09	1.455252660000000073e-02	-1.059041800000000075e-02
7.993650000000000000e+09	1.453862510000000080e-02	-1.064423519999999936e-02
7.993655000000000000e+09	1.448944259999999928e-02	-1.070426380000000059e-02
7.993660000000000000e+09	1.449000930000000041e-02	-1.075972809999999925e-02
7.993665000000000000e+09	1.443927969999999998e-02	-1.084134349999999955e-02
7.993670000000000000e+09	1.439368700000000049e-02	-1.090714180000000068e-02
7.993675000000000000e+09	1.437268600000000084e-02	-1.096402619999999918e-02
7.993680000000000000e+09	1.437825770000000086e-02	-1.103242509999999982e-02
7.993685000000000000e+09	1.431914859999999963e-02	-1.107517300000000066e-02
7.993690000000000000e+09	1.429288329999999982e-02	-1.113028219999999922e-02
7.993695000000000000e+09	1.425752440000000072e-02	-1.122627690000000018e-02
7.993700000000000000e+09	1.419776940000000084e-02	-1.129304740000000064e-02
7.993705000000000000e+09	1.418285279999999954e-02	-1.135244870000000003e-02
7.993710000000000000e+09	1.416031570000000038e-02	-1.139838420000000019e-02
7.993715000000000000e+09	1.412408149999999987e-02	-1.147252850000000067e-02
7.993720000000000000e+09	1.406854010000000051e-02	-1.153621569999999964e-02
7.993725000000000000e+09	1.404132590000000021e-02	-1.158679380000000002e-02
7.993730000000000000e+09	1.400965759999999935e-02	-1.167651819999999951e-02
7.993735000000000000e+09	1.396734399999999959e-02	-1.172584620000000077e-02
7.993740000000000000e+09	1.394821450000000018e-02	-1.177007379999999923e-02
7.993745000000000000e+09	1.389979120000000082e-02	-1.184301410000000027e-02
7.993750000000000000e+09	1.386683879999999966e-02	-1.190965719999999978e-02
7.993755000000000000e+09	1.381235249999999970e-02	-1.196683320000000057e-02
7.993760000000000000e+09	1.379046299999999933e-02	-1.203905339999999935e-02
7.993765000000000000e+09	1.376301289999999969e-02	-1.208464419999999949e-02
7.993770000000000000e+09	1.373196599999999996e-02	-1.214497640000000017e-02
7.993775000000000000e+09	1.369726670000000028e-02	-1.222600540000000000e-02
7.993780000000000000e+09	1.366404119999999923e-02	-1.224139720000000028e-02
7.993785000000000000e+09	1.361297120000000069e-02	-1.234120650000000013e-02
7.993790000000000000e+09	1.358149590000000059e-02	-1.239432589999999931e-02
7.993795000000000000e+09	1.352332900000000060e-02	-1.243051149999999973e-02
7.993800000000000000e+09	1.349166660000000045e-02	-1.249047780000000010e-02
7.993805000000000000e+09	1.347169600000000002e-02	-1.256590030000000018e-02
7.993810000000000000e+09	1.342277140000000014e-02	-1.260155859999999989e-02
7.993815000000000000e+09	1.336508330000000036e-02	-1.267411799999999984e-02
7.993820000000000000e+09	1.333205020000000074e-02	-1.272969610000000001e-02
7.993825000000000000e+09	1.329953849999999937e-02	-1.278510390000000066e-02
7.993830000000000000e+09	1.328268259999999985e-02	-1.283760410000000032e-02
7.993835000000000000e+09	1.321394080000000068e-02	-1.289487790000000064e-02
7.993840000000000000e+09	1.320466279999999923e-02	-1.296067230000000001e-02
7.993845000000000000e+09	1.315936730000000048e-02	-1.302367230000000056e-02
7.993850000000000000e+09	1.310943470000000034e-02	-1.305918109999999917e-02
7.993855000000000000e+09	1.306042980000000041e-02	-1.311600580000000030e-02
7.993860000000000000e+09	1.301767579999999966e-02	-1.315880980000000075e-02
7.993865000000000000e+09	1.297962289999999956e-02	-1.324332949999999960e-02
7.993870000000000000e+09	1.292669840000000049e-02	-1.330536340000000074e-02
7.993875000000000000e+09	1.291616129999999946e-02	-1.333026309999999978e-02
7.993880000000000000e+09	1.286664090000000024e-02	-1.339927900000000005e-02
7.993885000000000000e+09	1.279213260000000053e-02	-1.345005009999999945e-02
7.993890000000000000e+09	1.276917969999999923e-02	-1.349658580000000045e-02
7.993895000000000000e+09	1.274282940000000079e-02	-1.356316980000000019e-02
7.993900000000000000e+09	1.266124819999999915e-02	-1.359419450000000015e-02
7.993905000000000000e+09	1.263864750000000085e-02	-1.367008039999999952e-02
7.993910000000000000e+09	1.261071379999999936e-02	-1.370810339999999940e-02
7.993915000000000000e+09	1.256708490000000081e-02	-1.376697139999999951e-02
7.993920000000000000e+09	1.250761180000000035e-02	-1.381683939999999930e-02
7.993925000000000000e+09	1.248355800000000050e-02	-1.386133460000000053e-02
7.993930000000000000e+09	1.242511970000000077e-02	-1.391111710000000022e-02
7.993935000000000000e+09	1.236773929999999966e-02	-1.396268080000000016e-02
7.993940000000000000e+09	1.235013280000000005e-02	-1.402190480000000024e-02
7.993945000000000000e+09	1.230331999999999953e-02	-1.408162869999999949e-02
7.993950000000000000e+09	1.225287679999999962e-02	-1.411065119999999930e-02
7.993955000000000000e+09	1.220688330000000051e-02	-1.417479399999999924e-02
7.993960000000000000e+09	1.214825169999999947e-02	-1.422955170000000068e-02
7.993965000000000000e+09	1.212067309999999981e-02	-1.427645119999999997e-02
7.993970000000000000e+09	1.206044730000000072e-02	-1.430150799999999923e-02
7.993975000000000000e+09	1.203282230000000085e-02	-1.435067859999999973e-02
7.993980000000000000e+09	1.196788680000000077e-02	-1.440268980000000004e-02
7.993985000000000000e+09	1.192273089999999931e-02	-1.443369939999999962e-02
7.993990000000000000e+09	1.186931840000000037e-02	-1.451186890000000056e-02
7.993995000000000000e+09	1.185022120000000026e-02	-1.453517690000000022e-02
7.994000000000000000e+09	1.179990730000000064e-02	-1.459879780000000044e-02
7.994005000000000000e+09	1.176820899999999996e-02	-1.465431480000000015e-02
7.994010000000000000e+09	1.170320650000000046e-02	-1.468865010000000061e-02
7.994015000000000000e+09	1.167650450000000048e-02	-1.472059669999999966e-02
7.994020000000000000e+09	1.160480650000000023e-02	-1.478588190000000059e-02
7.994025000000000000e+09	1.156264029999999957e-02	-1.483157920000000018e-02
7.994030000000000000e+09	1.152932270000000051e-02	-1.487087720000000030e-02
7.994035000000000000e+09	1.147961540000000044e-02	-1.490993439999999982e-02
7.994040000000000000e+09	1.141342379999999920e-02	-1.496888539999999962e-02
7.994045000000000000e+09	1.138187830000000032e-02	-1.498600069999999999e-02
7.994050000000000000e+09	1.132842820000000070e-02	-1.507455199999999974e-02
7.994055000000000000e+09	1.128810239999999965e-02	-1.510005849999999927e-02
7.994060000000000000e+09	1.124024340000000059e-02	-1.513238490000000033e-02
7.994065000000000000e+09	1.118883080000000058e-02	-1.518728459999999988e-02
7.994070000000000000e+09	1.114360619999999955e-02	-1.523081010000000048e-02
7.994075000000000000e+09	1.108318099999999924e-02	-1.527675939999999927e-02
7.994080000000000000e+09	1.105401030000000007e-02	-1.529439340000000001e-02
7.994085000000000000e+09	1.100629829999999997e-02	-1.536311970000000041e-02
7.994090000000000000e+09	1.094002080000000023e-02	-1.539386180000000028e-02
7.994095000000000000e+09	1.090688520000000078e-02	-1.541294950000000018e-02
7.994100000000000000e+09	1.086064760000000039e-02	-1.547336099999999971e-02
7.994105000000000000e+09	1.079382369999999994e-02	-1.554507720000000009e-02
7.994110000000000000e+09	1.076661620000000062e-02	-1.555969999999999923e-02
7.994115000000000000e+09	1.070824410000000004e-02	-1.560203070000000004e-02
7.994120000000000000e+09	1.064001959999999990e-02	-1.564924120000000043e-02
7.994125000000000000e+09	1.060844340000000052e-02	-1.568181080000000116e-02
7.994130000000000000e+09	1.055861680000000011e-02	-1.573184769999999913e-02
7.994135000000000000e+09	1.050986779999999940e-02	-1.574608330000000153e-02
7.994140000000000000e+09	1.045672450000000031e-02	-1.580443720000000024e-02
7.994145000000000000e+09	1.041108829999999943e-02	-1.584870349999999845e-02
7.994150000000000000e+09	1.038308590000000010e-02	-1.589960840000000097e-02
7.994155000000000000e+09	1.032363470000000061e-02	-1.593221610000000038e-02
7.994160000000000000e+09	1.026111239999999945e-02	-1.594990879999999903e-02
7.994165000000000000e+09	1.020811039999999954e-02	-1.600743209999999986e-02
7.994170000000000000e+09	1.015570250000000056e-02	-1.602244820000000083e-02
7.994175000000000000e+09	1.009875550000000066e-02	-1.606198660000000139e-02
7.994180000000000000e+09	1.005880290000000024e-02	-1.611236450000000028e-02
7.994185000000000000e+09	1.001226319999999961e-02	-1.614077729999999905e-02
7.994190000000000000e+09	9.945937599999999518e-03	-1.618309639999999938e-02
7.994195000000000000e+09	9.913085500000000036e-03	-1.621818259999999873e-02
7.994200000000000000e+09	9.881195100000000203e-03	-1.625887919999999959e-02
7.994205000000000000e+09	9.817791299999999860e-03	-1.630437750000000158e-02
7.994210000000000000e+09	9.760747900000000046e-03	-1.633581660000000060e-02
7.994215000000000000e+09	9.707674700000000143e-03	-1.636367749999999982e-02
7.994220000000000000e+09	9.652664499999999773e-03	-1.639836609999999889e-02
7.994225000000000000e+09	9.610545599999999189e-03	-1.644372900000000068e-02
7.994230000000000000e+09	9.556434299999999604e-03	-1.648308219999999880e-02
7.994235000000000000e+09	9.514507599999999510e-03	-1.649870989999999843e-02
7.994240000000000000e+09	9.464225200000000657e-03	-1.655380130000000047e-02
7.994245000000000000e+09	9.411646399999999343e-03	-1.656163050000000053e-02
7.994250000000000000e+09	9.380029999999999271e-03	-1.657394059999999988e-02
7.994255000000000000e+09	9.308072299999999369e-03	-1.662500410000000012e-02
7.994260000000000000e+09	9.255213499999999718e-03	-1.665906769999999856e-02
7.994265000000000000e+09	9.213877000000000525e-03	-1.670825470000000118e-02
7.994270000000000000e+09	9.148610399999999865e-03	-1.673348969999999963e-02
7.994275000000000000e+09	9.106075800000000206e-03	-1.676854900000000065e-02
7.994280000000000000e+09	9.056500099999999914e-03	-1.680172350000000078e-02
7.994285000000000000e+09	9.008441900000000585e-03	-1.681451189999999887e-02
7.994290000000000000e+09	8.947707399999999325e-03	-1.686009340000000148e-02
7.994295000000000000e+09	8.890460600000000407e-03	-1.688735540000000160e-02
7.994300000000000000e+09	8.830903500000000794e-03	-1.693400869999999933e-02
7.994305000000000000e+09	8.794195200000000379e-03	-1.695804940000000122e-02
7.994310000000000000e+09	8.736709400000000625e-03	-1.700359729999999930e-02
7.994315000000000000e+09	8.692850599999999567e-03	-1.699495170000000013e-02
7.994320000000000000e+09	8.643255799999999267e-03	-1.705783110000000033e-02
7.994325000000000000e+09	8.604118600000000214e-03	-1.706894819999999965e-02
7.994330000000000000e+09	8.542005499999999821e-03	-1.710256289999999985e-02
7.994335000000000000e+09	8.487909199999999280e-03	-1.711958900000000103e-02
7.994340000000000000e+09	8.444438800000000564e-03	-1.718354929999999989e-02
7.994345000000000000e+09	8.392402599999999532e-03	-1.719735270000000149e-02
7.994350000000000000e+09	8.316794699999999554e-03	-1.721115469999999828e-02
7.994355000000000000e+09	8.300808399999999934e-03	-1.725623550000000145e-02
7.994360000000000000e+09	8.215873500000000010e-03	-1.727538110000000071e-02
7.994365000000000000e+09	8.172349900000000500e-03	-1.730440230000000051e-02
7.994370000000000000e+09	8.132948200000000155e-03	-1.734751829999999981e-02
7.994375000000000000e+09	8.081340100000000692e-03	-1.737578269999999828e-02
7.994380000000000000e+09	8.005264899999999656e-03	-1.740809399999999896e-02
7.994385000000000000e+09	7.976035899999999249e-03	-1.742848279999999889e-02
7.994390000000000000e+09	7.918298699999999635e-03	-1.741355689999999831e-02
7.994395000000000000e+09	7.875035199999999916e-03	-1.746207639999999839e-02
7.994400000000000000e+09	7.825201800000000651e-03	-1.750317480000000009e-02
7.994405000000000000e+09	7.775464900000000033e-03	-1.751960400000000112e-02
7.994410000000000000e+09	7.710264399999999796e-03	-1.754020790000000024e-02
7.994415000000000000e+09	7.653116399999999875e-03	-1.758917750000000071e-02
7.994420000000000000e+09	7.621679099999999728e-03	-1.760865650000000004e-02
7.994425000000000000e+09	7.559913700000000375e-03	-1.763951529999999851e-02
7.994430000000000000e+09	7.486305300000000058e-03	-1.765603719999999863e-02
7.994435000000000000e+09	7.448728699999999751e-03	-1.769421590000000086e-02
7.994440000000000000e+09	7.361958099999999644e-03	-1.770990880000000017e-02
7.994445000000000000e+09	7.332880699999999759e-03	-1.772960739999999979e-02
7.994450000000000000e+09	7.286756600000000340e-03	-1.775532299999999994e-02
7.994455000000000000e+09	7.217282799999999617e-03	-1.778848369999999970e-02
7.994460000000000000e+09	7.182862800000000200e-03	-1.782106079999999995e-02
7.994465000000000000e+09	7.125328900000000090e-03	-1.782172359999999872e-02
7.994470000000000000e+09	7.074819000000000420e-03	-1.783526930000000135e-02
7.994475000000000000e+09	7.016246799999999693e-03	-1.787992999999999874e-02
7.994480000000000000e+09	6.976153300000000231e-03	-1.791747739999999950e-02
7.994485000000000000e+09	6.916770400000000173e-03	-1.792096589999999864e-02
7.994490000000000000e+09	6.870376400000000224e-03	-1.794245300000000057e-02
7.994495000000000000e+09	6.806213099999999794e-03	-1.795606740000000104e-02
7.994500000000000000e+09	6.752371000000000067e-03	-1.799652640000000067e-02
7.994505000000000000e+09	6.700379999999999704e-03	-1.804047409999999865e-02
7.994510000000000000e+09	6.648051700000000112e-03	-1.802141219999999974e-02
7.994515000000000000e+09	6.629688899999999774e-03	-1.807673070000000159e-02
7.994520000000000000e+09	6.524336099999999972e-03	-1.807593249999999915e-02
7.994525000000000000e+09	6.512599800000000265e-03	-1.809517039999999910e-02
7.994530000000000000e+09	6.464836199999999915e-03	-1.810788899999999854e-02
7.994535000000000000e+09	6.403414399999999770e-03	-1.814945700000000078e-02
7.994540000000000000e+09	6.341589299999999575e-03	-1.817094849999999900e-02
7.994545000000000000e+09	6.268288500000000069e-03	-1.818809689999999896e-02
7.994550000000000000e+09	6.229150299999999807e-03	-1.819784160000000039e-02
7.994555000000000000e+09	6.186153399999999927e-03	-1.820059859999999946e-02
7.994560000000000000e+09	6.124247799999999603e-03	-1.822338080000000110e-02
7.994565000000000000e+09	6.071530500000000066e-03	-1.826938239999999908e-02
7.994570000000000000e+09	6.032492100000000010e-03	-1.828126840000000169e-02
7.994575000000000000e+09	5.974007499999999665e-03	-1.829227389999999939e-02
7.994580000000000000e+09	5.931310199999999602e-03	-1.830478810000000026e-02
7.994585000000000000e+09	5.885081300000000008e-03	-1.833100760000000093e-02
7.994590000000000000e+09	5.824277699999999905e-03	-1.835579849999999930e-02
7.994595000000000000e+09	5.737238700000000212e-03	-1.836746549999999922e-02
7.994600000000000000e+09	5.693686699999999691e-03	-1.838400189999999865e-02
7.994605000000000000e+09	5.643534900000000271e-03	-1.839227560000000067e-02
7.994610000000000000e+09	5.590425700000000234e-03	-1.841309179999999976e-02
7.994615000000000000e+09	5.540655799999999638e-03	-1.843329020000000068e-02
7.994620000000000000e+09	5.479368699999999891e-03	-1.845348949999999974e-02
7.994625000000000000e+09	5.446201399999999609e-03	-1.847336969999999884e-02
7.994630000000000000e+09	5.400908999999999745e-03	-1.849914420000000129e-02
7.994635000000000000e+09	5.342357499999999572e-03	-1.853333940000000124e-02
7.994640000000000000e+09	5.294471900000000120e-03	-1.855030740000000039e-02
7.994645000000000000e+09	5.235638800000000197e-03	-1.854456900000000033e-02
7.994650000000000000e+09	5.178441899999999647e-03	-1.855294529999999831e-02
