Freq	I	Q
7.476600000000000000e+09	1.594518060000000084e-02	4.540021699999999792e-03
7.476630000000000000e+09	1.605196910000000060e-02	4.200095000000000044e-03
7.476660000000000000e+09	1.614020689999999883e-02	3.904317599999999801e-03
7.476690000000000000e+09	1.621044509999999828e-02	3.667509199999999855e-03
7.476720000000000000e+09	1.626229090000000030e-02	3.466103400000000029e-03
7.476750000000000000e+09	1.630166090000000068e-02	3.220647399999999796e-03
7.476780000000000000e+09	1.634550879999999845e-02	3.056886500000000149e-03
7.476810000000000000e+09	1.638909770000000071e-02	2.842115699999999898e-03
7.476840000000000000e+09	1.643218109999999843e-02	2.582763499999999809e-03
7.476870000000000000e+09	1.644868299999999867e-02	2.400419200000000058e-03
7.476900000000000000e+09	1.646773909999999994e-02	2.192383300000000108e-03
7.476930000000000000e+09	1.649684530000000010e-02	2.011858000000000049e-03
7.476960000000000000e+09	1.651741249999999842e-02	1.820782099999999990e-03
7.476990000000000000e+09	1.652957680000000096e-02	1.628188999999999938e-03
7.477020000000000000e+09	1.652880439999999951e-02	1.450448100000000049e-03
7.477050000000000000e+09	1.656878640000000041e-02	1.244789800000000108e-03
7.477080000000000000e+09	1.657068230000000031e-02	1.051327899999999994e-03
7.477110000000000000e+09	1.660284039999999905e-02	8.672042999999999939e-04
7.477140000000000000e+09	1.657566599999999932e-02	6.776198000000000204e-04
7.477170000000000000e+09	1.658360060000000150e-02	4.935995000000000096e-04
7.477200000000000000e+09	1.658849680000000146e-02	2.908214000000000003e-04
7.477230000000000000e+09	1.658974820000000058e-02	1.019857999999999952e-04
7.477260000000000000e+09	1.658286020000000055e-02	-1.064371999999999980e-04
7.477290000000000000e+09	1.656749470000000099e-02	-2.863370999999999863e-04
7.477320000000000000e+09	1.655332550000000041e-02	-4.693450000000000269e-04
7.477350000000000000e+09	1.657206799999999883e-02	-6.331487999999999916e-04
7.477380000000000000e+09	1.654983620000000100e-02	-8.219533999999999695e-04
7.477410000000000000e+09	1.654029460000000160e-02	-1.006049099999999996e-03
7.477440000000000000e+09	1.652730079999999852e-02	-1.208905699999999941e-03
7.477470000000000000e+09	1.651142720000000133e-02	-1.398393599999999933e-03
7.477500000000000000e+09	1.647733700000000162e-02	-1.580345500000000097e-03
7.477530000000000000e+09	1.645947660000000173e-02	-1.769929400000000083e-03
7.477560000000000000e+09	1.643873150000000130e-02	-1.956267600000000020e-03
7.477590000000000000e+09	1.641750089999999968e-02	-2.164997300000000204e-03
7.477620000000000000e+09	1.638777610000000107e-02	-2.333700800000000023e-03
7.477650000000000000e+09	1.634001850000000103e-02	-2.539503600000000017e-03
7.477680000000000000e+09	1.632264339999999966e-02	-2.734815700000000054e-03
7.477710000000000000e+09	1.626931889999999950e-02	-2.889014400000000215e-03
7.477740000000000000e+09	1.625066910000000017e-02	-3.100499100000000084e-03
7.477770000000000000e+09	1.621365389999999962e-02	-3.278827099999999817e-03
7.477800000000000000e+09	1.616129750000000129e-02	-3.448984999999999898e-03
7.477830000000000000e+09	1.612909270000000006e-02	-3.641865000000000206e-03
7.477860000000000000e+09	1.608110299999999937e-02	-3.851587100000000100e-03
7.477890000000000000e+09	1.603543249999999851e-02	-4.022857200000000411e-03
7.477920000000000000e+09	1.597609250000000050e-02	-4.185651099999999902e-03
7.477950000000000000e+09	1.592776519999999918e-02	-4.365030699999999583e-03
7.477980000000000000e+09	1.585843619999999926e-02	-4.565950499999999780e-03
7.478010000000000000e+09	1.582515879999999917e-02	-4.745800500000000276e-03
7.478040000000000000e+09	1.575777440000000057e-02	-4.915387999999999702e-03
7.478070000000000000e+09	1.570707920000000146e-02	-5.097906000000000139e-03
7.478100000000000000e+09	1.563047970000000161e-02	-5.267807799999999624e-03
7.478130000000000000e+09	1.555941159999999976e-02	-5.452322600000000102e-03
7.478160000000000000e+09	1.549948169999999965e-02	-5.631754400000000237e-03
7.478190000000000000e+09	1.542659769999999916e-02	-5.828520900000000102e-03
7.478220000000000000e+09	1.537069429999999952e-02	-5.967989299999999601e-03
7.478250000000000000e+09	1.527958270000000056e-02	-6.149970799999999668e-03
7.478280000000000000e+09	1.521984680000000069e-02	-6.328059599999999799e-03
7.478310000000000000e+09	1.512646190000000064e-02	-6.490602699999999635e-03
7.478340000000000000e+09	1.504057699999999942e-02	-6.656426800000000282e-03
7.478370000000000000e+09	1.497805689999999988e-02	-6.864646599999999627e-03
7.478400000000000000e+09	1.488471660000000030e-02	-7.006814099999999698e-03
7.478430000000000000e+09	1.482792450000000074e-02	-7.185601100000000262e-03
7.478460000000000000e+09	1.471550869999999935e-02	-7.353969699999999936e-03
7.478490000000000000e+09	1.463170630000000007e-02	-7.514000399999999982e-03
7.478520000000000000e+09	1.455458880000000052e-02	-7.678883299999999731e-03
7.478550000000000000e+09	1.445368149999999921e-02	-7.837810199999999811e-03
7.478580000000000000e+09	1.435913450000000056e-02	-8.018598499999999782e-03
7.478610000000000000e+09	1.427076939999999926e-02	-8.189698400000000600e-03
7.478640000000000000e+09	1.415727240000000040e-02	-8.330074399999999948e-03
7.478670000000000000e+09	1.405520329999999929e-02	-8.482085699999999256e-03
7.478700000000000000e+09	1.395762619999999996e-02	-8.647400499999999268e-03
7.478730000000000000e+09	1.387172729999999916e-02	-8.802994399999999886e-03
7.478760000000000000e+09	1.374791210000000062e-02	-8.954469799999999896e-03
7.478790000000000000e+09	1.363870950000000033e-02	-9.131847099999999828e-03
7.478820000000000000e+09	1.353981110000000015e-02	-9.265474699999999911e-03
7.478850000000000000e+09	1.343068759999999952e-02	-9.449785500000000213e-03
7.478880000000000000e+09	1.331385489999999984e-02	-9.545802000000000800e-03
7.478910000000000000e+09	1.320095410000000045e-02	-9.709881099999999668e-03
7.478940000000000000e+09	1.308819129999999956e-02	-9.896390899999999574e-03
7.478970000000000000e+09	1.297340649999999956e-02	-1.000093940000000049e-02
7.479000000000000000e+09	1.285639459999999949e-02	-1.016835089999999948e-02
7.479030000000000000e+09	1.271799120000000061e-02	-1.029779289999999993e-02
7.479060000000000000e+09	1.257281570000000001e-02	-1.044009150000000004e-02
7.479090000000000000e+09	1.247605700000000047e-02	-1.059984519999999930e-02
7.479120000000000000e+09	1.236058360000000071e-02	-1.072215609999999965e-02
7.479150000000000000e+09	1.223603179999999992e-02	-1.086430900000000081e-02
7.479180000000000000e+09	1.211066849999999952e-02	-1.099036689999999955e-02
7.479210000000000000e+09	1.195689639999999998e-02	-1.113239610000000060e-02
7.479240000000000000e+09	1.182473329999999927e-02	-1.127434870000000068e-02
7.479270000000000000e+09	1.169379100000000025e-02	-1.139453120000000035e-02
7.479300000000000000e+09	1.158208510000000024e-02	-1.154447639999999983e-02
7.479330000000000000e+09	1.144052150000000011e-02	-1.165437170000000085e-02
7.479360000000000000e+09	1.131442889999999951e-02	-1.178550130000000085e-02
7.479390000000000000e+09	1.113524999999999932e-02	-1.191267399999999983e-02
7.479420000000000000e+09	1.103798890000000019e-02	-1.204619650000000007e-02
7.479450000000000000e+09	1.087763909999999931e-02	-1.214606229999999967e-02
7.479480000000000000e+09	1.074192139999999990e-02	-1.226074400000000050e-02
7.479510000000000000e+09	1.057926030000000059e-02	-1.240383790000000076e-02
7.479540000000000000e+09	1.044734569999999918e-02	-1.252933219999999986e-02
7.479570000000000000e+09	1.031408680000000036e-02	-1.264443640000000035e-02
7.479600000000000000e+09	1.014929260000000007e-02	-1.273802400000000057e-02
7.479630000000000000e+09	1.001621440000000085e-02	-1.284273309999999987e-02
7.479660000000000000e+09	9.851130799999999882e-03	-1.296967949999999932e-02
7.479690000000000000e+09	9.707670899999999714e-03	-1.308774300000000064e-02
7.479720000000000000e+09	9.542723499999999220e-03	-1.320435600000000043e-02
7.479750000000000000e+09	9.384152399999999908e-03	-1.327765170000000036e-02
7.479780000000000000e+09	9.236164999999999306e-03	-1.338785160000000030e-02
7.479810000000000000e+09	9.066426600000000030e-03	-1.349481850000000017e-02
7.479840000000000000e+09	8.909298300000000059e-03	-1.361427169999999964e-02
7.479870000000000000e+09	8.752838199999999833e-03	-1.369796900000000081e-02
7.479900000000000000e+09	8.595816600000000252e-03	-1.379823730000000019e-02
7.479930000000000000e+09	8.422902799999999746e-03	-1.388465560000000029e-02
7.479960000000000000e+09	8.268710699999999234e-03	-1.397761150000000063e-02
7.479990000000000000e+09	8.114349800000000140e-03	-1.405544549999999948e-02
7.480020000000000000e+09	7.938090300000000613e-03	-1.413794540000000086e-02
7.480050000000000000e+09	7.764725200000000167e-03	-1.423787370000000052e-02
7.480080000000000000e+09	7.611566799999999570e-03	-1.432795790000000041e-02
7.480110000000000000e+09	7.442881099999999750e-03	-1.439209930000000075e-02
7.480140000000000000e+09	7.257465500000000007e-03	-1.449027320000000063e-02
7.480170000000000000e+09	7.103875800000000219e-03	-1.454872379999999979e-02
7.480200000000000000e+09	6.943145599999999730e-03	-1.465814959999999986e-02
7.480230000000000000e+09	6.741463999999999963e-03	-1.472280309999999919e-02
7.480260000000000000e+09	6.583983800000000122e-03	-1.479170640000000009e-02
7.480290000000000000e+09	6.402464800000000344e-03	-1.486253600000000084e-02
7.480320000000000000e+09	6.226792400000000227e-03	-1.492589300000000084e-02
7.480350000000000000e+09	6.071768400000000093e-03	-1.499054260000000013e-02
7.480380000000000000e+09	5.890319100000000231e-03	-1.506408239999999961e-02
7.480410000000000000e+09	5.718805700000000221e-03	-1.512163560000000066e-02
7.480440000000000000e+09	5.538089399999999649e-03	-1.518554729999999943e-02
7.480470000000000000e+09	5.361443799999999864e-03	-1.522733060000000006e-02
7.480500000000000000e+09	5.175159399999999625e-03	-1.529089359999999918e-02
7.480530000000000000e+09	5.000058200000000001e-03	-1.535302220000000009e-02
7.480560000000000000e+09	4.827622000000000163e-03	-1.537653790000000076e-02
7.480590000000000000e+09	4.649552999999999846e-03	-1.544162529999999929e-02
7.480620000000000000e+09	4.457855800000000424e-03	-1.548934390000000078e-02
7.480650000000000000e+09	4.291960200000000114e-03	-1.552101290000000057e-02
7.480680000000000000e+09	4.128459699999999927e-03	-1.557617160000000084e-02
7.480710000000000000e+09	3.912313100000000196e-03	-1.560900989999999995e-02
7.480740000000000000e+09	3.761658599999999960e-03	-1.566177050000000168e-02
7.480770000000000000e+09	3.567007300000000179e-03	-1.569098860000000054e-02
7.480800000000000000e+09	3.386799700000000038e-03	-1.570865889999999848e-02
7.480830000000000000e+09	3.206497200000000061e-03	-1.575714589999999832e-02
7.480860000000000000e+09	3.000866999999999944e-03	-1.579328149999999903e-02
7.480890000000000000e+09	2.816472300000000088e-03	-1.582169879999999890e-02
7.480920000000000000e+09	2.639847500000000024e-03	-1.586020039999999978e-02
7.480950000000000000e+09	2.469395200000000165e-03	-1.584517460000000114e-02
7.480980000000000000e+09	2.261978500000000163e-03	-1.588179279999999902e-02
7.481010000000000000e+09	2.087356800000000120e-03	-1.590781850000000039e-02
7.481040000000000000e+09	1.913428399999999923e-03	-1.593284260000000022e-02
7.481070000000000000e+09	1.730577100000000104e-03	-1.593874779999999991e-02
7.481100000000000000e+09	1.550023900000000072e-03	-1.594748080000000026e-02
7.481130000000000000e+09	1.347369499999999908e-03	-1.597509000000000082e-02
7.481160000000000000e+09	1.146370500000000025e-03	-1.597512350000000053e-02
7.481190000000000000e+09	9.756860000000000229e-04	-1.597901050000000156e-02
7.481220000000000000e+09	7.814181000000000122e-04	-1.598384500000000000e-02
7.481250000000000000e+09	5.932380999999999809e-04	-1.598719779999999840e-02
7.481280000000000000e+09	4.433217999999999946e-04	-1.598466109999999857e-02
7.481310000000000000e+09	2.372316000000000073e-04	-1.596182709999999921e-02
7.481340000000000000e+09	4.370009999999999856e-05	-1.598319059999999889e-02
7.481370000000000000e+09	-1.243220000000000067e-04	-1.599209080000000074e-02
7.481400000000000000e+09	-3.112082999999999863e-04	-1.596352250000000056e-02
7.481430000000000000e+09	-5.197255999999999491e-04	-1.594540939999999907e-02
7.481460000000000000e+09	-7.047458999999999842e-04	-1.593202590000000057e-02
7.481490000000000000e+09	-8.996676000000000326e-04	-1.593590350000000100e-02
7.481520000000000000e+09	-1.066721500000000029e-03	-1.589439579999999894e-02
7.481550000000000000e+09	-1.241931300000000040e-03	-1.586107620000000093e-02
7.481580000000000000e+09	-1.430008399999999893e-03	-1.585366380000000075e-02
7.481610000000000000e+09	-1.606477999999999942e-03	-1.583032519999999846e-02
7.481640000000000000e+09	-1.802928000000000083e-03	-1.580817329999999882e-02
7.481670000000000000e+09	-1.988742500000000111e-03	-1.578422690000000003e-02
7.481700000000000000e+09	-2.160118400000000070e-03	-1.576119230000000079e-02
7.481730000000000000e+09	-2.351304700000000046e-03	-1.570874419999999938e-02
7.481760000000000000e+09	-2.509511399999999996e-03	-1.569593140000000164e-02
7.481790000000000000e+09	-2.702544600000000071e-03	-1.566829600000000169e-02
7.481820000000000000e+09	-2.888236199999999823e-03	-1.560320769999999982e-02
7.481850000000000000e+09	-3.054740800000000072e-03	-1.556693460000000036e-02
7.481880000000000000e+09	-3.221958599999999798e-03	-1.551973970000000008e-02
7.481910000000000000e+09	-3.411861600000000178e-03	-1.546480949999999924e-02
7.481940000000000000e+09	-3.589706299999999902e-03	-1.543652159999999926e-02
7.481970000000000000e+09	-3.761073800000000033e-03	-1.535550490000000060e-02
7.482000000000000000e+09	-3.966534199999999927e-03	-1.532283190000000017e-02
7.482030000000000000e+09	-4.134674100000000109e-03	-1.526931569999999926e-02
7.482060000000000000e+09	-4.301169100000000120e-03	-1.522658850000000071e-02
7.482090000000000000e+09	-4.487074300000000286e-03	-1.515957209999999923e-02
7.482120000000000000e+09	-4.662779199999999777e-03	-1.510065099999999966e-02
7.482150000000000000e+09	-4.844236800000000301e-03	-1.502259849999999959e-02
7.482180000000000000e+09	-4.999083199999999720e-03	-1.497286249999999971e-02
7.482210000000000000e+09	-5.184496499999999980e-03	-1.490211280000000062e-02
7.482240000000000000e+09	-5.339708500000000038e-03	-1.484060899999999940e-02
7.482270000000000000e+09	-5.511568799999999949e-03	-1.477284939999999949e-02
7.482300000000000000e+09	-5.699653800000000110e-03	-1.468340410000000019e-02
7.482330000000000000e+09	-5.860839999999999973e-03	-1.463594799999999932e-02
7.482360000000000000e+09	-6.007384699999999966e-03	-1.452642389999999999e-02
7.482390000000000000e+09	-6.197056599999999603e-03	-1.446762099999999995e-02
7.482420000000000000e+09	-6.367004100000000361e-03	-1.436419849999999963e-02
7.482450000000000000e+09	-6.529994400000000039e-03	-1.429172620000000032e-02
7.482480000000000000e+09	-6.678632000000000318e-03	-1.420731889999999990e-02
7.482510000000000000e+09	-6.850252599999999588e-03	-1.411169739999999957e-02
7.482540000000000000e+09	-7.013157199999999966e-03	-1.404705810000000075e-02
7.482570000000000000e+09	-7.172587999999999707e-03	-1.393800570000000051e-02
7.482600000000000000e+09	-7.327285799999999627e-03	-1.383960480000000041e-02
7.482630000000000000e+09	-7.480315999999999875e-03	-1.376034500000000022e-02
7.482660000000000000e+09	-7.633036499999999898e-03	-1.364173119999999989e-02
7.482690000000000000e+09	-7.807990100000000364e-03	-1.358484710000000019e-02
7.482720000000000000e+09	-7.959690099999999768e-03	-1.347540160000000077e-02
7.482750000000000000e+09	-8.113292100000000714e-03	-1.337562119999999993e-02
7.482780000000000000e+09	-8.259837900000000649e-03	-1.326718799999999920e-02
7.482810000000000000e+09	-8.405252199999999410e-03	-1.315229769999999923e-02
7.482840000000000000e+09	-8.560839199999999843e-03	-1.303887270000000063e-02
7.482870000000000000e+09	-8.703270000000000797e-03	-1.293605819999999948e-02
7.482900000000000000e+09	-8.854959199999999989e-03	-1.282480679999999963e-02
7.482930000000000000e+09	-8.996489899999999748e-03	-1.271898710000000064e-02
7.482960000000000000e+09	-9.137772799999999140e-03	-1.260796540000000063e-02
7.482990000000000000e+09	-9.269312700000000710e-03	-1.251439000000000024e-02
7.483020000000000000e+09	-9.407407600000000647e-03	-1.237540309999999970e-02
7.483050000000000000e+09	-9.591634099999999524e-03	-1.224273950000000048e-02
7.483080000000000000e+09	-9.719049500000000175e-03	-1.214446419999999985e-02
7.483110000000000000e+09	-9.846353800000000669e-03	-1.200973060000000078e-02
7.483140000000000000e+09	-9.974571399999999921e-03	-1.190316010000000077e-02
7.483170000000000000e+09	-1.011122230000000011e-02	-1.178597150000000073e-02
7.483200000000000000e+09	-1.025011810000000037e-02	-1.165577679999999991e-02
7.483230000000000000e+09	-1.036429399999999959e-02	-1.150665520000000025e-02
7.483260000000000000e+09	-1.049238599999999938e-02	-1.138556750000000069e-02
7.483290000000000000e+09	-1.062205360000000043e-02	-1.123523029999999936e-02
7.483320000000000000e+09	-1.075643849999999985e-02	-1.110358699999999983e-02
7.483350000000000000e+09	-1.086819340000000009e-02	-1.097251980000000030e-02
7.483380000000000000e+09	-1.100300589999999960e-02	-1.083852509999999950e-02
7.483410000000000000e+09	-1.113214979999999944e-02	-1.072356420000000060e-02
7.483440000000000000e+09	-1.123721450000000031e-02	-1.057759309999999932e-02
7.483470000000000000e+09	-1.135426349999999959e-02	-1.042352489999999986e-02
7.483500000000000000e+09	-1.146881769999999988e-02	-1.029624839999999930e-02
7.483530000000000000e+09	-1.158484920000000043e-02	-1.014209500000000028e-02
7.483560000000000000e+09	-1.170720939999999981e-02	-1.001526779999999985e-02
7.483590000000000000e+09	-1.181058320000000043e-02	-9.856438900000000225e-03
7.483620000000000000e+09	-1.192146969999999945e-02	-9.705730500000000691e-03
7.483650000000000000e+09	-1.201391329999999986e-02	-9.541815400000000502e-03
7.483680000000000000e+09	-1.214504320000000040e-02	-9.418529999999999611e-03
7.483710000000000000e+09	-1.222044090000000069e-02	-9.266088199999999650e-03
7.483740000000000000e+09	-1.233567980000000071e-02	-9.098766399999999588e-03
7.483770000000000000e+09	-1.240703379999999988e-02	-8.972128799999999627e-03
7.483800000000000000e+09	-1.251923490000000048e-02	-8.817690099999999156e-03
7.483830000000000000e+09	-1.259543230000000069e-02	-8.637718600000000163e-03
7.483860000000000000e+09	-1.271018320000000083e-02	-8.510718599999999787e-03
7.483890000000000000e+09	-1.282807979999999945e-02	-8.350400200000000078e-03
7.483920000000000000e+09	-1.290479280000000027e-02	-8.158783699999999986e-03
7.483950000000000000e+09	-1.296756460000000021e-02	-8.002460299999999971e-03
7.483980000000000000e+09	-1.306245630000000060e-02	-7.875666700000000589e-03
7.484010000000000000e+09	-1.314747129999999965e-02	-7.685712400000000062e-03
7.484040000000000000e+09	-1.323995269999999995e-02	-7.520238900000000143e-03
7.484070000000000000e+09	-1.331486049999999928e-02	-7.386331200000000388e-03
7.484100000000000000e+09	-1.340125929999999924e-02	-7.192292500000000040e-03
7.484130000000000000e+09	-1.346047019999999962e-02	-7.043742700000000211e-03
7.484160000000000000e+09	-1.354176309999999966e-02	-6.870843100000000210e-03
7.484190000000000000e+09	-1.360496880000000054e-02	-6.697178300000000348e-03
7.484220000000000000e+09	-1.368299629999999989e-02	-6.542876000000000421e-03
7.484250000000000000e+09	-1.375496950000000031e-02	-6.368788999999999700e-03
7.484280000000000000e+09	-1.381366109999999925e-02	-6.212682399999999890e-03
7.484310000000000000e+09	-1.388336989999999944e-02	-6.029042000000000082e-03
7.484340000000000000e+09	-1.394362709999999971e-02	-5.834428400000000146e-03
7.484370000000000000e+09	-1.398566719999999944e-02	-5.684280100000000356e-03
7.484400000000000000e+09	-1.405220960000000061e-02	-5.499633200000000367e-03
7.484430000000000000e+09	-1.410697370000000075e-02	-5.328668499999999683e-03
7.484460000000000000e+09	-1.415556660000000071e-02	-5.142510599999999647e-03
7.484490000000000000e+09	-1.418443060000000068e-02	-4.992781100000000423e-03
7.484520000000000000e+09	-1.424528400000000042e-02	-4.799233800000000244e-03
7.484550000000000000e+09	-1.431439879999999928e-02	-4.642307200000000099e-03
7.484580000000000000e+09	-1.434347480000000043e-02	-4.444782100000000021e-03
7.484610000000000000e+09	-1.437799470000000052e-02	-4.270435799999999782e-03
7.484640000000000000e+09	-1.441653279999999954e-02	-4.086992499999999966e-03
7.484670000000000000e+09	-1.445115720000000013e-02	-3.920178300000000393e-03
7.484700000000000000e+09	-1.448738320000000045e-02	-3.742787500000000194e-03
7.484730000000000000e+09	-1.452573080000000086e-02	-3.540511799999999931e-03
7.484760000000000000e+09	-1.454422929999999933e-02	-3.383941200000000187e-03
7.484790000000000000e+09	-1.456335509999999965e-02	-3.201571099999999878e-03
7.484820000000000000e+09	-1.461853140000000072e-02	-3.046914600000000164e-03
7.484850000000000000e+09	-1.462569709999999960e-02	-2.853437600000000105e-03
7.484880000000000000e+09	-1.462769019999999968e-02	-2.663001199999999978e-03
7.484910000000000000e+09	-1.467057410000000006e-02	-2.495235800000000000e-03
7.484940000000000000e+09	-1.471193510000000024e-02	-2.320570300000000200e-03
7.484970000000000000e+09	-1.468889370000000041e-02	-2.121975900000000210e-03
7.485000000000000000e+09	-1.470685719999999946e-02	-1.932243200000000006e-03
7.485030000000000000e+09	-1.471631240000000063e-02	-1.769069399999999986e-03
7.485060000000000000e+09	-1.471588830000000042e-02	-1.577269899999999940e-03
7.485090000000000000e+09	-1.472724629999999993e-02	-1.436906800000000003e-03
7.485120000000000000e+09	-1.475197290000000022e-02	-1.214766699999999958e-03
7.485150000000000000e+09	-1.473552210000000050e-02	-1.042149899999999900e-03
7.485180000000000000e+09	-1.473235709999999934e-02	-8.630566999999999796e-04
7.485210000000000000e+09	-1.471278300000000011e-02	-7.115115000000000198e-04
7.485240000000000000e+09	-1.469985010000000002e-02	-5.065573999999999555e-04
7.485270000000000000e+09	-1.470648880000000047e-02	-3.224530999999999773e-04
7.485300000000000000e+09	-1.470101359999999996e-02	-1.436739999999999936e-04
7.485330000000000000e+09	-1.468533020000000085e-02	4.620170000000000185e-05
7.485360000000000000e+09	-1.465175070000000052e-02	2.175256000000000032e-04
7.485390000000000000e+09	-1.466283839999999936e-02	4.085080000000000265e-04
7.485420000000000000e+09	-1.459490649999999924e-02	5.622901999999999718e-04
7.485450000000000000e+09	-1.460733430000000013e-02	7.606746000000000167e-04
7.485480000000000000e+09	-1.459051069999999992e-02	9.070921000000000019e-04
7.485510000000000000e+09	-1.453738889999999992e-02	1.105625500000000008e-03
7.485540000000000000e+09	-1.451272890000000065e-02	1.256759299999999973e-03
7.485570000000000000e+09	-1.446443029999999914e-02	1.478347500000000035e-03
7.485600000000000000e+09	-1.446974370000000086e-02	1.653377500000000099e-03
7.485630000000000000e+09	-1.441420199999999922e-02	1.812208399999999968e-03
7.485660000000000000e+09	-1.435320669999999924e-02	2.000285200000000152e-03
7.485690000000000000e+09	-1.432424770000000069e-02	2.159553800000000093e-03
7.485720000000000000e+09	-1.429029000000000063e-02	2.342396100000000096e-03
7.485750000000000000e+09	-1.424330199999999935e-02	2.528044100000000158e-03
7.485780000000000000e+09	-1.417922710000000044e-02	2.689904300000000009e-03
7.485810000000000000e+09	-1.411846280000000030e-02	2.877411099999999892e-03
7.485840000000000000e+09	-1.408571169999999970e-02	3.044293600000000204e-03
7.485870000000000000e+09	-1.403460710000000063e-02	3.202271200000000092e-03
7.485900000000000000e+09	-1.394967670000000007e-02	3.367126900000000107e-03
7.485930000000000000e+09	-1.389877649999999958e-02	3.552148399999999900e-03
7.485960000000000000e+09	-1.382517179999999922e-02	3.706321800000000107e-03
7.485990000000000000e+09	-1.374458830000000083e-02	3.888666299999999926e-03
7.486020000000000000e+09	-1.370805599999999971e-02	4.053548700000000372e-03
7.486050000000000000e+09	-1.363880150000000048e-02	4.235029300000000066e-03
7.486080000000000000e+09	-1.358113329999999924e-02	4.369123600000000135e-03
7.486110000000000000e+09	-1.350111629999999931e-02	4.522014000000000415e-03
7.486140000000000000e+09	-1.342011019999999992e-02	4.699971899999999710e-03
7.486170000000000000e+09	-1.334295440000000076e-02	4.861404100000000193e-03
7.486200000000000000e+09	-1.324994479999999988e-02	5.025125400000000214e-03
7.486230000000000000e+09	-1.318965620000000019e-02	5.186126699999999909e-03
7.486260000000000000e+09	-1.308881869999999926e-02	5.351911600000000199e-03
7.486290000000000000e+09	-1.299623939999999984e-02	5.512093000000000027e-03
7.486320000000000000e+09	-1.291942630000000002e-02	5.652568400000000312e-03
7.486350000000000000e+09	-1.282830970000000022e-02	5.811879499999999567e-03
7.486380000000000000e+09	-1.273317900000000072e-02	5.955924199999999662e-03
7.486410000000000000e+09	-1.263037009999999974e-02	6.114679300000000137e-03
7.486440000000000000e+09	-1.254574469999999997e-02	6.243442499999999826e-03
7.486470000000000000e+09	-1.245718879999999952e-02	6.421765000000000286e-03
7.486500000000000000e+09	-1.233401930000000042e-02	6.576524000000000258e-03
7.486530000000000000e+09	-1.224316689999999964e-02	6.727429400000000184e-03
7.486560000000000000e+09	-1.213235799999999934e-02	6.855917799999999840e-03
7.486590000000000000e+09	-1.202243339999999917e-02	7.002826699999999994e-03
7.486620000000000000e+09	-1.188511140000000042e-02	7.126373600000000287e-03
7.486650000000000000e+09	-1.179188419999999994e-02	7.286785300000000153e-03
7.486680000000000000e+09	-1.168221369999999926e-02	7.424047900000000332e-03
7.486710000000000000e+09	-1.157078129999999927e-02	7.553982199999999952e-03
7.486740000000000000e+09	-1.143933490000000053e-02	7.677681500000000173e-03
7.486770000000000000e+09	-1.132567280000000044e-02	7.806750599999999658e-03
7.486800000000000000e+09	-1.121860730000000077e-02	7.964790100000000705e-03
7.486830000000000000e+09	-1.110508900000000028e-02	8.071036800000000455e-03
7.486860000000000000e+09	-1.096685990000000055e-02	8.216059399999999652e-03
7.486890000000000000e+09	-1.083290959999999928e-02	8.344836700000000246e-03
7.486920000000000000e+09	-1.068996749999999961e-02	8.491241999999999540e-03
7.486950000000000000e+09	-1.057078699999999989e-02	8.592451200000000150e-03
7.486980000000000000e+09	-1.042976789999999938e-02	8.692105699999999255e-03
7.487010000000000000e+09	-1.031324200000000024e-02	8.829193000000000804e-03
7.487040000000000000e+09	-1.016432450000000036e-02	8.943472600000000258e-03
7.487070000000000000e+09	-1.002783999999999967e-02	9.061257099999999245e-03
7.487100000000000000e+09	-9.911320200000000441e-03	9.159516200000000427e-03
7.487130000000000000e+09	-9.774618000000000542e-03	9.246377899999999941e-03
7.487160000000000000e+09	-9.616622400000000154e-03	9.399256700000000603e-03
7.487190000000000000e+09	-9.480586699999999853e-03	9.506284400000000398e-03
7.487220000000000000e+09	-9.325690700000000000e-03	9.610146199999999167e-03
7.487250000000000000e+09	-9.172655999999999518e-03	9.706064699999999296e-03
7.487280000000000000e+09	-9.036752300000000862e-03	9.775924700000000744e-03
7.487310000000000000e+09	-8.893710500000000588e-03	9.904202200000000039e-03
7.487340000000000000e+09	-8.753576199999999960e-03	9.985821199999999828e-03
7.487370000000000000e+09	-8.584984400000000501e-03	1.009307830000000065e-02
7.487400000000000000e+09	-8.414119299999999954e-03	1.017217299999999963e-02
7.487430000000000000e+09	-8.281592399999999216e-03	1.025520599999999935e-02
7.487460000000000000e+09	-8.135686099999999213e-03	1.034884120000000018e-02
7.487490000000000000e+09	-7.966854000000000643e-03	1.044394740000000044e-02
7.487520000000000000e+09	-7.815140099999999534e-03	1.051636700000000042e-02
7.487550000000000000e+09	-7.633056899999999916e-03	1.061466470000000002e-02
7.487580000000000000e+09	-7.476445100000000434e-03	1.065810220000000010e-02
7.487610000000000000e+09	-7.312616200000000150e-03	1.071770640000000059e-02
7.487640000000000000e+09	-7.154251399999999629e-03	1.079779699999999960e-02
7.487670000000000000e+09	-6.982820100000000293e-03	1.086661229999999999e-02
7.487700000000000000e+09	-6.831580000000000291e-03	1.094722419999999939e-02
7.487730000000000000e+09	-6.671882999999999980e-03	1.100538740000000029e-02
7.487760000000000000e+09	-6.498964299999999972e-03	1.104728370000000043e-02
7.487790000000000000e+09	-6.329300900000000250e-03	1.113488519999999982e-02
7.487820000000000000e+09	-6.160541599999999618e-03	1.116405139999999963e-02
7.487850000000000000e+09	-5.993908299999999717e-03	1.121044969999999974e-02
7.487880000000000000e+09	-5.823766099999999786e-03	1.125972320000000020e-02
7.487910000000000000e+09	-5.629605999999999673e-03	1.127813230000000028e-02
7.487940000000000000e+09	-5.476255799999999591e-03	1.135871700000000081e-02
7.487970000000000000e+09	-5.302812399999999766e-03	1.137686689999999924e-02
7.488000000000000000e+09	-5.126462699999999838e-03	1.140375239999999978e-02
7.488030000000000000e+09	-4.956741800000000024e-03	1.146618159999999997e-02
7.488060000000000000e+09	-4.761716800000000312e-03	1.151907440000000081e-02
7.488090000000000000e+09	-4.599290300000000338e-03	1.152608630000000016e-02
7.488120000000000000e+09	-4.420095500000000358e-03	1.156957639999999995e-02
7.488150000000000000e+09	-4.268372700000000117e-03	1.156584280000000006e-02
7.488180000000000000e+09	-4.072601799999999751e-03	1.159644349999999942e-02
7.488210000000000000e+09	-3.903421399999999937e-03	1.161297399999999987e-02
7.488240000000000000e+09	-3.711225199999999922e-03	1.163201860000000025e-02
7.488270000000000000e+09	-3.545009899999999881e-03	1.164099629999999948e-02
7.488300000000000000e+09	-3.363675999999999906e-03	1.164685130000000027e-02
7.488330000000000000e+09	-3.190934500000000042e-03	1.164402479999999962e-02
7.488360000000000000e+09	-3.028738699999999808e-03	1.164958209999999994e-02
7.488390000000000000e+09	-2.828577399999999790e-03	1.164480900000000076e-02
7.488420000000000000e+09	-2.664762599999999978e-03	1.163487420000000085e-02
7.488450000000000000e+09	-2.490637600000000177e-03	1.163490139999999971e-02
7.488480000000000000e+09	-2.316826599999999899e-03	1.162922379999999957e-02
7.488510000000000000e+09	-2.144937600000000177e-03	1.161463769999999951e-02
7.488540000000000000e+09	-1.936392699999999909e-03	1.159681719999999978e-02
7.488570000000000000e+09	-1.790342899999999978e-03	1.156831349999999994e-02
7.488600000000000000e+09	-1.610355499999999900e-03	1.152777569999999946e-02
7.488630000000000000e+09	-1.435233599999999939e-03	1.152104070000000043e-02
7.488660000000000000e+09	-1.258836499999999893e-03	1.148345400000000058e-02
7.488690000000000000e+09	-1.092374599999999894e-03	1.144258289999999963e-02
7.488720000000000000e+09	-9.407642999999999605e-04	1.141277369999999999e-02
7.488750000000000000e+09	-7.419784999999999705e-04	1.136141620000000012e-02
7.488780000000000000e+09	-5.719415000000000263e-04	1.130438299999999945e-02
7.488810000000000000e+09	-4.071651000000000025e-04	1.126644670000000008e-02
7.488840000000000000e+09	-2.464868000000000267e-04	1.123107010000000058e-02
7.488870000000000000e+09	-8.266749999999999413e-05	1.117337600000000049e-02
7.488900000000000000e+09	8.570730000000000525e-05	1.108998280000000024e-02
7.488930000000000000e+09	2.572289000000000064e-04	1.105418199999999920e-02
7.488960000000000000e+09	4.242003000000000050e-04	1.098827070000000031e-02
7.488990000000000000e+09	5.701086000000000391e-04	1.092441480000000062e-02
7.489020000000000000e+09	7.316109999999999584e-04	1.085808239999999994e-02
7.489050000000000000e+09	8.957385000000000434e-04	1.078449899999999947e-02
7.489080000000000000e+09	1.053370999999999995e-03	1.069002349999999962e-02
7.489110000000000000e+09	1.224312699999999992e-03	1.061541149999999968e-02
7.489140000000000000e+09	1.384538999999999952e-03	1.053348309999999934e-02
7.489170000000000000e+09	1.539505499999999994e-03	1.044075690000000056e-02
7.489200000000000000e+09	1.671767499999999955e-03	1.034296780000000006e-02
7.489230000000000000e+09	1.818730200000000024e-03	1.024348949999999946e-02
7.489260000000000000e+09	1.983831900000000009e-03	1.013943190000000071e-02
7.489290000000000000e+09	2.118301899999999825e-03	1.002587410000000019e-02
7.489320000000000000e+09	2.259240200000000101e-03	9.957039699999999799e-03
7.489350000000000000e+09	2.378782800000000131e-03	9.841032799999999831e-03
7.489380000000000000e+09	2.524273999999999962e-03	9.736431999999999726e-03
7.489410000000000000e+09	2.660075300000000129e-03	9.597328900000000329e-03
7.489440000000000000e+09	2.795524499999999923e-03	9.504431699999999622e-03
7.489470000000000000e+09	2.921894300000000069e-03	9.356784099999999535e-03
7.489500000000000000e+09	3.024326700000000163e-03	9.264092599999999150e-03
7.489530000000000000e+09	3.159211199999999945e-03	9.116291800000000597e-03
7.489560000000000000e+09	3.299119300000000199e-03	8.996025100000000843e-03
7.489590000000000000e+09	3.408291099999999959e-03	8.874843900000000188e-03
7.489620000000000000e+09	3.537187600000000001e-03	8.741776300000000249e-03
7.489650000000000000e+09	3.641584599999999998e-03	8.607903599999999419e-03
7.489680000000000000e+09	3.750508799999999893e-03	8.454113900000000820e-03
7.489710000000000000e+09	3.836467699999999894e-03	8.311717200000000652e-03
7.489740000000000000e+09	3.931914699999999700e-03	8.179592899999999292e-03
7.489770000000000000e+09	4.039615600000000077e-03	8.026913599999999441e-03
7.489800000000000000e+09	4.116791300000000389e-03	7.882784400000000455e-03
7.489830000000000000e+09	4.200908500000000330e-03	7.726539999999999624e-03
7.489860000000000000e+09	4.282040299999999647e-03	7.583073400000000207e-03
7.489890000000000000e+09	4.382526000000000303e-03	7.403103900000000161e-03
7.489920000000000000e+09	4.423696300000000067e-03	7.239269799999999838e-03
7.489950000000000000e+09	4.522693999999999846e-03	7.110877199999999891e-03
7.489980000000000000e+09	4.581552099999999621e-03	6.940619799999999708e-03
7.490010000000000000e+09	4.626738699999999836e-03	6.754196700000000310e-03
7.490040000000000000e+09	4.685029099999999877e-03	6.585253899999999987e-03
7.490070000000000000e+09	4.753138399999999771e-03	6.425788200000000054e-03
7.490100000000000000e+09	4.781496599999999868e-03	6.256420000000000384e-03
7.490130000000000000e+09	4.826370699999999771e-03	6.110167500000000286e-03
7.490160000000000000e+09	4.875893600000000272e-03	5.897237199999999686e-03
7.490190000000000000e+09	4.897911799999999857e-03	5.735438600000000026e-03
7.490220000000000000e+09	4.927409899999999655e-03	5.561775199999999773e-03
7.490250000000000000e+09	4.933809100000000405e-03	5.378857699999999714e-03
7.490280000000000000e+09	4.931608399999999788e-03	5.233219600000000096e-03
7.490310000000000000e+09	4.947654400000000251e-03	5.027903099999999834e-03
7.490340000000000000e+09	4.967793100000000329e-03	4.853881899999999867e-03
7.490370000000000000e+09	4.956013700000000237e-03	4.699664899999999972e-03
7.490400000000000000e+09	4.950989299999999926e-03	4.530354000000000325e-03
7.490430000000000000e+09	4.950137400000000423e-03	4.318170100000000115e-03
7.490460000000000000e+09	4.908914099999999933e-03	4.169575200000000086e-03
7.490490000000000000e+09	4.915852499999999806e-03	3.996958299999999777e-03
7.490520000000000000e+09	4.840103000000000114e-03	3.785436699999999901e-03
7.490550000000000000e+09	4.811793400000000109e-03	3.639662599999999876e-03
7.490580000000000000e+09	4.774300999999999892e-03	3.448295799999999932e-03
7.490610000000000000e+09	4.704394599999999968e-03	3.292437899999999928e-03
7.490640000000000000e+09	4.675739600000000142e-03	3.117927300000000040e-03
7.490670000000000000e+09	4.602696699999999676e-03	2.956050799999999836e-03
7.490700000000000000e+09	4.542103100000000060e-03	2.794649000000000178e-03
7.490730000000000000e+09	4.453502899999999681e-03	2.622262099999999804e-03
7.490760000000000000e+09	4.372793899999999692e-03	2.468051800000000025e-03
7.490790000000000000e+09	4.273565899999999876e-03	2.287039800000000098e-03
7.490820000000000000e+09	4.166643900000000129e-03	2.173937600000000123e-03
7.490850000000000000e+09	4.083085400000000323e-03	1.995024399999999892e-03
7.490880000000000000e+09	3.971755599999999761e-03	1.860128699999999977e-03
7.490910000000000000e+09	3.881839499999999946e-03	1.734120299999999905e-03
7.490940000000000000e+09	3.767932900000000185e-03	1.572637499999999947e-03
7.490970000000000000e+09	3.629594199999999944e-03	1.454479199999999910e-03
7.491000000000000000e+09	3.492018400000000081e-03	1.315159300000000092e-03
7.491030000000000000e+09	3.378487400000000033e-03	1.189314699999999931e-03
7.491060000000000000e+09	3.207009800000000087e-03	1.093809299999999943e-03
7.491090000000000000e+09	3.042874699999999905e-03	9.531646000000000389e-04
7.491120000000000000e+09	2.900512300000000158e-03	8.570200000000000040e-04
7.491150000000000000e+09	2.773385000000000173e-03	7.613842000000000006e-04
7.491180000000000000e+09	2.622210700000000057e-03	6.493449999999999570e-04
7.491210000000000000e+09	2.430918900000000101e-03	5.476020000000000063e-04
7.491240000000000000e+09	2.265765900000000187e-03	4.705213999999999772e-04
7.491270000000000000e+09	2.084092400000000199e-03	4.039445000000000015e-04
7.491300000000000000e+09	1.917424800000000094e-03	3.411207000000000085e-04
7.491330000000000000e+09	1.720345199999999929e-03	2.703946000000000149e-04
7.491360000000000000e+09	1.523762400000000039e-03	2.150397000000000072e-04
7.491390000000000000e+09	1.344426300000000013e-03	1.769122000000000034e-04
7.491420000000000000e+09	1.158995600000000108e-03	1.487093000000000095e-04
7.491450000000000000e+09	9.585009000000000237e-04	1.073364999999999980e-04
7.491480000000000000e+09	7.572950999999999858e-04	7.280150000000000423e-05
7.491510000000000000e+09	5.740119000000000124e-04	7.592939999999999846e-05
7.491540000000000000e+09	3.789298000000000189e-04	8.586639999999999496e-05
7.491570000000000000e+09	1.631829000000000059e-04	5.941809999999999952e-05
7.491600000000000000e+09	-2.278979999999999990e-05	1.008206999999999951e-04
7.491630000000000000e+09	-2.235647999999999910e-04	1.314649000000000091e-04
7.491660000000000000e+09	-4.212196000000000082e-04	1.657131999999999908e-04
7.491690000000000000e+09	-6.483735000000000019e-04	2.017406999999999978e-04
7.491720000000000000e+09	-8.584731999999999650e-04	2.543215999999999945e-04
7.491750000000000000e+09	-1.042142899999999898e-03	3.222041000000000141e-04
7.491780000000000000e+09	-1.260788099999999917e-03	3.510853999999999776e-04
7.491810000000000000e+09	-1.441685399999999978e-03	4.686073999999999817e-04
7.491840000000000000e+09	-1.657424900000000097e-03	5.597097000000000530e-04
7.491870000000000000e+09	-1.823211300000000031e-03	6.657803000000000332e-04
7.491900000000000000e+09	-2.016046799999999910e-03	7.638817999999999477e-04
7.491930000000000000e+09	-2.205312999999999978e-03	9.045258999999999721e-04
7.491960000000000000e+09	-2.403917399999999909e-03	1.013219600000000086e-03
7.491990000000000000e+09	-2.561099700000000080e-03	1.154946900000000101e-03
7.492020000000000000e+09	-2.732584100000000175e-03	1.288158599999999956e-03
7.492050000000000000e+09	-2.913584800000000152e-03	1.443319499999999936e-03
7.492080000000000000e+09	-3.067297599999999850e-03	1.627369499999999991e-03
7.492110000000000000e+09	-3.218463300000000069e-03	1.762825200000000050e-03
7.492140000000000000e+09	-3.357014900000000052e-03	1.954059800000000017e-03
7.492170000000000000e+09	-3.492211099999999874e-03	2.142657699999999873e-03
7.492200000000000000e+09	-3.631748800000000020e-03	2.319811100000000216e-03
7.492230000000000000e+09	-3.749396900000000199e-03	2.535005900000000204e-03
7.492260000000000000e+09	-3.864815299999999846e-03	2.753476800000000200e-03
7.492290000000000000e+09	-3.998487700000000027e-03	2.939112399999999937e-03
7.492320000000000000e+09	-4.086101600000000174e-03	3.172807900000000018e-03
7.492350000000000000e+09	-4.194820499999999883e-03	3.385114199999999900e-03
7.492380000000000000e+09	-4.259199899999999844e-03	3.620591600000000031e-03
7.492410000000000000e+09	-4.312927900000000127e-03	3.857798300000000059e-03
7.492440000000000000e+09	-4.411704800000000072e-03	4.091090799999999757e-03
7.492470000000000000e+09	-4.459400100000000117e-03	4.336613599999999784e-03
7.492500000000000000e+09	-4.498192899999999689e-03	4.588736399999999646e-03
7.492530000000000000e+09	-4.529022300000000271e-03	4.843286999999999939e-03
7.492560000000000000e+09	-4.570731399999999889e-03	5.098524299999999780e-03
7.492590000000000000e+09	-4.558259999999999743e-03	5.337974500000000275e-03
7.492620000000000000e+09	-4.589790399999999979e-03	5.589756000000000412e-03
7.492650000000000000e+09	-4.581628299999999585e-03	5.837094099999999737e-03
7.492680000000000000e+09	-4.566510000000000187e-03	6.129962699999999889e-03
7.492710000000000000e+09	-4.563423500000000216e-03	6.372699899999999772e-03
7.492740000000000000e+09	-4.492113300000000371e-03	6.633773600000000131e-03
7.492770000000000000e+09	-4.457562499999999719e-03	6.889673500000000408e-03
7.492800000000000000e+09	-4.411824400000000090e-03	7.153635099999999802e-03
7.492830000000000000e+09	-4.347800500000000359e-03	7.406349100000000039e-03
7.492860000000000000e+09	-4.271977599999999924e-03	7.654501600000000391e-03
7.492890000000000000e+09	-4.170288599999999631e-03	7.934620899999999741e-03
7.492920000000000000e+09	-4.087458999999999884e-03	8.173044699999999774e-03
7.492950000000000000e+09	-3.979431400000000424e-03	8.409251300000000068e-03
7.492980000000000000e+09	-3.881831599999999854e-03	8.660812699999999309e-03
7.493010000000000000e+09	-3.741002599999999987e-03	8.913002099999999331e-03
7.493040000000000000e+09	-3.608500000000000162e-03	9.152303699999999459e-03
7.493070000000000000e+09	-3.488741799999999903e-03	9.377270700000000722e-03
7.493100000000000000e+09	-3.319479100000000214e-03	9.590763999999999886e-03
7.493130000000000000e+09	-3.166240500000000024e-03	9.824403599999999986e-03
7.493160000000000000e+09	-2.994333999999999971e-03	1.006663210000000030e-02
7.493190000000000000e+09	-2.804300000000000022e-03	1.027872850000000060e-02
7.493220000000000000e+09	-2.641919099999999986e-03	1.049282850000000065e-02
7.493250000000000000e+09	-2.463997099999999923e-03	1.069355760000000044e-02
7.493280000000000000e+09	-2.257288399999999792e-03	1.088735629999999961e-02
7.493310000000000000e+09	-2.066869299999999927e-03	1.108785460000000049e-02
7.493340000000000000e+09	-1.834314299999999969e-03	1.125521690000000005e-02
7.493370000000000000e+09	-1.623773399999999933e-03	1.144715070000000036e-02
7.493400000000000000e+09	-1.412920600000000006e-03	1.161821679999999919e-02
7.493430000000000000e+09	-1.169357900000000082e-03	1.178393869999999968e-02
7.493460000000000000e+09	-9.510648000000000019e-04	1.196348489999999980e-02
7.493490000000000000e+09	-6.972417999999999758e-04	1.207788979999999991e-02
7.493520000000000000e+09	-4.494799000000000060e-04	1.223548019999999917e-02
7.493550000000000000e+09	-2.070739999999999896e-04	1.239828840000000050e-02
7.493580000000000000e+09	6.095419999999999994e-05	1.249132359999999969e-02
7.493610000000000000e+09	3.161015999999999891e-04	1.263498449999999988e-02
7.493640000000000000e+09	5.712468999999999533e-04	1.277570519999999925e-02
7.493670000000000000e+09	8.198278999999999506e-04	1.285748989999999960e-02
7.493700000000000000e+09	1.106037100000000070e-03	1.295726430000000012e-02
7.493730000000000000e+09	1.364170100000000087e-03	1.305744470000000032e-02
7.493760000000000000e+09	1.631618199999999895e-03	1.311580640000000082e-02
7.493790000000000000e+09	1.901053700000000009e-03	1.321764939999999985e-02
7.493820000000000000e+09	2.214828399999999985e-03	1.327725509999999956e-02
7.493850000000000000e+09	2.464698700000000214e-03	1.334355639999999961e-02
7.493880000000000000e+09	2.745964400000000180e-03	1.339023869999999942e-02
7.493910000000000000e+09	3.023029899999999867e-03	1.345143399999999996e-02
7.493940000000000000e+09	3.320780100000000207e-03	1.347387279999999986e-02
7.493970000000000000e+09	3.605176099999999901e-03	1.350140820000000040e-02
7.494000000000000000e+09	3.890241000000000011e-03	1.352818209999999931e-02
7.494030000000000000e+09	4.189650799999999897e-03	1.354072310000000064e-02
7.494060000000000000e+09	4.471198800000000285e-03	1.353540880000000078e-02
7.494090000000000000e+09	4.734454100000000387e-03	1.357208049999999999e-02
7.494120000000000000e+09	5.046848700000000285e-03	1.354173810000000068e-02
7.494150000000000000e+09	5.315801799999999612e-03	1.354009580000000053e-02
7.494180000000000000e+09	5.596532300000000085e-03	1.352091390000000060e-02
7.494210000000000000e+09	5.876850399999999572e-03	1.348458379999999991e-02
7.494240000000000000e+09	6.194823500000000080e-03	1.344281429999999965e-02
7.494270000000000000e+09	6.455395000000000057e-03	1.339289549999999988e-02
7.494300000000000000e+09	6.716457900000000203e-03	1.334928189999999917e-02
7.494330000000000000e+09	7.007333299999999807e-03	1.331694159999999988e-02
7.494360000000000000e+09	7.307490399999999955e-03	1.322289930000000030e-02
7.494390000000000000e+09	7.563168200000000389e-03	1.314801059999999924e-02
7.494420000000000000e+09	7.828976700000000316e-03	1.310373289999999975e-02
7.494450000000000000e+09	8.096734499999999266e-03	1.301106680000000022e-02
7.494480000000000000e+09	8.390978300000000861e-03	1.289252840000000046e-02
7.494510000000000000e+09	8.651016100000000555e-03	1.283466919999999914e-02
7.494540000000000000e+09	8.884781099999999182e-03	1.272704420000000079e-02
7.494570000000000000e+09	9.179645300000000702e-03	1.261693409999999939e-02
7.494600000000000000e+09	9.437842700000000778e-03	1.251240430000000008e-02
7.494630000000000000e+09	9.675490300000000668e-03	1.239397639999999939e-02
7.494660000000000000e+09	9.936050099999999691e-03	1.227007429999999941e-02
7.494690000000000000e+09	1.018713549999999968e-02	1.213926530000000031e-02
7.494720000000000000e+09	1.043843220000000016e-02	1.200621739999999972e-02
7.494750000000000000e+09	1.065015080000000086e-02	1.188101289999999970e-02
7.494780000000000000e+09	1.091540040000000059e-02	1.171005949999999983e-02
7.494810000000000000e+09	1.117118689999999949e-02	1.158488480000000043e-02
7.494840000000000000e+09	1.141598979999999992e-02	1.141840499999999953e-02
7.494870000000000000e+09	1.160546330000000043e-02	1.128170120000000082e-02
7.494900000000000000e+09	1.184804920000000032e-02	1.111835119999999948e-02
7.494930000000000000e+09	1.205746249999999943e-02	1.091174079999999991e-02
7.494960000000000000e+09	1.229163919999999924e-02	1.077396469999999939e-02
7.494990000000000000e+09	1.250852650000000045e-02	1.058455529999999950e-02
7.495020000000000000e+09	1.268921660000000076e-02	1.040725569999999961e-02
7.495050000000000000e+09	1.290350380000000047e-02	1.022230340000000043e-02
7.495080000000000000e+09	1.311137910000000073e-02	1.002583420000000003e-02
7.495110000000000000e+09	1.331887170000000016e-02	9.843779000000000418e-03
7.495140000000000000e+09	1.351378689999999973e-02	9.643563900000000702e-03
7.495170000000000000e+09	1.369529480000000049e-02	9.449835599999999516e-03
7.495200000000000000e+09	1.387827290000000040e-02	9.252222699999999855e-03
7.495230000000000000e+09	1.405742559999999947e-02	9.038775000000000628e-03
7.495260000000000000e+09	1.422738810000000013e-02	8.840199099999999574e-03
7.495290000000000000e+09	1.441790549999999969e-02	8.646634500000000001e-03
7.495320000000000000e+09	1.460170849999999944e-02	8.420850100000000157e-03
7.495350000000000000e+09	1.473529879999999938e-02	8.199315500000000159e-03
7.495380000000000000e+09	1.489906449999999979e-02	7.978962600000000238e-03
7.495410000000000000e+09	1.506468700000000022e-02	7.776418400000000355e-03
7.495440000000000000e+09	1.522880899999999940e-02	7.525963800000000370e-03
7.495470000000000000e+09	1.533802499999999992e-02	7.319272100000000399e-03
7.495500000000000000e+09	1.548578509999999978e-02	7.085114299999999664e-03
7.495530000000000000e+09	1.563735360000000074e-02	6.876910099999999568e-03
7.495560000000000000e+09	1.576436330000000052e-02	6.648890799999999587e-03
7.495590000000000000e+09	1.590153429999999896e-02	6.398296599999999702e-03
7.495620000000000000e+09	1.603440589999999971e-02	6.167782999999999599e-03
7.495650000000000000e+09	1.616353879999999840e-02	5.932744799999999617e-03
7.495680000000000000e+09	1.625512960000000118e-02	5.699614300000000085e-03
7.495710000000000000e+09	1.638248020000000055e-02	5.457877400000000004e-03
7.495740000000000000e+09	1.648815810000000062e-02	5.190217799999999847e-03
7.495770000000000000e+09	1.659292429999999902e-02	4.968912500000000412e-03
7.495800000000000000e+09	1.667480990000000038e-02	4.704026699999999846e-03
7.495830000000000000e+09	1.679540930000000126e-02	4.464130400000000318e-03
7.495860000000000000e+09	1.687432079999999848e-02	4.225871600000000172e-03
7.495890000000000000e+09	1.695417340000000134e-02	3.975826800000000286e-03
7.495920000000000000e+09	1.703847279999999922e-02	3.719084799999999944e-03
7.495950000000000000e+09	1.711015889999999845e-02	3.466828600000000128e-03
7.495980000000000000e+09	1.719207219999999842e-02	3.240367200000000142e-03
7.496010000000000000e+09	1.724388639999999834e-02	2.982840599999999828e-03
7.496040000000000000e+09	1.730344660000000118e-02	2.718073200000000172e-03
7.496070000000000000e+09	1.736564089999999977e-02	2.454935300000000205e-03
7.496100000000000000e+09	1.745296110000000081e-02	2.199554199999999900e-03
7.496130000000000000e+09	1.748340729999999996e-02	1.946991900000000003e-03
7.496160000000000000e+09	1.754212999999999953e-02	1.702314799999999967e-03
7.496190000000000000e+09	1.756026700000000093e-02	1.446197800000000033e-03
7.496220000000000000e+09	1.759835419999999928e-02	1.208711799999999956e-03
7.496250000000000000e+09	1.764104320000000128e-02	9.383049999999999551e-04
7.496280000000000000e+09	1.767539569999999893e-02	6.939904999999999685e-04
7.496310000000000000e+09	1.770924819999999955e-02	4.579213999999999962e-04
7.496340000000000000e+09	1.772996810000000006e-02	1.838832999999999950e-04
7.496370000000000000e+09	1.776044850000000133e-02	-8.824380000000000375e-05
7.496400000000000000e+09	1.776275760000000162e-02	-3.277120000000000228e-04
7.496430000000000000e+09	1.776392929999999828e-02	-5.934574999999999876e-04
7.496460000000000000e+09	1.775088530000000150e-02	-8.257626999999999806e-04
7.496490000000000000e+09	1.778727219999999901e-02	-1.090641700000000072e-03
7.496520000000000000e+09	1.775056950000000050e-02	-1.328030200000000077e-03
7.496550000000000000e+09	1.773927490000000093e-02	-1.590343500000000092e-03
7.496580000000000000e+09	1.774121589999999929e-02	-1.853504499999999913e-03
7.496610000000000000e+09	1.773738739999999869e-02	-2.094187300000000061e-03
7.496640000000000000e+09	1.772552079999999836e-02	-2.351432399999999791e-03
7.496670000000000000e+09	1.770050650000000100e-02	-2.602517300000000040e-03
7.496700000000000000e+09	1.767462829999999832e-02	-2.829291600000000042e-03
7.496730000000000000e+09	1.764662150000000096e-02	-3.085042899999999953e-03
7.496760000000000000e+09	1.761486929999999881e-02	-3.342008100000000079e-03
7.496790000000000000e+09	1.757307300000000155e-02	-3.620776200000000097e-03
7.496820000000000000e+09	1.753932849999999960e-02	-3.844987800000000070e-03
7.496850000000000000e+09	1.750126609999999930e-02	-4.096913399999999907e-03
7.496880000000000000e+09	1.744493429999999928e-02	-4.325439799999999772e-03
7.496910000000000000e+09	1.737961089999999834e-02	-4.580353100000000149e-03
7.496940000000000000e+09	1.733401089999999853e-02	-4.836596999999999771e-03
7.496970000000000000e+09	1.729492059999999942e-02	-5.044637900000000126e-03
7.497000000000000000e+09	1.722616039999999918e-02	-5.315562900000000111e-03
7.497030000000000000e+09	1.716952680000000120e-02	-5.537846199999999983e-03
7.497060000000000000e+09	1.708763500000000032e-02	-5.800885199999999617e-03
7.497090000000000000e+09	1.702030360000000159e-02	-6.020581700000000348e-03
7.497120000000000000e+09	1.696312640000000038e-02	-6.254052799999999801e-03
7.497150000000000000e+09	1.687095469999999944e-02	-6.501370599999999576e-03
7.497180000000000000e+09	1.679369350000000163e-02	-6.740742499999999825e-03
7.497210000000000000e+09	1.669888590000000173e-02	-6.938194800000000231e-03
7.497240000000000000e+09	1.663626890000000080e-02	-7.156693100000000030e-03
7.497270000000000000e+09	1.649195770000000047e-02	-7.398604500000000202e-03
7.497300000000000000e+09	1.643992710000000135e-02	-7.639946699999999695e-03
7.497330000000000000e+09	1.634671470000000071e-02	-7.826099399999999692e-03
7.497360000000000000e+09	1.624191159999999884e-02	-8.058825699999999301e-03
7.497390000000000000e+09	1.613523190000000149e-02	-8.284763199999999744e-03
7.497420000000000000e+09	1.602402240000000075e-02	-8.521154700000000207e-03
7.497450000000000000e+09	1.590931959999999923e-02	-8.723625900000000349e-03
7.497480000000000000e+09	1.581614469999999967e-02	-8.946244600000000102e-03
7.497510000000000000e+09	1.570824029999999885e-02	-9.126671600000000467e-03
7.497540000000000000e+09	1.557253479999999926e-02	-9.379919699999999388e-03
7.497570000000000000e+09	1.544781259999999934e-02	-9.560459199999999519e-03
7.497600000000000000e+09	1.531857350000000000e-02	-9.782873100000000557e-03
7.497630000000000000e+09	1.520536190000000044e-02	-9.990397899999999692e-03
7.497660000000000000e+09	1.509607079999999990e-02	-1.020369450000000074e-02
7.497690000000000000e+09	1.494457390000000080e-02	-1.040402189999999928e-02
7.497720000000000000e+09	1.482850370000000050e-02	-1.059616279999999952e-02
7.497750000000000000e+09	1.470150689999999948e-02	-1.077567890000000021e-02
7.497780000000000000e+09	1.454692550000000022e-02	-1.098643399999999978e-02
7.497810000000000000e+09	1.442638949999999927e-02	-1.119831399999999914e-02
7.497840000000000000e+09	1.427237540000000048e-02	-1.138878479999999929e-02
7.497870000000000000e+09	1.412048460000000019e-02	-1.158094879999999917e-02
7.497900000000000000e+09	1.398938870000000084e-02	-1.175202430000000034e-02
7.497930000000000000e+09	1.382222139999999926e-02	-1.193818429999999979e-02
7.497960000000000000e+09	1.368486080000000035e-02	-1.211466930000000032e-02
7.497990000000000000e+09	1.352632349999999956e-02	-1.230421550000000003e-02
7.498020000000000000e+09	1.335814559999999943e-02	-1.246979250000000011e-02
7.498050000000000000e+09	1.320087019999999917e-02	-1.266404640000000012e-02
7.498080000000000000e+09	1.301794059999999975e-02	-1.282970110000000025e-02
7.498110000000000000e+09	1.287207039999999948e-02	-1.299602189999999984e-02
7.498140000000000000e+09	1.271448000000000023e-02	-1.317339149999999931e-02
7.498170000000000000e+09	1.257103250000000082e-02	-1.334319259999999958e-02
7.498200000000000000e+09	1.237778590000000040e-02	-1.349644550000000075e-02
7.498230000000000000e+09	1.220993299999999920e-02	-1.365443879999999992e-02
7.498260000000000000e+09	1.203003859999999918e-02	-1.382496970000000013e-02
7.498290000000000000e+09	1.185048399999999967e-02	-1.397572199999999945e-02
7.498320000000000000e+09	1.167122659999999916e-02	-1.412528650000000052e-02
7.498350000000000000e+09	1.150884079999999962e-02	-1.428901800000000055e-02
7.498380000000000000e+09	1.130626319999999962e-02	-1.443435960000000011e-02
7.498410000000000000e+09	1.112780690000000038e-02	-1.456784740000000022e-02
7.498440000000000000e+09	1.094631209999999931e-02	-1.472594800000000086e-02
7.498470000000000000e+09	1.076240359999999958e-02	-1.485636100000000022e-02
7.498500000000000000e+09	1.059957379999999956e-02	-1.500400869999999991e-02
7.498530000000000000e+09	1.036988169999999987e-02	-1.514643790000000032e-02
7.498560000000000000e+09	1.018596509999999955e-02	-1.526703540000000012e-02
7.498590000000000000e+09	1.001449410000000012e-02	-1.538726829999999962e-02
7.498620000000000000e+09	9.808560100000000490e-03	-1.555832329999999944e-02
7.498650000000000000e+09	9.606672099999999728e-03	-1.567569049999999881e-02
7.498680000000000000e+09	9.402890699999999491e-03	-1.579388030000000026e-02
7.498710000000000000e+09	9.221849699999999650e-03	-1.589219860000000081e-02
7.498740000000000000e+09	8.996555099999999430e-03	-1.604088349999999857e-02
7.498770000000000000e+09	8.808385800000000446e-03	-1.614719720000000122e-02
7.498800000000000000e+09	8.612902100000000005e-03	-1.625431020000000018e-02
7.498830000000000000e+09	8.409412499999999527e-03	-1.637157090000000009e-02
7.498860000000000000e+09	8.190899499999999486e-03	-1.648452060000000011e-02
7.498890000000000000e+09	7.993253999999999984e-03	-1.657959310000000144e-02
7.498920000000000000e+09	7.787161100000000377e-03	-1.667456410000000069e-02
7.498950000000000000e+09	7.568720499999999872e-03	-1.676820000000000047e-02
7.498980000000000000e+09	7.357745899999999610e-03	-1.687350639999999832e-02
7.499010000000000000e+09	7.147273899999999867e-03	-1.694829100000000074e-02
7.499040000000000000e+09	6.964095299999999676e-03	-1.706467990000000087e-02
7.499070000000000000e+09	6.737993599999999618e-03	-1.714473520000000042e-02
7.499100000000000000e+09	6.492148199999999737e-03	-1.725284709999999957e-02
7.499130000000000000e+09	6.290595900000000261e-03	-1.728858629999999869e-02
7.499160000000000000e+09	6.076753300000000378e-03	-1.739173239999999843e-02
7.499190000000000000e+09	5.862413900000000219e-03	-1.747557010000000063e-02
7.499220000000000000e+09	5.636213400000000297e-03	-1.755782139999999963e-02
7.499250000000000000e+09	5.428936399999999794e-03	-1.761838940000000006e-02
7.499280000000000000e+09	5.203172399999999968e-03	-1.768429339999999864e-02
7.499310000000000000e+09	4.989568899999999654e-03	-1.774816400000000030e-02
7.499340000000000000e+09	4.771732899999999757e-03	-1.780531029999999834e-02
7.499370000000000000e+09	4.523392400000000348e-03	-1.787056710000000173e-02
7.499400000000000000e+09	4.351846000000000360e-03	-1.793566090000000071e-02
7.499430000000000000e+09	4.082169099999999676e-03	-1.798314260000000164e-02
7.499460000000000000e+09	3.880505800000000078e-03	-1.804442109999999933e-02
7.499490000000000000e+09	3.653698999999999836e-03	-1.809422269999999902e-02
7.499520000000000000e+09	3.428168499999999837e-03	-1.812901479999999912e-02
7.499550000000000000e+09	3.214348599999999889e-03	-1.817792569999999996e-02
7.499580000000000000e+09	2.987484099999999920e-03	-1.819750289999999895e-02
7.499610000000000000e+09	2.760059599999999808e-03	-1.823875139999999936e-02
7.499640000000000000e+09	2.522696899999999926e-03	-1.829021289999999828e-02
7.499670000000000000e+09	2.309657899999999989e-03	-1.832855779999999907e-02
7.499700000000000000e+09	2.073590900000000029e-03	-1.835808729999999916e-02
7.499730000000000000e+09	1.869431499999999911e-03	-1.835522090000000009e-02
7.499760000000000000e+09	1.634748299999999989e-03	-1.839741500000000030e-02
7.499790000000000000e+09	1.404121900000000018e-03	-1.840238640000000162e-02
7.499820000000000000e+09	1.181000800000000031e-03	-1.844849549999999852e-02
7.499850000000000000e+09	9.554645000000000065e-04	-1.843176059999999949e-02
7.499880000000000000e+09	7.181487999999999977e-04	-1.846603200000000028e-02
7.499910000000000000e+09	5.132980000000000311e-04	-1.846339209999999995e-02
7.499940000000000000e+09	2.731375000000000187e-04	-1.847082740000000056e-02
7.499970000000000000e+09	5.556659999999999752e-05	-1.848391010000000056e-02
7.500000000000000000e+09	-1.739974999999999888e-04	-1.847480250000000171e-02
7.500030000000000000e+09	-4.030537000000000269e-04	-1.846292000000000072e-02
7.500060000000000000e+09	-6.303612000000000321e-04	-1.847958759999999978e-02
7.500090000000000000e+09	-8.719875000000000195e-04	-1.846072019999999911e-02
7.500120000000000000e+09	-1.094882500000000100e-03	-1.845128329999999942e-02
7.500150000000000000e+09	-1.310119599999999985e-03	-1.843448149999999883e-02
7.500180000000000000e+09	-1.554219599999999901e-03	-1.842621430000000032e-02
7.500210000000000000e+09	-1.760661099999999988e-03	-1.839037979999999864e-02
7.500240000000000000e+09	-1.991080599999999878e-03	-1.837378519999999932e-02
7.500270000000000000e+09	-2.207648300000000091e-03	-1.834720390000000104e-02
7.500300000000000000e+09	-2.418950400000000143e-03	-1.833661019999999892e-02
7.500330000000000000e+09	-2.654937500000000179e-03	-1.831157469999999954e-02
7.500360000000000000e+09	-2.869318699999999847e-03	-1.824004950000000097e-02
7.500390000000000000e+09	-3.101014999999999935e-03	-1.820959650000000124e-02
7.500420000000000000e+09	-3.324125399999999959e-03	-1.816784590000000005e-02
7.500450000000000000e+09	-3.547028099999999847e-03	-1.813921389999999939e-02
7.500480000000000000e+09	-3.761787800000000216e-03	-1.810377620000000118e-02
7.500510000000000000e+09	-3.981551499999999577e-03	-1.805598840000000038e-02
7.500540000000000000e+09	-4.199466800000000062e-03	-1.799630710000000092e-02
7.500570000000000000e+09	-4.426098699999999643e-03	-1.795138940000000002e-02
7.500600000000000000e+09	-4.638166299999999659e-03	-1.787920789999999927e-02
7.500630000000000000e+09	-4.837391400000000050e-03	-1.785109500000000085e-02
7.500660000000000000e+09	-5.060905299999999760e-03	-1.777174379999999984e-02
7.500690000000000000e+09	-5.274234299999999709e-03	-1.772579170000000010e-02
7.500720000000000000e+09	-5.484654299999999934e-03	-1.763597750000000033e-02
7.500750000000000000e+09	-5.685505799999999825e-03	-1.756779719999999878e-02
7.500780000000000000e+09	-5.918368799999999645e-03	-1.751713540000000152e-02
7.500810000000000000e+09	-6.109755799999999973e-03	-1.744966770000000097e-02
7.500840000000000000e+09	-6.322816799999999605e-03	-1.737291109999999916e-02
7.500870000000000000e+09	-6.564074700000000276e-03	-1.728923699999999897e-02
7.500900000000000000e+09	-6.747502499999999577e-03	-1.719857389999999986e-02
7.500930000000000000e+09	-6.935972299999999986e-03	-1.710950649999999976e-02
7.500960000000000000e+09	-7.173471300000000377e-03	-1.703733370000000066e-02
7.500990000000000000e+09	-7.356572100000000058e-03	-1.695939930000000054e-02
7.501020000000000000e+09	-7.580429500000000244e-03	-1.685476920000000128e-02
7.501050000000000000e+09	-7.773022800000000364e-03	-1.677660510000000132e-02
7.501080000000000000e+09	-7.975562500000000013e-03	-1.666763790000000064e-02
7.501110000000000000e+09	-8.168452499999999394e-03	-1.657370600000000055e-02
7.501140000000000000e+09	-8.354435099999999934e-03	-1.647135179999999893e-02
7.501170000000000000e+09	-8.562323099999999756e-03	-1.636660649999999856e-02
7.501200000000000000e+09	-8.761550499999999631e-03	-1.626278169999999940e-02
7.501230000000000000e+09	-8.975938100000000613e-03	-1.616010539999999940e-02
7.501260000000000000e+09	-9.145102900000000312e-03	-1.604504329999999895e-02
7.501290000000000000e+09	-9.331686699999999432e-03	-1.593615749999999914e-02
7.501320000000000000e+09	-9.518205499999999805e-03	-1.581848129999999936e-02
7.501350000000000000e+09	-9.713868299999999303e-03	-1.570676669999999941e-02
7.501380000000000000e+09	-9.904589099999999702e-03	-1.561009929999999934e-02
7.501410000000000000e+09	-1.010360010000000038e-02	-1.547115599999999980e-02
7.501440000000000000e+09	-1.028229110000000029e-02	-1.533420790000000061e-02
7.501470000000000000e+09	-1.044418989999999943e-02	-1.521908959999999922e-02
7.501500000000000000e+09	-1.064287619999999997e-02	-1.510637310000000066e-02
7.501530000000000000e+09	-1.080692280000000033e-02	-1.497301990000000048e-02
7.501560000000000000e+09	-1.098584300000000034e-02	-1.483486910000000013e-02
7.501590000000000000e+09	-1.115202269999999996e-02	-1.470669959999999950e-02
7.501620000000000000e+09	-1.133752440000000000e-02	-1.456608310000000010e-02
7.501650000000000000e+09	-1.149248679999999995e-02	-1.443294669999999925e-02
7.501680000000000000e+09	-1.166701650000000028e-02	-1.428105950000000020e-02
7.501710000000000000e+09	-1.185530559999999935e-02	-1.414721629999999945e-02
7.501740000000000000e+09	-1.202107420000000058e-02	-1.400331489999999922e-02
7.501770000000000000e+09	-1.216839419999999998e-02	-1.386413319999999991e-02
7.501800000000000000e+09	-1.235551900000000057e-02	-1.370140799999999999e-02
7.501830000000000000e+09	-1.252665329999999924e-02	-1.356913510000000087e-02
7.501860000000000000e+09	-1.265762630000000048e-02	-1.343463970000000063e-02
7.501890000000000000e+09	-1.282637350000000002e-02	-1.328606459999999954e-02
7.501920000000000000e+09	-1.297135330000000024e-02	-1.314144610000000067e-02
7.501950000000000000e+09	-1.314046940000000024e-02	-1.296887180000000014e-02
7.501980000000000000e+09	-1.328697719999999936e-02	-1.278984279999999946e-02
7.502010000000000000e+09	-1.343018150000000084e-02	-1.264832689999999954e-02
7.502040000000000000e+09	-1.357534380000000040e-02	-1.247109329999999960e-02
7.502070000000000000e+09	-1.371905890000000086e-02	-1.234458159999999964e-02
7.502100000000000000e+09	-1.387378149999999970e-02	-1.216294080000000083e-02
7.502130000000000000e+09	-1.402024699999999957e-02	-1.198215310000000020e-02
7.502160000000000000e+09	-1.412714999999999978e-02	-1.181896510000000032e-02
7.502190000000000000e+09	-1.431196830000000010e-02	-1.167168430000000041e-02
7.502220000000000000e+09	-1.441424829999999983e-02	-1.148312580000000055e-02
7.502250000000000000e+09	-1.455185590000000057e-02	-1.133059969999999916e-02
7.502280000000000000e+09	-1.467409450000000011e-02	-1.115118900000000059e-02
7.502310000000000000e+09	-1.480727670000000010e-02	-1.097586400000000011e-02
7.502340000000000000e+09	-1.493904140000000026e-02	-1.081008229999999917e-02
7.502370000000000000e+09	-1.507793619999999932e-02	-1.060869000000000048e-02
7.502400000000000000e+09	-1.518352559999999914e-02	-1.046295199999999932e-02
7.502430000000000000e+09	-1.529385720000000018e-02	-1.024970300000000063e-02
7.502460000000000000e+09	-1.541371660000000025e-02	-1.007606800000000052e-02
7.502490000000000000e+09	-1.555990320000000086e-02	-9.873315199999999764e-03
7.502520000000000000e+09	-1.565088259999999898e-02	-9.715903399999999829e-03
7.502550000000000000e+09	-1.575876290000000068e-02	-9.521322299999999267e-03
7.502580000000000000e+09	-1.587520950000000097e-02	-9.337122399999999919e-03
7.502610000000000000e+09	-1.597941810000000004e-02	-9.137280100000000696e-03
7.502640000000000000e+09	-1.608888680000000043e-02	-8.966893199999999287e-03
7.502670000000000000e+09	-1.617995859999999883e-02	-8.756078199999999673e-03
7.502700000000000000e+09	-1.626230240000000118e-02	-8.577605900000000172e-03
7.502730000000000000e+09	-1.636887620000000015e-02	-8.395826300000000866e-03
7.502760000000000000e+09	-1.648432309999999998e-02	-8.190251600000000159e-03
7.502790000000000000e+09	-1.656653749999999897e-02	-7.998010499999999579e-03
7.502820000000000000e+09	-1.665095490000000067e-02	-7.804349099999999956e-03
7.502850000000000000e+09	-1.671884880000000170e-02	-7.620284199999999807e-03
7.502880000000000000e+09	-1.682764620000000086e-02	-7.402892900000000199e-03
7.502910000000000000e+09	-1.693527259999999882e-02	-7.209980999999999855e-03
7.502940000000000000e+09	-1.700022099999999939e-02	-7.020713599999999811e-03
7.502970000000000000e+09	-1.710154129999999842e-02	-6.809109600000000026e-03
7.503000000000000000e+09	-1.715499180000000165e-02	-6.614597699999999643e-03
7.503030000000000000e+09	-1.722040890000000116e-02	-6.391842099999999610e-03
7.503060000000000000e+09	-1.731200620000000051e-02	-6.198651999999999808e-03
7.503090000000000000e+09	-1.738287130000000166e-02	-6.010864299999999980e-03
7.503120000000000000e+09	-1.742335579999999828e-02	-5.795824199999999836e-03
7.503150000000000000e+09	-1.750202580000000119e-02	-5.572186300000000342e-03
7.503180000000000000e+09	-1.756465239999999844e-02	-5.420786200000000422e-03
7.503210000000000000e+09	-1.761658920000000114e-02	-5.197913099999999786e-03
7.503240000000000000e+09	-1.766501870000000002e-02	-4.982855599999999781e-03
7.503270000000000000e+09	-1.772255790000000150e-02	-4.760610799999999594e-03
7.503300000000000000e+09	-1.778264519999999890e-02	-4.565787800000000243e-03
7.503330000000000000e+09	-1.783331969999999919e-02	-4.350874000000000234e-03
7.503360000000000000e+09	-1.787682170000000001e-02	-4.160738800000000036e-03
7.503390000000000000e+09	-1.793528369999999872e-02	-3.936883300000000065e-03
7.503420000000000000e+09	-1.798330390000000070e-02	-3.739604200000000173e-03
7.503450000000000000e+09	-1.802006319999999856e-02	-3.530163499999999961e-03
7.503480000000000000e+09	-1.803987669999999877e-02	-3.305449199999999869e-03
7.503510000000000000e+09	-1.809136910000000084e-02	-3.085362999999999821e-03
7.503540000000000000e+09	-1.812055120000000130e-02	-2.885057900000000206e-03
7.503570000000000000e+09	-1.813107590000000158e-02	-2.671967600000000123e-03
7.503600000000000000e+09	-1.818244429999999953e-02	-2.462648300000000109e-03
7.503630000000000000e+09	-1.816873219999999914e-02	-2.246456200000000042e-03
7.503660000000000000e+09	-1.820987240000000035e-02	-2.039361300000000054e-03
7.503690000000000000e+09	-1.825311389999999950e-02	-1.821928900000000092e-03
7.503720000000000000e+09	-1.827292079999999833e-02	-1.608025500000000076e-03
7.503750000000000000e+09	-1.827933389999999991e-02	-1.390693599999999908e-03
7.503780000000000000e+09	-1.830279040000000121e-02	-1.194973800000000055e-03
7.503810000000000000e+09	-1.830529150000000105e-02	-9.767829999999999482e-04
7.503840000000000000e+09	-1.829601349999999960e-02	-7.753213000000000335e-04
7.503870000000000000e+09	-1.830940080000000025e-02	-5.578199999999999955e-04
7.503900000000000000e+09	-1.829901559999999941e-02	-3.391878000000000189e-04
7.503930000000000000e+09	-1.830334299999999970e-02	-1.147873000000000047e-04
7.503960000000000000e+09	-1.833641609999999908e-02	5.365260000000000195e-05
7.503990000000000000e+09	-1.831391799999999848e-02	3.033832999999999994e-04
7.504020000000000000e+09	-1.830466949999999884e-02	4.893296999999999577e-04
7.504050000000000000e+09	-1.827750690000000053e-02	6.964866999999999803e-04
7.504080000000000000e+09	-1.826442400000000132e-02	9.150173999999999851e-04
7.504110000000000000e+09	-1.826088370000000100e-02	1.122850899999999980e-03
7.504140000000000000e+09	-1.823220630000000134e-02	1.333342099999999981e-03
7.504170000000000000e+09	-1.823456390000000038e-02	1.541709000000000048e-03
7.504200000000000000e+09	-1.821473209999999870e-02	1.769807800000000033e-03
7.504230000000000000e+09	-1.817676780000000020e-02	1.954592599999999993e-03
7.504260000000000000e+09	-1.813699319999999976e-02	2.177629999999999844e-03
7.504290000000000000e+09	-1.813938840000000122e-02	2.384131199999999905e-03
7.504320000000000000e+09	-1.810304080000000107e-02	2.590057099999999810e-03
7.504350000000000000e+09	-1.805353020000000086e-02	2.782483599999999863e-03
7.504380000000000000e+09	-1.801475900000000172e-02	3.029180299999999909e-03
7.504410000000000000e+09	-1.798497229999999891e-02	3.204730499999999989e-03
7.504440000000000000e+09	-1.795106419999999842e-02	3.422552399999999849e-03
7.504470000000000000e+09	-1.791284640000000150e-02	3.604999499999999961e-03
7.504500000000000000e+09	-1.785319720000000041e-02	3.823122899999999852e-03
7.504530000000000000e+09	-1.780591189999999879e-02	4.041458399999999646e-03
7.504560000000000000e+09	-1.777766069999999962e-02	4.238472499999999810e-03
7.504590000000000000e+09	-1.768641220000000125e-02	4.445173099999999780e-03
7.504620000000000000e+09	-1.766728139999999836e-02	4.659986100000000110e-03
7.504650000000000000e+09	-1.759005840000000057e-02	4.837239499999999859e-03
7.504680000000000000e+09	-1.755635310000000157e-02	5.037008600000000141e-03
7.504710000000000000e+09	-1.747410019999999856e-02	5.250912600000000145e-03
7.504740000000000000e+09	-1.742297279999999865e-02	5.445197500000000315e-03
7.504770000000000000e+09	-1.735341300000000156e-02	5.646409100000000271e-03
7.504800000000000000e+09	-1.728403280000000153e-02	5.837982700000000046e-03
7.504830000000000000e+09	-1.721712209999999924e-02	6.046085199999999722e-03
7.504860000000000000e+09	-1.715921470000000143e-02	6.217716300000000404e-03
7.504890000000000000e+09	-1.705058489999999871e-02	6.440315000000000276e-03
7.504920000000000000e+09	-1.701213990000000065e-02	6.620198300000000417e-03
7.504950000000000000e+09	-1.691451370000000148e-02	6.822604799999999747e-03
7.504980000000000000e+09	-1.685528000000000026e-02	7.003103699999999911e-03
7.505010000000000000e+09	-1.673306369999999835e-02	7.206995300000000430e-03
7.505040000000000000e+09	-1.664742279999999880e-02	7.409696999999999811e-03
7.505070000000000000e+09	-1.658083919999999920e-02	7.561136900000000292e-03
7.505100000000000000e+09	-1.647665060000000001e-02	7.758328999999999573e-03
7.505130000000000000e+09	-1.639186570000000093e-02	7.955835099999999244e-03
7.505160000000000000e+09	-1.632423029999999914e-02	8.138570600000000557e-03
7.505190000000000000e+09	-1.618398009999999845e-02	8.334677400000000541e-03
7.505220000000000000e+09	-1.612454489999999921e-02	8.512212800000000176e-03
7.505250000000000000e+09	-1.600085529999999839e-02	8.682686900000000096e-03
7.505280000000000000e+09	-1.589866560000000040e-02	8.857770799999999459e-03
7.505310000000000000e+09	-1.578788429999999909e-02	9.058887599999999179e-03
7.505340000000000000e+09	-1.569765039999999889e-02	9.228466799999999678e-03
7.505370000000000000e+09	-1.558009949999999977e-02	9.432069499999999260e-03
7.505400000000000000e+09	-1.547303889999999960e-02	9.600430499999999812e-03
7.505430000000000000e+09	-1.534931860000000002e-02	9.741550499999999599e-03
7.505460000000000000e+09	-1.523892469999999985e-02	9.938782099999999772e-03
7.505490000000000000e+09	-1.513081500000000058e-02	1.010482090000000034e-02
7.505520000000000000e+09	-1.501299619999999987e-02	1.028292689999999940e-02
7.505550000000000000e+09	-1.488350509999999960e-02	1.043825469999999991e-02
7.505580000000000000e+09	-1.477110140000000016e-02	1.061594220000000068e-02
7.505610000000000000e+09	-1.465611950000000017e-02	1.080030549999999936e-02
7.505640000000000000e+09	-1.453369730000000047e-02	1.093539489999999920e-02
7.505670000000000000e+09	-1.439368260000000073e-02	1.110320310000000033e-02
7.505700000000000000e+09	-1.426354659999999955e-02	1.127987270000000049e-02
7.505730000000000000e+09	-1.412126130000000007e-02	1.143302180000000008e-02
7.505760000000000000e+09	-1.401623050000000079e-02	1.161486949999999962e-02
7.505790000000000000e+09	-1.386142339999999959e-02	1.175327429999999986e-02
7.505820000000000000e+09	-1.372816970000000081e-02	1.190657749999999952e-02
7.505850000000000000e+09	-1.357131739999999955e-02	1.206364069999999941e-02
7.505880000000000000e+09	-1.345528999999999996e-02	1.220433559999999952e-02
7.505910000000000000e+09	-1.330185530000000012e-02	1.236348699999999939e-02
7.505940000000000000e+09	-1.315292610000000015e-02	1.249228510000000014e-02
7.505970000000000000e+09	-1.301985569999999925e-02	1.265115789999999955e-02
7.506000000000000000e+09	-1.286527860000000016e-02	1.278805669999999971e-02
7.506030000000000000e+09	-1.273821129999999982e-02	1.294154819999999984e-02
7.506060000000000000e+09	-1.256134199999999965e-02	1.308032140000000079e-02
7.506090000000000000e+09	-1.244573329999999929e-02	1.323444409999999932e-02
7.506120000000000000e+09	-1.227108789999999984e-02	1.337876460000000066e-02
7.506150000000000000e+09	-1.213054939999999929e-02	1.350651249999999977e-02
7.506180000000000000e+09	-1.196716630000000010e-02	1.364443570000000057e-02
7.506210000000000000e+09	-1.179048840000000015e-02	1.376717350000000034e-02
7.506240000000000000e+09	-1.166255409999999992e-02	1.387730520000000044e-02
7.506270000000000000e+09	-1.147633890000000073e-02	1.400992399999999999e-02
7.506300000000000000e+09	-1.131805309999999939e-02	1.416261840000000022e-02
7.506330000000000000e+09	-1.115303309999999930e-02	1.428777709999999937e-02
7.506360000000000000e+09	-1.099545029999999916e-02	1.439409999999999995e-02
7.506390000000000000e+09	-1.085049899999999956e-02	1.452247379999999956e-02
7.506420000000000000e+09	-1.067883099999999974e-02	1.463623170000000022e-02
7.506450000000000000e+09	-1.049885149999999975e-02	1.474378619999999925e-02
7.506480000000000000e+09	-1.033844830000000062e-02	1.486973349999999930e-02
7.506510000000000000e+09	-1.014687620000000005e-02	1.498200369999999962e-02
7.506540000000000000e+09	-9.984013400000000052e-03	1.510381279999999972e-02
7.506570000000000000e+09	-9.812542900000000359e-03	1.522444589999999952e-02
7.506600000000000000e+09	-9.619402000000000855e-03	1.533047149999999977e-02
