8.623600000000000000e+09	4.765518899999999711e-03	-7.865870999999999974e-03
8.623630000000000000e+09	4.594252800000000331e-03	-7.932880800000000066e-03
8.623660000000000000e+09	4.481441400000000207e-03	-7.995514999999999914e-03
8.623690000000000000e+09	4.367856300000000358e-03	-8.043682700000000588e-03
8.623720000000000000e+09	4.282002400000000167e-03	-8.090300400000000058e-03
8.623750000000000000e+09	4.168127800000000042e-03	-8.157918000000000114e-03
8.623780000000000000e+09	4.052474300000000022e-03	-8.196622299999999431e-03
8.623810000000000000e+09	3.963337100000000404e-03	-8.226221100000000175e-03
8.623840000000000000e+09	3.880501800000000015e-03	-8.296127000000000362e-03
8.623870000000000000e+09	3.758577500000000095e-03	-8.317203999999999917e-03
8.623900000000000000e+09	3.655213500000000209e-03	-8.354530900000000510e-03
8.623930000000000000e+09	3.582959399999999846e-03	-8.411155700000000693e-03
8.623960000000000000e+09	3.482732699999999907e-03	-8.425013000000000293e-03
8.623990000000000000e+09	3.381395399999999850e-03	-8.489631900000000828e-03
8.624020000000000000e+09	3.277561999999999923e-03	-8.509253399999999745e-03
8.624050000000000000e+09	3.188176000000000031e-03	-8.550821199999999317e-03
8.624080000000000000e+09	3.085119600000000087e-03	-8.601268800000000728e-03
8.624110000000000000e+09	2.975154700000000058e-03	-8.639175100000000274e-03
8.624140000000000000e+09	2.872931899999999882e-03	-8.661422099999999819e-03
8.624170000000000000e+09	2.784086099999999887e-03	-8.676878299999999516e-03
8.624200000000000000e+09	2.665024099999999813e-03	-8.728863499999999637e-03
8.624230000000000000e+09	2.593195600000000167e-03	-8.780420500000000322e-03
8.624260000000000000e+09	2.491694500000000197e-03	-8.763243100000000022e-03
8.624290000000000000e+09	2.386590300000000168e-03	-8.793980899999999726e-03
8.624320000000000000e+09	2.282589399999999935e-03	-8.827339300000000555e-03
8.624350000000000000e+09	2.208210099999999981e-03	-8.857666199999999351e-03
8.624380000000000000e+09	2.115693999999999995e-03	-8.885069199999999848e-03
8.624410000000000000e+09	1.982152699999999851e-03	-8.883142999999999595e-03
8.624440000000000000e+09	1.881122000000000046e-03	-8.929808699999999821e-03
8.624470000000000000e+09	1.770693000000000050e-03	-8.957393900000000866e-03
8.624500000000000000e+09	1.681258599999999916e-03	-8.955600100000000660e-03
8.624530000000000000e+09	1.603739600000000064e-03	-8.980441100000000065e-03
8.624560000000000000e+09	1.508091499999999986e-03	-8.999160200000000040e-03
8.624590000000000000e+09	1.396833699999999907e-03	-9.022740200000000516e-03
8.624620000000000000e+09	1.285438999999999983e-03	-9.026949200000000326e-03
8.624650000000000000e+09	1.186054100000000005e-03	-9.049556099999999867e-03
8.624680000000000000e+09	1.090156299999999997e-03	-9.042223500000000011e-03
8.624710000000000000e+09	9.761429999999999543e-04	-9.057463499999999709e-03
8.624740000000000000e+09	8.557337000000000363e-04	-9.096215399999999646e-03
8.624770000000000000e+09	7.879586000000000489e-04	-9.092317200000000002e-03
8.624800000000000000e+09	6.944247000000000397e-04	-9.102847299999999517e-03
8.624830000000000000e+09	5.715790000000000107e-04	-9.102539800000000042e-03
8.624860000000000000e+09	4.773658999999999758e-04	-9.116028499999999715e-03
8.624890000000000000e+09	3.888645999999999834e-04	-9.109230899999999284e-03
8.624920000000000000e+09	2.595057999999999913e-04	-9.096352999999999731e-03
8.624950000000000000e+09	1.630515000000000024e-04	-9.110982499999999845e-03
8.624980000000000000e+09	8.626669999999999857e-05	-9.103755999999999307e-03
8.625010000000000000e+09	-3.599090000000000129e-05	-9.136474999999999805e-03
8.625040000000000000e+09	-1.294288999999999900e-04	-9.123173899999999920e-03
8.625070000000000000e+09	-2.256667999999999923e-04	-9.105877300000000604e-03
8.625100000000000000e+09	-3.512705999999999771e-04	-9.098876199999999734e-03
8.625130000000000000e+09	-4.348755999999999737e-04	-9.130399699999999785e-03
8.625160000000000000e+09	-5.383643999999999713e-04	-9.133161100000000351e-03
8.625190000000000000e+09	-6.243830999999999817e-04	-9.110371000000000788e-03
8.625220000000000000e+09	-7.578396999999999738e-04	-9.087532599999999933e-03
8.625250000000000000e+09	-8.499552999999999969e-04	-9.062751100000000434e-03
8.625280000000000000e+09	-9.668087000000000122e-04	-9.079427500000000761e-03
8.625310000000000000e+09	-1.061485899999999906e-03	-9.070320300000000308e-03
8.625340000000000000e+09	-1.158264800000000051e-03	-9.027634099999999259e-03
8.625370000000000000e+09	-1.257961500000000102e-03	-9.039197699999999489e-03
8.625400000000000000e+09	-1.356979099999999945e-03	-9.022372199999999925e-03
8.625430000000000000e+09	-1.479617099999999946e-03	-8.987386199999999187e-03
8.625460000000000000e+09	-1.562254600000000104e-03	-9.001036800000000726e-03
8.625490000000000000e+09	-1.670769400000000036e-03	-8.954508599999999249e-03
8.625520000000000000e+09	-1.797932799999999972e-03	-8.955936399999999548e-03
8.625550000000000000e+09	-1.890888199999999925e-03	-8.930513399999999435e-03
8.625580000000000000e+09	-1.963668699999999816e-03	-8.915338400000000219e-03
8.625610000000000000e+09	-2.047948300000000058e-03	-8.907539900000000649e-03
8.625640000000000000e+09	-2.158431000000000152e-03	-8.877707900000000180e-03
8.625670000000000000e+09	-2.280042300000000022e-03	-8.839926799999999960e-03
8.625700000000000000e+09	-2.377491399999999942e-03	-8.803016000000000313e-03
8.625730000000000000e+09	-2.484656200000000086e-03	-8.778931400000000371e-03
8.625760000000000000e+09	-2.557169199999999830e-03	-8.751820699999999370e-03
8.625790000000000000e+09	-2.673069399999999842e-03	-8.728091900000000194e-03
8.625820000000000000e+09	-2.767805199999999986e-03	-8.701474400000000844e-03
8.625850000000000000e+09	-2.872511400000000038e-03	-8.671003800000000317e-03
8.625880000000000000e+09	-2.960645400000000167e-03	-8.621649000000000326e-03
8.625910000000000000e+09	-3.076874700000000080e-03	-8.594711399999999807e-03
8.625940000000000000e+09	-3.153607300000000214e-03	-8.556875599999999582e-03
8.625970000000000000e+09	-3.251395700000000045e-03	-8.523797499999999361e-03
8.626000000000000000e+09	-3.353784500000000016e-03	-8.494807400000000189e-03
8.626030000000000000e+09	-3.444376199999999930e-03	-8.456487299999999180e-03
8.626060000000000000e+09	-3.522318400000000113e-03	-8.414678899999999961e-03
8.626090000000000000e+09	-3.623128399999999902e-03	-8.387390099999999377e-03
8.626120000000000000e+09	-3.754235600000000068e-03	-8.313716599999999846e-03
8.626150000000000000e+09	-3.840776100000000207e-03	-8.280859200000000725e-03
8.626180000000000000e+09	-3.910544499999999910e-03	-8.250377399999999847e-03
8.626210000000000000e+09	-4.030165700000000288e-03	-8.207490899999999451e-03
8.626240000000000000e+09	-4.101965899999999825e-03	-8.165219399999999739e-03
8.626270000000000000e+09	-4.248867800000000194e-03	-8.112262099999999893e-03
8.626300000000000000e+09	-4.300158899999999979e-03	-8.078007700000000568e-03
8.626330000000000000e+09	-4.421940600000000277e-03	-8.028104700000000121e-03
8.626360000000000000e+09	-4.461173599999999906e-03	-7.956641999999999881e-03
8.626390000000000000e+09	-4.558541299999999824e-03	-7.902536700000000608e-03
8.626420000000000000e+09	-4.646844300000000337e-03	-7.877892900000000795e-03
8.626450000000000000e+09	-4.742343000000000426e-03	-7.805714000000000055e-03
8.626480000000000000e+09	-4.843244200000000090e-03	-7.737155199999999969e-03
8.626510000000000000e+09	-4.946590499999999578e-03	-7.689617600000000358e-03
8.626540000000000000e+09	-5.010858499999999716e-03	-7.654831699999999767e-03
8.626570000000000000e+09	-5.088455700000000213e-03	-7.581249499999999711e-03
8.626600000000000000e+09	-5.179103800000000278e-03	-7.525356999999999880e-03
8.626630000000000000e+09	-5.295943200000000073e-03	-7.464994400000000106e-03
8.626660000000000000e+09	-5.345637599999999642e-03	-7.406633999999999614e-03
8.626690000000000000e+09	-5.436292900000000428e-03	-7.346617399999999867e-03
8.626720000000000000e+09	-5.515762300000000111e-03	-7.295911599999999747e-03
8.626750000000000000e+09	-5.612000899999999674e-03	-7.190159800000000059e-03
8.626780000000000000e+09	-5.699225500000000208e-03	-7.150978300000000211e-03
8.626810000000000000e+09	-5.784875400000000223e-03	-7.093220600000000112e-03
8.626840000000000000e+09	-5.839812599999999986e-03	-7.003373900000000110e-03
8.626870000000000000e+09	-5.927402299999999687e-03	-6.941376400000000106e-03
8.626900000000000000e+09	-6.021260399999999770e-03	-6.883468700000000030e-03
8.626930000000000000e+09	-6.084198100000000331e-03	-6.795370900000000103e-03
8.626960000000000000e+09	-6.144937900000000362e-03	-6.740303100000000040e-03
8.626990000000000000e+09	-6.238082600000000033e-03	-6.674239999999999687e-03
8.627020000000000000e+09	-6.320616200000000323e-03	-6.621618200000000190e-03
8.627050000000000000e+09	-6.388096400000000362e-03	-6.536385100000000059e-03
8.627080000000000000e+09	-6.468465599999999836e-03	-6.438339599999999725e-03
8.627110000000000000e+09	-6.510867499999999780e-03	-6.396738800000000176e-03
8.627140000000000000e+09	-6.613769099999999845e-03	-6.319232699999999953e-03
8.627170000000000000e+09	-6.690070999999999692e-03	-6.207035599999999841e-03
8.627200000000000000e+09	-6.763000800000000187e-03	-6.121630200000000369e-03
8.627230000000000000e+09	-6.810213499999999594e-03	-6.089895100000000151e-03
8.627260000000000000e+09	-6.899139700000000118e-03	-6.006616799999999617e-03
8.627290000000000000e+09	-6.960757100000000176e-03	-5.919736200000000163e-03
8.627320000000000000e+09	-7.027090500000000330e-03	-5.843487500000000244e-03
8.627350000000000000e+09	-7.082132500000000268e-03	-5.753857299999999911e-03
8.627380000000000000e+09	-7.140187600000000301e-03	-5.652960900000000150e-03
8.627410000000000000e+09	-7.233101100000000061e-03	-5.573340700000000217e-03
8.627440000000000000e+09	-7.294714300000000422e-03	-5.480089900000000361e-03
8.627470000000000000e+09	-7.356409000000000385e-03	-5.402864999999999751e-03
8.627500000000000000e+09	-7.412684600000000318e-03	-5.331162300000000069e-03
8.627530000000000000e+09	-7.488375599999999577e-03	-5.233016899999999930e-03
8.627560000000000000e+09	-7.536268700000000285e-03	-5.153867900000000217e-03
8.627590000000000000e+09	-7.594698100000000021e-03	-5.067956000000000197e-03
8.627620000000000000e+09	-7.652592899999999601e-03	-5.011486699999999697e-03
8.627650000000000000e+09	-7.707679799999999672e-03	-4.908959000000000066e-03
8.627680000000000000e+09	-7.757919400000000409e-03	-4.815395099999999692e-03
8.627710000000000000e+09	-7.801367000000000024e-03	-4.731545200000000263e-03
8.627740000000000000e+09	-7.856434199999999882e-03	-4.643831999999999648e-03
8.627770000000000000e+09	-7.923233499999999749e-03	-4.545814500000000188e-03
8.627800000000000000e+09	-7.992253600000000582e-03	-4.454917800000000351e-03
8.627830000000000000e+09	-8.009697499999999387e-03	-4.351351300000000366e-03
8.627860000000000000e+09	-8.061329100000000358e-03	-4.269211299999999855e-03
8.627890000000000000e+09	-8.105624999999999983e-03	-4.154687699999999595e-03
8.627920000000000000e+09	-8.164217499999999392e-03	-4.110606600000000360e-03
8.627950000000000000e+09	-8.200323000000000681e-03	-3.989095800000000067e-03
8.627980000000000000e+09	-8.275113699999999545e-03	-3.907882599999999880e-03
8.628010000000000000e+09	-8.325992100000000409e-03	-3.796012499999999821e-03
8.628040000000000000e+09	-8.366190000000000779e-03	-3.711159300000000001e-03
8.628070000000000000e+09	-8.368568899999999713e-03	-3.597558500000000003e-03
8.628100000000000000e+09	-8.429923299999999425e-03	-3.513225500000000199e-03
8.628130000000000000e+09	-8.489335100000000231e-03	-3.419651300000000217e-03
8.628160000000000000e+09	-8.497772199999999859e-03	-3.343237000000000205e-03
8.628190000000000000e+09	-8.547708100000000683e-03	-3.234056500000000080e-03
8.628220000000000000e+09	-8.575514100000000695e-03	-3.121080500000000205e-03
8.628250000000000000e+09	-8.628471000000000404e-03	-3.026475900000000132e-03
8.628280000000000000e+09	-8.649640499999999843e-03	-2.912212500000000131e-03
8.628310000000000000e+09	-8.679999600000000079e-03	-2.821816500000000165e-03
8.628340000000000000e+09	-8.715346299999999352e-03	-2.744994699999999972e-03
8.628370000000000000e+09	-8.749908600000000022e-03	-2.614237299999999826e-03
8.628400000000000000e+09	-8.782010800000000089e-03	-2.519126100000000038e-03
8.628430000000000000e+09	-8.800173799999999949e-03	-2.435465099999999973e-03
8.628460000000000000e+09	-8.834112999999999341e-03	-2.301397399999999867e-03
8.628490000000000000e+09	-8.877296899999999671e-03	-2.228804500000000199e-03
8.628520000000000000e+09	-8.874460900000000554e-03	-2.123422600000000014e-03
8.628550000000000000e+09	-8.908388600000000795e-03	-2.023419399999999962e-03
8.628580000000000000e+09	-8.926016000000000158e-03	-1.896157199999999945e-03
8.628610000000000000e+09	-8.948424599999999299e-03	-1.815565199999999955e-03
8.628640000000000000e+09	-8.975873699999999469e-03	-1.708980599999999905e-03
8.628670000000000000e+09	-9.000554600000000224e-03	-1.602237000000000062e-03
8.628700000000000000e+09	-8.993489900000000217e-03	-1.488906400000000047e-03
8.628730000000000000e+09	-9.018092700000000794e-03	-1.394649399999999895e-03
8.628760000000000000e+09	-9.045320900000000663e-03	-1.303492100000000096e-03
8.628790000000000000e+09	-9.066460599999999481e-03	-1.185215199999999948e-03
8.628820000000000000e+09	-9.069617000000000304e-03	-1.069302700000000078e-03
8.628850000000000000e+09	-9.083117700000000599e-03	-9.798410999999999926e-04
8.628880000000000000e+09	-9.083250200000000246e-03	-8.516574000000000496e-04
8.628910000000000000e+09	-9.103872000000000700e-03	-7.419980000000000065e-04
8.628940000000000000e+09	-9.121789099999999539e-03	-6.674628000000000158e-04
8.628970000000000000e+09	-9.128987899999999739e-03	-5.477188000000000456e-04
8.629000000000000000e+09	-9.129365599999999734e-03	-4.130229999999999926e-04
8.629030000000000000e+09	-9.125476299999999222e-03	-3.275616000000000183e-04
8.629060000000000000e+09	-9.126662799999999201e-03	-2.370857999999999993e-04
8.629090000000000000e+09	-9.143512700000000146e-03	-1.410864999999999916e-04
8.629120000000000000e+09	-9.140429300000000798e-03	-7.438200000000000206e-06
8.629150000000000000e+09	-9.131468900000000097e-03	9.554820000000000110e-05
8.629180000000000000e+09	-9.136135599999999427e-03	1.995378000000000126e-04
8.629210000000000000e+09	-9.126163799999999909e-03	3.026390999999999804e-04
8.629240000000000000e+09	-9.114810699999999904e-03	4.009848999999999900e-04
8.629270000000000000e+09	-9.117293000000000272e-03	4.989557999999999841e-04
8.629300000000000000e+09	-9.106441800000000114e-03	6.293690999999999912e-04
8.629330000000000000e+09	-9.100170200000000376e-03	7.301062999999999997e-04
8.629360000000000000e+09	-9.070447400000000715e-03	8.353565000000000513e-04
8.629390000000000000e+09	-9.101671800000000687e-03	9.429300000000000268e-04
8.629420000000000000e+09	-9.071631400000000275e-03	1.038625899999999925e-03
8.629450000000000000e+09	-9.057358200000000664e-03	1.159761100000000072e-03
8.629480000000000000e+09	-9.067755599999999597e-03	1.266155599999999916e-03
8.629510000000000000e+09	-9.028970799999999283e-03	1.346317699999999892e-03
8.629540000000000000e+09	-9.013158500000000017e-03	1.438668599999999922e-03
8.629570000000000000e+09	-9.000620900000000715e-03	1.593987800000000107e-03
8.629600000000000000e+09	-8.979895400000000028e-03	1.672642599999999997e-03
8.629630000000000000e+09	-8.966819299999999673e-03	1.759413800000000092e-03
8.629660000000000000e+09	-8.928711199999999834e-03	1.891265600000000035e-03
8.629690000000000000e+09	-8.883183799999999630e-03	1.992968800000000183e-03
8.629720000000000000e+09	-8.884994000000000225e-03	2.101398200000000049e-03
8.629750000000000000e+09	-8.855481499999999853e-03	2.188838499999999979e-03
8.629780000000000000e+09	-8.829859799999999204e-03	2.293294400000000111e-03
8.629810000000000000e+09	-8.792910299999999804e-03	2.399181099999999831e-03
8.629840000000000000e+09	-8.752120400000000522e-03	2.499934599999999868e-03
8.629870000000000000e+09	-8.748263399999999315e-03	2.610297299999999807e-03
8.629900000000000000e+09	-8.723722099999999327e-03	2.699235300000000018e-03
8.629930000000000000e+09	-8.667804299999999976e-03	2.815423699999999863e-03
8.629960000000000000e+09	-8.646772400000000622e-03	2.902908999999999958e-03
8.629990000000000000e+09	-8.604758500000000282e-03	2.995704999999999982e-03
8.630020000000000000e+09	-8.562424299999999572e-03	3.078227499999999957e-03
8.630050000000000000e+09	-8.547806300000000343e-03	3.203732500000000104e-03
8.630080000000000000e+09	-8.520424500000000137e-03	3.302328599999999979e-03
8.630110000000000000e+09	-8.449337799999999746e-03	3.424259399999999946e-03
8.630140000000000000e+09	-8.380993899999999650e-03	3.514746300000000118e-03
8.630170000000000000e+09	-8.397409200000000712e-03	3.625947200000000092e-03
8.630200000000000000e+09	-8.367144999999999444e-03	3.712472799999999920e-03
8.630230000000000000e+09	-8.291506199999999771e-03	3.790000999999999873e-03
8.630260000000000000e+09	-8.251940200000000211e-03	3.887973400000000000e-03
8.630290000000000000e+09	-8.183146900000000390e-03	3.995477800000000156e-03
8.630320000000000000e+09	-8.153404700000000185e-03	4.083066599999999984e-03
8.630350000000000000e+09	-8.087777900000000728e-03	4.189371699999999699e-03
8.630380000000000000e+09	-8.055919099999999528e-03	4.268235399999999700e-03
8.630410000000000000e+09	-7.991096799999999889e-03	4.368314800000000150e-03
8.630440000000000000e+09	-7.951416500000000817e-03	4.450895600000000056e-03
8.630470000000000000e+09	-7.887390100000000667e-03	4.548947599999999571e-03
8.630500000000000000e+09	-7.835490699999999448e-03	4.645630900000000292e-03
8.630530000000000000e+09	-7.795636899999999758e-03	4.731201499999999720e-03
8.630560000000000000e+09	-7.721662300000000333e-03	4.815047099999999851e-03
8.630590000000000000e+09	-7.657223299999999996e-03	4.923862999999999678e-03
8.630620000000000000e+09	-7.613738499999999840e-03	4.985604499999999988e-03
8.630650000000000000e+09	-7.536099600000000301e-03	5.091841199999999797e-03
8.630680000000000000e+09	-7.487482099999999766e-03	5.191483799999999614e-03
8.630710000000000000e+09	-7.411112699999999887e-03	5.269408399999999867e-03
8.630740000000000000e+09	-7.364945900000000219e-03	5.360593900000000175e-03
8.630770000000000000e+09	-7.303264999999999757e-03	5.446335400000000201e-03
8.630800000000000000e+09	-7.241297800000000111e-03	5.509083199999999757e-03
8.630830000000000000e+09	-7.153746100000000357e-03	5.598892500000000015e-03
8.630860000000000000e+09	-7.089593100000000404e-03	5.700660500000000359e-03
8.630890000000000000e+09	-7.028265599999999891e-03	5.764242099999999751e-03
8.630920000000000000e+09	-6.970280899999999578e-03	5.876231899999999862e-03
8.630950000000000000e+09	-6.868510999999999887e-03	5.941313299999999818e-03
8.630980000000000000e+09	-6.809404100000000272e-03	6.035094099999999996e-03
8.631010000000000000e+09	-6.743462500000000151e-03	6.131442699999999774e-03
8.631040000000000000e+09	-6.664401300000000021e-03	6.192774199999999916e-03
8.631070000000000000e+09	-6.590472099999999597e-03	6.265376300000000120e-03
8.631100000000000000e+09	-6.524931999999999781e-03	6.353918800000000339e-03
8.631130000000000000e+09	-6.433944900000000341e-03	6.427606100000000239e-03
8.631160000000000000e+09	-6.355354599999999896e-03	6.485733999999999944e-03
8.631190000000000000e+09	-6.294486499999999915e-03	6.568461000000000265e-03
8.631220000000000000e+09	-6.241862800000000204e-03	6.638002100000000086e-03
8.631250000000000000e+09	-6.142258000000000266e-03	6.725329399999999645e-03
8.631280000000000000e+09	-6.065637599999999796e-03	6.779160700000000025e-03
8.631310000000000000e+09	-5.959744299999999995e-03	6.858225199999999980e-03
8.631340000000000000e+09	-5.888306400000000405e-03	6.957339100000000352e-03
8.631370000000000000e+09	-5.778525799999999907e-03	7.001434400000000093e-03
8.631400000000000000e+09	-5.718651899999999816e-03	7.072487599999999902e-03
8.631430000000000000e+09	-5.643594000000000041e-03	7.145745799999999627e-03
8.631460000000000000e+09	-5.546408400000000204e-03	7.229904700000000344e-03
8.631490000000000000e+09	-5.448792600000000250e-03	7.296703499999999606e-03
8.631520000000000000e+09	-5.351534500000000409e-03	7.356242699999999621e-03
8.631550000000000000e+09	-5.258219700000000413e-03	7.381868399999999900e-03
8.631580000000000000e+09	-5.192639300000000298e-03	7.447786199999999711e-03
8.631610000000000000e+09	-5.110805599999999720e-03	7.521374899999999815e-03
8.631640000000000000e+09	-5.019232499999999944e-03	7.581695000000000274e-03
8.631670000000000000e+09	-4.927204299999999801e-03	7.650672899999999728e-03
8.631700000000000000e+09	-4.840431800000000347e-03	7.694249700000000032e-03
8.631730000000000000e+09	-4.750619999999999669e-03	7.745327100000000235e-03
8.631760000000000000e+09	-4.634486799999999566e-03	7.796449799999999840e-03
8.631790000000000000e+09	-4.561160899999999740e-03	7.852899199999999191e-03
8.631820000000000000e+09	-4.445777500000000319e-03	7.920559900000000500e-03
8.631850000000000000e+09	-4.356889400000000211e-03	7.968100299999999331e-03
8.631880000000000000e+09	-4.244988600000000091e-03	8.019385900000000275e-03
8.631910000000000000e+09	-4.133121800000000290e-03	8.074513700000000849e-03
8.631940000000000000e+09	-4.044077600000000293e-03	8.097392999999999605e-03
8.631970000000000000e+09	-3.958384700000000360e-03	8.173869400000000410e-03
8.632000000000000000e+09	-3.851783599999999887e-03	8.208424100000000223e-03
8.632030000000000000e+09	-3.760475599999999873e-03	8.262312900000000696e-03
8.632060000000000000e+09	-3.660147299999999982e-03	8.297038200000000571e-03
8.632090000000000000e+09	-3.530703499999999790e-03	8.336341599999999921e-03
8.632120000000000000e+09	-3.460437099999999835e-03	8.382997600000000743e-03
8.632150000000000000e+09	-3.336768300000000041e-03	8.422321199999999175e-03
8.632180000000000000e+09	-3.208690799999999992e-03	8.452625999999999543e-03
8.632210000000000000e+09	-3.155336300000000007e-03	8.497073500000000557e-03
8.632240000000000000e+09	-3.017126099999999783e-03	8.525784399999999930e-03
8.632270000000000000e+09	-2.934593300000000200e-03	8.587278000000000272e-03
8.632300000000000000e+09	-2.831840899999999838e-03	8.624173199999999803e-03
8.632330000000000000e+09	-2.721080700000000092e-03	8.623035399999999517e-03
8.632360000000000000e+09	-2.612657400000000137e-03	8.644851000000000271e-03
8.632390000000000000e+09	-2.489115000000000077e-03	8.683429499999999190e-03
8.632420000000000000e+09	-2.408983700000000196e-03	8.716233900000000187e-03
8.632450000000000000e+09	-2.268490800000000016e-03	8.739916000000000351e-03
8.632480000000000000e+09	-2.164751700000000154e-03	8.748051099999999344e-03
8.632510000000000000e+09	-2.053722999999999920e-03	8.794211999999999169e-03
8.632540000000000000e+09	-1.967201799999999858e-03	8.829699599999999218e-03
8.632570000000000000e+09	-1.840576000000000018e-03	8.849528699999999540e-03
8.632600000000000000e+09	-1.719009099999999892e-03	8.873291700000000837e-03
8.632630000000000000e+09	-1.623440600000000070e-03	8.862864800000000085e-03
8.632660000000000000e+09	-1.518085400000000100e-03	8.905922499999999881e-03
8.632690000000000000e+09	-1.392928699999999896e-03	8.896043799999999585e-03
8.632720000000000000e+09	-1.305843199999999959e-03	8.923357300000000353e-03
8.632750000000000000e+09	-1.171783600000000014e-03	8.939300199999999919e-03
8.632780000000000000e+09	-1.056437099999999948e-03	8.945554899999999532e-03
8.632810000000000000e+09	-9.582138999999999501e-04	8.953469900000000231e-03
8.632840000000000000e+09	-8.584620000000000488e-04	8.940185899999999672e-03
8.632870000000000000e+09	-7.434116000000000161e-04	8.956432500000000019e-03
8.632900000000000000e+09	-6.320256000000000225e-04	8.971596999999999558e-03
8.632930000000000000e+09	-4.985316999999999960e-04	8.970544999999999908e-03
8.632960000000000000e+09	-3.936136999999999817e-04	8.974357000000000514e-03
8.632990000000000000e+09	-2.981015000000000054e-04	8.998326299999999736e-03
8.633020000000000000e+09	-1.687584000000000002e-04	8.972799300000000589e-03
8.633050000000000000e+09	-6.384530000000000348e-05	8.969393799999999389e-03
8.633080000000000000e+09	3.844679999999999924e-05	8.975607400000000166e-03
8.633110000000000000e+09	1.555608999999999898e-04	8.963456899999999727e-03
8.633140000000000000e+09	2.744050000000000265e-04	8.978565799999999389e-03
8.633170000000000000e+09	3.749199999999999950e-04	8.966577700000000553e-03
8.633200000000000000e+09	4.929176999999999647e-04	8.965588300000000566e-03
8.633230000000000000e+09	6.096521999999999835e-04	8.968141299999999455e-03
8.633260000000000000e+09	6.977967000000000067e-04	8.914023099999999686e-03
8.633290000000000000e+09	8.278670000000000343e-04	8.907295600000000174e-03
8.633320000000000000e+09	9.543028999999999531e-04	8.892929000000000805e-03
8.633350000000000000e+09	1.051110999999999972e-03	8.888537900000000047e-03
8.633380000000000000e+09	1.163223899999999995e-03	8.880794500000000619e-03
8.633410000000000000e+09	1.267725599999999916e-03	8.838271300000000510e-03
8.633440000000000000e+09	1.386824100000000077e-03	8.813753000000000559e-03
8.633470000000000000e+09	1.487425699999999924e-03	8.823212400000000552e-03
8.633500000000000000e+09	1.623103600000000077e-03	8.767173300000000169e-03
8.633530000000000000e+09	1.729802500000000073e-03	8.741356699999999411e-03
8.633560000000000000e+09	1.837696100000000025e-03	8.743014500000000078e-03
8.633590000000000000e+09	1.948929999999999977e-03	8.675922100000000442e-03
8.633620000000000000e+09	2.065998600000000084e-03	8.673774000000000414e-03
8.633650000000000000e+09	2.177303800000000063e-03	8.651288800000000306e-03
8.633680000000000000e+09	2.263701099999999942e-03	8.605711999999999737e-03
8.633710000000000000e+09	2.385633800000000124e-03	8.568863399999999617e-03
8.633740000000000000e+09	2.494201900000000017e-03	8.549809000000000228e-03
8.633770000000000000e+09	2.610634200000000200e-03	8.491623400000000363e-03
8.633800000000000000e+09	2.703568200000000012e-03	8.471697800000000528e-03
8.633830000000000000e+09	2.808515399999999846e-03	8.394463499999999315e-03
8.633860000000000000e+09	2.924334900000000095e-03	8.356049200000000010e-03
8.633890000000000000e+09	3.035760199999999829e-03	8.313456599999999655e-03
8.633920000000000000e+09	3.130537200000000145e-03	8.295054399999999759e-03
8.633950000000000000e+09	3.231320800000000038e-03	8.245698500000000694e-03
8.633980000000000000e+09	3.318437500000000207e-03	8.184692400000000492e-03
8.634010000000000000e+09	3.436035699999999849e-03	8.131564200000000048e-03
8.634040000000000000e+09	3.541421099999999926e-03	8.079239400000000348e-03
8.634070000000000000e+09	3.649255299999999789e-03	8.040566400000000863e-03
8.634100000000000000e+09	3.763859699999999846e-03	7.983898600000000761e-03
8.634130000000000000e+09	3.871342700000000078e-03	7.932908600000000005e-03
8.634160000000000000e+09	3.969341399999999631e-03	7.877114200000000233e-03
8.634190000000000000e+09	4.058291999999999802e-03	7.808433400000000177e-03
8.634220000000000000e+09	4.158256100000000399e-03	7.747177099999999657e-03
8.634250000000000000e+09	4.258761100000000265e-03	7.693134400000000046e-03
8.634280000000000000e+09	4.355134800000000361e-03	7.608272299999999794e-03
8.634310000000000000e+09	4.462400800000000320e-03	7.553875899999999699e-03
8.634340000000000000e+09	4.545125199999999754e-03	7.481511899999999590e-03
8.634370000000000000e+09	4.654229299999999847e-03	7.435158199999999940e-03
8.634400000000000000e+09	4.744967800000000381e-03	7.355963800000000358e-03
8.634430000000000000e+09	4.831417400000000313e-03	7.252843200000000205e-03
8.634460000000000000e+09	4.935807000000000389e-03	7.210203999999999572e-03
8.634490000000000000e+09	5.025476499999999812e-03	7.125465699999999902e-03
8.634520000000000000e+09	5.107539999999999823e-03	7.052941499999999808e-03
8.634550000000000000e+09	5.172577599999999588e-03	6.992806100000000316e-03
8.634580000000000000e+09	5.279652200000000198e-03	6.881312700000000344e-03
8.634610000000000000e+09	5.369542899999999591e-03	6.840507499999999748e-03
8.634640000000000000e+09	5.435686500000000074e-03	6.728048200000000430e-03
8.634670000000000000e+09	5.549395599999999706e-03	6.670570399999999935e-03
8.634700000000000000e+09	5.611671599999999704e-03	6.571322000000000101e-03
8.634730000000000000e+09	5.709621500000000398e-03	6.482767999999999864e-03
8.634760000000000000e+09	5.792334100000000145e-03	6.396200900000000196e-03
8.634790000000000000e+09	5.868273599999999576e-03	6.313706599999999863e-03
8.634820000000000000e+09	5.947222000000000272e-03	6.215136399999999714e-03
8.634850000000000000e+09	6.024556200000000424e-03	6.120898999999999958e-03
8.634880000000000000e+09	6.102198799999999923e-03	6.030453899999999728e-03
8.634910000000000000e+09	6.177463200000000293e-03	5.930536900000000014e-03
8.634940000000000000e+09	6.257407000000000420e-03	5.859781399999999807e-03
8.634970000000000000e+09	6.315458300000000025e-03	5.737055700000000258e-03
8.635000000000000000e+09	6.386000799999999589e-03	5.649481500000000204e-03
8.635030000000000000e+09	6.461716099999999761e-03	5.521829600000000005e-03
8.635060000000000000e+09	6.518074900000000310e-03	5.438424300000000398e-03
8.635090000000000000e+09	6.591742799999999666e-03	5.347895899999999952e-03
8.635120000000000000e+09	6.663852100000000091e-03	5.256649599999999728e-03
8.635150000000000000e+09	6.705990499999999951e-03	5.140264400000000428e-03
8.635180000000000000e+09	6.773590000000000340e-03	5.031543099999999900e-03
8.635210000000000000e+09	6.832623399999999611e-03	4.941941299999999711e-03
8.635240000000000000e+09	6.886511799999999947e-03	4.825541400000000168e-03
8.635270000000000000e+09	6.924156800000000160e-03	4.726136199999999774e-03
8.635300000000000000e+09	6.999817799999999597e-03	4.593866999999999742e-03
8.635330000000000000e+09	7.007219299999999963e-03	4.506390499999999612e-03
8.635360000000000000e+09	7.086857400000000362e-03	4.378051899999999864e-03
8.635390000000000000e+09	7.137568300000000053e-03	4.256680199999999734e-03
8.635420000000000000e+09	7.194583800000000327e-03	4.134648200000000384e-03
8.635450000000000000e+09	7.213239199999999830e-03	4.062551200000000251e-03
8.635480000000000000e+09	7.246341899999999767e-03	3.944689000000000355e-03
8.635510000000000000e+09	7.310030900000000220e-03	3.809856500000000090e-03
8.635540000000000000e+09	7.335582000000000213e-03	3.704541100000000031e-03
8.635570000000000000e+09	7.360184500000000254e-03	3.591004599999999842e-03
8.635600000000000000e+09	7.419372300000000135e-03	3.488902700000000127e-03
8.635630000000000000e+09	7.418827299999999902e-03	3.324783200000000060e-03
8.635660000000000000e+09	7.482157500000000301e-03	3.261885099999999992e-03
8.635690000000000000e+09	7.474875199999999817e-03	3.137252300000000198e-03
8.635720000000000000e+09	7.496793300000000396e-03	3.002825000000000199e-03
8.635750000000000000e+09	7.520624499999999796e-03	2.868917700000000147e-03
8.635780000000000000e+09	7.516094600000000278e-03	2.777531199999999818e-03
8.635810000000000000e+09	7.554983300000000027e-03	2.632124799999999848e-03
8.635840000000000000e+09	7.569846400000000003e-03	2.498363899999999846e-03
8.635870000000000000e+09	7.574846399999999799e-03	2.376403400000000159e-03
8.635900000000000000e+09	7.586600599999999972e-03	2.257409000000000152e-03
8.635930000000000000e+09	7.560538799999999733e-03	2.143182899999999860e-03
8.635960000000000000e+09	7.573180199999999737e-03	2.024244299999999799e-03
8.635990000000000000e+09	7.578813700000000021e-03	1.874954100000000108e-03
8.636020000000000000e+09	7.576575299999999992e-03	1.790154300000000066e-03
8.636050000000000000e+09	7.570569600000000288e-03	1.669773399999999967e-03
8.636080000000000000e+09	7.579247199999999962e-03	1.532121700000000026e-03
8.636110000000000000e+09	7.550738500000000152e-03	1.437841800000000088e-03
8.636140000000000000e+09	7.554520700000000137e-03	1.297211099999999971e-03
8.636170000000000000e+09	7.520366100000000151e-03	1.173258499999999893e-03
8.636200000000000000e+09	7.506521099999999974e-03	1.072559199999999907e-03
8.636230000000000000e+09	7.474242699999999670e-03	9.561629999999999999e-04
8.636260000000000000e+09	7.473543000000000026e-03	8.221679999999999657e-04
8.636290000000000000e+09	7.448873899999999826e-03	7.272497000000000380e-04
8.636320000000000000e+09	7.394181599999999875e-03	5.933289000000000445e-04
8.636350000000000000e+09	7.364405600000000288e-03	4.695050999999999782e-04
8.636380000000000000e+09	7.361571199999999982e-03	3.638703999999999984e-04
8.636410000000000000e+09	7.278130499999999579e-03	2.214143000000000122e-04
8.636440000000000000e+09	7.250729899999999901e-03	1.309212000000000028e-04
8.636470000000000000e+09	7.211703499999999600e-03	1.777899999999999952e-06
8.636500000000000000e+09	7.155785300000000113e-03	-1.011248999999999980e-04
8.636530000000000000e+09	7.122217499999999868e-03	-2.131238999999999942e-04
8.636560000000000000e+09	7.073559899999999970e-03	-2.831827999999999884e-04
8.636590000000000000e+09	7.030520999999999646e-03	-4.116812000000000184e-04
8.636620000000000000e+09	6.967293999999999744e-03	-4.913704000000000075e-04
8.636650000000000000e+09	6.914218500000000357e-03	-6.121838999999999580e-04
8.636680000000000000e+09	6.833893500000000343e-03	-6.915108000000000539e-04
8.636710000000000000e+09	6.783463400000000129e-03	-8.017130000000000133e-04
8.636740000000000000e+09	6.717016000000000132e-03	-9.001007999999999796e-04
8.636770000000000000e+09	6.625137100000000161e-03	-9.744419999999999514e-04
8.636800000000000000e+09	6.567789299999999761e-03	-1.103691800000000016e-03
8.636830000000000000e+09	6.497520399999999821e-03	-1.152479099999999907e-03
8.636860000000000000e+09	6.400364399999999669e-03	-1.232671799999999910e-03
8.636890000000000000e+09	6.360996699999999643e-03	-1.311608199999999983e-03
8.636920000000000000e+09	6.257858100000000291e-03	-1.402704500000000014e-03
8.636950000000000000e+09	6.191549600000000389e-03	-1.475283800000000032e-03
8.636980000000000000e+09	6.105957000000000398e-03	-1.525139399999999928e-03
8.637010000000000000e+09	6.027038699999999992e-03	-1.602385299999999893e-03
8.637040000000000000e+09	5.929244799999999586e-03	-1.690719200000000101e-03
8.637070000000000000e+09	5.840468300000000237e-03	-1.742948000000000023e-03
8.637100000000000000e+09	5.748094199999999668e-03	-1.810182700000000046e-03
8.637130000000000000e+09	5.670435399999999848e-03	-1.878103400000000027e-03
8.637160000000000000e+09	5.592957200000000031e-03	-1.909643900000000021e-03
8.637190000000000000e+09	5.520143100000000393e-03	-1.970300899999999789e-03
8.637220000000000000e+09	5.425284699999999641e-03	-2.003948599999999958e-03
8.637250000000000000e+09	5.312750100000000232e-03	-2.063770400000000064e-03
8.637280000000000000e+09	5.223000099999999812e-03	-2.104914700000000069e-03
8.637310000000000000e+09	5.119821200000000162e-03	-2.113255000000000081e-03
8.637340000000000000e+09	5.047969700000000046e-03	-2.171546500000000064e-03
8.637370000000000000e+09	4.956359100000000059e-03	-2.186903400000000160e-03
8.637400000000000000e+09	4.859732400000000424e-03	-2.204125999999999828e-03
8.637430000000000000e+09	4.769945099999999862e-03	-2.236900999999999907e-03
8.637460000000000000e+09	4.691872799999999982e-03	-2.239740599999999818e-03
8.637490000000000000e+09	4.584919300000000336e-03	-2.264574000000000101e-03
8.637520000000000000e+09	4.532208700000000048e-03	-2.271932700000000183e-03
8.637550000000000000e+09	4.438340600000000025e-03	-2.279512300000000134e-03
8.637580000000000000e+09	4.325711999999999786e-03	-2.284533699999999855e-03
8.637610000000000000e+09	4.261543500000000186e-03	-2.297188099999999955e-03
8.637640000000000000e+09	4.158548199999999827e-03	-2.289991900000000209e-03
8.637670000000000000e+09	4.075390699999999720e-03	-2.303513300000000191e-03
8.637700000000000000e+09	4.031011999999999616e-03	-2.275042799999999962e-03
8.637730000000000000e+09	3.946200599999999739e-03	-2.249932000000000060e-03
8.637760000000000000e+09	3.870445599999999906e-03	-2.260192900000000150e-03
8.637790000000000000e+09	3.792242600000000127e-03	-2.270715899999999846e-03
8.637820000000000000e+09	3.705726999999999806e-03	-2.213491900000000030e-03
8.637850000000000000e+09	3.658954900000000159e-03	-2.184047000000000158e-03
8.637880000000000000e+09	3.605767000000000173e-03	-2.166701500000000214e-03
8.637910000000000000e+09	3.530418000000000011e-03	-2.133828200000000008e-03
8.637940000000000000e+09	3.456259399999999857e-03	-2.111431100000000019e-03
8.637970000000000000e+09	3.422934500000000043e-03	-2.070233600000000087e-03
8.638000000000000000e+09	3.364921999999999792e-03	-2.061033600000000080e-03
8.638030000000000000e+09	3.325569300000000110e-03	-2.014857499999999843e-03
8.638060000000000000e+09	3.253663099999999989e-03	-1.999376199999999826e-03
8.638090000000000000e+09	3.196824300000000122e-03	-1.956861399999999980e-03
8.638120000000000000e+09	3.183318000000000085e-03	-1.910056399999999956e-03
8.638150000000000000e+09	3.126553499999999968e-03	-1.888486200000000052e-03
8.638180000000000000e+09	3.102445399999999819e-03	-1.849575999999999911e-03
8.638210000000000000e+09	3.074743500000000178e-03	-1.791360600000000075e-03
8.638240000000000000e+09	3.060091300000000129e-03	-1.747473100000000073e-03
8.638270000000000000e+09	3.009865300000000125e-03	-1.711712200000000067e-03
8.638300000000000000e+09	2.992925999999999920e-03	-1.670583499999999961e-03
8.638330000000000000e+09	2.978305300000000204e-03	-1.623503099999999916e-03
8.638360000000000000e+09	2.945864900000000168e-03	-1.597880000000000090e-03
8.638390000000000000e+09	2.932304000000000160e-03	-1.572654900000000026e-03
8.638420000000000000e+09	2.955150000000000138e-03	-1.499476100000000055e-03
8.638450000000000000e+09	2.931682299999999793e-03	-1.494875199999999961e-03
8.638480000000000000e+09	2.916089199999999815e-03	-1.448937200000000036e-03
8.638510000000000000e+09	2.906273100000000050e-03	-1.403379800000000011e-03
8.638540000000000000e+09	2.906063200000000030e-03	-1.353324599999999921e-03
8.638570000000000000e+09	2.890682199999999955e-03	-1.336156100000000053e-03
8.638600000000000000e+09	2.950949999999999927e-03	-1.296676399999999998e-03
8.638630000000000000e+09	2.932841700000000072e-03	-1.263815200000000015e-03
8.638660000000000000e+09	2.950901900000000005e-03	-1.213080299999999946e-03
8.638690000000000000e+09	2.963236199999999803e-03	-1.187188100000000079e-03
8.638720000000000000e+09	2.951975999999999819e-03	-1.183168500000000021e-03
8.638750000000000000e+09	3.000731700000000210e-03	-1.138415899999999916e-03
8.638780000000000000e+09	3.024618599999999956e-03	-1.133465599999999938e-03
8.638810000000000000e+09	3.035719699999999896e-03	-1.090805899999999903e-03
8.638840000000000000e+09	3.082982699999999975e-03	-1.072159199999999897e-03
8.638870000000000000e+09	3.075811999999999817e-03	-1.073595199999999956e-03
8.638900000000000000e+09	3.099161999999999924e-03	-1.042072499999999961e-03
8.638930000000000000e+09	3.137947099999999906e-03	-1.029940600000000010e-03
8.638960000000000000e+09	3.173386900000000135e-03	-1.019018299999999893e-03
8.638990000000000000e+09	3.208300400000000004e-03	-1.015232000000000027e-03
8.639020000000000000e+09	3.232644199999999864e-03	-9.853242999999999811e-04
8.639050000000000000e+09	3.265903399999999825e-03	-9.931127000000000097e-04
8.639080000000000000e+09	3.304405700000000081e-03	-1.006094300000000014e-03
8.639110000000000000e+09	3.329226800000000073e-03	-9.855413000000000368e-04
8.639140000000000000e+09	3.365191000000000016e-03	-9.757563999999999604e-04
8.639170000000000000e+09	3.397067599999999913e-03	-1.001005500000000078e-03
8.639200000000000000e+09	3.439632099999999793e-03	-9.960268999999999893e-04
8.639230000000000000e+09	3.483284899999999993e-03	-1.011987399999999919e-03
8.639260000000000000e+09	3.500487699999999848e-03	-1.006450199999999948e-03
8.639290000000000000e+09	3.558028700000000211e-03	-1.022244799999999900e-03
8.639320000000000000e+09	3.606039299999999788e-03	-1.038082700000000089e-03
8.639350000000000000e+09	3.611017399999999922e-03	-1.051728399999999957e-03
8.639380000000000000e+09	3.667961700000000203e-03	-1.083493399999999962e-03
8.639410000000000000e+09	3.703294199999999838e-03	-1.097005799999999911e-03
8.639440000000000000e+09	3.763757500000000124e-03	-1.123279499999999985e-03
8.639470000000000000e+09	3.790971000000000184e-03	-1.153637099999999926e-03
8.639500000000000000e+09	3.813324600000000085e-03	-1.167316399999999976e-03
8.639530000000000000e+09	3.841853699999999913e-03	-1.190519599999999897e-03
8.639560000000000000e+09	3.900900799999999953e-03	-1.240788199999999898e-03
8.639590000000000000e+09	3.925249199999999647e-03	-1.252152899999999956e-03
8.639620000000000000e+09	3.954973100000000116e-03	-1.261703000000000087e-03
8.639650000000000000e+09	3.967347399999999677e-03	-1.332863600000000091e-03
8.639680000000000000e+09	4.004383400000000384e-03	-1.374833599999999989e-03
8.639710000000000000e+09	4.057058300000000207e-03	-1.402727600000000085e-03
8.639740000000000000e+09	4.084619599999999608e-03	-1.446405300000000102e-03
8.639770000000000000e+09	4.120842999999999902e-03	-1.505754300000000092e-03
8.639800000000000000e+09	4.137046099999999726e-03	-1.513621599999999921e-03
8.639830000000000000e+09	4.167456899999999811e-03	-1.597823200000000020e-03
8.639860000000000000e+09	4.202951299999999578e-03	-1.620372599999999903e-03
8.639890000000000000e+09	4.224281699999999674e-03	-1.661829600000000072e-03
8.639920000000000000e+09	4.247034799999999631e-03	-1.730509099999999901e-03
8.639950000000000000e+09	4.270457000000000072e-03	-1.776483300000000027e-03
8.639980000000000000e+09	4.289837099999999938e-03	-1.839166599999999922e-03
8.640010000000000000e+09	4.303640899999999943e-03	-1.877468900000000065e-03
8.640040000000000000e+09	4.322612899999999855e-03	-1.930546599999999986e-03
8.640070000000000000e+09	4.334566800000000039e-03	-1.986641600000000132e-03
8.640100000000000000e+09	4.354468400000000364e-03	-2.029184500000000019e-03
8.640130000000000000e+09	4.389208900000000219e-03	-2.106242500000000094e-03
8.640160000000000000e+09	4.412629700000000182e-03	-2.148742899999999800e-03
8.640190000000000000e+09	4.398525900000000224e-03	-2.224412399999999967e-03
8.640220000000000000e+09	4.428999700000000109e-03	-2.288391099999999897e-03
8.640250000000000000e+09	4.420147000000000138e-03	-2.347631399999999900e-03
8.640280000000000000e+09	4.433834099999999813e-03	-2.424511399999999990e-03
8.640310000000000000e+09	4.457043800000000215e-03	-2.471216000000000038e-03
8.640340000000000000e+09	4.461610199999999603e-03	-2.544348899999999969e-03
8.640370000000000000e+09	4.481088999999999732e-03	-2.607291700000000101e-03
8.640400000000000000e+09	4.448965400000000174e-03	-2.673190099999999802e-03
8.640430000000000000e+09	4.451725200000000195e-03	-2.722765199999999889e-03
8.640460000000000000e+09	4.473566899999999874e-03	-2.795043300000000196e-03
8.640490000000000000e+09	4.444896700000000068e-03	-2.884079800000000169e-03
8.640520000000000000e+09	4.445777100000000183e-03	-2.908526199999999888e-03
8.640550000000000000e+09	4.452304800000000083e-03	-2.998899499999999919e-03
8.640580000000000000e+09	4.435866600000000319e-03	-3.073736799999999929e-03
8.640610000000000000e+09	4.441029699999999789e-03	-3.136139899999999901e-03
8.640640000000000000e+09	4.413702499999999987e-03	-3.220657400000000170e-03
8.640670000000000000e+09	4.420667199999999721e-03	-3.276670900000000063e-03
8.640700000000000000e+09	4.396739499999999939e-03	-3.325845999999999924e-03
8.640730000000000000e+09	4.379221600000000186e-03	-3.412159699999999917e-03
8.640760000000000000e+09	4.378231899999999663e-03	-3.460860499999999802e-03
8.640790000000000000e+09	4.366376100000000406e-03	-3.573156400000000212e-03
8.640820000000000000e+09	4.361372100000000113e-03	-3.615632200000000202e-03
8.640850000000000000e+09	4.326353899999999669e-03	-3.689700199999999819e-03
8.640880000000000000e+09	4.290244099999999949e-03	-3.764173999999999905e-03
8.640910000000000000e+09	4.267473800000000199e-03	-3.827121100000000203e-03
8.640940000000000000e+09	4.224491200000000425e-03	-3.882313200000000152e-03
8.640970000000000000e+09	4.217887299999999694e-03	-3.939028100000000268e-03
8.641000000000000000e+09	4.206405199999999935e-03	-4.012792999999999742e-03
8.641030000000000000e+09	4.175346199999999987e-03	-4.103517899999999975e-03
8.641060000000000000e+09	4.134951700000000230e-03	-4.136584599999999778e-03
8.641090000000000000e+09	4.083893199999999966e-03	-4.240361399999999920e-03
8.641120000000000000e+09	4.092271599999999961e-03	-4.287041499999999852e-03
8.641150000000000000e+09	4.038109199999999864e-03	-4.343908799999999897e-03
8.641180000000000000e+09	4.013407600000000290e-03	-4.435330700000000154e-03
8.641210000000000000e+09	3.971315700000000240e-03	-4.487794199999999879e-03
8.641240000000000000e+09	3.923794100000000014e-03	-4.557958600000000179e-03
8.641270000000000000e+09	3.905965200000000026e-03	-4.615456700000000224e-03
8.641300000000000000e+09	3.860331199999999900e-03	-4.682587700000000012e-03
8.641330000000000000e+09	3.802395799999999920e-03	-4.750251500000000210e-03
8.641360000000000000e+09	3.762954299999999880e-03	-4.828731000000000169e-03
8.641390000000000000e+09	3.725556699999999898e-03	-4.878023900000000301e-03
8.641420000000000000e+09	3.665270100000000020e-03	-4.948147899999999835e-03
8.641450000000000000e+09	3.608324200000000061e-03	-4.985260299999999707e-03
8.641480000000000000e+09	3.581814799999999844e-03	-5.071417100000000407e-03
8.641510000000000000e+09	3.520386700000000153e-03	-5.116119899999999575e-03
8.641540000000000000e+09	3.473275000000000060e-03	-5.187521300000000161e-03
8.641570000000000000e+09	3.436802000000000086e-03	-5.234007700000000395e-03
8.641600000000000000e+09	3.383963299999999917e-03	-5.296531400000000292e-03
8.641630000000000000e+09	3.316257100000000006e-03	-5.347100399999999733e-03
8.641660000000000000e+09	3.277624900000000122e-03	-5.385189799999999700e-03
8.641690000000000000e+09	3.210289299999999953e-03	-5.456636400000000088e-03
8.641720000000000000e+09	3.160190599999999992e-03	-5.527919800000000335e-03
8.641750000000000000e+09	3.086688299999999861e-03	-5.588606799999999708e-03
8.641780000000000000e+09	3.031330499999999786e-03	-5.647113399999999749e-03
8.641810000000000000e+09	2.973598899999999913e-03	-5.661911099999999974e-03
8.641840000000000000e+09	2.927300099999999902e-03	-5.733946400000000318e-03
8.641870000000000000e+09	2.842983199999999950e-03	-5.807271200000000203e-03
8.641900000000000000e+09	2.794197899999999873e-03	-5.844477199999999900e-03
8.641930000000000000e+09	2.741226499999999990e-03	-5.901331899999999984e-03
8.641960000000000000e+09	2.679804300000000142e-03	-5.932170500000000235e-03
8.641990000000000000e+09	2.592426499999999842e-03	-5.971337200000000241e-03
8.642020000000000000e+09	2.542441199999999953e-03	-6.022473000000000409e-03
8.642050000000000000e+09	2.488696700000000116e-03	-6.071300400000000097e-03
8.642080000000000000e+09	2.408034600000000074e-03	-6.103503300000000242e-03
8.642110000000000000e+09	2.340177200000000211e-03	-6.153693800000000283e-03
8.642140000000000000e+09	2.272718700000000199e-03	-6.219726699999999879e-03
8.642170000000000000e+09	2.223876300000000167e-03	-6.269794799999999814e-03
8.642200000000000000e+09	2.128632200000000162e-03	-6.282103199999999887e-03
8.642230000000000000e+09	2.064816900000000007e-03	-6.314880400000000282e-03
8.642260000000000000e+09	1.993683799999999839e-03	-6.382364199999999814e-03
8.642290000000000000e+09	1.908493600000000026e-03	-6.391228399999999803e-03
8.642320000000000000e+09	1.838742800000000037e-03	-6.444141399999999721e-03
8.642350000000000000e+09	1.779668000000000092e-03	-6.470575800000000384e-03
8.642380000000000000e+09	1.709827199999999986e-03	-6.512241499999999947e-03
8.642410000000000000e+09	1.623174000000000014e-03	-6.565392899999999629e-03
8.642440000000000000e+09	1.557506699999999973e-03	-6.566910300000000124e-03
8.642470000000000000e+09	1.476260199999999924e-03	-6.617980499999999607e-03
8.642500000000000000e+09	1.397404699999999899e-03	-6.633919799999999679e-03
8.642530000000000000e+09	1.310926000000000018e-03	-6.657574900000000177e-03
8.642560000000000000e+09	1.238079200000000071e-03	-6.692657200000000361e-03
8.642590000000000000e+09	1.180368399999999918e-03	-6.719851100000000244e-03
8.642620000000000000e+09	1.064985799999999903e-03	-6.781142199999999620e-03
8.642650000000000000e+09	1.020066499999999982e-03	-6.796388799999999834e-03
8.642680000000000000e+09	9.267910999999999771e-04	-6.783459999999999837e-03
8.642710000000000000e+09	8.457157999999999776e-04	-6.832314600000000127e-03
8.642740000000000000e+09	7.739230999999999628e-04	-6.856394299999999699e-03
8.642770000000000000e+09	7.054531000000000170e-04	-6.874731700000000049e-03
8.642800000000000000e+09	6.000855999999999725e-04	-6.894333899999999758e-03
8.642830000000000000e+09	5.382294000000000141e-04	-6.927616900000000029e-03
8.642860000000000000e+09	4.637304000000000079e-04	-6.939686999999999939e-03
8.642890000000000000e+09	3.611012000000000249e-04	-6.961902199999999916e-03
8.642920000000000000e+09	2.900342000000000089e-04	-6.976625299999999856e-03
8.642950000000000000e+09	1.873052999999999903e-04	-6.971084599999999992e-03
8.642980000000000000e+09	1.222188000000000029e-04	-7.002097799999999934e-03
8.643010000000000000e+09	3.330180000000000022e-05	-6.991156400000000243e-03
8.643040000000000000e+09	-7.152340000000000032e-05	-7.014488699999999952e-03
8.643070000000000000e+09	-1.358063000000000011e-04	-7.030188599999999920e-03
8.643100000000000000e+09	-2.088288999999999955e-04	-7.026651000000000077e-03
8.643130000000000000e+09	-2.939109999999999986e-04	-7.055880199999999686e-03
8.643160000000000000e+09	-3.972347000000000204e-04	-7.038804200000000136e-03
8.643190000000000000e+09	-4.754456999999999802e-04	-7.065661099999999591e-03
8.643220000000000000e+09	-5.560819000000000265e-04	-7.075289299999999899e-03
8.643250000000000000e+09	-6.461445999999999596e-04	-7.070237099999999650e-03
8.643280000000000000e+09	-7.278404999999999511e-04	-7.051654400000000218e-03
8.643310000000000000e+09	-8.144998000000000515e-04	-7.066761000000000396e-03
8.643340000000000000e+09	-9.269096000000000540e-04	-7.073048000000000182e-03
8.643370000000000000e+09	-1.009050600000000039e-03	-7.072396899999999764e-03
8.643400000000000000e+09	-1.086857699999999906e-03	-7.064207099999999899e-03
8.643430000000000000e+09	-1.149935200000000001e-03	-7.065412899999999954e-03
8.643460000000000000e+09	-1.253777300000000075e-03	-7.052907899999999626e-03
8.643490000000000000e+09	-1.323898100000000036e-03	-7.050714700000000265e-03
8.643520000000000000e+09	-1.413112000000000005e-03	-7.044558000000000243e-03
8.643550000000000000e+09	-1.516662100000000036e-03	-7.051314999999999840e-03
8.643580000000000000e+09	-1.572978899999999923e-03	-7.047742499999999806e-03
8.643610000000000000e+09	-1.658140700000000026e-03	-7.012072700000000075e-03
8.643640000000000000e+09	-1.747063999999999995e-03	-7.005824299999999574e-03
8.643670000000000000e+09	-1.847868300000000009e-03	-7.000641699999999960e-03
8.643700000000000000e+09	-1.912627799999999916e-03	-6.976902999999999577e-03
8.643730000000000000e+09	-2.024455300000000194e-03	-6.972277800000000088e-03
8.643760000000000000e+09	-2.112708500000000204e-03	-6.940575200000000111e-03
8.643790000000000000e+09	-2.164865399999999895e-03	-6.936292999999999626e-03
8.643820000000000000e+09	-2.274148299999999810e-03	-6.905478199999999685e-03
8.643850000000000000e+09	-2.358225299999999920e-03	-6.882016999999999822e-03
8.643880000000000000e+09	-2.444932600000000126e-03	-6.886677899999999776e-03
8.643910000000000000e+09	-2.531428300000000166e-03	-6.867369100000000372e-03
8.643940000000000000e+09	-2.600266600000000154e-03	-6.843441199999999655e-03
8.643970000000000000e+09	-2.676393899999999874e-03	-6.800895900000000251e-03
8.644000000000000000e+09	-2.768741400000000047e-03	-6.790506200000000041e-03
8.644030000000000000e+09	-2.865750900000000115e-03	-6.785021300000000123e-03
8.644060000000000000e+09	-2.921884000000000026e-03	-6.723918199999999804e-03
8.644090000000000000e+09	-3.049097299999999847e-03	-6.693851100000000262e-03
8.644120000000000000e+09	-3.090754700000000049e-03	-6.660089999999999587e-03
8.644150000000000000e+09	-3.181446799999999939e-03	-6.640381400000000024e-03
8.644180000000000000e+09	-3.282957500000000146e-03	-6.624568100000000417e-03
8.644210000000000000e+09	-3.358048499999999933e-03	-6.570504999999999922e-03
8.644240000000000000e+09	-3.408571600000000201e-03	-6.556944000000000314e-03
8.644270000000000000e+09	-3.508174000000000188e-03	-6.532324699999999748e-03
8.644300000000000000e+09	-3.578261799999999954e-03	-6.482374299999999617e-03
8.644330000000000000e+09	-3.670389699999999835e-03	-6.461019200000000205e-03
8.644360000000000000e+09	-3.781169999999999930e-03	-6.362127399999999676e-03
8.644390000000000000e+09	-3.827739799999999980e-03	-6.355839900000000153e-03
8.644420000000000000e+09	-3.910210100000000369e-03	-6.321683399999999953e-03
8.644450000000000000e+09	-3.993704399999999967e-03	-6.289215699999999715e-03
8.644480000000000000e+09	-4.047371800000000401e-03	-6.229692600000000420e-03
8.644510000000000000e+09	-4.138821099999999593e-03	-6.207970699999999960e-03
8.644540000000000000e+09	-4.222807799999999702e-03	-6.138313799999999681e-03
8.644570000000000000e+09	-4.296609899999999718e-03	-6.106237300000000139e-03
8.644600000000000000e+09	-4.373564800000000197e-03	-6.053451500000000228e-03
8.644630000000000000e+09	-4.455600500000000269e-03	-6.012988900000000234e-03
8.644660000000000000e+09	-4.541133600000000353e-03	-5.998790199999999573e-03
8.644690000000000000e+09	-4.577785400000000150e-03	-5.917169699999999706e-03
8.644720000000000000e+09	-4.666341699999999870e-03	-5.881059999999999587e-03
8.644750000000000000e+09	-4.720934799999999820e-03	-5.816712199999999992e-03
8.644780000000000000e+09	-4.787689999999999828e-03	-5.778570099999999835e-03
8.644810000000000000e+09	-4.879010900000000338e-03	-5.697209299999999622e-03
8.644840000000000000e+09	-4.935052599999999873e-03	-5.660513300000000365e-03
8.644870000000000000e+09	-5.021092300000000105e-03	-5.611047400000000220e-03
8.644900000000000000e+09	-5.077328499999999613e-03	-5.574235200000000369e-03
8.644930000000000000e+09	-5.160694399999999661e-03	-5.502851199999999644e-03
8.644960000000000000e+09	-5.223284800000000186e-03	-5.465538800000000093e-03
8.644990000000000000e+09	-5.283854900000000028e-03	-5.369200900000000061e-03
8.645020000000000000e+09	-5.358821599999999928e-03	-5.344479400000000206e-03
8.645050000000000000e+09	-5.397337000000000315e-03	-5.279473100000000273e-03
8.645080000000000000e+09	-5.480754600000000212e-03	-5.242691199999999913e-03
8.645110000000000000e+09	-5.544116299999999643e-03	-5.177185200000000015e-03
8.645140000000000000e+09	-5.629484399999999840e-03	-5.103009099999999965e-03
8.645170000000000000e+09	-5.654900299999999699e-03	-5.049646199999999717e-03
8.645200000000000000e+09	-5.731214000000000100e-03	-4.963053400000000392e-03
8.645230000000000000e+09	-5.824825500000000225e-03	-4.911518000000000134e-03
8.645260000000000000e+09	-5.873986799999999717e-03	-4.832475699999999944e-03
8.645290000000000000e+09	-5.923703699999999586e-03	-4.777426900000000289e-03
8.645320000000000000e+09	-5.956640899999999898e-03	-4.717574199999999621e-03
8.645350000000000000e+09	-6.037999300000000159e-03	-4.652746900000000012e-03
8.645380000000000000e+09	-6.100912000000000002e-03	-4.567696599999999767e-03
8.645410000000000000e+09	-6.167002000000000421e-03	-4.516574800000000035e-03
8.645440000000000000e+09	-6.199268200000000034e-03	-4.439314899999999633e-03
8.645470000000000000e+09	-6.269930600000000152e-03	-4.368498299999999841e-03
8.645500000000000000e+09	-6.334098600000000016e-03	-4.299435400000000025e-03
8.645530000000000000e+09	-6.374974700000000070e-03	-4.238789300000000287e-03
8.645560000000000000e+09	-6.426669599999999642e-03	-4.139224399999999644e-03
8.645590000000000000e+09	-6.488678799999999733e-03	-4.094370899999999827e-03
8.645620000000000000e+09	-6.532003599999999972e-03	-4.025631099999999601e-03
8.645650000000000000e+09	-6.599444099999999917e-03	-3.929692900000000128e-03
8.645680000000000000e+09	-6.638872700000000328e-03	-3.840201200000000186e-03
8.645710000000000000e+09	-6.686043800000000294e-03	-3.769114100000000092e-03
8.645740000000000000e+09	-6.735447000000000309e-03	-3.701650199999999974e-03
8.645770000000000000e+09	-6.777545500000000007e-03	-3.649365400000000037e-03
8.645800000000000000e+09	-6.813125899999999610e-03	-3.562924900000000172e-03
8.645830000000000000e+09	-6.859901800000000119e-03	-3.470904700000000155e-03
8.645860000000000000e+09	-6.903784300000000151e-03	-3.395842599999999815e-03
8.645890000000000000e+09	-6.964574799999999691e-03	-3.335616500000000186e-03
8.645920000000000000e+09	-6.999665999999999874e-03	-3.260112500000000076e-03
8.645950000000000000e+09	-7.037579000000000404e-03	-3.168129699999999802e-03
8.645980000000000000e+09	-7.081700800000000073e-03	-3.080458400000000031e-03
8.646010000000000000e+09	-7.141458100000000302e-03	-3.005280700000000169e-03
8.646040000000000000e+09	-7.173102100000000245e-03	-2.912161400000000053e-03
8.646070000000000000e+09	-7.202888299999999841e-03	-2.848423399999999803e-03
8.646100000000000000e+09	-7.236153399999999646e-03	-2.773101000000000038e-03
8.646130000000000000e+09	-7.261680999999999865e-03	-2.690248000000000118e-03
8.646160000000000000e+09	-7.285245600000000293e-03	-2.600966000000000129e-03
8.646190000000000000e+09	-7.333946400000000178e-03	-2.512556100000000025e-03
8.646220000000000000e+09	-7.357575600000000084e-03	-2.430403499999999987e-03
8.646250000000000000e+09	-7.397821800000000010e-03	-2.353821600000000069e-03
8.646280000000000000e+09	-7.429478800000000049e-03	-2.283417900000000132e-03
8.646310000000000000e+09	-7.466806099999999911e-03	-2.182452200000000158e-03
8.646340000000000000e+09	-7.490942599999999771e-03	-2.071180599999999927e-03
8.646370000000000000e+09	-7.499755900000000183e-03	-1.999180799999999980e-03
8.646400000000000000e+09	-7.535550299999999903e-03	-1.913328800000000003e-03
8.646430000000000000e+09	-7.590162299999999793e-03	-1.830152600000000025e-03
8.646460000000000000e+09	-7.604782400000000171e-03	-1.762345900000000104e-03
8.646490000000000000e+09	-7.612255000000000063e-03	-1.649212699999999965e-03
8.646520000000000000e+09	-7.662386099999999797e-03	-1.585446099999999938e-03
8.646550000000000000e+09	-7.661139499999999707e-03	-1.482479299999999974e-03
8.646580000000000000e+09	-7.683325399999999666e-03	-1.390994999999999905e-03
8.646610000000000000e+09	-7.696813599999999603e-03	-1.330959700000000070e-03
8.646640000000000000e+09	-7.727928499999999964e-03	-1.213110199999999951e-03
8.646670000000000000e+09	-7.710731699999999987e-03	-1.134670699999999971e-03
8.646700000000000000e+09	-7.739994899999999914e-03	-1.044930400000000040e-03
8.646730000000000000e+09	-7.774246900000000154e-03	-9.445620999999999531e-04
8.646760000000000000e+09	-7.767117700000000270e-03	-8.681882999999999831e-04
8.646790000000000000e+09	-7.794571999999999612e-03	-7.849253000000000046e-04
8.646820000000000000e+09	-7.806000900000000312e-03	-6.969867999999999723e-04
8.646850000000000000e+09	-7.795806700000000415e-03	-5.802958999999999678e-04
8.646880000000000000e+09	-7.820375600000000274e-03	-5.049998999999999894e-04
8.646910000000000000e+09	-7.836160300000000536e-03	-4.249470999999999891e-04
8.646940000000000000e+09	-7.828964500000000493e-03	-3.236153999999999984e-04
8.646970000000000000e+09	-7.850217099999999212e-03	-2.183422999999999983e-04
8.647000000000000000e+09	-7.855032600000000712e-03	-1.516250999999999927e-04
8.647030000000000000e+09	-7.863937799999999936e-03	-4.659189999999999686e-05
8.647060000000000000e+09	-7.870298300000000066e-03	4.982469999999999748e-05
8.647090000000000000e+09	-7.864361800000000541e-03	1.099698999999999989e-04
8.647120000000000000e+09	-7.860392900000000641e-03	2.045538000000000065e-04
8.647150000000000000e+09	-7.850230899999999581e-03	3.223270999999999992e-04
8.647180000000000000e+09	-7.848515500000000089e-03	4.204912999999999902e-04
8.647210000000000000e+09	-7.869555500000000037e-03	4.958383999999999925e-04
8.647240000000000000e+09	-7.841989299999999399e-03	5.438472000000000401e-04
8.647270000000000000e+09	-7.845135300000000145e-03	6.756875999999999985e-04
8.647300000000000000e+09	-7.858932600000000102e-03	7.550569999999999504e-04
8.647330000000000000e+09	-7.827365200000000259e-03	8.556842999999999958e-04
8.647360000000000000e+09	-7.834498400000000640e-03	9.330052999999999827e-04
8.647390000000000000e+09	-7.819850099999999318e-03	1.036778500000000089e-03
8.647420000000000000e+09	-7.814056499999999517e-03	1.110244899999999904e-03
8.647450000000000000e+09	-7.813273699999999725e-03	1.210258899999999953e-03
8.647480000000000000e+09	-7.824337500000000389e-03	1.280478299999999927e-03
8.647510000000000000e+09	-7.771506600000000278e-03	1.393002300000000058e-03
8.647540000000000000e+09	-7.781807400000000097e-03	1.474965200000000025e-03
8.647570000000000000e+09	-7.739855300000000014e-03	1.563538900000000040e-03
8.647600000000000000e+09	-7.723475900000000352e-03	1.661399399999999955e-03
8.647630000000000000e+09	-7.728449200000000151e-03	1.746606599999999928e-03
8.647660000000000000e+09	-7.709302399999999611e-03	1.833363599999999951e-03
8.647690000000000000e+09	-7.691706399999999680e-03	1.900671399999999964e-03
8.647720000000000000e+09	-7.663163100000000214e-03	2.017616099999999888e-03
8.647750000000000000e+09	-7.660362000000000421e-03	2.098685700000000112e-03
8.647780000000000000e+09	-7.622976600000000262e-03	2.194754399999999852e-03
8.647810000000000000e+09	-7.594862400000000104e-03	2.287374799999999844e-03
8.647840000000000000e+09	-7.592281600000000408e-03	2.388128599999999983e-03
8.647870000000000000e+09	-7.548985200000000312e-03	2.456721700000000057e-03
8.647900000000000000e+09	-7.512099399999999649e-03	2.534335200000000041e-03
8.647930000000000000e+09	-7.496314700000000254e-03	2.639574300000000102e-03
8.647960000000000000e+09	-7.464973100000000215e-03	2.711321300000000146e-03
8.647990000000000000e+09	-7.453093299999999713e-03	2.809414499999999832e-03
8.648020000000000000e+09	-7.424062000000000369e-03	2.874544799999999983e-03
8.648050000000000000e+09	-7.367827399999999673e-03	2.987896700000000107e-03
8.648080000000000000e+09	-7.355602000000000147e-03	3.046543899999999954e-03
8.648110000000000000e+09	-7.333754399999999757e-03	3.154373299999999915e-03
8.648140000000000000e+09	-7.289908999999999799e-03	3.224273699999999961e-03
8.648170000000000000e+09	-7.243480899999999931e-03	3.303294799999999861e-03
8.648200000000000000e+09	-7.209491000000000163e-03	3.394013100000000012e-03
8.648230000000000000e+09	-7.147012000000000330e-03	3.504375599999999882e-03
8.648260000000000000e+09	-7.116227499999999880e-03	3.558392999999999973e-03
8.648290000000000000e+09	-7.089511399999999866e-03	3.647084599999999861e-03
8.648320000000000000e+09	-7.027834000000000164e-03	3.738944399999999824e-03
8.648350000000000000e+09	-7.030550899999999867e-03	3.830563800000000210e-03
8.648380000000000000e+09	-6.953342000000000377e-03	3.886422400000000190e-03
8.648410000000000000e+09	-6.934970599999999707e-03	3.991100400000000166e-03
8.648440000000000000e+09	-6.893833400000000389e-03	4.050080999999999647e-03
8.648470000000000000e+09	-6.842169599999999713e-03	4.117392000000000100e-03
8.648500000000000000e+09	-6.775727399999999755e-03	4.198699000000000181e-03
8.648530000000000000e+09	-6.765273399999999736e-03	4.295107099999999865e-03
8.648560000000000000e+09	-6.693894399999999849e-03	4.362268499999999612e-03
8.648590000000000000e+09	-6.652398700000000144e-03	4.466527300000000186e-03
8.648620000000000000e+09	-6.606459099999999890e-03	4.516655799999999901e-03
8.648650000000000000e+09	-6.566187099999999839e-03	4.596565099999999973e-03
8.648680000000000000e+09	-6.490388500000000317e-03	4.673132499999999717e-03
8.648710000000000000e+09	-6.447738399999999870e-03	4.749175799999999850e-03
8.648740000000000000e+09	-6.394673200000000092e-03	4.828641899999999709e-03
8.648770000000000000e+09	-6.337979900000000402e-03	4.890242000000000373e-03
8.648800000000000000e+09	-6.283973800000000262e-03	4.978622900000000129e-03
8.648830000000000000e+09	-6.226604299999999835e-03	5.030086900000000326e-03
8.648860000000000000e+09	-6.181689199999999829e-03	5.107148199999999791e-03
8.648890000000000000e+09	-6.116731299999999920e-03	5.210920400000000098e-03
8.648920000000000000e+09	-6.072114299999999652e-03	5.259730500000000392e-03
8.648950000000000000e+09	-6.004595599999999929e-03	5.337563800000000303e-03
8.648980000000000000e+09	-5.925792200000000107e-03	5.411945700000000276e-03
8.649010000000000000e+09	-5.878965300000000421e-03	5.474404300000000091e-03
8.649040000000000000e+09	-5.823357000000000359e-03	5.519464699999999772e-03
8.649070000000000000e+09	-5.750388599999999711e-03	5.617600399999999640e-03
8.649100000000000000e+09	-5.664111000000000319e-03	5.672397499999999766e-03
8.649130000000000000e+09	-5.628531299999999654e-03	5.748408499999999727e-03
8.649160000000000000e+09	-5.556106899999999765e-03	5.808995400000000094e-03
8.649190000000000000e+09	-5.476172100000000105e-03	5.849269600000000027e-03
8.649220000000000000e+09	-5.432617100000000296e-03	5.923912299999999596e-03
8.649250000000000000e+09	-5.375730500000000175e-03	5.997005399999999833e-03
8.649280000000000000e+09	-5.315899399999999934e-03	6.060577099999999752e-03
8.649310000000000000e+09	-5.238878899999999637e-03	6.127883800000000040e-03
8.649340000000000000e+09	-5.160628999999999911e-03	6.178653099999999697e-03
8.649370000000000000e+09	-5.100270799999999903e-03	6.231961900000000144e-03
8.649400000000000000e+09	-5.014982900000000167e-03	6.288652100000000078e-03
8.649430000000000000e+09	-4.956009100000000403e-03	6.351636400000000050e-03
8.649460000000000000e+09	-4.876804499999999945e-03	6.409225000000000165e-03
8.649490000000000000e+09	-4.818414800000000303e-03	6.470932500000000157e-03
8.649520000000000000e+09	-4.737238399999999655e-03	6.522503399999999944e-03
8.649550000000000000e+09	-4.666497500000000090e-03	6.585453300000000329e-03
8.649580000000000000e+09	-4.589982900000000136e-03	6.618499499999999647e-03
8.649610000000000000e+09	-4.498197899999999659e-03	6.687949099999999925e-03
8.649640000000000000e+09	-4.432740499999999854e-03	6.742303600000000043e-03
8.649670000000000000e+09	-4.350018199999999835e-03	6.783131799999999809e-03
8.649700000000000000e+09	-4.276103300000000385e-03	6.868827000000000092e-03
8.649730000000000000e+09	-4.224309600000000081e-03	6.877553699999999597e-03
8.649760000000000000e+09	-4.126431300000000385e-03	6.929255500000000220e-03
8.649790000000000000e+09	-4.042999099999999846e-03	6.976073299999999838e-03
8.649820000000000000e+09	-3.965951799999999951e-03	7.014508499999999765e-03
8.649850000000000000e+09	-3.888318200000000051e-03	7.070289999999999908e-03
8.649880000000000000e+09	-3.820277899999999834e-03	7.132289699999999795e-03
8.649910000000000000e+09	-3.727068300000000150e-03	7.167411099999999868e-03
8.649940000000000000e+09	-3.632264599999999836e-03	7.204749300000000412e-03
8.649970000000000000e+09	-3.551348100000000212e-03	7.249312200000000012e-03
8.650000000000000000e+09	-3.474473899999999931e-03	7.290859700000000033e-03
8.650030000000000000e+09	-3.409073400000000014e-03	7.316998499999999642e-03
8.650060000000000000e+09	-3.310165299999999998e-03	7.385709499999999587e-03
8.650090000000000000e+09	-3.247728300000000175e-03	7.423530299999999901e-03
8.650120000000000000e+09	-3.160306600000000084e-03	7.477533700000000422e-03
8.650150000000000000e+09	-3.088753300000000174e-03	7.477477899999999608e-03
8.650180000000000000e+09	-2.982326799999999827e-03	7.513343100000000052e-03
8.650210000000000000e+09	-2.908481699999999892e-03	7.547833900000000193e-03
8.650240000000000000e+09	-2.799461400000000186e-03	7.593486400000000122e-03
8.650270000000000000e+09	-2.734459700000000087e-03	7.634912699999999580e-03
8.650300000000000000e+09	-2.640820600000000091e-03	7.651177799999999730e-03
8.650330000000000000e+09	-2.532279900000000000e-03	7.688294200000000099e-03
8.650360000000000000e+09	-2.474227900000000157e-03	7.714426299999999591e-03
8.650390000000000000e+09	-2.378442499999999880e-03	7.752266100000000312e-03
8.650420000000000000e+09	-2.296112400000000029e-03	7.798392500000000081e-03
8.650450000000000000e+09	-2.209514000000000096e-03	7.788116000000000309e-03
8.650480000000000000e+09	-2.109447500000000142e-03	7.822628899999999746e-03
8.650510000000000000e+09	-2.032138100000000207e-03	7.856028600000000348e-03
8.650540000000000000e+09	-1.935495599999999955e-03	7.862671899999999769e-03
8.650570000000000000e+09	-1.836359700000000103e-03	7.886679900000000479e-03
8.650600000000000000e+09	-1.770013300000000071e-03	7.940509099999999709e-03
8.650630000000000000e+09	-1.671222100000000019e-03	7.962089599999999656e-03
8.650660000000000000e+09	-1.596616199999999989e-03	7.965385300000000710e-03
8.650690000000000000e+09	-1.504444200000000032e-03	7.964563200000000093e-03
8.650720000000000000e+09	-1.430681399999999973e-03	7.994882800000000303e-03
8.650750000000000000e+09	-1.324721799999999897e-03	8.021042600000000133e-03
8.650780000000000000e+09	-1.227800600000000016e-03	8.026994900000000710e-03
8.650810000000000000e+09	-1.141958800000000048e-03	8.057082099999999733e-03
8.650840000000000000e+09	-1.032148400000000013e-03	8.064000400000000124e-03
8.650870000000000000e+09	-9.723391000000000499e-04	8.063449099999999911e-03
8.650900000000000000e+09	-8.605188999999999850e-04	8.076450900000000516e-03
8.650930000000000000e+09	-7.651468000000000245e-04	8.085955500000000309e-03
8.650960000000000000e+09	-6.881551000000000074e-04	8.114154499999999895e-03
8.650990000000000000e+09	-5.952689000000000157e-04	8.128221700000000383e-03
8.651020000000000000e+09	-4.952687000000000105e-04	8.148226399999999869e-03
8.651050000000000000e+09	-4.092634000000000159e-04	8.128253499999999951e-03
8.651080000000000000e+09	-3.136106999999999957e-04	8.127235800000000288e-03
8.651110000000000000e+09	-2.119735999999999994e-04	8.138186099999999978e-03
8.651140000000000000e+09	-1.454632999999999935e-04	8.128929899999999889e-03
8.651170000000000000e+09	-1.259950000000000024e-05	8.146023999999999973e-03
8.651200000000000000e+09	3.699969999999999746e-05	8.157878000000000351e-03
8.651230000000000000e+09	1.284508000000000069e-04	8.153137099999999138e-03
8.651260000000000000e+09	2.483742999999999845e-04	8.153620099999999912e-03
8.651290000000000000e+09	3.023925000000000224e-04	8.154157699999999356e-03
8.651320000000000000e+09	4.438492000000000262e-04	8.113964799999999825e-03
8.651350000000000000e+09	5.002121000000000215e-04	8.118221800000000390e-03
8.651380000000000000e+09	6.174254000000000331e-04	8.113532099999999289e-03
8.651410000000000000e+09	7.115208000000000470e-04	8.105479699999999441e-03
8.651440000000000000e+09	8.022688999999999515e-04	8.124844699999999795e-03
8.651470000000000000e+09	8.613833999999999901e-04	8.129248000000000376e-03
8.651500000000000000e+09	9.901870000000000116e-04	8.116408000000000303e-03
8.651530000000000000e+09	1.072280500000000062e-03	8.105337500000000389e-03
8.651560000000000000e+09	1.161917300000000043e-03	8.073161500000000310e-03
8.651590000000000000e+09	1.251428300000000061e-03	8.062222500000000569e-03
8.651620000000000000e+09	1.336353100000000011e-03	8.042003299999999494e-03
8.651650000000000000e+09	1.448545700000000106e-03	8.039677699999999219e-03
8.651680000000000000e+09	1.529058299999999909e-03	8.026233100000000273e-03
8.651710000000000000e+09	1.623472699999999958e-03	8.004076100000000193e-03
8.651740000000000000e+09	1.707309099999999987e-03	7.978037099999999923e-03
8.651770000000000000e+09	1.828730900000000072e-03	7.953055199999999741e-03
8.651800000000000000e+09	1.868711699999999918e-03	7.921970699999999338e-03
8.651830000000000000e+09	1.976193299999999889e-03	7.916500700000000598e-03
8.651860000000000000e+09	2.067769000000000117e-03	7.917208999999999705e-03
8.651890000000000000e+09	2.162247500000000124e-03	7.896337899999999674e-03
8.651920000000000000e+09	2.243452099999999980e-03	7.840124400000000535e-03
8.651950000000000000e+09	2.331554899999999878e-03	7.821938800000000774e-03
8.651980000000000000e+09	2.436358899999999886e-03	7.813346400000000663e-03
8.652010000000000000e+09	2.546375100000000061e-03	7.773653999999999634e-03
8.652040000000000000e+09	2.615035199999999997e-03	7.741967199999999841e-03
8.652070000000000000e+09	2.691888400000000056e-03	7.728593199999999816e-03
8.652100000000000000e+09	2.772779999999999863e-03	7.696484200000000032e-03
8.652130000000000000e+09	2.894025799999999995e-03	7.646973300000000154e-03
8.652160000000000000e+09	2.957852999999999871e-03	7.625615399999999787e-03
8.652190000000000000e+09	3.034370399999999912e-03	7.591604000000000060e-03
8.652220000000000000e+09	3.153222600000000000e-03	7.549181700000000099e-03
8.652250000000000000e+09	3.199048199999999977e-03	7.548067700000000123e-03
8.652280000000000000e+09	3.303586900000000156e-03	7.506514199999999790e-03
8.652310000000000000e+09	3.397403700000000033e-03	7.461809199999999871e-03
8.652340000000000000e+09	3.479037700000000167e-03	7.396786199999999881e-03
8.652370000000000000e+09	3.549730799999999912e-03	7.363610399999999737e-03
8.652400000000000000e+09	3.636106400000000197e-03	7.333948899999999729e-03
8.652430000000000000e+09	3.716051499999999900e-03	7.288145000000000213e-03
8.652460000000000000e+09	3.795123000000000073e-03	7.234565400000000229e-03
8.652490000000000000e+09	3.877023900000000148e-03	7.215889399999999773e-03
8.652520000000000000e+09	3.953475899999999571e-03	7.165818499999999751e-03
8.652550000000000000e+09	4.041854699999999911e-03	7.091134800000000078e-03
8.652580000000000000e+09	4.123868999999999625e-03	7.059136100000000177e-03
8.652610000000000000e+09	4.226753399999999897e-03	7.032778699999999751e-03
8.652640000000000000e+09	4.276444499999999642e-03	6.972080799999999697e-03
8.652670000000000000e+09	4.339379600000000184e-03	6.939106300000000109e-03
8.652700000000000000e+09	4.449123600000000345e-03	6.883392599999999667e-03
8.652730000000000000e+09	4.513813900000000073e-03	6.840577100000000063e-03
8.652760000000000000e+09	4.606966900000000406e-03	6.760739099999999585e-03
8.652790000000000000e+09	4.669897999999999584e-03	6.717047299999999964e-03
8.652820000000000000e+09	4.761889699999999857e-03	6.699390199999999580e-03
8.652850000000000000e+09	4.822919600000000369e-03	6.652848299999999937e-03
8.652880000000000000e+09	4.901060300000000154e-03	6.581312599999999957e-03
8.652910000000000000e+09	4.951826099999999918e-03	6.525793299999999887e-03
8.652940000000000000e+09	5.037547899999999731e-03	6.443252200000000075e-03
8.652970000000000000e+09	5.126474399999999924e-03	6.385477199999999715e-03
8.653000000000000000e+09	5.197926799999999688e-03	6.350485599999999668e-03
8.653030000000000000e+09	5.280378599999999839e-03	6.267338800000000175e-03
8.653060000000000000e+09	5.335133300000000252e-03	6.210330600000000222e-03
8.653090000000000000e+09	5.404659400000000162e-03	6.172057300000000427e-03
8.653120000000000000e+09	5.477059099999999868e-03	6.099064500000000132e-03
8.653150000000000000e+09	5.535245200000000337e-03	6.036218999999999786e-03
8.653180000000000000e+09	5.597174199999999968e-03	5.977114999999999859e-03
8.653210000000000000e+09	5.669591899999999740e-03	5.904918799999999725e-03
8.653240000000000000e+09	5.762014299999999867e-03	5.862805700000000252e-03
8.653270000000000000e+09	5.805887699999999832e-03	5.785918299999999806e-03
8.653300000000000000e+09	5.890139699999999770e-03	5.726917399999999908e-03
8.653330000000000000e+09	5.931719700000000033e-03	5.646019199999999585e-03
8.653360000000000000e+09	5.997908100000000180e-03	5.584872200000000342e-03
8.653390000000000000e+09	6.045186499999999873e-03	5.515182500000000154e-03
8.653420000000000000e+09	6.128078399999999613e-03	5.438471799999999683e-03
8.653450000000000000e+09	6.185094300000000024e-03	5.378763400000000083e-03
8.653480000000000000e+09	6.265594999999999672e-03	5.309554000000000183e-03
8.653510000000000000e+09	6.317026100000000359e-03	5.234444300000000092e-03
8.653540000000000000e+09	6.356517600000000101e-03	5.182667799999999582e-03
8.653570000000000000e+09	6.417683900000000288e-03	5.095278800000000233e-03
8.653600000000000000e+09	6.496102400000000263e-03	5.039947500000000087e-03
