8.075800000000000000e+09	1.437006669999999972e-02	-6.458281199999999812e-03
8.076000000000000000e+09	1.378890479999999967e-02	-7.602557700000000043e-03
8.076200000000000000e+09	1.315886569999999943e-02	-8.634213800000000230e-03
8.076400000000000000e+09	1.242636419999999971e-02	-9.647967000000000348e-03
8.076600000000000000e+09	1.166037290000000032e-02	-1.052048090000000033e-02
8.076800000000000000e+09	1.084352209999999914e-02	-1.134670309999999925e-02
8.077000000000000000e+09	9.960379700000000780e-03	-1.212044680000000027e-02
8.077200000000000000e+09	9.028099200000000435e-03	-1.281355640000000039e-02
8.077400000000000000e+09	8.023069900000000601e-03	-1.343937819999999929e-02
8.077600000000000000e+09	6.999836300000000268e-03	-1.397584330000000048e-02
8.077800000000000000e+09	5.925786399999999864e-03	-1.443566869999999940e-02
8.078000000000000000e+09	4.809800000000000360e-03	-1.482055560000000022e-02
8.078200000000000000e+09	3.703650800000000010e-03	-1.513925049999999967e-02
8.078400000000000000e+09	2.558460299999999916e-03	-1.533804249999999939e-02
8.078600000000000000e+09	1.413538800000000047e-03	-1.548905419999999956e-02
8.078800000000000000e+09	2.810585999999999792e-04	-1.553462339999999928e-02
8.079000000000000000e+09	-8.851748000000000212e-04	-1.550351519999999990e-02
8.079200000000000000e+09	-2.058314199999999958e-03	-1.536395930000000049e-02
8.079400000000000000e+09	-3.171889800000000058e-03	-1.515014630000000029e-02
8.079600000000000000e+09	-4.261233100000000155e-03	-1.486158429999999940e-02
8.079800000000000000e+09	-5.355134999999999583e-03	-1.449331159999999938e-02
8.080000000000000000e+09	-6.403899999999999697e-03	-1.401970129999999953e-02
8.080200000000000000e+09	-7.413506799999999668e-03	-1.349751870000000069e-02
8.080400000000000000e+09	-8.386597799999999381e-03	-1.288323459999999969e-02
8.080600000000000000e+09	-9.320971900000000684e-03	-1.221297000000000008e-02
8.080800000000000000e+09	-1.019462559999999990e-02	-1.148935679999999945e-02
8.081000000000000000e+09	-1.099638820000000024e-02	-1.067214560000000027e-02
8.081200000000000000e+09	-1.172684690000000071e-02	-9.839847699999999461e-03
8.081400000000000000e+09	-1.244575669999999946e-02	-8.947508499999999587e-03
8.081600000000000000e+09	-1.305340399999999935e-02	-7.982646399999999628e-03
8.081800000000000000e+09	-1.357251999999999938e-02	-6.996529399999999732e-03
8.082000000000000000e+09	-1.401502209999999984e-02	-5.947234400000000164e-03
8.082200000000000000e+09	-1.441263840000000032e-02	-4.910567499999999967e-03
8.082400000000000000e+09	-1.473517149999999977e-02	-3.808134700000000150e-03
8.082600000000000000e+09	-1.494626039999999954e-02	-2.710624899999999893e-03
8.082800000000000000e+09	-1.508862549999999934e-02	-1.586073199999999978e-03
8.083000000000000000e+09	-1.516078300000000059e-02	-4.878722999999999740e-04
8.083200000000000000e+09	-1.513076770000000050e-02	6.264852000000000441e-04
8.083400000000000000e+09	-1.501798589999999919e-02	1.751161300000000096e-03
8.083600000000000000e+09	-1.482286730000000052e-02	2.852902500000000213e-03
8.083800000000000000e+09	-1.456620269999999925e-02	3.957892999999999654e-03
8.084000000000000000e+09	-1.421154269999999956e-02	5.004072400000000170e-03
8.084200000000000000e+09	-1.379929080000000079e-02	6.043711900000000095e-03
8.084400000000000000e+09	-1.328966179999999976e-02	7.023543200000000215e-03
8.084600000000000000e+09	-1.273253549999999942e-02	7.989938000000000248e-03
8.084800000000000000e+09	-1.208890410000000061e-02	8.894537500000000707e-03
8.085000000000000000e+09	-1.138629430000000047e-02	9.744639799999999658e-03
8.085200000000000000e+09	-1.065230690000000015e-02	1.052361970000000035e-02
8.085400000000000000e+09	-9.827795599999999618e-03	1.128055350000000019e-02
8.085600000000000000e+09	-8.967324800000000748e-03	1.197623129999999918e-02
8.085800000000000000e+09	-8.067893300000000129e-03	1.258201679999999996e-02
8.086000000000000000e+09	-7.096672400000000186e-03	1.313939819999999925e-02
8.086200000000000000e+09	-6.112514099999999916e-03	1.363544359999999990e-02
8.086400000000000000e+09	-5.095718100000000417e-03	1.402352949999999959e-02
8.086600000000000000e+09	-4.007217700000000223e-03	1.433913420000000084e-02
8.086800000000000000e+09	-2.945463299999999830e-03	1.458858659999999995e-02
8.087000000000000000e+09	-1.882652399999999986e-03	1.476618640000000073e-02
8.087200000000000000e+09	-7.798113999999999654e-04	1.485922800000000037e-02
8.087400000000000000e+09	3.157171999999999865e-04	1.484844159999999975e-02
8.087600000000000000e+09	1.404673699999999968e-03	1.475306640000000058e-02
8.087800000000000000e+09	2.508328900000000080e-03	1.461342319999999959e-02
8.088000000000000000e+09	3.553832299999999927e-03	1.440342330000000080e-02
8.088200000000000000e+09	4.625419900000000278e-03	1.405522229999999970e-02
8.088400000000000000e+09	5.640573000000000288e-03	1.368666210000000008e-02
8.088600000000000000e+09	6.622821200000000158e-03	1.320590500000000042e-02
8.088800000000000000e+09	7.599655399999999568e-03	1.267712000000000006e-02
8.089000000000000000e+09	8.508514999999999481e-03	1.208078700000000082e-02
8.089200000000000000e+09	9.345651300000000494e-03	1.139404370000000020e-02
8.089400000000000000e+09	1.015960739999999946e-02	1.068924090000000077e-02
8.089600000000000000e+09	1.091152190000000029e-02	9.886750300000000241e-03
8.089800000000000000e+09	1.161530619999999979e-02	9.030790400000000481e-03
8.090000000000000000e+09	1.224391030000000075e-02	8.163160600000000239e-03
8.090200000000000000e+09	1.279741709999999977e-02	7.234060799999999895e-03
8.090400000000000000e+09	1.328508479999999936e-02	6.264329100000000372e-03
8.090600000000000000e+09	1.370628490000000074e-02	5.244947800000000077e-03
8.090800000000000000e+09	1.404774980000000027e-02	4.223128999999999945e-03
8.091000000000000000e+09	1.429967050000000017e-02	3.167178100000000128e-03
8.091200000000000000e+09	1.448654469999999944e-02	2.102095999999999913e-03
8.091400000000000000e+09	1.457959009999999951e-02	1.041911300000000068e-03
8.091600000000000000e+09	1.462449929999999967e-02	-5.463399999999999902e-05
8.091800000000000000e+09	1.456806220000000061e-02	-1.098893099999999909e-03
8.092000000000000000e+09	1.446271439999999991e-02	-2.214064500000000133e-03
8.092200000000000000e+09	1.424896600000000006e-02	-3.267975900000000093e-03
8.092400000000000000e+09	1.397049539999999958e-02	-4.297094500000000171e-03
8.092600000000000000e+09	1.359441940000000008e-02	-5.330670800000000299e-03
8.092800000000000000e+09	1.312684509999999943e-02	-6.297981400000000375e-03
8.093000000000000000e+09	1.265117120000000019e-02	-7.268097900000000146e-03
8.093200000000000000e+09	1.208913550000000059e-02	-8.165030000000000204e-03
8.093400000000000000e+09	1.141301209999999976e-02	-9.043200200000000438e-03
8.093600000000000000e+09	1.070124419999999958e-02	-9.833445799999999959e-03
8.093800000000000000e+09	9.937225299999999720e-03	-1.060879170000000003e-02
8.094000000000000000e+09	9.129875799999999375e-03	-1.129270199999999995e-02
8.094200000000000000e+09	8.252713400000000199e-03	-1.193338990000000072e-02
8.094400000000000000e+09	7.371104300000000387e-03	-1.250050330000000015e-02
8.094600000000000000e+09	6.412318000000000184e-03	-1.300344569999999957e-02
8.094800000000000000e+09	5.417198899999999678e-03	-1.341536509999999988e-02
8.095000000000000000e+09	4.413979400000000303e-03	-1.376537019999999993e-02
8.095200000000000000e+09	3.372878299999999829e-03	-1.406722520000000011e-02
8.095400000000000000e+09	2.328591999999999988e-03	-1.427081690000000028e-02
8.095600000000000000e+09	1.250989000000000094e-03	-1.438659309999999920e-02
8.095800000000000000e+09	1.823155999999999930e-04	-1.443659109999999995e-02
8.096000000000000000e+09	-8.791690999999999916e-04	-1.439227619999999992e-02
8.096200000000000000e+09	-1.948804200000000013e-03	-1.426598119999999970e-02
8.096400000000000000e+09	-3.008548399999999914e-03	-1.408855149999999924e-02
8.096600000000000000e+09	-4.048106699999999905e-03	-1.382802410000000086e-02
8.096800000000000000e+09	-5.048408699999999694e-03	-1.348049400000000085e-02
8.097000000000000000e+09	-6.042391299999999923e-03	-1.304875909999999965e-02
8.097200000000000000e+09	-6.977595300000000167e-03	-1.256801630000000010e-02
8.097400000000000000e+09	-7.891270400000000712e-03	-1.198892399999999976e-02
8.097600000000000000e+09	-8.773083299999999765e-03	-1.136683320000000073e-02
8.097800000000000000e+09	-9.565248199999999354e-03	-1.067114050000000057e-02
8.098000000000000000e+09	-1.033152719999999927e-02	-9.910674700000000198e-03
8.098200000000000000e+09	-1.101231010000000045e-02	-9.133607000000000184e-03
8.098400000000000000e+09	-1.165771259999999997e-02	-8.284118099999999638e-03
8.098600000000000000e+09	-1.224381540000000004e-02	-7.386249800000000386e-03
8.098800000000000000e+09	-1.273410519999999997e-02	-6.465828100000000321e-03
8.099000000000000000e+09	-1.315987979999999960e-02	-5.479903599999999715e-03
8.099200000000000000e+09	-1.353296480000000003e-02	-4.500380800000000278e-03
8.099400000000000000e+09	-1.381593000000000057e-02	-3.452925800000000191e-03
8.099600000000000000e+09	-1.401391559999999939e-02	-2.426110200000000054e-03
8.099800000000000000e+09	-1.416220120000000020e-02	-1.369964700000000013e-03
8.100000000000000000e+09	-1.419107739999999999e-02	-2.932518999999999968e-04
8.100200000000000000e+09	-1.415510399999999995e-02	7.207742999999999746e-04
8.100400000000000000e+09	-1.405161180000000058e-02	1.768002500000000025e-03
8.100600000000000000e+09	-1.386148809999999953e-02	2.799698599999999975e-03
8.100800000000000000e+09	-1.361851250000000076e-02	3.823410299999999845e-03
8.101000000000000000e+09	-1.326797400000000009e-02	4.797039599999999675e-03
8.101200000000000000e+09	-1.287790599999999973e-02	5.760520499999999613e-03
8.101400000000000000e+09	-1.239860599999999952e-02	6.688826800000000419e-03
8.101600000000000000e+09	-1.186826210000000055e-02	7.600336200000000139e-03
8.101800000000000000e+09	-1.125987550000000052e-02	8.447755100000000836e-03
8.102000000000000000e+09	-1.056403659999999994e-02	9.276859400000000283e-03
8.102200000000000000e+09	-9.878426900000000788e-03	1.000678649999999989e-02
8.102400000000000000e+09	-9.074344599999999150e-03	1.070257699999999958e-02
8.102600000000000000e+09	-8.271635899999999278e-03	1.132890999999999933e-02
8.102800000000000000e+09	-7.394449400000000124e-03	1.190863669999999916e-02
8.103000000000000000e+09	-6.470410499999999961e-03	1.240983849999999916e-02
8.103200000000000000e+09	-5.568816899999999744e-03	1.285888420000000018e-02
8.103400000000000000e+09	-4.577834999999999717e-03	1.321774830000000019e-02
8.103600000000000000e+09	-3.571928199999999890e-03	1.348655519999999997e-02
8.103800000000000000e+09	-2.552406399999999822e-03	1.371106279999999983e-02
8.104000000000000000e+09	-1.532292800000000042e-03	1.383680009999999939e-02
8.104200000000000000e+09	-5.157675000000000454e-04	1.390025150000000036e-02
8.104400000000000000e+09	5.037887000000000441e-04	1.391159280000000067e-02
8.104600000000000000e+09	1.542779399999999902e-03	1.379847759999999930e-02
8.104800000000000000e+09	2.566211000000000100e-03	1.362721369999999980e-02
8.105000000000000000e+09	3.556464499999999803e-03	1.340620629999999917e-02
8.105200000000000000e+09	4.550623699999999973e-03	1.309144360000000055e-02
8.105400000000000000e+09	5.499678800000000305e-03	1.271852499999999962e-02
8.105600000000000000e+09	6.418596500000000107e-03	1.222638510000000067e-02
8.105800000000000000e+09	7.311089899999999656e-03	1.172230519999999977e-02
8.106000000000000000e+09	8.161558699999999986e-03	1.115810750000000018e-02
8.106200000000000000e+09	8.926754599999999623e-03	1.050228670000000024e-02
8.106400000000000000e+09	9.688606799999999186e-03	9.776102400000000192e-03
8.106600000000000000e+09	1.038267579999999947e-02	9.035669799999999918e-03
8.106800000000000000e+09	1.097945179999999972e-02	8.222661900000000773e-03
8.107000000000000000e+09	1.156157950000000038e-02	7.385370999999999950e-03
8.107200000000000000e+09	1.207135299999999994e-02	6.492435799999999799e-03
8.107400000000000000e+09	1.249836650000000007e-02	5.584059899999999597e-03
8.107600000000000000e+09	1.286773109999999991e-02	4.623731800000000121e-03
8.107800000000000000e+09	1.314674400000000014e-02	3.640593399999999830e-03
8.108000000000000000e+09	1.337495200000000072e-02	2.665713399999999813e-03
8.108200000000000000e+09	1.351116519999999953e-02	1.672054000000000075e-03
8.108400000000000000e+09	1.359833350000000038e-02	6.632597999999999749e-04
8.108600000000000000e+09	1.357829269999999942e-02	-3.389105000000000004e-04
8.108800000000000000e+09	1.350125959999999917e-02	-1.327711700000000104e-03
8.109000000000000000e+09	1.335671750000000033e-02	-2.341217300000000140e-03
8.109200000000000000e+09	1.313042860000000062e-02	-3.324067699999999799e-03
8.109400000000000000e+09	1.282458610000000027e-02	-4.269075199999999848e-03
8.109600000000000000e+09	1.246242789999999975e-02	-5.196808600000000014e-03
8.109800000000000000e+09	1.200983490000000035e-02	-6.086718999999999984e-03
8.110000000000000000e+09	1.154197289999999917e-02	-6.969138899999999595e-03
8.110200000000000000e+09	1.096143039999999957e-02	-7.772758200000000339e-03
8.110400000000000000e+09	1.035503450000000054e-02	-8.575464499999999393e-03
8.110600000000000000e+09	9.680484700000000289e-03	-9.279912399999999673e-03
8.110800000000000000e+09	8.962314900000000611e-03	-9.948976899999999873e-03
8.111000000000000000e+09	8.190991300000000433e-03	-1.057667600000000013e-02
8.111200000000000000e+09	7.361141100000000333e-03	-1.114048850000000021e-02
8.111400000000000000e+09	6.548626299999999768e-03	-1.163621310000000075e-02
8.111600000000000000e+09	5.663679799999999862e-03	-1.206706150000000019e-02
8.111800000000000000e+09	4.728611899999999625e-03	-1.243545660000000032e-02
8.112000000000000000e+09	3.802761799999999828e-03	-1.275459789999999934e-02
8.112200000000000000e+09	2.845825900000000051e-03	-1.298983800000000008e-02
8.112400000000000000e+09	1.864622299999999910e-03	-1.314599500000000060e-02
8.112600000000000000e+09	8.843813000000000498e-04	-1.323275959999999953e-02
8.112800000000000000e+09	-9.469680000000000447e-05	-1.324414399999999936e-02
8.113000000000000000e+09	-1.076885199999999933e-03	-1.317478369999999961e-02
8.113200000000000000e+09	-2.044568499999999817e-03	-1.305669540000000024e-02
8.113400000000000000e+09	-2.982649200000000046e-03	-1.285950249999999982e-02
8.113600000000000000e+09	-3.890359899999999791e-03	-1.258046420000000047e-02
8.113800000000000000e+09	-4.844128999999999970e-03	-1.224668450000000047e-02
8.114000000000000000e+09	-5.705853900000000187e-03	-1.183866519999999915e-02
8.114200000000000000e+09	-6.543708900000000384e-03	-1.137589919999999928e-02
8.114400000000000000e+09	-7.381323399999999667e-03	-1.082827509999999965e-02
8.114600000000000000e+09	-8.158207199999999854e-03	-1.025996870000000019e-02
8.114800000000000000e+09	-8.866650000000000226e-03	-9.625563700000000847e-03
8.115000000000000000e+09	-9.567587299999999462e-03	-8.917769100000000337e-03
8.115200000000000000e+09	-1.019466129999999950e-02	-8.181230200000000341e-03
8.115400000000000000e+09	-1.072978190000000061e-02	-7.403683599999999650e-03
8.115600000000000000e+09	-1.125761919999999916e-02	-6.587427499999999603e-03
8.115800000000000000e+09	-1.168822660000000055e-02	-5.730258299999999895e-03
8.116000000000000000e+09	-1.206722219999999991e-02	-4.852522899999999612e-03
8.116200000000000000e+09	-1.239455740000000063e-02	-3.931398800000000283e-03
8.116400000000000000e+09	-1.261320489999999926e-02	-3.009508100000000182e-03
8.116600000000000000e+09	-1.278532150000000027e-02	-2.067467999999999823e-03
8.116800000000000000e+09	-1.289070529999999937e-02	-1.108787200000000035e-03
8.117000000000000000e+09	-1.291678540000000021e-02	-1.590184000000000020e-04
8.117200000000000000e+09	-1.288004759999999971e-02	8.103319999999999794e-04
8.117400000000000000e+09	-1.275438389999999922e-02	1.724475399999999973e-03
8.117600000000000000e+09	-1.260320130000000018e-02	2.662636099999999943e-03
8.117800000000000000e+09	-1.235068949999999950e-02	3.579647799999999876e-03
8.118000000000000000e+09	-1.206065280000000010e-02	4.508112300000000419e-03
8.118200000000000000e+09	-1.165399280000000044e-02	5.371546599999999817e-03
8.118400000000000000e+09	-1.123408560000000063e-02	6.198729699999999850e-03
8.118600000000000000e+09	-1.074872460000000050e-02	6.998081199999999814e-03
8.118800000000000000e+09	-1.019045350000000009e-02	7.784122800000000363e-03
8.119000000000000000e+09	-9.550580100000000822e-03	8.462648200000000634e-03
8.119200000000000000e+09	-8.910971999999999643e-03	9.170216199999999332e-03
8.119400000000000000e+09	-8.184645699999999746e-03	9.796301099999999915e-03
8.119600000000000000e+09	-7.439279800000000303e-03	1.034887890000000046e-02
8.119800000000000000e+09	-6.645052499999999987e-03	1.086423549999999960e-02
8.120000000000000000e+09	-5.824905699999999818e-03	1.129288940000000054e-02
8.120200000000000000e+09	-4.973636200000000097e-03	1.168446450000000005e-02
8.120400000000000000e+09	-4.096461099999999626e-03	1.203108699999999934e-02
8.120600000000000000e+09	-3.192823100000000049e-03	1.226486000000000069e-02
8.120800000000000000e+09	-2.298435299999999817e-03	1.248392979999999979e-02
8.121000000000000000e+09	-1.347445299999999952e-03	1.259335089999999956e-02
8.121200000000000000e+09	-4.276848000000000086e-04	1.264057290000000083e-02
8.121400000000000000e+09	5.181523000000000162e-04	1.263242919999999977e-02
8.121600000000000000e+09	1.420649699999999979e-03	1.255989069999999957e-02
8.121800000000000000e+09	2.370619799999999864e-03	1.239754719999999928e-02
8.122000000000000000e+09	3.261266200000000146e-03	1.218339000000000054e-02
8.122200000000000000e+09	4.145150499999999960e-03	1.188717320000000008e-02
8.122400000000000000e+09	5.006358300000000351e-03	1.154753969999999970e-02
8.122600000000000000e+09	5.844216999999999641e-03	1.111494610000000015e-02
8.122800000000000000e+09	6.648957900000000351e-03	1.066190359999999969e-02
8.123000000000000000e+09	7.406535599999999886e-03	1.013439919999999973e-02
8.123200000000000000e+09	8.130345000000000627e-03	9.540012800000000764e-03
8.123400000000000000e+09	8.801492699999999975e-03	8.906833200000000353e-03
8.123600000000000000e+09	9.425921800000000572e-03	8.244082599999999136e-03
8.123800000000000000e+09	9.994209900000000299e-03	7.507759900000000007e-03
8.124000000000000000e+09	1.054256349999999932e-02	6.741040200000000295e-03
8.124200000000000000e+09	1.098030600000000044e-02	5.978092600000000159e-03
8.124400000000000000e+09	1.137033550000000025e-02	5.119941700000000054e-03
8.124600000000000000e+09	1.171128230000000048e-02	4.251692500000000229e-03
8.124800000000000000e+09	1.199810469999999969e-02	3.371735399999999973e-03
8.125000000000000000e+09	1.219795629999999992e-02	2.481034599999999788e-03
8.125200000000000000e+09	1.233474600000000060e-02	1.564744000000000074e-03
8.125400000000000000e+09	1.241951959999999973e-02	6.501786000000000501e-04
8.125600000000000000e+09	1.241801659999999981e-02	-2.711926999999999827e-04
8.125800000000000000e+09	1.235289089999999992e-02	-1.194644199999999983e-03
8.126000000000000000e+09	1.221206480000000018e-02	-2.068160299999999979e-03
8.126200000000000000e+09	1.201974630000000009e-02	-2.978110700000000197e-03
8.126400000000000000e+09	1.175795240000000047e-02	-3.859413199999999974e-03
8.126600000000000000e+09	1.143466750000000053e-02	-4.730035799999999895e-03
8.126800000000000000e+09	1.103464550000000065e-02	-5.549178800000000369e-03
8.127000000000000000e+09	1.057552919999999938e-02	-6.381672500000000296e-03
8.127200000000000000e+09	1.007657730000000029e-02	-7.099510100000000316e-03
8.127400000000000000e+09	9.508180800000000030e-03	-7.854536599999999841e-03
8.127600000000000000e+09	8.913715299999999675e-03	-8.508219100000000493e-03
8.127800000000000000e+09	8.237754999999999383e-03	-9.138748999999999831e-03
8.128000000000000000e+09	7.528592100000000217e-03	-9.721660099999999624e-03
8.128200000000000000e+09	6.797107299999999817e-03	-1.023298270000000051e-02
8.128400000000000000e+09	6.020117099999999777e-03	-1.071849230000000014e-02
8.128600000000000000e+09	5.208157700000000390e-03	-1.110781710000000033e-02
8.128800000000000000e+09	4.342977999999999943e-03	-1.146694019999999932e-02
8.129000000000000000e+09	3.467508099999999822e-03	-1.174068020000000080e-02
8.129200000000000000e+09	2.578304200000000081e-03	-1.193627969999999996e-02
8.129400000000000000e+09	1.678910999999999945e-03	-1.206799700000000045e-02
8.129600000000000000e+09	7.750472000000000221e-04	-1.216032530000000014e-02
8.129800000000000000e+09	-1.153065999999999981e-04	-1.217369949999999937e-02
8.130000000000000000e+09	-1.022522199999999952e-03	-1.214720090000000023e-02
8.130200000000000000e+09	-1.932756699999999906e-03	-1.201136820000000063e-02
8.130400000000000000e+09	-2.803848800000000117e-03	-1.183364769999999989e-02
8.130600000000000000e+09	-3.674304000000000198e-03	-1.158243339999999975e-02
8.130800000000000000e+09	-4.512854699999999976e-03	-1.125899980000000071e-02
8.131000000000000000e+09	-5.356131800000000359e-03	-1.088549630000000025e-02
8.131200000000000000e+09	-6.132246800000000324e-03	-1.046033019999999952e-02
8.131400000000000000e+09	-6.914484299999999924e-03	-9.967331100000000749e-03
8.131600000000000000e+09	-7.585930299999999946e-03	-9.400841700000000731e-03
8.131800000000000000e+09	-8.276478300000000843e-03	-8.795850900000000763e-03
8.132000000000000000e+09	-8.896476900000000257e-03	-8.156024700000000238e-03
8.132200000000000000e+09	-9.474509000000000750e-03	-7.463676600000000022e-03
8.132400000000000000e+09	-9.994968300000000444e-03	-6.714367500000000336e-03
8.132600000000000000e+09	-1.046402289999999978e-02	-5.945208999999999910e-03
8.132800000000000000e+09	-1.086153890000000032e-02	-5.138467199999999929e-03
8.133000000000000000e+09	-1.119834880000000060e-02	-4.298103699999999971e-03
8.133200000000000000e+09	-1.144654039999999998e-02	-3.465975000000000045e-03
8.133400000000000000e+09	-1.168591409999999997e-02	-2.603333499999999946e-03
8.133600000000000000e+09	-1.183753780000000068e-02	-1.708078600000000015e-03
8.133800000000000000e+09	-1.192196170000000069e-02	-8.158927999999999753e-04
8.134000000000000000e+09	-1.193551529999999951e-02	8.453690000000000032e-05
8.134200000000000000e+09	-1.187412740000000008e-02	9.622235999999999940e-04
8.134400000000000000e+09	-1.173980680000000047e-02	1.846408699999999925e-03
8.134600000000000000e+09	-1.155103480000000023e-02	2.696697699999999875e-03
8.134800000000000000e+09	-1.131144669999999998e-02	3.557998900000000023e-03
8.135000000000000000e+09	-1.101295130000000053e-02	4.393010999999999618e-03
8.135200000000000000e+09	-1.061264439999999934e-02	5.196310200000000060e-03
8.135400000000000000e+09	-1.020507420000000068e-02	5.972113599999999585e-03
8.135600000000000000e+09	-9.702543799999999510e-03	6.703744600000000400e-03
8.135800000000000000e+09	-9.174989999999999188e-03	7.412458499999999978e-03
8.136000000000000000e+09	-8.561372399999999522e-03	8.054181900000000408e-03
8.136200000000000000e+09	-7.956110100000000213e-03	8.655926899999999424e-03
8.136400000000000000e+09	-7.270652800000000117e-03	9.210133000000000555e-03
8.136600000000000000e+09	-6.541073900000000420e-03	9.684456200000000209e-03
8.136800000000000000e+09	-5.757350500000000225e-03	1.016342469999999970e-02
8.137000000000000000e+09	-5.020926000000000208e-03	1.054012810000000064e-02
8.137200000000000000e+09	-4.175409399999999854e-03	1.086055609999999998e-02
8.137400000000000000e+09	-3.364719999999999864e-03	1.111619370000000058e-02
8.137600000000000000e+09	-2.518141299999999885e-03	1.132597240000000026e-02
8.137800000000000000e+09	-1.623550799999999919e-03	1.145705349999999977e-02
8.138000000000000000e+09	-8.080687000000000243e-04	1.152266419999999937e-02
8.138200000000000000e+09	6.355370000000000106e-05	1.154127549999999988e-02
8.138400000000000000e+09	9.461243000000000040e-04	1.149616929999999933e-02
8.138600000000000000e+09	1.756701800000000108e-03	1.134812630000000058e-02
8.138800000000000000e+09	2.597316899999999994e-03	1.115850940000000062e-02
8.139000000000000000e+09	3.435464599999999823e-03	1.092511579999999941e-02
8.139200000000000000e+09	4.256437400000000204e-03	1.061137619999999969e-02
8.139400000000000000e+09	4.990074399999999862e-03	1.024903069999999992e-02
8.139600000000000000e+09	5.721062499999999586e-03	9.825439300000000584e-03
8.139800000000000000e+09	6.421297700000000094e-03	9.347431999999999269e-03
8.140000000000000000e+09	7.088969799999999925e-03	8.827981500000000106e-03
8.140200000000000000e+09	7.694639799999999918e-03	8.260928699999999653e-03
8.140400000000000000e+09	8.277973699999999907e-03	7.647336999999999711e-03
8.140600000000000000e+09	8.834424500000000180e-03	6.984727300000000139e-03
8.140800000000000000e+09	9.318146299999999910e-03	6.312454399999999598e-03
8.141000000000000000e+09	9.717501200000000852e-03	5.595978100000000184e-03
8.141200000000000000e+09	1.008463090000000055e-02	4.837799999999999739e-03
8.141400000000000000e+09	1.040703289999999996e-02	4.060670800000000004e-03
8.141600000000000000e+09	1.066400349999999976e-02	3.256727100000000093e-03
8.141800000000000000e+09	1.085971150000000079e-02	2.425847200000000141e-03
8.142000000000000000e+09	1.098510949999999958e-02	1.639802000000000100e-03
8.142200000000000000e+09	1.105543470000000007e-02	8.196481000000000036e-04
8.142400000000000000e+09	1.104726349999999961e-02	-3.627000000000000172e-06
8.142600000000000000e+09	1.100440259999999927e-02	-8.442254000000000164e-04
8.142800000000000000e+09	1.088087329999999978e-02	-1.629313500000000026e-03
8.143000000000000000e+09	1.070877760000000026e-02	-2.429885299999999786e-03
8.143200000000000000e+09	1.048651970000000037e-02	-3.231809400000000120e-03
8.143400000000000000e+09	1.015356769999999943e-02	-3.996105800000000069e-03
8.143600000000000000e+09	9.811946199999999410e-03	-4.715290999999999927e-03
8.143800000000000000e+09	9.425217399999999759e-03	-5.406562099999999774e-03
8.144000000000000000e+09	8.968188999999999675e-03	-6.118519200000000283e-03
8.144200000000000000e+09	8.474640999999999771e-03	-6.734803400000000280e-03
8.144400000000000000e+09	7.931537000000000656e-03	-7.317497899999999937e-03
8.144600000000000000e+09	7.337531199999999636e-03	-7.862248599999999837e-03
8.144800000000000000e+09	6.734707000000000367e-03	-8.372329600000000607e-03
8.145000000000000000e+09	6.069321899999999791e-03	-8.836221199999999207e-03
8.145200000000000000e+09	5.386234999999999634e-03	-9.228396399999999958e-03
8.145400000000000000e+09	4.660208499999999622e-03	-9.626523200000000613e-03
8.145600000000000000e+09	3.924216500000000073e-03	-9.877437899999999202e-03
8.145800000000000000e+09	3.160925199999999827e-03	-1.012513079999999982e-02
8.146000000000000000e+09	2.396442800000000203e-03	-1.031825970000000044e-02
8.146200000000000000e+09	1.619015799999999963e-03	-1.044244350000000064e-02
8.146400000000000000e+09	8.404454000000000221e-04	-1.051397429999999938e-02
8.146600000000000000e+09	5.608599999999999800e-05	-1.050810050000000086e-02
8.146800000000000000e+09	-7.379244999999999988e-04	-1.049273790000000012e-02
8.147000000000000000e+09	-1.484778699999999988e-03	-1.036227460000000052e-02
8.147200000000000000e+09	-2.243966699999999821e-03	-1.021322359999999978e-02
8.147400000000000000e+09	-2.994093699999999993e-03	-9.989934199999999861e-03
8.147600000000000000e+09	-3.734405100000000137e-03	-9.717926499999999732e-03
8.147800000000000000e+09	-4.434719999999999634e-03	-9.384366800000000161e-03
8.148000000000000000e+09	-5.081701899999999973e-03	-9.021905300000000738e-03
8.148200000000000000e+09	-5.741367399999999961e-03	-8.576801599999999554e-03
8.148400000000000000e+09	-6.384125200000000111e-03	-8.121570800000000104e-03
8.148600000000000000e+09	-6.951147500000000139e-03	-7.610085899999999813e-03
8.148800000000000000e+09	-7.457336400000000309e-03	-7.034429600000000234e-03
8.149000000000000000e+09	-7.971522899999999856e-03	-6.447015799999999790e-03
8.149200000000000000e+09	-8.382990899999999759e-03	-5.802440100000000323e-03
8.149400000000000000e+09	-8.773427400000000445e-03	-5.158054399999999727e-03
8.149600000000000000e+09	-9.129366999999999344e-03	-4.468806900000000387e-03
8.149800000000000000e+09	-9.409772199999999476e-03	-3.773019800000000125e-03
8.150000000000000000e+09	-9.655665699999999713e-03	-3.046045500000000000e-03
8.150200000000000000e+09	-9.805259599999999534e-03	-2.307011900000000178e-03
8.150400000000000000e+09	-9.921787700000000293e-03	-1.574173600000000096e-03
8.150600000000000000e+09	-9.971920000000000436e-03	-8.003875000000000139e-04
8.150800000000000000e+09	-9.993765599999999277e-03	-4.302379999999999963e-05
8.151000000000000000e+09	-9.966253099999999171e-03	6.731985000000000226e-04
8.151200000000000000e+09	-9.841191200000000069e-03	1.402885200000000051e-03
8.151400000000000000e+09	-9.653942800000000699e-03	2.144724800000000035e-03
8.151600000000000000e+09	-9.453734599999999433e-03	2.863784800000000134e-03
8.151800000000000000e+09	-9.209065000000000653e-03	3.539445699999999809e-03
8.152000000000000000e+09	-8.869923000000000043e-03	4.205166699999999570e-03
8.152200000000000000e+09	-8.487807499999999727e-03	4.834202699999999922e-03
8.152400000000000000e+09	-8.116078199999999729e-03	5.449820499999999922e-03
8.152600000000000000e+09	-7.634229200000000257e-03	6.014803499999999727e-03
8.152800000000000000e+09	-7.143318699999999868e-03	6.558535199999999954e-03
8.153000000000000000e+09	-6.618611299999999607e-03	7.043598300000000409e-03
8.153200000000000000e+09	-6.036692500000000357e-03	7.512020700000000134e-03
8.153400000000000000e+09	-5.417655599999999724e-03	7.885493400000000500e-03
8.153600000000000000e+09	-4.825574600000000214e-03	8.263049300000000277e-03
8.153800000000000000e+09	-4.173724099999999784e-03	8.560863700000000825e-03
8.154000000000000000e+09	-3.510282600000000190e-03	8.831429800000000288e-03
8.154200000000000000e+09	-2.816182899999999847e-03	9.057350999999999944e-03
8.154400000000000000e+09	-2.113656099999999816e-03	9.170133299999999252e-03
8.154600000000000000e+09	-1.422218999999999957e-03	9.315831700000000784e-03
8.154800000000000000e+09	-7.018710999999999960e-04	9.339949800000000441e-03
8.155000000000000000e+09	2.623420000000000033e-05	9.341180899999999149e-03
8.155200000000000000e+09	6.845463999999999889e-04	9.270842099999999225e-03
8.155400000000000000e+09	1.369723399999999910e-03	9.162474999999999786e-03
8.155600000000000000e+09	2.072291700000000216e-03	8.986298800000000475e-03
8.155800000000000000e+09	2.708373100000000065e-03	8.767059699999999595e-03
8.156000000000000000e+09	3.361691600000000189e-03	8.495181299999999755e-03
8.156200000000000000e+09	3.982264099999999717e-03	8.199689499999999326e-03
8.156400000000000000e+09	4.554562600000000051e-03	7.828282299999999444e-03
8.156600000000000000e+09	5.109442900000000370e-03	7.411534099999999604e-03
8.156800000000000000e+09	5.629497399999999936e-03	7.000573300000000054e-03
8.157000000000000000e+09	6.106730299999999986e-03	6.532914899999999782e-03
8.157200000000000000e+09	6.555176000000000232e-03	5.992564500000000308e-03
8.157400000000000000e+09	6.943898500000000168e-03	5.473779300000000334e-03
8.157600000000000000e+09	7.281096800000000195e-03	4.909913200000000193e-03
8.157800000000000000e+09	7.597140900000000363e-03	4.354461199999999643e-03
8.158000000000000000e+09	7.872738299999999453e-03	3.741849399999999919e-03
8.158200000000000000e+09	8.067915300000000692e-03	3.100206700000000121e-03
8.158400000000000000e+09	8.243953099999999645e-03	2.480839099999999908e-03
8.158600000000000000e+09	8.354760200000000206e-03	1.843344900000000106e-03
8.158800000000000000e+09	8.408698699999999845e-03	1.215644199999999951e-03
8.159000000000000000e+09	8.427665299999999651e-03	5.575591000000000401e-04
8.159200000000000000e+09	8.362132600000000623e-03	-6.649229999999999355e-05
8.159400000000000000e+09	8.322221499999999175e-03	-6.718832000000000320e-04
8.159600000000000000e+09	8.176039700000000202e-03	-1.310467799999999895e-03
8.159800000000000000e+09	8.020910799999999424e-03	-1.892326400000000084e-03
8.160000000000000000e+09	7.817566399999999888e-03	-2.475901500000000140e-03
8.160200000000000000e+09	7.531649199999999704e-03	-3.031397800000000184e-03
8.160400000000000000e+09	7.257976799999999590e-03	-3.556189999999999872e-03
8.160600000000000000e+09	6.905771100000000252e-03	-4.049589099999999740e-03
8.160800000000000000e+09	6.551318399999999688e-03	-4.523834400000000151e-03
8.161000000000000000e+09	6.160149099999999781e-03	-4.963309200000000018e-03
8.161200000000000000e+09	5.720857299999999868e-03	-5.361806999999999684e-03
8.161400000000000000e+09	5.289194700000000339e-03	-5.731504499999999849e-03
8.161600000000000000e+09	4.803038899999999799e-03	-6.064731000000000288e-03
8.161800000000000000e+09	4.303707900000000239e-03	-6.370127899999999607e-03
8.162000000000000000e+09	3.793150700000000146e-03	-6.605613300000000299e-03
8.162200000000000000e+09	3.253825699999999925e-03	-6.788857599999999909e-03
8.162400000000000000e+09	2.731895399999999946e-03	-6.976570300000000183e-03
8.162600000000000000e+09	2.196601099999999883e-03	-7.107660899999999893e-03
8.162800000000000000e+09	1.678528699999999900e-03	-7.153882700000000101e-03
8.163000000000000000e+09	1.128735399999999988e-03	-7.233167700000000221e-03
8.163200000000000000e+09	5.706151999999999709e-04	-7.228328499999999747e-03
8.163400000000000000e+09	5.280810000000000013e-05	-7.188254800000000097e-03
8.163600000000000000e+09	-4.417577000000000005e-04	-7.086016199999999737e-03
8.163800000000000000e+09	-9.471702999999999937e-04	-6.977933300000000068e-03
8.164000000000000000e+09	-1.455896799999999982e-03	-6.830936499999999863e-03
8.164200000000000000e+09	-1.939003400000000044e-03	-6.670645299999999889e-03
8.164400000000000000e+09	-2.380373900000000171e-03	-6.446293199999999710e-03
8.164600000000000000e+09	-2.792207000000000109e-03	-6.201523199999999653e-03
8.164800000000000000e+09	-3.195240600000000004e-03	-5.942927700000000431e-03
8.165000000000000000e+09	-3.582093299999999838e-03	-5.613869500000000234e-03
8.165200000000000000e+09	-3.932691700000000116e-03	-5.312721500000000020e-03
8.165400000000000000e+09	-4.265762799999999605e-03	-4.972636100000000364e-03
8.165600000000000000e+09	-4.540246300000000054e-03	-4.603610400000000304e-03
8.165800000000000000e+09	-4.829450800000000162e-03	-4.233142100000000102e-03
8.166000000000000000e+09	-5.054748500000000137e-03	-3.857026200000000012e-03
8.166200000000000000e+09	-5.270207300000000379e-03	-3.437324399999999985e-03
8.166400000000000000e+09	-5.437111700000000353e-03	-3.035269499999999898e-03
8.166600000000000000e+09	-5.572989700000000220e-03	-2.631192899999999953e-03
8.166800000000000000e+09	-5.700961699999999854e-03	-2.219837799999999951e-03
8.167000000000000000e+09	-5.775012099999999975e-03	-1.818178900000000028e-03
8.167200000000000000e+09	-5.841566999999999767e-03	-1.406793200000000001e-03
8.167400000000000000e+09	-5.858985799999999987e-03	-9.689272000000000292e-04
8.167600000000000000e+09	-5.848629099999999754e-03	-5.614832999999999847e-04
8.167800000000000000e+09	-5.814414900000000261e-03	-1.885381999999999900e-04
8.168000000000000000e+09	-5.766589100000000384e-03	2.297215999999999928e-04
8.168200000000000000e+09	-5.652787599999999600e-03	6.073387999999999660e-04
8.168400000000000000e+09	-5.567194900000000009e-03	9.495108000000000367e-04
8.168600000000000000e+09	-5.446651700000000075e-03	1.302921000000000070e-03
8.168800000000000000e+09	-5.281435299999999791e-03	1.673976499999999933e-03
8.169000000000000000e+09	-5.103293899999999939e-03	1.982772199999999901e-03
8.169200000000000000e+09	-4.903224599999999635e-03	2.289441599999999903e-03
8.169400000000000000e+09	-4.685705200000000147e-03	2.589934999999999807e-03
8.169600000000000000e+09	-4.478942199999999714e-03	2.859142399999999983e-03
8.169800000000000000e+09	-4.271414000000000287e-03	3.113707900000000153e-03
8.170000000000000000e+09	-3.980760499999999591e-03	3.352942199999999883e-03
8.170200000000000000e+09	-3.759917099999999807e-03	3.571252599999999791e-03
8.170400000000000000e+09	-3.477951300000000062e-03	3.773415400000000152e-03
8.170600000000000000e+09	-3.200644800000000158e-03	3.940577500000000399e-03
8.170800000000000000e+09	-2.929533499999999960e-03	4.115334200000000074e-03
8.171000000000000000e+09	-2.644540600000000116e-03	4.244187200000000028e-03
8.171200000000000000e+09	-2.334483400000000181e-03	4.372715699999999914e-03
8.171400000000000000e+09	-2.035742799999999946e-03	4.472476100000000003e-03
8.171600000000000000e+09	-1.769282000000000060e-03	4.552651500000000177e-03
8.171800000000000000e+09	-1.458637399999999961e-03	4.586497099999999744e-03
8.172000000000000000e+09	-1.193471300000000087e-03	4.664966399999999694e-03
8.172200000000000000e+09	-8.775381000000000067e-04	4.682012900000000026e-03
8.172400000000000000e+09	-5.771225999999999960e-04	4.712337799999999875e-03
8.172600000000000000e+09	-3.130267999999999961e-04	4.701452200000000130e-03
8.172800000000000000e+09	-2.633650000000000102e-05	4.664305799999999939e-03
8.173000000000000000e+09	2.607797000000000131e-04	4.675754199999999916e-03
8.173200000000000000e+09	5.467341999999999601e-04	4.614620300000000369e-03
8.173400000000000000e+09	7.926559999999999813e-04	4.558360200000000084e-03
8.173600000000000000e+09	1.092358699999999893e-03	4.473943200000000259e-03
8.173800000000000000e+09	1.330030199999999909e-03	4.382609600000000188e-03
8.174000000000000000e+09	1.579580099999999951e-03	4.277113100000000390e-03
8.174200000000000000e+09	1.810733500000000088e-03	4.184640199999999956e-03
8.174400000000000000e+09	2.064101500000000214e-03	4.037166200000000087e-03
8.174600000000000000e+09	2.274374400000000150e-03	3.916723300000000095e-03
8.174800000000000000e+09	2.525405499999999834e-03	3.753975000000000107e-03
8.175000000000000000e+09	2.749226999999999921e-03	3.627940999999999978e-03
8.175200000000000000e+09	2.936266999999999783e-03	3.429764300000000179e-03
8.175400000000000000e+09	3.145637000000000173e-03	3.261431400000000102e-03
8.175600000000000000e+09	3.320438000000000209e-03	3.051474000000000200e-03
8.175800000000000000e+09	3.477557400000000180e-03	2.878430200000000033e-03
8.176000000000000000e+09	3.670057000000000007e-03	2.675799500000000143e-03
8.176200000000000000e+09	3.809561999999999844e-03	2.439421700000000016e-03
8.176400000000000000e+09	3.969770899999999943e-03	2.204136099999999803e-03
8.176600000000000000e+09	4.074425100000000043e-03	1.953617800000000213e-03
8.176800000000000000e+09	4.223518499999999627e-03	1.730494499999999910e-03
8.177000000000000000e+09	4.305755799999999925e-03	1.483010799999999940e-03
8.177200000000000000e+09	4.410968200000000422e-03	1.218992300000000008e-03
8.177400000000000000e+09	4.505628000000000237e-03	9.584167999999999681e-04
8.177600000000000000e+09	4.580362099999999749e-03	6.969667999999999827e-04
8.177800000000000000e+09	4.639650300000000040e-03	3.948162999999999759e-04
8.178000000000000000e+09	4.649471500000000243e-03	1.196521000000000059e-04
8.178200000000000000e+09	4.669613700000000214e-03	-1.828897999999999917e-04
8.178400000000000000e+09	4.698931200000000009e-03	-4.627669000000000162e-04
8.178600000000000000e+09	4.666155699999999761e-03	-7.491467000000000351e-04
8.178800000000000000e+09	4.624027200000000240e-03	-1.063496500000000100e-03
8.179000000000000000e+09	4.580625399999999764e-03	-1.355701800000000011e-03
8.179200000000000000e+09	4.513358799999999706e-03	-1.646458300000000052e-03
8.179400000000000000e+09	4.459825399999999863e-03	-1.929224999999999907e-03
8.179600000000000000e+09	4.313027300000000196e-03	-2.243173800000000054e-03
8.179800000000000000e+09	4.221499400000000221e-03	-2.495994200000000145e-03
8.180000000000000000e+09	4.075744699999999873e-03	-2.788328200000000142e-03
8.180200000000000000e+09	3.907411900000000264e-03	-3.082301200000000033e-03
8.180400000000000000e+09	3.729945200000000204e-03	-3.345170199999999809e-03
8.180600000000000000e+09	3.516543899999999886e-03	-3.590784699999999881e-03
8.180800000000000000e+09	3.315506000000000182e-03	-3.856904700000000213e-03
8.181000000000000000e+09	3.052798499999999967e-03	-4.082434599999999573e-03
8.181200000000000000e+09	2.792551600000000092e-03	-4.300991799999999941e-03
8.181400000000000000e+09	2.534519500000000005e-03	-4.523690900000000223e-03
8.181600000000000000e+09	2.256955599999999930e-03	-4.696647200000000043e-03
8.181800000000000000e+09	1.951419700000000049e-03	-4.905037699999999917e-03
8.182000000000000000e+09	1.641420399999999908e-03	-5.056216100000000130e-03
8.182200000000000000e+09	1.307664500000000002e-03	-5.182123500000000021e-03
8.182400000000000000e+09	9.722055999999999537e-04	-5.298555200000000000e-03
8.182600000000000000e+09	5.836262999999999521e-04	-5.388126000000000027e-03
8.182800000000000000e+09	2.383517000000000036e-04	-5.434195499999999908e-03
8.183000000000000000e+09	-1.116359999999999998e-04	-5.491392599999999659e-03
8.183200000000000000e+09	-4.920521000000000183e-04	-5.510209900000000161e-03
8.183400000000000000e+09	-8.657915999999999659e-04	-5.494937499999999822e-03
8.183600000000000000e+09	-1.270856400000000032e-03	-5.458812900000000259e-03
8.183800000000000000e+09	-1.666444999999999906e-03	-5.389562799999999924e-03
8.184000000000000000e+09	-2.064865999999999837e-03	-5.332941199999999965e-03
8.184200000000000000e+09	-2.407214600000000173e-03	-5.188054099999999703e-03
8.184400000000000000e+09	-2.791287999999999842e-03	-5.044822299999999690e-03
8.184600000000000000e+09	-3.157009899999999990e-03	-4.889184700000000217e-03
8.184800000000000000e+09	-3.480105500000000001e-03	-4.698263299999999934e-03
8.185000000000000000e+09	-3.849995399999999856e-03	-4.456254800000000044e-03
8.185200000000000000e+09	-4.189277499999999668e-03	-4.202005699999999781e-03
8.185400000000000000e+09	-4.477206299999999736e-03	-3.933027399999999667e-03
8.185600000000000000e+09	-4.779055200000000003e-03	-3.636774599999999941e-03
8.185800000000000000e+09	-5.061164299999999609e-03	-3.312934799999999857e-03
8.186000000000000000e+09	-5.316128199999999894e-03	-2.969344699999999868e-03
8.186200000000000000e+09	-5.571465500000000008e-03	-2.608436600000000206e-03
8.186400000000000000e+09	-5.759837999999999764e-03	-2.227070600000000036e-03
8.186600000000000000e+09	-5.952611200000000082e-03	-1.843536000000000003e-03
8.186800000000000000e+09	-6.087301699999999628e-03	-1.399502499999999905e-03
8.187000000000000000e+09	-6.243914199999999783e-03	-9.723522999999999975e-04
8.187200000000000000e+09	-6.315302800000000341e-03	-5.485846999999999859e-04
8.187400000000000000e+09	-6.386382000000000343e-03	-8.345480000000000606e-05
8.187600000000000000e+09	-6.385927700000000248e-03	3.809204000000000062e-04
8.187800000000000000e+09	-6.397255600000000333e-03	8.380644000000000461e-04
8.188000000000000000e+09	-6.379015000000000032e-03	1.285917599999999907e-03
8.188200000000000000e+09	-6.293262699999999793e-03	1.715058800000000046e-03
8.188400000000000000e+09	-6.187998200000000178e-03	2.219383100000000154e-03
8.188600000000000000e+09	-6.051349600000000342e-03	2.667199500000000043e-03
8.188800000000000000e+09	-5.879745100000000058e-03	3.106103099999999850e-03
8.189000000000000000e+09	-5.667930300000000379e-03	3.528477099999999950e-03
8.189200000000000000e+09	-5.422468500000000337e-03	3.951132399999999698e-03
8.189400000000000000e+09	-5.165711299999999583e-03	4.379380599999999762e-03
8.189600000000000000e+09	-4.859651199999999623e-03	4.734803400000000238e-03
8.189800000000000000e+09	-4.538482499999999670e-03	5.105723700000000184e-03
8.190000000000000000e+09	-4.181973999999999761e-03	5.455189000000000045e-03
8.190200000000000000e+09	-3.806171699999999925e-03	5.782695899999999896e-03
8.190400000000000000e+09	-3.394072000000000148e-03	6.056549799999999886e-03
8.190600000000000000e+09	-2.969684299999999881e-03	6.319340300000000216e-03
8.190800000000000000e+09	-2.513111000000000164e-03	6.573087000000000027e-03
8.191000000000000000e+09	-2.061455399999999934e-03	6.745355500000000358e-03
8.191200000000000000e+09	-1.556107900000000023e-03	6.916463399999999567e-03
8.191400000000000000e+09	-1.081365900000000021e-03	7.053851600000000076e-03
8.191600000000000000e+09	-5.514880000000000433e-04	7.145967900000000338e-03
8.191800000000000000e+09	-3.445129999999999997e-05	7.198698100000000370e-03
8.192000000000000000e+09	5.064377000000000115e-04	7.239025900000000367e-03
8.192200000000000000e+09	1.011124099999999998e-03	7.213668399999999606e-03
8.192400000000000000e+09	1.544635500000000102e-03	7.136509600000000286e-03
8.192600000000000000e+09	2.076278799999999817e-03	7.054097199999999693e-03
8.192800000000000000e+09	2.579821800000000210e-03	6.906668099999999956e-03
8.193000000000000000e+09	3.081810999999999839e-03	6.730706599999999699e-03
8.193200000000000000e+09	3.602469300000000173e-03	6.527762599999999658e-03
8.193400000000000000e+09	4.073874299999999567e-03	6.263630400000000202e-03
8.193600000000000000e+09	4.545491199999999662e-03	5.989775099999999734e-03
8.193800000000000000e+09	4.981122699999999959e-03	5.668277600000000416e-03
8.194000000000000000e+09	5.428197299999999725e-03	5.322471900000000367e-03
8.194200000000000000e+09	5.825887200000000148e-03	4.917378299999999695e-03
8.194400000000000000e+09	6.187257500000000431e-03	4.502577800000000068e-03
8.194600000000000000e+09	6.548351200000000066e-03	4.044490999999999885e-03
8.194800000000000000e+09	6.857895099999999737e-03	3.558693600000000130e-03
8.195000000000000000e+09	7.123967099999999747e-03	3.086067000000000064e-03
8.195200000000000000e+09	7.357739000000000293e-03	2.571600199999999909e-03
8.195400000000000000e+09	7.538314499999999689e-03	2.023862400000000106e-03
8.195600000000000000e+09	7.718783100000000362e-03	1.483059099999999931e-03
8.195800000000000000e+09	7.845723900000000500e-03	9.035534000000000013e-04
8.196000000000000000e+09	7.897511700000000093e-03	3.435975000000000184e-04
8.196200000000000000e+09	7.937963299999999806e-03	-2.420560999999999947e-04
8.196400000000000000e+09	7.948254700000000755e-03	-8.395314000000000509e-04
8.196600000000000000e+09	7.882460500000000592e-03	-1.412185000000000046e-03
8.196800000000000000e+09	7.807129799999999731e-03	-2.014098199999999825e-03
8.197000000000000000e+09	7.663513200000000337e-03	-2.571194100000000204e-03
8.197200000000000000e+09	7.469044000000000204e-03	-3.136261300000000099e-03
8.197400000000000000e+09	7.234442899999999656e-03	-3.705804599999999813e-03
8.197600000000000000e+09	6.945082800000000264e-03	-4.260114800000000014e-03
8.197800000000000000e+09	6.664424900000000263e-03	-4.783071100000000318e-03
8.198000000000000000e+09	6.320394000000000012e-03	-5.258904400000000146e-03
8.198200000000000000e+09	5.932635399999999608e-03	-5.736699599999999823e-03
8.198400000000000000e+09	5.495498599999999907e-03	-6.161457799999999797e-03
8.198600000000000000e+09	5.048757200000000139e-03	-6.573102100000000406e-03
8.198800000000000000e+09	4.585205999999999657e-03	-6.943570900000000344e-03
8.199000000000000000e+09	4.055698699999999747e-03	-7.316311300000000357e-03
8.199200000000000000e+09	3.525237000000000075e-03	-7.618923799999999941e-03
8.199400000000000000e+09	2.952548000000000152e-03	-7.888763199999999226e-03
8.199600000000000000e+09	2.375792500000000005e-03	-8.090727299999999483e-03
8.199800000000000000e+09	1.786013400000000060e-03	-8.272844499999999421e-03
8.200000000000000000e+09	1.177863199999999982e-03	-8.425615100000000482e-03
8.200200000000000000e+09	5.433193000000000007e-04	-8.480280899999999636e-03
8.200400000000000000e+09	-9.231189999999999958e-05	-8.565095199999999201e-03
8.200600000000000000e+09	-7.435376000000000485e-04	-8.539915699999999291e-03
8.200800000000000000e+09	-1.366211200000000056e-03	-8.503116999999999273e-03
8.201000000000000000e+09	-1.973712500000000033e-03	-8.409707500000000377e-03
8.201200000000000000e+09	-2.597654300000000124e-03	-8.261405799999999716e-03
8.201400000000000000e+09	-3.197450799999999958e-03	-8.073863000000000567e-03
8.201600000000000000e+09	-3.827471299999999927e-03	-7.826154300000000633e-03
8.201800000000000000e+09	-4.396386799999999796e-03	-7.548286399999999674e-03
8.202000000000000000e+09	-4.954927700000000268e-03	-7.208414599999999998e-03
8.202200000000000000e+09	-5.512980800000000063e-03	-6.846471300000000343e-03
8.202400000000000000e+09	-6.001072999999999998e-03	-6.439171900000000351e-03
8.202600000000000000e+09	-6.457756000000000260e-03	-5.992932799999999699e-03
8.202800000000000000e+09	-6.913735399999999982e-03	-5.503642999999999903e-03
8.203000000000000000e+09	-7.348130700000000265e-03	-4.975877600000000282e-03
8.203200000000000000e+09	-7.689188900000000319e-03	-4.449606000000000047e-03
8.203400000000000000e+09	-8.042880999999999989e-03	-3.860414899999999819e-03
8.203600000000000000e+09	-8.292826700000000342e-03	-3.292608099999999854e-03
8.203800000000000000e+09	-8.547002700000000397e-03	-2.679265799999999958e-03
8.204000000000000000e+09	-8.751710299999999887e-03	-2.021377500000000153e-03
8.204200000000000000e+09	-8.892417600000000755e-03	-1.386796800000000092e-03
8.204400000000000000e+09	-9.006033000000000094e-03	-7.208874999999999788e-04
8.204600000000000000e+09	-9.060436099999999437e-03	-3.965030000000000220e-05
8.204800000000000000e+09	-9.030361900000000511e-03	6.403099000000000204e-04
8.205000000000000000e+09	-8.989001800000000209e-03	1.318745299999999959e-03
8.205200000000000000e+09	-8.907157799999999154e-03	1.955964100000000174e-03
8.205400000000000000e+09	-8.770764199999999539e-03	2.622236100000000045e-03
8.205600000000000000e+09	-8.553436100000000666e-03	3.276972500000000128e-03
8.205800000000000000e+09	-8.295785300000000501e-03	3.904577399999999924e-03
8.206000000000000000e+09	-8.045464900000000308e-03	4.506691499999999906e-03
8.206200000000000000e+09	-7.655856400000000082e-03	5.094141699999999752e-03
8.206400000000000000e+09	-7.281926999999999671e-03	5.689697399999999773e-03
8.206600000000000000e+09	-6.851879899999999829e-03	6.177810899999999598e-03
8.206800000000000000e+09	-6.416093099999999917e-03	6.697158899999999804e-03
8.207000000000000000e+09	-5.929471999999999868e-03	7.174330300000000132e-03
8.207200000000000000e+09	-5.381611799999999959e-03	7.605881099999999700e-03
8.207400000000000000e+09	-4.800236999999999733e-03	8.007165599999999453e-03
8.207600000000000000e+09	-4.212569700000000014e-03	8.343081000000000455e-03
8.207800000000000000e+09	-3.586705600000000133e-03	8.655233000000000024e-03
8.208000000000000000e+09	-2.943000600000000074e-03	8.885989400000000524e-03
8.208200000000000000e+09	-2.291216799999999838e-03	9.125050699999999806e-03
8.208400000000000000e+09	-1.621122499999999968e-03	9.263302100000000636e-03
8.208600000000000000e+09	-9.190872999999999578e-04	9.369669100000000209e-03
8.208800000000000000e+09	-2.498215000000000136e-04	9.448360100000000733e-03
8.209000000000000000e+09	4.605273999999999913e-04	9.446869899999999973e-03
8.209200000000000000e+09	1.147212699999999906e-03	9.420084100000000044e-03
8.209400000000000000e+09	1.851748799999999905e-03	9.325956999999999303e-03
8.209600000000000000e+09	2.534226699999999905e-03	9.161481100000000433e-03
8.209800000000000000e+09	3.227839499999999879e-03	8.975953899999999930e-03
8.210000000000000000e+09	3.880257600000000008e-03	8.745108999999999175e-03
8.210200000000000000e+09	4.511903599999999605e-03	8.440819999999999920e-03
8.210400000000000000e+09	5.142232499999999790e-03	8.100795500000000648e-03
8.210600000000000000e+09	5.735899499999999769e-03	7.728719799999999619e-03
8.210800000000000000e+09	6.286260499999999848e-03	7.267047300000000105e-03
8.211000000000000000e+09	6.826503299999999927e-03	6.838970899999999645e-03
8.211200000000000000e+09	7.298050300000000039e-03	6.300405299999999910e-03
8.211400000000000000e+09	7.775033100000000238e-03	5.774579600000000375e-03
8.211600000000000000e+09	8.190317500000000514e-03	5.185607200000000132e-03
8.211800000000000000e+09	8.578116000000000213e-03	4.567117400000000015e-03
8.212000000000000000e+09	8.883446399999999840e-03	3.922725699999999975e-03
8.212200000000000000e+09	9.174237199999999218e-03	3.282151799999999918e-03
8.212400000000000000e+09	9.409549499999999428e-03	2.598249700000000197e-03
8.212600000000000000e+09	9.602818100000000412e-03	1.896866099999999907e-03
8.212800000000000000e+09	9.724511800000000192e-03	1.209835000000000034e-03
8.213000000000000000e+09	9.801774399999999346e-03	4.672414999999999750e-04
8.213200000000000000e+09	9.833092499999999611e-03	-2.553605000000000024e-04
8.213400000000000000e+09	9.794363199999999575e-03	-9.871160999999999391e-04
8.213600000000000000e+09	9.721733600000000836e-03	-1.705629400000000092e-03
8.213800000000000000e+09	9.581799000000000219e-03	-2.424175700000000006e-03
8.214000000000000000e+09	9.405765199999999160e-03	-3.106869999999999857e-03
8.214200000000000000e+09	9.178681699999999971e-03	-3.808812600000000166e-03
8.214400000000000000e+09	8.878850799999999169e-03	-4.478169300000000262e-03
8.214600000000000000e+09	8.551502900000000629e-03	-5.127744899999999925e-03
8.214800000000000000e+09	8.146931799999999890e-03	-5.762582599999999805e-03
8.215000000000000000e+09	7.732551399999999971e-03	-6.353409600000000171e-03
8.215200000000000000e+09	7.264658299999999895e-03	-6.888873999999999692e-03
8.215400000000000000e+09	6.733476399999999661e-03	-7.439988300000000346e-03
8.215600000000000000e+09	6.167872700000000263e-03	-7.972606499999999874e-03
8.215800000000000000e+09	5.583723599999999843e-03	-8.403385399999999464e-03
8.216000000000000000e+09	4.945382100000000371e-03	-8.793068200000000306e-03
8.216200000000000000e+09	4.288839699999999824e-03	-9.156613399999999348e-03
8.216400000000000000e+09	3.611223099999999811e-03	-9.453403299999999648e-03
8.216600000000000000e+09	2.902602599999999991e-03	-9.709785199999999492e-03
8.216800000000000000e+09	2.199429100000000175e-03	-9.904702700000000276e-03
8.217000000000000000e+09	1.462143599999999937e-03	-1.007432790000000085e-02
8.217200000000000000e+09	6.938447000000000147e-04	-1.018071339999999936e-02
8.217400000000000000e+09	-4.071360000000000267e-05	-1.021481890000000038e-02
8.217600000000000000e+09	-8.313087999999999511e-04	-1.021041590000000034e-02
8.217800000000000000e+09	-1.558247900000000108e-03	-1.013772349999999926e-02
8.218000000000000000e+09	-2.298906800000000139e-03	-1.000276779999999949e-02
8.218200000000000000e+09	-3.048314400000000021e-03	-9.839583299999999505e-03
8.218400000000000000e+09	-3.766415600000000159e-03	-9.586866200000000379e-03
8.218600000000000000e+09	-4.464459199999999683e-03	-9.278684900000000457e-03
8.218800000000000000e+09	-5.179680300000000411e-03	-8.947336099999999778e-03
8.219000000000000000e+09	-5.825777600000000070e-03	-8.565126899999999169e-03
8.219200000000000000e+09	-6.448723800000000228e-03	-8.114283800000000185e-03
8.219400000000000000e+09	-7.039534299999999738e-03	-7.628826099999999610e-03
8.219600000000000000e+09	-7.594157899999999690e-03	-7.097608299999999711e-03
8.219800000000000000e+09	-8.128291299999999830e-03	-6.510216999999999567e-03
8.220000000000000000e+09	-8.575040100000000387e-03	-5.906312000000000367e-03
8.220200000000000000e+09	-9.016871399999999356e-03	-5.264494699999999576e-03
8.220400000000000000e+09	-9.377659199999999196e-03	-4.623743500000000207e-03
8.220600000000000000e+09	-9.705916999999999670e-03	-3.898510100000000030e-03
8.220800000000000000e+09	-9.985133800000000476e-03	-3.193606900000000182e-03
8.221000000000000000e+09	-1.021030719999999926e-02	-2.448640699999999996e-03
8.221200000000000000e+09	-1.040625180000000032e-02	-1.667381099999999932e-03
8.221400000000000000e+09	-1.049165219999999982e-02	-9.217135999999999905e-04
8.221600000000000000e+09	-1.054649660000000003e-02	-1.345413000000000056e-04
8.221800000000000000e+09	-1.053638049999999944e-02	6.608430000000000424e-04
8.222000000000000000e+09	-1.049486300000000011e-02	1.435334799999999971e-03
8.222200000000000000e+09	-1.038581650000000058e-02	2.204620400000000154e-03
8.222400000000000000e+09	-1.021473399999999962e-02	2.970220899999999851e-03
8.222600000000000000e+09	-9.950834800000000688e-03	3.708972599999999821e-03
8.222800000000000000e+09	-9.677458800000000166e-03	4.433002200000000191e-03
8.223000000000000000e+09	-9.332966599999999169e-03	5.148044699999999863e-03
8.223200000000000000e+09	-8.952612699999999354e-03	5.821279700000000189e-03
8.223400000000000000e+09	-8.493484000000000797e-03	6.489370500000000118e-03
8.223600000000000000e+09	-8.005581200000000397e-03	7.116199099999999736e-03
8.223800000000000000e+09	-7.452230500000000396e-03	7.654106699999999736e-03
8.224000000000000000e+09	-6.880585600000000031e-03	8.214027699999999418e-03
8.224200000000000000e+09	-6.271668499999999945e-03	8.714130000000000487e-03
8.224400000000000000e+09	-5.631651100000000139e-03	9.165229199999999632e-03
8.224600000000000000e+09	-4.946950000000000305e-03	9.564492900000000700e-03
8.224800000000000000e+09	-4.246480300000000062e-03	9.918652899999999897e-03
8.225000000000000000e+09	-3.515669099999999946e-03	1.022604279999999970e-02
8.225200000000000000e+09	-2.736651000000000101e-03	1.047480630000000024e-02
8.225400000000000000e+09	-1.947381300000000084e-03	1.066164229999999949e-02
8.225600000000000000e+09	-1.157865400000000029e-03	1.080076360000000076e-02
8.225800000000000000e+09	-3.664456999999999871e-04	1.087250250000000064e-02
8.226000000000000000e+09	4.450591999999999960e-04	1.087839829999999973e-02
8.226200000000000000e+09	1.248771299999999968e-03	1.084532090000000018e-02
8.226400000000000000e+09	2.046764099999999996e-03	1.072541680000000004e-02
8.226600000000000000e+09	2.814032499999999902e-03	1.054025199999999995e-02
8.226800000000000000e+09	3.613196200000000011e-03	1.034122040000000006e-02
8.227000000000000000e+09	4.347132600000000284e-03	1.003858900000000054e-02
8.227200000000000000e+09	5.100887299999999798e-03	9.704937300000000822e-03
8.227400000000000000e+09	5.795272599999999955e-03	9.323126500000000760e-03
8.227600000000000000e+09	6.503927500000000229e-03	8.896269700000000724e-03
8.227800000000000000e+09	7.144715200000000335e-03	8.393909300000000281e-03
8.228000000000000000e+09	7.736508700000000252e-03	7.849749200000000551e-03
8.228200000000000000e+09	8.300522600000000487e-03	7.274264100000000371e-03
8.228400000000000000e+09	8.831270599999999776e-03	6.656076300000000022e-03
8.228600000000000000e+09	9.320382500000000056e-03	6.016163300000000255e-03
8.228800000000000000e+09	9.731675099999999995e-03	5.292041299999999601e-03
8.229000000000000000e+09	1.011277780000000015e-02	4.591465999999999777e-03
8.229200000000000000e+09	1.045229739999999942e-02	3.827950000000000103e-03
8.229400000000000000e+09	1.070844720000000035e-02	3.054559699999999899e-03
8.229600000000000000e+09	1.091338939999999917e-02	2.264352199999999926e-03
8.229800000000000000e+09	1.109865179999999958e-02	1.432561300000000050e-03
8.230000000000000000e+09	1.116040629999999999e-02	6.205603999999999548e-04
8.230200000000000000e+09	1.120630450000000000e-02	-1.889501999999999989e-04
8.230400000000000000e+09	1.118538520000000001e-02	-9.852097999999999672e-04
8.230600000000000000e+09	1.106480770000000009e-02	-1.828049900000000083e-03
8.230800000000000000e+09	1.093166620000000054e-02	-2.642163999999999797e-03
8.231000000000000000e+09	1.072188330000000030e-02	-3.429357999999999972e-03
8.231200000000000000e+09	1.042545899999999977e-02	-4.258482200000000134e-03
8.231400000000000000e+09	1.012756490000000023e-02	-5.007165800000000326e-03
8.231600000000000000e+09	9.756407599999999264e-03	-5.759085599999999930e-03
8.231800000000000000e+09	9.310949900000000529e-03	-6.453347899999999776e-03
8.232000000000000000e+09	8.797812000000000340e-03	-7.146743500000000276e-03
8.232200000000000000e+09	8.291082899999999839e-03	-7.790834600000000158e-03
8.232400000000000000e+09	7.688310799999999688e-03	-8.377372299999999786e-03
8.232600000000000000e+09	7.047173399999999595e-03	-8.951258099999999732e-03
8.232800000000000000e+09	6.395070899999999968e-03	-9.456426299999999216e-03
8.233000000000000000e+09	5.696115499999999596e-03	-9.915897800000000178e-03
8.233200000000000000e+09	4.949148100000000036e-03	-1.030207560000000015e-02
8.233400000000000000e+09	4.173667699999999633e-03	-1.069549749999999973e-02
8.233600000000000000e+09	3.397698299999999880e-03	-1.097605620000000060e-02
8.233800000000000000e+09	2.552559499999999988e-03	-1.123396490000000067e-02
8.234000000000000000e+09	1.725635899999999976e-03	-1.141140900000000083e-02
8.234200000000000000e+09	8.887571000000000360e-04	-1.149989369999999955e-02
8.234400000000000000e+09	2.993940000000000002e-05	-1.155831000000000046e-02
8.234600000000000000e+09	-8.088559000000000157e-04	-1.155794220000000080e-02
8.234800000000000000e+09	-1.692343399999999935e-03	-1.148223680000000010e-02
8.235000000000000000e+09	-2.533729499999999926e-03	-1.134563870000000058e-02
8.235200000000000000e+09	-3.374632399999999942e-03	-1.114318230000000028e-02
8.235400000000000000e+09	-4.170713300000000040e-03	-1.088526450000000013e-02
8.235600000000000000e+09	-5.001242099999999961e-03	-1.057107210000000040e-02
8.235800000000000000e+09	-5.777601200000000332e-03	-1.017377820000000058e-02
8.236000000000000000e+09	-6.552830200000000008e-03	-9.748085000000000083e-03
8.236200000000000000e+09	-7.246534699999999593e-03	-9.235745499999999802e-03
8.236400000000000000e+09	-7.905970999999999485e-03	-8.687790199999999990e-03
8.236600000000000000e+09	-8.555421699999999491e-03	-8.066206100000000712e-03
8.236800000000000000e+09	-9.130857799999999441e-03	-7.443019700000000176e-03
8.237000000000000000e+09	-9.702509499999999523e-03	-6.753662399999999823e-03
8.237200000000000000e+09	-1.018576449999999967e-02	-6.038316499999999906e-03
8.237400000000000000e+09	-1.062066180000000026e-02	-5.252323100000000182e-03
8.237600000000000000e+09	-1.097820199999999941e-02	-4.465840199999999635e-03
8.237800000000000000e+09	-1.131540619999999928e-02	-3.621508900000000152e-03
8.238000000000000000e+09	-1.159425329999999935e-02	-2.778353999999999806e-03
8.238200000000000000e+09	-1.178430570000000080e-02	-1.918155699999999969e-03
8.238400000000000000e+09	-1.188919769999999959e-02	-1.052584199999999923e-03
8.238600000000000000e+09	-1.191744009999999923e-02	-1.500658000000000092e-04
8.238800000000000000e+09	-1.192094209999999994e-02	7.552716999999999807e-04
8.239000000000000000e+09	-1.185131359999999981e-02	1.615773200000000104e-03
8.239200000000000000e+09	-1.172274539999999983e-02	2.502085199999999881e-03
8.239400000000000000e+09	-1.151142320000000073e-02	3.365362700000000019e-03
8.239600000000000000e+09	-1.126230729999999972e-02	4.224043499999999979e-03
8.239800000000000000e+09	-1.091764419999999985e-02	5.075077199999999955e-03
8.240000000000000000e+09	-1.052215899999999968e-02	5.872727599999999666e-03
8.240200000000000000e+09	-1.009117250000000042e-02	6.657592900000000244e-03
8.240400000000000000e+09	-9.571400799999999279e-03	7.357916600000000140e-03
8.240600000000000000e+09	-8.986302499999999568e-03	8.079420400000000488e-03
8.240800000000000000e+09	-8.401950599999999381e-03	8.754279999999999701e-03
8.241000000000000000e+09	-7.732802000000000425e-03	9.351260999999999601e-03
8.241200000000000000e+09	-7.005669100000000427e-03	9.898322100000000665e-03
8.241400000000000000e+09	-6.270761700000000369e-03	1.040651499999999986e-02
8.241600000000000000e+09	-5.464263700000000258e-03	1.088795749999999993e-02
8.241800000000000000e+09	-4.646669800000000246e-03	1.124535379999999987e-02
8.242000000000000000e+09	-3.845041899999999870e-03	1.155343890000000082e-02
8.242200000000000000e+09	-2.935354299999999930e-03	1.181555460000000002e-02
8.242400000000000000e+09	-2.029836599999999911e-03	1.202371739999999987e-02
8.242600000000000000e+09	-1.148302500000000087e-03	1.218153439999999921e-02
8.242800000000000000e+09	-2.202015000000000092e-04	1.222647429999999986e-02
8.243000000000000000e+09	6.617144000000000151e-04	1.222127299999999951e-02
8.243200000000000000e+09	1.571908099999999933e-03	1.216833150000000072e-02
8.243400000000000000e+09	2.475321799999999784e-03	1.198681549999999936e-02
8.243600000000000000e+09	3.357980300000000095e-03	1.179170549999999928e-02
8.243800000000000000e+09	4.229040199999999951e-03	1.151456390000000010e-02
8.244000000000000000e+09	5.081066300000000070e-03	1.116650299999999950e-02
8.244200000000000000e+09	5.878707599999999714e-03	1.078018109999999939e-02
8.244400000000000000e+09	6.685654400000000212e-03	1.034132739999999925e-02
8.244600000000000000e+09	7.409035900000000320e-03	9.803957599999999634e-03
8.244800000000000000e+09	8.143396799999999200e-03	9.240824499999999650e-03
8.245000000000000000e+09	8.817352699999999460e-03	8.625571500000000016e-03
8.245200000000000000e+09	9.463823600000000752e-03	7.958023800000000106e-03
8.245400000000000000e+09	1.002285219999999970e-02	7.239551000000000319e-03
8.245600000000000000e+09	1.052603419999999929e-02	6.482053199999999842e-03
8.245800000000000000e+09	1.098909810000000056e-02	5.682073200000000227e-03
8.246000000000000000e+09	1.139932169999999939e-02	4.864427900000000034e-03
8.246200000000000000e+09	1.171656639999999958e-02	3.971764499999999760e-03
8.246400000000000000e+09	1.197884729999999960e-02	3.111200800000000002e-03
8.246600000000000000e+09	1.220224410000000058e-02	2.216729100000000216e-03
8.246800000000000000e+09	1.230665170000000072e-02	1.295559599999999935e-03
8.247000000000000000e+09	1.239983769999999930e-02	4.112726000000000034e-04
8.247200000000000000e+09	1.240841789999999958e-02	-5.096611000000000457e-04
8.247400000000000000e+09	1.233144360000000030e-02	-1.440535300000000051e-03
8.247600000000000000e+09	1.220821839999999998e-02	-2.341834799999999942e-03
8.247800000000000000e+09	1.199821560000000065e-02	-3.239668399999999938e-03
8.248000000000000000e+09	1.175663059999999989e-02	-4.127271400000000201e-03
8.248200000000000000e+09	1.140125560000000010e-02	-4.954986699999999571e-03
8.248400000000000000e+09	1.102575530000000047e-02	-5.822406300000000125e-03
8.248600000000000000e+09	1.056972309999999922e-02	-6.606548099999999882e-03
8.248800000000000000e+09	1.008465069999999950e-02	-7.375023799999999921e-03
8.249000000000000000e+09	9.533493299999999324e-03	-8.102365999999999735e-03
8.249200000000000000e+09	8.893455700000000436e-03	-8.792823499999999695e-03
8.249400000000000000e+09	8.227330499999999450e-03	-9.439096799999999524e-03
8.249600000000000000e+09	7.502068800000000030e-03	-1.002769629999999967e-02
8.249800000000000000e+09	6.768559999999999854e-03	-1.057668959999999957e-02
8.250000000000000000e+09	5.982980599999999927e-03	-1.105957420000000004e-02
8.250200000000000000e+09	5.151794000000000338e-03	-1.150363150000000001e-02
8.250400000000000000e+09	4.282834699999999925e-03	-1.184270649999999946e-02
8.250600000000000000e+09	3.400475599999999796e-03	-1.212793449999999967e-02
8.250800000000000000e+09	2.524784600000000174e-03	-1.236224130000000004e-02
8.251000000000000000e+09	1.569322699999999970e-03	-1.251376740000000043e-02
8.251200000000000000e+09	6.523800000000000389e-04	-1.263191309999999942e-02
8.251400000000000000e+09	-2.904375000000000056e-04	-1.263163949999999980e-02
8.251600000000000000e+09	-1.221878399999999946e-03	-1.260748060000000011e-02
8.251800000000000000e+09	-2.129114200000000161e-03	-1.247003290000000056e-02
8.252000000000000000e+09	-3.054580500000000053e-03	-1.229646000000000038e-02
8.252200000000000000e+09	-4.000504600000000417e-03	-1.206629929999999962e-02
8.252400000000000000e+09	-4.850028699999999957e-03	-1.175824060000000074e-02
8.252600000000000000e+09	-5.699675999999999874e-03	-1.137042360000000037e-02
8.252800000000000000e+09	-6.556519799999999641e-03	-1.093198020000000006e-02
8.253000000000000000e+09	-7.338994300000000262e-03	-1.041787689999999940e-02
8.253200000000000000e+09	-8.107920799999999636e-03	-9.860730800000000115e-03
8.253400000000000000e+09	-8.830690000000000414e-03	-9.227085499999999191e-03
8.253600000000000000e+09	-9.509155700000000710e-03	-8.589247700000000180e-03
8.253800000000000000e+09	-1.012455070000000019e-02	-7.840958900000000176e-03
8.254000000000000000e+09	-1.067312119999999989e-02	-7.089032099999999920e-03
8.254200000000000000e+09	-1.119142470000000084e-02	-6.299784600000000317e-03
8.254400000000000000e+09	-1.162832089999999916e-02	-5.443390600000000412e-03
8.254600000000000000e+09	-1.202305220000000029e-02	-4.585665099999999654e-03
8.254800000000000000e+09	-1.234095039999999997e-02	-3.685869300000000140e-03
8.255000000000000000e+09	-1.262106630000000076e-02	-2.755252299999999804e-03
8.255200000000000000e+09	-1.278598509999999931e-02	-1.826786699999999970e-03
8.255400000000000000e+09	-1.288512590000000062e-02	-8.925280999999999970e-04
8.255600000000000000e+09	-1.295139610000000004e-02	7.395750000000000468e-05
8.255800000000000000e+09	-1.290626930000000026e-02	1.058368299999999955e-03
8.256000000000000000e+09	-1.281966709999999947e-02	2.013446500000000070e-03
8.256200000000000000e+09	-1.265406259999999998e-02	2.963458100000000012e-03
8.256400000000000000e+09	-1.243739710000000068e-02	3.889192899999999956e-03
8.256600000000000000e+09	-1.211774330000000080e-02	4.775513000000000327e-03
8.256800000000000000e+09	-1.175382919999999956e-02	5.730067499999999883e-03
8.257000000000000000e+09	-1.131316299999999934e-02	6.575711799999999982e-03
8.257200000000000000e+09	-1.078764280000000034e-02	7.402265699999999692e-03
8.257400000000000000e+09	-1.023741149999999982e-02	8.201581499999999192e-03
8.257600000000000000e+09	-9.608197199999999813e-03	8.947524800000000375e-03
8.257800000000000000e+09	-8.931834700000000279e-03	9.632392999999999511e-03
8.258000000000000000e+09	-8.187220099999999862e-03	1.029878120000000084e-02
8.258200000000000000e+09	-7.415331100000000300e-03	1.088792820000000078e-02
8.258400000000000000e+09	-6.596215300000000427e-03	1.143149769999999947e-02
8.258600000000000000e+09	-5.718632100000000003e-03	1.190244740000000016e-02
8.258800000000000000e+09	-4.816512000000000224e-03	1.231052179999999989e-02
8.259000000000000000e+09	-3.896665200000000179e-03	1.263768780000000015e-02
8.259200000000000000e+09	-2.967552599999999808e-03	1.290826360000000075e-02
8.259400000000000000e+09	-1.981357600000000201e-03	1.312001890000000053e-02
8.259600000000000000e+09	-1.010845100000000050e-03	1.323342920000000061e-02
8.259800000000000000e+09	7.107299999999999698e-06	1.330720399999999956e-02
8.260000000000000000e+09	9.897254000000000294e-04	1.326739820000000063e-02
8.260200000000000000e+09	1.983732700000000009e-03	1.317900510000000018e-02
8.260400000000000000e+09	2.944103899999999871e-03	1.299859499999999994e-02
8.260600000000000000e+09	3.949212700000000360e-03	1.274464169999999993e-02
8.260800000000000000e+09	4.878338599999999629e-03	1.242835389999999950e-02
8.261000000000000000e+09	5.799084399999999626e-03	1.203885770000000070e-02
8.261200000000000000e+09	6.687642100000000187e-03	1.160814479999999933e-02
8.261400000000000000e+09	7.550453900000000246e-03	1.105697790000000069e-02
8.261600000000000000e+09	8.342192700000000682e-03	1.046201109999999983e-02
8.261800000000000000e+09	9.109663900000000356e-03	9.841987199999999159e-03
8.262000000000000000e+09	9.836579899999999682e-03	9.108204199999999154e-03
8.262200000000000000e+09	1.051056210000000067e-02	8.357493699999999498e-03
8.262400000000000000e+09	1.110344849999999987e-02	7.550450200000000285e-03
8.262600000000000000e+09	1.163525389999999979e-02	6.720263300000000294e-03
8.262800000000000000e+09	1.207897389999999967e-02	5.827884799999999595e-03
8.263000000000000000e+09	1.250653049999999981e-02	4.922928600000000231e-03
8.263200000000000000e+09	1.284725500000000013e-02	3.959349800000000301e-03
8.263400000000000000e+09	1.308819150000000049e-02	2.992106400000000156e-03
8.263600000000000000e+09	1.329026630000000077e-02	2.012132499999999980e-03
8.263800000000000000e+09	1.342478930000000001e-02	1.008993799999999968e-03
8.264000000000000000e+09	1.345741020000000045e-02	7.713000000000000522e-06
8.264200000000000000e+09	1.345265219999999991e-02	-1.000383400000000008e-03
8.264400000000000000e+09	1.330610230000000074e-02	-1.973651199999999946e-03
8.264600000000000000e+09	1.314530619999999990e-02	-2.995501700000000045e-03
8.264800000000000000e+09	1.289105500000000022e-02	-3.954460800000000192e-03
8.265000000000000000e+09	1.256019069999999953e-02	-4.891407999999999867e-03
8.265200000000000000e+09	1.216387319999999959e-02	-5.820529999999999975e-03
8.265400000000000000e+09	1.168238029999999969e-02	-6.716227499999999698e-03
8.265600000000000000e+09	1.116721539999999957e-02	-7.569197800000000004e-03
8.265800000000000000e+09	1.058335239999999913e-02	-8.367252999999999843e-03
8.266000000000000000e+09	9.921436199999999692e-03	-9.149192699999999373e-03
8.266200000000000000e+09	9.249817999999999929e-03	-9.832804100000000144e-03
8.266400000000000000e+09	8.447321100000000291e-03	-1.050963050000000044e-02
8.266600000000000000e+09	7.639329999999999732e-03	-1.112626719999999965e-02
8.266800000000000000e+09	6.828767700000000149e-03	-1.166312599999999935e-02
8.267000000000000000e+09	5.941925899999999684e-03	-1.213371989999999928e-02
8.267200000000000000e+09	5.016003300000000317e-03	-1.253499850000000006e-02
8.267400000000000000e+09	4.081553299999999586e-03	-1.287833470000000063e-02
8.267600000000000000e+09	3.127626899999999977e-03	-1.316568679999999963e-02
8.267800000000000000e+09	2.144234499999999807e-03	-1.336116199999999934e-02
8.268000000000000000e+09	1.151975099999999995e-03	-1.349111209999999915e-02
8.268200000000000000e+09	1.364330000000000132e-04	-1.355951170000000046e-02
8.268400000000000000e+09	-8.706608000000000446e-04	-1.350736460000000021e-02
8.268600000000000000e+09	-1.860215900000000006e-03	-1.343164489999999940e-02
8.268800000000000000e+09	-2.843357700000000154e-03	-1.325688239999999948e-02
8.269000000000000000e+09	-3.814516400000000137e-03	-1.300974199999999949e-02
8.269200000000000000e+09	-4.776107299999999591e-03	-1.270951669999999950e-02
8.269400000000000000e+09	-5.703867799999999891e-03	-1.233127889999999921e-02
8.269600000000000000e+09	-6.609874400000000094e-03	-1.185508709999999986e-02
8.269800000000000000e+09	-7.469924600000000386e-03	-1.136102309999999921e-02
8.270000000000000000e+09	-8.290190100000000700e-03	-1.077790290000000054e-02
8.270200000000000000e+09	-9.055342900000000819e-03	-1.012670650000000068e-02
8.270400000000000000e+09	-9.808581000000000244e-03	-9.443615600000000027e-03
8.270600000000000000e+09	-1.045979390000000009e-02	-8.696606200000000023e-03
8.270800000000000000e+09	-1.110431760000000004e-02	-7.902296399999999763e-03
8.271000000000000000e+09	-1.167569559999999916e-02	-7.059030899999999865e-03
8.271200000000000000e+09	-1.218449949999999941e-02	-6.207364100000000405e-03
8.271400000000000000e+09	-1.262306279999999940e-02	-5.280732899999999660e-03
8.271600000000000000e+09	-1.299302920000000063e-02	-4.336716600000000213e-03
8.271800000000000000e+09	-1.325936529999999919e-02	-3.373696900000000120e-03
8.272000000000000000e+09	-1.349431580000000006e-02	-2.358622199999999957e-03
8.272200000000000000e+09	-1.363340090000000025e-02	-1.358662000000000064e-03
8.272400000000000000e+09	-1.369887560000000032e-02	-3.509369000000000247e-04
8.272600000000000000e+09	-1.371868249999999914e-02	6.610913000000000379e-04
8.272800000000000000e+09	-1.362410590000000081e-02	1.676398599999999938e-03
8.273000000000000000e+09	-1.345839430000000080e-02	2.686733399999999879e-03
8.273200000000000000e+09	-1.323957649999999917e-02	3.697867799999999920e-03
8.273400000000000000e+09	-1.295552640000000033e-02	4.637506999999999914e-03
8.273600000000000000e+09	-1.258221999999999986e-02	5.593814400000000041e-03
8.273800000000000000e+09	-1.212057400000000028e-02	6.549980399999999654e-03
8.274000000000000000e+09	-1.163757250000000028e-02	7.405278599999999718e-03
8.274200000000000000e+09	-1.104104189999999958e-02	8.263645599999999355e-03
8.274400000000000000e+09	-1.042224909999999935e-02	9.079452000000000009e-03
8.274600000000000000e+09	-9.728187799999999524e-03	9.837500199999999959e-03
8.274800000000000000e+09	-8.974815100000000170e-03	1.052100150000000005e-02
8.275000000000000000e+09	-8.156311899999999296e-03	1.117425059999999949e-02
8.275200000000000000e+09	-7.350735599999999939e-03	1.174640820000000078e-02
8.275400000000000000e+09	-6.456009900000000273e-03	1.229723230000000049e-02
8.275600000000000000e+09	-5.514270699999999741e-03	1.272622579999999927e-02
8.275800000000000000e+09	-4.578049800000000107e-03	1.310578620000000041e-02
