8.674800000000000000e+09	5.296294600000000206e-03	-6.909349199999999594e-03
8.674840000000000000e+09	5.147313700000000387e-03	-6.991596699999999900e-03
8.674880000000000000e+09	4.992995699999999877e-03	-7.042206900000000380e-03
8.674920000000000000e+09	4.835216800000000092e-03	-7.123788199999999890e-03
8.674960000000000000e+09	4.725929900000000114e-03	-7.211198900000000134e-03
8.675000000000000000e+09	4.620582199999999883e-03	-7.286454099999999968e-03
8.675040000000000000e+09	4.490588900000000092e-03	-7.339453400000000259e-03
8.675080000000000000e+09	4.396433800000000211e-03	-7.410959400000000086e-03
8.675120000000000000e+09	4.275969499999999861e-03	-7.498310200000000286e-03
8.675160000000000000e+09	4.161020300000000186e-03	-7.544172400000000167e-03
8.675200000000000000e+09	4.054520899999999699e-03	-7.612003699999999803e-03
8.675240000000000000e+09	3.943490299999999685e-03	-7.676027499999999934e-03
8.675280000000000000e+09	3.813257699999999823e-03	-7.732820799999999897e-03
8.675320000000000000e+09	3.678697099999999904e-03	-7.787925799999999635e-03
8.675360000000000000e+09	3.572779400000000022e-03	-7.859647799999999393e-03
8.675400000000000000e+09	3.445381799999999804e-03	-7.888567500000000579e-03
8.675440000000000000e+09	3.338083300000000038e-03	-7.942362099999999286e-03
8.675480000000000000e+09	3.216688699999999904e-03	-7.981068600000000221e-03
8.675520000000000000e+09	3.110001099999999859e-03	-8.042819999999999137e-03
8.675560000000000000e+09	2.962130099999999919e-03	-8.093496099999999971e-03
8.675600000000000000e+09	2.843891800000000140e-03	-8.133079499999999393e-03
8.675640000000000000e+09	2.738561799999999873e-03	-8.163213100000000361e-03
8.675680000000000000e+09	2.574610399999999882e-03	-8.205620999999999748e-03
8.675720000000000000e+09	2.479719100000000055e-03	-8.248145999999999603e-03
8.675760000000000000e+09	2.356910299999999923e-03	-8.248176399999999561e-03
8.675800000000000000e+09	2.237635799999999810e-03	-8.292676000000000561e-03
8.675840000000000000e+09	2.119032299999999962e-03	-8.341760599999999484e-03
8.675880000000000000e+09	1.976015199999999871e-03	-8.377968899999999400e-03
8.675920000000000000e+09	1.855671199999999995e-03	-8.403978399999999585e-03
8.675960000000000000e+09	1.723157899999999991e-03	-8.424111300000000288e-03
8.676000000000000000e+09	1.605647900000000067e-03	-8.498370599999999220e-03
8.676040000000000000e+09	1.471794800000000066e-03	-8.462979000000000682e-03
8.676080000000000000e+09	1.342006499999999925e-03	-8.473948000000000244e-03
8.676120000000000000e+09	1.220285999999999897e-03	-8.527110600000000276e-03
8.676160000000000000e+09	1.111581599999999928e-03	-8.525914000000000756e-03
8.676200000000000000e+09	9.811353000000000522e-04	-8.566009600000000501e-03
8.676240000000000000e+09	8.376774000000000242e-04	-8.543557099999999835e-03
8.676280000000000000e+09	6.889958999999999537e-04	-8.567117500000000566e-03
8.676320000000000000e+09	5.888567000000000367e-04	-8.579555100000000462e-03
8.676360000000000000e+09	4.327393000000000125e-04	-8.585227200000000031e-03
8.676400000000000000e+09	3.219297000000000087e-04	-8.589165500000000772e-03
8.676440000000000000e+09	1.956801000000000037e-04	-8.591916999999999263e-03
8.676480000000000000e+09	6.454749999999999821e-05	-8.583497600000000033e-03
8.676520000000000000e+09	-6.689919999999999808e-05	-8.582676299999999689e-03
8.676560000000000000e+09	-1.950805999999999970e-04	-8.599070300000000860e-03
8.676600000000000000e+09	-3.337243000000000262e-04	-8.591450500000000212e-03
8.676640000000000000e+09	-4.537688999999999915e-04	-8.581733600000000448e-03
8.676680000000000000e+09	-5.719578999999999809e-04	-8.580465799999999199e-03
8.676720000000000000e+09	-7.149237999999999600e-04	-8.550235099999999380e-03
8.676760000000000000e+09	-8.467115000000000535e-04	-8.549796000000000132e-03
8.676800000000000000e+09	-9.575542999999999945e-04	-8.513705700000000556e-03
8.676840000000000000e+09	-1.096836300000000007e-03	-8.524469999999999270e-03
8.676880000000000000e+09	-1.218864399999999978e-03	-8.505351700000000209e-03
8.676920000000000000e+09	-1.323873699999999955e-03	-8.483314800000000752e-03
8.676960000000000000e+09	-1.477052599999999953e-03	-8.464933399999999275e-03
8.677000000000000000e+09	-1.622506599999999893e-03	-8.448829399999999851e-03
8.677040000000000000e+09	-1.733177200000000093e-03	-8.426958700000000690e-03
8.677080000000000000e+09	-1.873026899999999948e-03	-8.404357499999999190e-03
8.677120000000000000e+09	-1.992322500000000100e-03	-8.372113500000000208e-03
8.677160000000000000e+09	-2.106922299999999890e-03	-8.332350299999999321e-03
8.677200000000000000e+09	-2.239059900000000148e-03	-8.314676800000000284e-03
8.677240000000000000e+09	-2.343828000000000057e-03	-8.286425599999999378e-03
8.677280000000000000e+09	-2.490173899999999912e-03	-8.246609000000000231e-03
8.677320000000000000e+09	-2.616955900000000109e-03	-8.181098600000000567e-03
8.677360000000000000e+09	-2.711455299999999870e-03	-8.155312499999999368e-03
8.677400000000000000e+09	-2.843371400000000056e-03	-8.116109700000000496e-03
8.677440000000000000e+09	-2.944998199999999955e-03	-8.057505300000000065e-03
8.677480000000000000e+09	-3.088295699999999821e-03	-8.007681799999999406e-03
8.677520000000000000e+09	-3.226283199999999997e-03	-7.990450399999999773e-03
8.677560000000000000e+09	-3.306436900000000144e-03	-7.937754199999999191e-03
8.677600000000000000e+09	-3.425132600000000208e-03	-7.863701199999999919e-03
8.677640000000000000e+09	-3.578552000000000035e-03	-7.819876300000000446e-03
8.677680000000000000e+09	-3.659166399999999857e-03	-7.779796799999999686e-03
8.677720000000000000e+09	-3.797816700000000104e-03	-7.723599200000000331e-03
8.677760000000000000e+09	-3.911383400000000184e-03	-7.656038399999999695e-03
8.677800000000000000e+09	-4.033308099999999806e-03	-7.597315200000000386e-03
8.677840000000000000e+09	-4.109548000000000194e-03	-7.536412400000000282e-03
8.677880000000000000e+09	-4.248548799999999834e-03	-7.460881200000000005e-03
8.677920000000000000e+09	-4.376492499999999793e-03	-7.398474700000000175e-03
8.677960000000000000e+09	-4.477056699999999896e-03	-7.320435000000000136e-03
8.678000000000000000e+09	-4.588517299999999959e-03	-7.271201500000000310e-03
8.678040000000000000e+09	-4.724488199999999846e-03	-7.204219900000000294e-03
8.678080000000000000e+09	-4.782567100000000189e-03	-7.109613300000000406e-03
8.678120000000000000e+09	-4.902777500000000260e-03	-7.036282799999999879e-03
8.678160000000000000e+09	-5.006450400000000099e-03	-6.978825900000000006e-03
8.678200000000000000e+09	-5.107393000000000002e-03	-6.903075499999999573e-03
8.678240000000000000e+09	-5.223555700000000190e-03	-6.833641900000000415e-03
8.678280000000000000e+09	-5.319542600000000225e-03	-6.729430599999999991e-03
8.678320000000000000e+09	-5.405074600000000368e-03	-6.681822199999999656e-03
8.678360000000000000e+09	-5.506610099999999924e-03	-6.581888200000000216e-03
8.678400000000000000e+09	-5.626721099999999927e-03	-6.508556999999999884e-03
8.678440000000000000e+09	-5.710767500000000010e-03	-6.411291399999999654e-03
8.678480000000000000e+09	-5.807231399999999641e-03	-6.344847699999999618e-03
8.678520000000000000e+09	-5.897577299999999870e-03	-6.255731599999999823e-03
8.678560000000000000e+09	-6.011210099999999938e-03	-6.129199899999999979e-03
8.678600000000000000e+09	-6.093789799999999902e-03	-6.044515500000000041e-03
8.678640000000000000e+09	-6.170609100000000111e-03	-5.964717300000000125e-03
8.678680000000000000e+09	-6.279031800000000295e-03	-5.869189700000000155e-03
8.678720000000000000e+09	-6.336049300000000384e-03	-5.774338900000000260e-03
8.678760000000000000e+09	-6.440558600000000078e-03	-5.691442900000000422e-03
8.678800000000000000e+09	-6.531551699999999828e-03	-5.557782300000000363e-03
8.678840000000000000e+09	-6.615495199999999951e-03	-5.498416100000000362e-03
8.678880000000000000e+09	-6.692629500000000023e-03	-5.376678200000000254e-03
8.678920000000000000e+09	-6.787868899999999726e-03	-5.288189999999999905e-03
8.678960000000000000e+09	-6.852911199999999793e-03	-5.173241700000000103e-03
8.679000000000000000e+09	-6.919228000000000357e-03	-5.098058100000000398e-03
8.679040000000000000e+09	-6.994273900000000377e-03	-4.963084199999999620e-03
8.679080000000000000e+09	-7.084575200000000142e-03	-4.867896600000000233e-03
8.679120000000000000e+09	-7.150266300000000276e-03	-4.763920399999999750e-03
8.679160000000000000e+09	-7.217034899999999649e-03	-4.661709600000000196e-03
8.679200000000000000e+09	-7.294281199999999750e-03	-4.537221299999999805e-03
8.679240000000000000e+09	-7.361486999999999892e-03	-4.422207800000000320e-03
8.679280000000000000e+09	-7.408080000000000047e-03	-4.324631699999999593e-03
8.679320000000000000e+09	-7.495937200000000328e-03	-4.195042199999999590e-03
8.679360000000000000e+09	-7.540049200000000125e-03	-4.080208299999999767e-03
8.679400000000000000e+09	-7.626478699999999708e-03	-3.987700099999999873e-03
8.679440000000000000e+09	-7.650718100000000396e-03	-3.854302600000000193e-03
8.679480000000000000e+09	-7.704815500000000011e-03	-3.741694399999999972e-03
8.679520000000000000e+09	-7.763910500000000339e-03	-3.647808000000000214e-03
8.679560000000000000e+09	-7.823196600000000347e-03	-3.525728499999999845e-03
8.679600000000000000e+09	-7.890458600000000572e-03	-3.413842099999999866e-03
8.679640000000000000e+09	-7.912416099999999841e-03	-3.272811599999999807e-03
8.679680000000000000e+09	-8.000310999999999534e-03	-3.177428800000000209e-03
8.679720000000000000e+09	-8.034271900000000688e-03	-3.025725700000000181e-03
8.679760000000000000e+09	-8.092492999999999215e-03	-2.943184000000000165e-03
8.679800000000000000e+09	-8.123656599999999270e-03	-2.782197799999999981e-03
8.679840000000000000e+09	-8.160268599999999373e-03	-2.692305099999999906e-03
8.679880000000000000e+09	-8.179132400000000552e-03	-2.539895600000000118e-03
8.679920000000000000e+09	-8.223645200000000849e-03	-2.435735699999999875e-03
8.679960000000000000e+09	-8.259537699999999760e-03	-2.283392600000000178e-03
8.680000000000000000e+09	-8.299704399999999899e-03	-2.169587199999999799e-03
8.680040000000000000e+09	-8.351830299999999860e-03	-2.059509699999999971e-03
8.680080000000000000e+09	-8.370206200000000762e-03	-1.925508000000000037e-03
8.680120000000000000e+09	-8.399671799999999453e-03	-1.799994299999999959e-03
8.680160000000000000e+09	-8.410301099999999835e-03	-1.680706599999999898e-03
8.680200000000000000e+09	-8.435678900000000147e-03	-1.549456999999999961e-03
8.680240000000000000e+09	-8.447871299999999695e-03	-1.409882000000000106e-03
8.680280000000000000e+09	-8.477651699999999915e-03	-1.274538599999999961e-03
8.680320000000000000e+09	-8.524623800000000542e-03	-1.166910400000000089e-03
8.680360000000000000e+09	-8.536012000000000807e-03	-1.039266199999999913e-03
8.680400000000000000e+09	-8.520285400000000842e-03	-9.052084000000000389e-04
8.680440000000000000e+09	-8.564988799999999347e-03	-7.811275000000000119e-04
8.680480000000000000e+09	-8.552974099999999247e-03	-6.504583000000000196e-04
8.680520000000000000e+09	-8.562972800000000564e-03	-4.987352000000000018e-04
8.680560000000000000e+09	-8.565524999999999181e-03	-3.823044999999999850e-04
8.680600000000000000e+09	-8.604710099999999390e-03	-2.551504000000000228e-04
8.680640000000000000e+09	-8.563259199999999349e-03	-1.352586000000000131e-04
8.680680000000000000e+09	-8.598724699999999235e-03	-1.095139999999999987e-05
8.680720000000000000e+09	-8.588003099999999904e-03	1.709972000000000033e-04
8.680760000000000000e+09	-8.571376800000000615e-03	2.677739999999999743e-04
8.680800000000000000e+09	-8.562771300000000807e-03	4.368595000000000074e-04
8.680840000000000000e+09	-8.554289099999999244e-03	5.338798999999999975e-04
8.680880000000000000e+09	-8.535736199999999566e-03	6.420154000000000399e-04
8.680920000000000000e+09	-8.539724199999999474e-03	7.934075999999999759e-04
8.680960000000000000e+09	-8.532035800000000586e-03	9.114407999999999625e-04
8.681000000000000000e+09	-8.523156900000000355e-03	1.029371100000000096e-03
8.681040000000000000e+09	-8.487891100000000480e-03	1.161831799999999944e-03
8.681080000000000000e+09	-8.479336500000000248e-03	1.290785200000000091e-03
8.681120000000000000e+09	-8.462582999999999217e-03	1.441816999999999968e-03
8.681160000000000000e+09	-8.456359000000000098e-03	1.574562000000000054e-03
8.681200000000000000e+09	-8.440593300000000243e-03	1.669003199999999918e-03
8.681240000000000000e+09	-8.377826300000000212e-03	1.826398699999999932e-03
8.681280000000000000e+09	-8.359881300000000098e-03	1.961296899999999833e-03
8.681320000000000000e+09	-8.316512700000000535e-03	2.065138499999999953e-03
8.681360000000000000e+09	-8.278815199999999333e-03	2.189528300000000149e-03
8.681400000000000000e+09	-8.265033499999999492e-03	2.301633700000000216e-03
8.681440000000000000e+09	-8.204490499999999784e-03	2.464387800000000014e-03
8.681480000000000000e+09	-8.176072600000000579e-03	2.556944099999999831e-03
8.681520000000000000e+09	-8.140609599999999377e-03	2.701787299999999867e-03
8.681560000000000000e+09	-8.100296200000000821e-03	2.822060800000000206e-03
8.681600000000000000e+09	-8.056637000000000173e-03	2.937064000000000081e-03
8.681640000000000000e+09	-8.028740799999999761e-03	3.058582599999999999e-03
8.681680000000000000e+09	-7.961841000000000751e-03	3.175510199999999946e-03
8.681720000000000000e+09	-7.888343199999999986e-03	3.296628299999999900e-03
8.681760000000000000e+09	-7.849010800000000287e-03	3.409321600000000084e-03
8.681800000000000000e+09	-7.810399699999999792e-03	3.517715099999999852e-03
8.681840000000000000e+09	-7.725413300000000087e-03	3.658824699999999996e-03
8.681880000000000000e+09	-7.673634500000000094e-03	3.769475799999999835e-03
8.681920000000000000e+09	-7.630605199999999574e-03	3.857169599999999907e-03
8.681960000000000000e+09	-7.582602600000000123e-03	3.987313400000000278e-03
8.682000000000000000e+09	-7.491804000000000345e-03	4.122731000000000139e-03
8.682040000000000000e+09	-7.425181000000000316e-03	4.222105000000000302e-03
8.682080000000000000e+09	-7.380658000000000010e-03	4.333296000000000370e-03
8.682120000000000000e+09	-7.318932099999999816e-03	4.452269400000000155e-03
8.682160000000000000e+09	-7.237154800000000256e-03	4.534591699999999947e-03
8.682200000000000000e+09	-7.154684300000000233e-03	4.658462999999999840e-03
8.682240000000000000e+09	-7.096380600000000427e-03	4.779074200000000411e-03
8.682280000000000000e+09	-7.040367199999999701e-03	4.886822699999999672e-03
8.682320000000000000e+09	-6.928803100000000340e-03	4.976999999999999653e-03
8.682360000000000000e+09	-6.852930800000000405e-03	5.090573400000000283e-03
8.682400000000000000e+09	-6.766817900000000365e-03	5.182349400000000293e-03
8.682440000000000000e+09	-6.720276600000000058e-03	5.286871799999999684e-03
8.682480000000000000e+09	-6.625405600000000214e-03	5.373408700000000329e-03
8.682520000000000000e+09	-6.522250799999999675e-03	5.488835099999999668e-03
8.682560000000000000e+09	-6.460667899999999672e-03	5.600006700000000059e-03
8.682600000000000000e+09	-6.359579199999999821e-03	5.711578099999999741e-03
8.682640000000000000e+09	-6.292321099999999626e-03	5.762352000000000099e-03
8.682680000000000000e+09	-6.185486599999999793e-03	5.874231799999999996e-03
8.682720000000000000e+09	-6.106698500000000418e-03	5.961411399999999930e-03
8.682760000000000000e+09	-5.988249200000000244e-03	6.058476699999999944e-03
8.682800000000000000e+09	-5.893932400000000300e-03	6.144849899999999844e-03
8.682840000000000000e+09	-5.845935099999999621e-03	6.229099200000000162e-03
8.682880000000000000e+09	-5.728449800000000314e-03	6.322908099999999948e-03
8.682920000000000000e+09	-5.617756199999999860e-03	6.363000599999999937e-03
8.682960000000000000e+09	-5.532145700000000270e-03	6.487175900000000280e-03
8.683000000000000000e+09	-5.433066900000000157e-03	6.547122300000000374e-03
8.683040000000000000e+09	-5.341862699999999978e-03	6.641475699999999788e-03
8.683080000000000000e+09	-5.221505399999999686e-03	6.715945499999999811e-03
8.683120000000000000e+09	-5.125086400000000188e-03	6.774074100000000188e-03
8.683160000000000000e+09	-5.016855599999999957e-03	6.878200200000000181e-03
8.683200000000000000e+09	-4.894231899999999628e-03	6.943890799999999711e-03
8.683240000000000000e+09	-4.798059900000000225e-03	7.002198000000000276e-03
8.683280000000000000e+09	-4.682029499999999615e-03	7.071604799999999837e-03
8.683320000000000000e+09	-4.566689799999999917e-03	7.153343599999999712e-03
8.683360000000000000e+09	-4.469931800000000177e-03	7.231915999999999692e-03
8.683400000000000000e+09	-4.348381000000000121e-03	7.299236300000000281e-03
8.683440000000000000e+09	-4.222343199999999998e-03	7.347916000000000343e-03
8.683480000000000000e+09	-4.123438899999999976e-03	7.408438699999999634e-03
8.683520000000000000e+09	-4.022186500000000248e-03	7.482020600000000021e-03
8.683560000000000000e+09	-3.912306699999999748e-03	7.525440900000000301e-03
8.683600000000000000e+09	-3.809327400000000075e-03	7.601553900000000349e-03
8.683640000000000000e+09	-3.673250700000000105e-03	7.643129599999999579e-03
8.683680000000000000e+09	-3.560569400000000110e-03	7.709237300000000397e-03
8.683720000000000000e+09	-3.459513999999999905e-03	7.750024999999999796e-03
8.683760000000000000e+09	-3.309779200000000175e-03	7.811192800000000061e-03
8.683800000000000000e+09	-3.203549600000000185e-03	7.855288300000000737e-03
8.683840000000000000e+09	-3.078366600000000119e-03	7.904272099999999981e-03
8.683880000000000000e+09	-2.938994500000000065e-03	7.938999400000000539e-03
8.683920000000000000e+09	-2.839715100000000068e-03	7.983490500000000809e-03
8.683960000000000000e+09	-2.722936599999999790e-03	8.017945300000000816e-03
8.684000000000000000e+09	-2.604336599999999835e-03	8.051252700000000734e-03
8.684040000000000000e+09	-2.469218799999999860e-03	8.108160899999999546e-03
8.684080000000000000e+09	-2.329777999999999797e-03	8.143763499999999780e-03
8.684120000000000000e+09	-2.244064799999999880e-03	8.160461299999999599e-03
8.684160000000000000e+09	-2.101357199999999946e-03	8.195165799999999320e-03
8.684200000000000000e+09	-1.966970599999999948e-03	8.241783299999999590e-03
8.684240000000000000e+09	-1.836041399999999981e-03	8.275576399999999902e-03
8.684280000000000000e+09	-1.728712500000000041e-03	8.296454700000000654e-03
8.684320000000000000e+09	-1.578248499999999931e-03	8.302878600000000719e-03
8.684360000000000000e+09	-1.471454600000000066e-03	8.336997599999999842e-03
8.684400000000000000e+09	-1.343056200000000092e-03	8.336932099999999624e-03
8.684440000000000000e+09	-1.222079999999999955e-03	8.376521600000000692e-03
8.684480000000000000e+09	-1.050377899999999998e-03	8.382037099999999769e-03
8.684520000000000000e+09	-9.448348999999999550e-04	8.405502999999999933e-03
8.684560000000000000e+09	-8.348917999999999878e-04	8.411771800000000451e-03
8.684600000000000000e+09	-6.877533999999999601e-04	8.429714600000000682e-03
8.684640000000000000e+09	-5.530707000000000375e-04	8.434408500000000614e-03
8.684680000000000000e+09	-4.232015999999999903e-04	8.435118900000000003e-03
8.684720000000000000e+09	-3.104868999999999902e-04	8.441141399999999365e-03
8.684760000000000000e+09	-2.091640999999999986e-04	8.442586599999999525e-03
8.684800000000000000e+09	-3.696589999999999788e-05	8.428099399999999797e-03
8.684840000000000000e+09	8.713510000000000537e-05	8.421892500000000004e-03
8.684880000000000000e+09	2.180627999999999885e-04	8.430899199999999580e-03
8.684920000000000000e+09	3.501283999999999798e-04	8.409301100000000570e-03
8.684960000000000000e+09	4.651160000000000103e-04	8.420120899999999561e-03
8.685000000000000000e+09	5.806936999999999863e-04	8.403895300000000304e-03
8.685040000000000000e+09	7.250825000000000022e-04	8.377837900000000698e-03
8.685080000000000000e+09	8.681805000000000338e-04	8.351544600000000013e-03
8.685120000000000000e+09	9.746257000000000358e-04	8.371896000000000199e-03
8.685160000000000000e+09	1.128042500000000061e-03	8.349821000000000326e-03
8.685200000000000000e+09	1.256936800000000003e-03	8.318904000000000229e-03
8.685240000000000000e+09	1.383800900000000007e-03	8.282734099999999530e-03
8.685280000000000000e+09	1.494937900000000092e-03	8.275513800000000239e-03
8.685320000000000000e+09	1.640210899999999892e-03	8.248846299999999451e-03
8.685360000000000000e+09	1.739295299999999963e-03	8.205243500000000689e-03
8.685400000000000000e+09	1.881221800000000034e-03	8.165042699999999765e-03
8.685440000000000000e+09	1.996022100000000108e-03	8.141821999999999948e-03
8.685480000000000000e+09	2.132341099999999871e-03	8.108178799999999145e-03
8.685520000000000000e+09	2.260991999999999863e-03	8.078591300000000086e-03
8.685560000000000000e+09	2.351479200000000137e-03	8.046779400000000568e-03
8.685600000000000000e+09	2.494681099999999929e-03	8.016166499999999653e-03
8.685640000000000000e+09	2.607683400000000099e-03	7.966005999999999435e-03
8.685680000000000000e+09	2.736235799999999895e-03	7.924776600000000767e-03
8.685720000000000000e+09	2.870108100000000155e-03	7.876145299999999863e-03
8.685760000000000000e+09	2.973551400000000195e-03	7.809907799999999886e-03
8.685800000000000000e+09	3.110204000000000094e-03	7.787983000000000058e-03
8.685840000000000000e+09	3.218311800000000014e-03	7.698251599999999910e-03
8.685880000000000000e+09	3.349622200000000084e-03	7.663024699999999856e-03
8.685920000000000000e+09	3.455577799999999880e-03	7.618124900000000296e-03
8.685960000000000000e+09	3.590513100000000072e-03	7.565789699999999653e-03
8.686000000000000000e+09	3.678878000000000009e-03	7.491287899999999993e-03
8.686040000000000000e+09	3.794705900000000087e-03	7.412054599999999722e-03
8.686080000000000000e+09	3.924304200000000055e-03	7.369559300000000021e-03
8.686120000000000000e+09	4.016277300000000057e-03	7.276555399999999792e-03
8.686160000000000000e+09	4.111381300000000426e-03	7.239011899999999930e-03
8.686200000000000000e+09	4.243394400000000295e-03	7.150436199999999666e-03
8.686240000000000000e+09	4.320702899999999923e-03	7.114226700000000209e-03
8.686280000000000000e+09	4.452416300000000375e-03	7.022878700000000432e-03
8.686320000000000000e+09	4.567950399999999578e-03	6.950910700000000053e-03
8.686360000000000000e+09	4.678840099999999683e-03	6.872053500000000099e-03
8.686400000000000000e+09	4.767741100000000287e-03	6.805618700000000063e-03
8.686440000000000000e+09	4.867978799999999641e-03	6.722194699999999717e-03
8.686480000000000000e+09	4.970393499999999770e-03	6.624984000000000428e-03
8.686520000000000000e+09	5.077190999999999996e-03	6.549232200000000385e-03
8.686560000000000000e+09	5.176342399999999712e-03	6.455118800000000413e-03
8.686600000000000000e+09	5.257694700000000061e-03	6.381157900000000022e-03
8.686640000000000000e+09	5.376113499999999809e-03	6.286222499999999901e-03
8.686680000000000000e+09	5.457453499999999867e-03	6.240758800000000169e-03
8.686720000000000000e+09	5.535156599999999615e-03	6.109303200000000024e-03
8.686760000000000000e+09	5.612274799999999834e-03	6.051812200000000232e-03
8.686800000000000000e+09	5.686427600000000179e-03	5.937045299999999838e-03
8.686840000000000000e+09	5.788551700000000091e-03	5.855963100000000088e-03
8.686880000000000000e+09	5.881582100000000250e-03	5.751051200000000148e-03
8.686920000000000000e+09	5.976755200000000330e-03	5.659498399999999922e-03
8.686960000000000000e+09	6.093014100000000363e-03	5.565663900000000081e-03
8.687000000000000000e+09	6.141244199999999764e-03	5.451689099999999615e-03
8.687040000000000000e+09	6.224166199999999795e-03	5.370118600000000318e-03
8.687080000000000000e+09	6.282047899999999678e-03	5.270748500000000183e-03
8.687120000000000000e+09	6.363058799999999834e-03	5.175540799999999581e-03
8.687160000000000000e+09	6.455095000000000104e-03	5.051791699999999725e-03
8.687200000000000000e+09	6.527635199999999582e-03	4.950339599999999986e-03
8.687240000000000000e+09	6.600130899999999932e-03	4.866070099999999718e-03
8.687280000000000000e+09	6.633418000000000300e-03	4.747713100000000228e-03
8.687320000000000000e+09	6.738978300000000171e-03	4.619647000000000163e-03
8.687360000000000000e+09	6.776864199999999699e-03	4.515342900000000187e-03
8.687400000000000000e+09	6.848465800000000034e-03	4.411425699999999873e-03
8.687440000000000000e+09	6.903246499999999772e-03	4.300337399999999699e-03
8.687480000000000000e+09	6.981819999999999693e-03	4.213019099999999739e-03
8.687520000000000000e+09	7.025656199999999983e-03	4.093367399999999802e-03
8.687560000000000000e+09	7.089552399999999970e-03	3.970065699999999857e-03
8.687600000000000000e+09	7.134446699999999822e-03	3.858894900000000173e-03
8.687640000000000000e+09	7.198328500000000102e-03	3.769975599999999833e-03
8.687680000000000000e+09	7.229182600000000000e-03	3.639045799999999879e-03
8.687720000000000000e+09	7.275962700000000206e-03	3.537886400000000205e-03
8.687760000000000000e+09	7.315808400000000170e-03	3.399034100000000030e-03
8.687800000000000000e+09	7.375374199999999714e-03	3.283681000000000100e-03
8.687840000000000000e+09	7.424587699999999658e-03	3.174312600000000085e-03
8.687880000000000000e+09	7.440425700000000316e-03	3.065476699999999943e-03
8.687920000000000000e+09	7.500281900000000009e-03	2.944243899999999907e-03
8.687960000000000000e+09	7.541887700000000395e-03	2.819229099999999953e-03
8.688000000000000000e+09	7.563639199999999674e-03	2.708148400000000202e-03
8.688040000000000000e+09	7.595322300000000373e-03	2.577602200000000086e-03
8.688080000000000000e+09	7.639005699999999732e-03	2.458991199999999849e-03
8.688120000000000000e+09	7.640709400000000005e-03	2.321830799999999827e-03
8.688160000000000000e+09	7.681610499999999911e-03	2.210674699999999951e-03
8.688200000000000000e+09	7.731044400000000420e-03	2.118798399999999998e-03
8.688240000000000000e+09	7.727761700000000331e-03	1.992326999999999900e-03
8.688280000000000000e+09	7.762183500000000361e-03	1.853389900000000081e-03
8.688320000000000000e+09	7.782182200000000404e-03	1.737223200000000047e-03
8.688360000000000000e+09	7.784976699999999680e-03	1.637539500000000092e-03
8.688400000000000000e+09	7.824350199999999950e-03	1.494115799999999909e-03
8.688440000000000000e+09	7.789415200000000122e-03	1.366102400000000034e-03
8.688480000000000000e+09	7.830084500000000780e-03	1.238786800000000023e-03
8.688520000000000000e+09	7.848250299999999860e-03	1.146571500000000045e-03
8.688560000000000000e+09	7.827256700000000122e-03	1.038650300000000005e-03
8.688600000000000000e+09	7.853818199999999458e-03	9.123879000000000537e-04
8.688640000000000000e+09	7.871730299999999195e-03	7.657755999999999938e-04
8.688680000000000000e+09	7.853916799999999254e-03	6.537713000000000335e-04
8.688720000000000000e+09	7.857548100000000257e-03	5.049060999999999870e-04
8.688760000000000000e+09	7.843076200000000109e-03	4.185446999999999909e-04
8.688800000000000000e+09	7.871670000000000750e-03	2.781815000000000199e-04
8.688840000000000000e+09	7.825752700000000728e-03	1.814042999999999938e-04
8.688880000000000000e+09	7.819212000000000731e-03	6.157960000000000246e-05
8.688920000000000000e+09	7.817612700000000497e-03	-6.372310000000000658e-05
8.688960000000000000e+09	7.795672099999999619e-03	-1.977985999999999937e-04
8.689000000000000000e+09	7.794189800000000251e-03	-2.885763999999999972e-04
8.689040000000000000e+09	7.759454499999999567e-03	-4.146713000000000222e-04
8.689080000000000000e+09	7.774687300000000280e-03	-5.263247000000000194e-04
8.689120000000000000e+09	7.734847599999999761e-03	-6.310810999999999504e-04
8.689160000000000000e+09	7.725345199999999850e-03	-7.445582000000000502e-04
8.689200000000000000e+09	7.662627499999999717e-03	-8.742866000000000396e-04
8.689240000000000000e+09	7.685106300000000244e-03	-1.002675499999999918e-03
8.689280000000000000e+09	7.621230700000000344e-03	-1.113130400000000072e-03
8.689320000000000000e+09	7.617410600000000011e-03	-1.217190699999999961e-03
8.689360000000000000e+09	7.587295200000000045e-03	-1.312580999999999947e-03
8.689400000000000000e+09	7.573106100000000056e-03	-1.438073499999999953e-03
8.689440000000000000e+09	7.516647900000000306e-03	-1.563612800000000087e-03
8.689480000000000000e+09	7.482436799999999701e-03	-1.691040999999999898e-03
8.689520000000000000e+09	7.446916500000000209e-03	-1.771924800000000081e-03
8.689560000000000000e+09	7.416156099999999737e-03	-1.892597200000000054e-03
8.689600000000000000e+09	7.368675199999999946e-03	-1.991727600000000199e-03
8.689640000000000000e+09	7.328818100000000432e-03	-2.117576300000000022e-03
8.689680000000000000e+09	7.252897799999999742e-03	-2.201323600000000026e-03
8.689720000000000000e+09	7.228450899999999853e-03	-2.290109700000000047e-03
8.689760000000000000e+09	7.197987500000000045e-03	-2.415568700000000121e-03
8.689800000000000000e+09	7.137196400000000301e-03	-2.524910100000000036e-03
8.689840000000000000e+09	7.100049199999999838e-03	-2.608479500000000090e-03
8.689880000000000000e+09	7.039864699999999649e-03	-2.749896300000000040e-03
8.689920000000000000e+09	6.986389800000000240e-03	-2.829233000000000008e-03
8.689960000000000000e+09	6.936510699999999703e-03	-2.904378100000000028e-03
8.690000000000000000e+09	6.860169900000000036e-03	-2.987163100000000179e-03
8.690040000000000000e+09	6.824524099999999815e-03	-3.109252500000000020e-03
8.690080000000000000e+09	6.773508800000000406e-03	-3.207519900000000129e-03
8.690120000000000000e+09	6.691865699999999771e-03	-3.290914399999999955e-03
8.690160000000000000e+09	6.614594500000000286e-03	-3.382129299999999880e-03
8.690200000000000000e+09	6.579098200000000306e-03	-3.479871500000000003e-03
8.690240000000000000e+09	6.509822999999999651e-03	-3.584661700000000076e-03
8.690280000000000000e+09	6.469135200000000058e-03	-3.663099400000000092e-03
8.690320000000000000e+09	6.396855199999999970e-03	-3.727604499999999984e-03
8.690360000000000000e+09	6.349102700000000370e-03	-3.819365400000000049e-03
8.690400000000000000e+09	6.276342699999999664e-03	-3.909668300000000360e-03
8.690440000000000000e+09	6.183906799999999704e-03	-3.994892100000000355e-03
8.690480000000000000e+09	6.129913100000000323e-03	-4.083108499999999960e-03
8.690520000000000000e+09	6.042215699999999891e-03	-4.162368100000000092e-03
8.690560000000000000e+09	5.981110799999999825e-03	-4.248676699999999647e-03
8.690600000000000000e+09	5.911453900000000414e-03	-4.327317199999999864e-03
8.690640000000000000e+09	5.830789000000000284e-03	-4.390755300000000194e-03
8.690680000000000000e+09	5.763585300000000425e-03	-4.472621000000000409e-03
8.690720000000000000e+09	5.675981499999999819e-03	-4.579821700000000217e-03
8.690760000000000000e+09	5.602023799999999651e-03	-4.623062800000000104e-03
8.690800000000000000e+09	5.518049700000000370e-03	-4.696867000000000403e-03
8.690840000000000000e+09	5.449401999999999892e-03	-4.759861100000000247e-03
8.690880000000000000e+09	5.366352300000000117e-03	-4.835659200000000033e-03
8.690920000000000000e+09	5.289827399999999687e-03	-4.918513999999999699e-03
8.690960000000000000e+09	5.193112899999999602e-03	-4.954698700000000240e-03
8.691000000000000000e+09	5.130015699999999727e-03	-5.028224000000000408e-03
8.691040000000000000e+09	5.050622200000000339e-03	-5.136849199999999824e-03
8.691080000000000000e+09	4.958757999999999742e-03	-5.162490199999999682e-03
8.691120000000000000e+09	4.874472799999999759e-03	-5.229461500000000089e-03
8.691160000000000000e+09	4.789707399999999955e-03	-5.290462600000000321e-03
8.691200000000000000e+09	4.715698200000000007e-03	-5.357967800000000211e-03
8.691240000000000000e+09	4.607318200000000072e-03	-5.400984999999999640e-03
8.691280000000000000e+09	4.518020000000000196e-03	-5.455933599999999821e-03
8.691320000000000000e+09	4.453280300000000101e-03	-5.480084500000000254e-03
8.691360000000000000e+09	4.359091100000000302e-03	-5.554493399999999893e-03
8.691400000000000000e+09	4.262671499999999732e-03	-5.609947300000000213e-03
8.691440000000000000e+09	4.192993199999999962e-03	-5.639543799999999739e-03
8.691480000000000000e+09	4.091422100000000409e-03	-5.692511699999999730e-03
8.691520000000000000e+09	4.025448600000000252e-03	-5.761624899999999785e-03
8.691560000000000000e+09	3.928274199999999897e-03	-5.765851500000000393e-03
8.691600000000000000e+09	3.831976799999999798e-03	-5.847891499999999763e-03
8.691640000000000000e+09	3.770736599999999997e-03	-5.869034799999999809e-03
8.691680000000000000e+09	3.636583899999999963e-03	-5.905886600000000153e-03
8.691720000000000000e+09	3.566606899999999816e-03	-5.978823500000000034e-03
8.691760000000000000e+09	3.477247399999999853e-03	-5.984758899999999618e-03
8.691800000000000000e+09	3.370737899999999825e-03	-6.040782199999999817e-03
8.691840000000000000e+09	3.289769499999999850e-03	-6.078256899999999636e-03
8.691880000000000000e+09	3.202153799999999956e-03	-6.085926799999999588e-03
8.691920000000000000e+09	3.125771500000000015e-03	-6.125819200000000297e-03
8.691960000000000000e+09	3.023843100000000051e-03	-6.159992599999999756e-03
8.692000000000000000e+09	2.951084300000000188e-03	-6.192855799999999987e-03
8.692040000000000000e+09	2.848368600000000198e-03	-6.223980700000000289e-03
8.692080000000000000e+09	2.774932400000000056e-03	-6.230685799999999969e-03
8.692120000000000000e+09	2.666255000000000187e-03	-6.249500199999999915e-03
8.692160000000000000e+09	2.607457499999999827e-03	-6.274939299999999880e-03
8.692200000000000000e+09	2.518472099999999932e-03	-6.287819800000000320e-03
8.692240000000000000e+09	2.417305700000000040e-03	-6.313443900000000053e-03
8.692280000000000000e+09	2.334463599999999934e-03	-6.337172799999999696e-03
8.692320000000000000e+09	2.236465899999999854e-03	-6.369915200000000367e-03
8.692360000000000000e+09	2.162765399999999789e-03	-6.392802599999999717e-03
8.692400000000000000e+09	2.042973699999999816e-03	-6.400512700000000367e-03
8.692440000000000000e+09	1.985237800000000212e-03	-6.416829399999999899e-03
8.692480000000000000e+09	1.881980099999999928e-03	-6.414170599999999625e-03
8.692520000000000000e+09	1.801309100000000104e-03	-6.429870499999999593e-03
8.692560000000000000e+09	1.705217100000000008e-03	-6.462062099999999788e-03
8.692600000000000000e+09	1.615414500000000083e-03	-6.487150900000000428e-03
8.692640000000000000e+09	1.562947600000000065e-03	-6.476738499999999850e-03
8.692680000000000000e+09	1.435013099999999991e-03	-6.478136800000000063e-03
8.692720000000000000e+09	1.362829099999999898e-03	-6.508827499999999752e-03
8.692760000000000000e+09	1.256621099999999901e-03	-6.499102500000000261e-03
8.692800000000000000e+09	1.201395199999999918e-03	-6.495290699999999723e-03
8.692840000000000000e+09	1.098404600000000078e-03	-6.481021200000000072e-03
8.692880000000000000e+09	1.034848799999999944e-03	-6.511408800000000052e-03
8.692920000000000000e+09	9.323171000000000323e-04	-6.515679800000000188e-03
8.692960000000000000e+09	8.555505000000000141e-04	-6.525345899999999977e-03
8.693000000000000000e+09	7.723629000000000518e-04	-6.507276499999999943e-03
8.693040000000000000e+09	6.751529999999999511e-04	-6.492721499999999646e-03
8.693080000000000000e+09	5.747260000000000129e-04	-6.503538700000000353e-03
8.693120000000000000e+09	5.108293999999999986e-04	-6.503445099999999660e-03
8.693160000000000000e+09	4.553642999999999797e-04	-6.516169100000000075e-03
8.693200000000000000e+09	3.298234000000000040e-04	-6.513314800000000356e-03
8.693240000000000000e+09	2.779179999999999910e-04	-6.500965899999999915e-03
8.693280000000000000e+09	2.187823999999999943e-04	-6.491587400000000188e-03
8.693320000000000000e+09	1.123385999999999954e-04	-6.497780499999999612e-03
8.693360000000000000e+09	3.390659999999999822e-05	-6.483513399999999913e-03
8.693400000000000000e+09	-7.004209999999999809e-05	-6.461669100000000214e-03
8.693440000000000000e+09	-1.371878999999999948e-04	-6.473147900000000149e-03
8.693480000000000000e+09	-2.369871000000000065e-04	-6.448418800000000305e-03
8.693520000000000000e+09	-3.046460999999999766e-04	-6.439781399999999593e-03
8.693560000000000000e+09	-3.869203999999999894e-04	-6.434824500000000183e-03
8.693600000000000000e+09	-4.679873999999999775e-04	-6.420067500000000392e-03
8.693640000000000000e+09	-5.481817999999999630e-04	-6.411289300000000239e-03
8.693680000000000000e+09	-5.996922999999999707e-04	-6.410158099999999602e-03
8.693720000000000000e+09	-6.823028000000000296e-04	-6.409365299999999870e-03
8.693760000000000000e+09	-7.657898999999999913e-04	-6.365601000000000245e-03
8.693800000000000000e+09	-8.431108999999999782e-04	-6.332356699999999727e-03
8.693840000000000000e+09	-9.325237000000000109e-04	-6.328397700000000167e-03
8.693880000000000000e+09	-1.005717400000000076e-03	-6.325920999999999975e-03
8.693920000000000000e+09	-1.062654400000000035e-03	-6.300763099999999624e-03
8.693960000000000000e+09	-1.167366800000000033e-03	-6.263895299999999895e-03
8.694000000000000000e+09	-1.223766299999999932e-03	-6.269512900000000395e-03
8.694040000000000000e+09	-1.296220299999999940e-03	-6.243814500000000045e-03
8.694080000000000000e+09	-1.367966699999999996e-03	-6.217519500000000081e-03
8.694120000000000000e+09	-1.460827499999999999e-03	-6.203584600000000039e-03
8.694160000000000000e+09	-1.561609199999999895e-03	-6.179763599999999781e-03
8.694200000000000000e+09	-1.618431000000000036e-03	-6.150429399999999928e-03
8.694240000000000000e+09	-1.688641299999999942e-03	-6.132643699999999927e-03
8.694280000000000000e+09	-1.743439999999999964e-03	-6.136076300000000393e-03
8.694320000000000000e+09	-1.828672699999999958e-03	-6.103259800000000040e-03
8.694360000000000000e+09	-1.916210800000000061e-03	-6.069972199999999936e-03
8.694400000000000000e+09	-2.003711200000000102e-03	-6.050495700000000157e-03
8.694440000000000000e+09	-2.079861599999999894e-03	-6.010560499999999598e-03
8.694480000000000000e+09	-2.172591800000000031e-03	-5.998690400000000235e-03
8.694520000000000000e+09	-2.204320999999999971e-03	-5.964099900000000357e-03
8.694560000000000000e+09	-2.281702999999999943e-03	-5.940983199999999576e-03
8.694600000000000000e+09	-2.339056600000000152e-03	-5.900499400000000158e-03
8.694640000000000000e+09	-2.405619600000000104e-03	-5.878304299999999663e-03
8.694680000000000000e+09	-2.514066100000000165e-03	-5.861317399999999705e-03
8.694720000000000000e+09	-2.557803899999999860e-03	-5.822633899999999675e-03
8.694760000000000000e+09	-2.631034700000000216e-03	-5.784940100000000168e-03
8.694800000000000000e+09	-2.707293099999999973e-03	-5.750594399999999634e-03
8.694840000000000000e+09	-2.781199900000000131e-03	-5.714457299999999712e-03
8.694880000000000000e+09	-2.851461999999999920e-03	-5.671759099999999776e-03
8.694920000000000000e+09	-2.920830599999999899e-03	-5.654690199999999611e-03
8.694960000000000000e+09	-2.993959100000000064e-03	-5.631137700000000273e-03
8.695000000000000000e+09	-3.054090399999999893e-03	-5.593873800000000347e-03
8.695040000000000000e+09	-3.139971999999999989e-03	-5.559035099999999965e-03
8.695080000000000000e+09	-3.200828599999999951e-03	-5.478574200000000012e-03
8.695120000000000000e+09	-3.275946300000000169e-03	-5.458869800000000147e-03
8.695160000000000000e+09	-3.331609200000000201e-03	-5.442675600000000322e-03
8.695200000000000000e+09	-3.425698699999999829e-03	-5.401601399999999935e-03
8.695240000000000000e+09	-3.510245700000000184e-03	-5.350064800000000134e-03
8.695280000000000000e+09	-3.544965199999999816e-03	-5.295639700000000227e-03
8.695320000000000000e+09	-3.638720900000000109e-03	-5.252597999999999816e-03
8.695360000000000000e+09	-3.699332799999999893e-03	-5.234161999999999669e-03
8.695400000000000000e+09	-3.772596699999999827e-03	-5.180382600000000073e-03
8.695440000000000000e+09	-3.805283799999999855e-03	-5.131436900000000377e-03
8.695480000000000000e+09	-3.890624000000000079e-03	-5.095021499999999662e-03
8.695520000000000000e+09	-3.969136899999999718e-03	-5.063183700000000419e-03
8.695560000000000000e+09	-4.038869900000000360e-03	-4.998827699999999763e-03
8.695600000000000000e+09	-4.077068199999999733e-03	-4.932398999999999638e-03
8.695640000000000000e+09	-4.146321799999999960e-03	-4.914248599999999738e-03
8.695680000000000000e+09	-4.208829699999999674e-03	-4.857558399999999804e-03
8.695720000000000000e+09	-4.298903199999999820e-03	-4.808543600000000397e-03
8.695760000000000000e+09	-4.364526900000000390e-03	-4.780723399999999880e-03
8.695800000000000000e+09	-4.411635900000000429e-03	-4.699097799999999575e-03
8.695840000000000000e+09	-4.477886500000000103e-03	-4.664043300000000197e-03
8.695880000000000000e+09	-4.540853800000000350e-03	-4.604286699999999774e-03
8.695920000000000000e+09	-4.602480299999999608e-03	-4.557294199999999997e-03
8.695960000000000000e+09	-4.662918400000000407e-03	-4.501920100000000001e-03
8.696000000000000000e+09	-4.726615600000000188e-03	-4.431164399999999726e-03
8.696040000000000000e+09	-4.784062999999999857e-03	-4.375937199999999951e-03
8.696080000000000000e+09	-4.876564699999999704e-03	-4.319972299999999717e-03
8.696120000000000000e+09	-4.894582800000000025e-03	-4.258477899999999969e-03
8.696160000000000000e+09	-4.965387299999999594e-03	-4.192909199999999940e-03
8.696200000000000000e+09	-5.025781200000000067e-03	-4.150030699999999670e-03
8.696240000000000000e+09	-5.090497900000000124e-03	-4.079880000000000138e-03
8.696280000000000000e+09	-5.163861599999999830e-03	-4.025316600000000342e-03
8.696320000000000000e+09	-5.195067499999999998e-03	-3.945463100000000216e-03
8.696360000000000000e+09	-5.265742500000000076e-03	-3.892400299999999955e-03
8.696400000000000000e+09	-5.333429899999999647e-03	-3.835460699999999976e-03
8.696440000000000000e+09	-5.353564899999999765e-03	-3.767191899999999902e-03
8.696480000000000000e+09	-5.438859400000000018e-03	-3.690806799999999874e-03
8.696520000000000000e+09	-5.489377800000000418e-03	-3.612878199999999991e-03
8.696560000000000000e+09	-5.543104499999999824e-03	-3.562653499999999997e-03
8.696600000000000000e+09	-5.611669500000000289e-03	-3.497628999999999929e-03
8.696640000000000000e+09	-5.650611899999999702e-03	-3.423917299999999948e-03
8.696680000000000000e+09	-5.686385500000000134e-03	-3.338476200000000012e-03
8.696720000000000000e+09	-5.737716999999999817e-03	-3.263983499999999986e-03
8.696760000000000000e+09	-5.819050899999999964e-03	-3.206151400000000103e-03
8.696800000000000000e+09	-5.836442600000000050e-03	-3.125771600000000049e-03
8.696840000000000000e+09	-5.904600999999999773e-03	-3.058352299999999961e-03
8.696880000000000000e+09	-5.947463899999999928e-03	-2.970154100000000057e-03
8.696920000000000000e+09	-5.985423400000000269e-03	-2.894924899999999982e-03
8.696960000000000000e+09	-6.056197999999999616e-03	-2.825595800000000029e-03
8.697000000000000000e+09	-6.081966599999999619e-03	-2.774115900000000048e-03
8.697040000000000000e+09	-6.125702000000000230e-03	-2.678180400000000193e-03
8.697080000000000000e+09	-6.165909600000000004e-03	-2.588309999999999916e-03
8.697120000000000000e+09	-6.210590700000000013e-03	-2.512896699999999945e-03
8.697160000000000000e+09	-6.237020900000000111e-03	-2.410305499999999910e-03
8.697200000000000000e+09	-6.297407500000000262e-03	-2.342178099999999916e-03
8.697240000000000000e+09	-6.312047700000000122e-03	-2.266839899999999967e-03
8.697280000000000000e+09	-6.371685900000000069e-03	-2.196026700000000033e-03
8.697320000000000000e+09	-6.437372900000000106e-03	-2.096872499999999796e-03
8.697360000000000000e+09	-6.446429000000000048e-03	-2.005944099999999990e-03
8.697400000000000000e+09	-6.494789400000000081e-03	-1.927748699999999983e-03
8.697440000000000000e+09	-6.526480200000000370e-03	-1.840920700000000035e-03
8.697480000000000000e+09	-6.558303599999999907e-03	-1.759828599999999944e-03
8.697520000000000000e+09	-6.593125899999999900e-03	-1.651911100000000082e-03
8.697560000000000000e+09	-6.617700899999999671e-03	-1.564613799999999911e-03
8.697600000000000000e+09	-6.642915299999999773e-03	-1.502518700000000018e-03
8.697640000000000000e+09	-6.695717000000000335e-03	-1.374885099999999987e-03
8.697680000000000000e+09	-6.699092599999999578e-03	-1.314748699999999937e-03
8.697720000000000000e+09	-6.711246500000000309e-03	-1.224769699999999923e-03
8.697760000000000000e+09	-6.754812100000000263e-03	-1.121033000000000012e-03
8.697800000000000000e+09	-6.780897000000000140e-03	-1.045887500000000072e-03
8.697840000000000000e+09	-6.806894899999999839e-03	-9.237314000000000375e-04
8.697880000000000000e+09	-6.833932200000000096e-03	-8.690615999999999532e-04
8.697920000000000000e+09	-6.846783599999999720e-03	-7.714682000000000484e-04
8.697960000000000000e+09	-6.865776199999999718e-03	-6.788086999999999507e-04
8.698000000000000000e+09	-6.891070299999999677e-03	-5.616246000000000302e-04
8.698040000000000000e+09	-6.901979800000000199e-03	-5.037193000000000139e-04
8.698080000000000000e+09	-6.888461000000000237e-03	-3.739276000000000145e-04
8.698120000000000000e+09	-6.935124699999999781e-03	-2.681847000000000007e-04
8.698160000000000000e+09	-6.952868299999999738e-03	-1.813383999999999916e-04
8.698200000000000000e+09	-6.935809700000000050e-03	-8.867359999999999750e-05
8.698240000000000000e+09	-6.972768300000000384e-03	1.730980000000000154e-05
8.698280000000000000e+09	-6.975473599999999601e-03	1.136088999999999957e-04
8.698320000000000000e+09	-6.971590599999999936e-03	2.134965000000000116e-04
8.698360000000000000e+09	-6.987543500000000310e-03	2.984425000000000077e-04
8.698400000000000000e+09	-6.972992899999999779e-03	3.954656999999999769e-04
8.698440000000000000e+09	-6.986146000000000370e-03	5.103478000000000268e-04
8.698480000000000000e+09	-7.006794000000000217e-03	6.314228000000000288e-04
8.698520000000000000e+09	-6.984670999999999588e-03	6.912902999999999973e-04
8.698560000000000000e+09	-6.996213400000000394e-03	7.960444000000000114e-04
8.698600000000000000e+09	-6.999955500000000150e-03	9.097505999999999562e-04
8.698640000000000000e+09	-6.993586999999999894e-03	1.004623000000000061e-03
8.698680000000000000e+09	-6.991624000000000103e-03	1.112903400000000076e-03
8.698720000000000000e+09	-6.974286700000000352e-03	1.190654800000000030e-03
8.698760000000000000e+09	-6.962188999999999704e-03	1.335578999999999933e-03
8.698800000000000000e+09	-6.957483199999999618e-03	1.403151999999999958e-03
8.698840000000000000e+09	-6.935483400000000236e-03	1.509538699999999961e-03
8.698880000000000000e+09	-6.925518000000000299e-03	1.612071600000000065e-03
8.698920000000000000e+09	-6.911521999999999805e-03	1.712112499999999963e-03
8.698960000000000000e+09	-6.923452899999999952e-03	1.837040000000000070e-03
8.699000000000000000e+09	-6.869938899999999786e-03	1.922504900000000100e-03
8.699040000000000000e+09	-6.861708900000000090e-03	2.027954199999999849e-03
8.699080000000000000e+09	-6.834445300000000292e-03	2.112974200000000170e-03
8.699120000000000000e+09	-6.801934899999999805e-03	2.225182599999999799e-03
8.699160000000000000e+09	-6.790102999999999590e-03	2.308489700000000179e-03
8.699200000000000000e+09	-6.779586699999999577e-03	2.416443099999999924e-03
8.699240000000000000e+09	-6.752031300000000021e-03	2.484766099999999832e-03
8.699280000000000000e+09	-6.721038599999999696e-03	2.624004300000000196e-03
8.699320000000000000e+09	-6.684775399999999708e-03	2.705857600000000085e-03
8.699360000000000000e+09	-6.647897899999999707e-03	2.800864299999999800e-03
8.699400000000000000e+09	-6.611343999999999901e-03	2.938120399999999931e-03
8.699440000000000000e+09	-6.595129100000000390e-03	3.013384400000000164e-03
8.699480000000000000e+09	-6.556364099999999889e-03	3.117888899999999956e-03
8.699520000000000000e+09	-6.512177299999999738e-03	3.181772199999999880e-03
8.699560000000000000e+09	-6.466720799999999859e-03	3.311440000000000130e-03
8.699600000000000000e+09	-6.461030500000000155e-03	3.406715600000000035e-03
8.699640000000000000e+09	-6.410383999999999874e-03	3.498314299999999866e-03
8.699680000000000000e+09	-6.381417200000000407e-03	3.590268800000000031e-03
8.699720000000000000e+09	-6.306323100000000431e-03	3.694207000000000133e-03
8.699760000000000000e+09	-6.250619899999999667e-03	3.814704099999999959e-03
8.699800000000000000e+09	-6.199241299999999968e-03	3.873640399999999945e-03
8.699840000000000000e+09	-6.170481000000000230e-03	3.971902499999999982e-03
8.699880000000000000e+09	-6.124427099999999596e-03	4.069666799999999834e-03
8.699920000000000000e+09	-6.063143000000000005e-03	4.134192000000000075e-03
8.699960000000000000e+09	-6.018937200000000314e-03	4.260403799999999686e-03
8.700000000000000000e+09	-5.927894000000000392e-03	4.330004900000000018e-03
8.700040000000000000e+09	-5.875323499999999741e-03	4.445927399999999828e-03
8.700080000000000000e+09	-5.843550599999999644e-03	4.530337399999999869e-03
8.700120000000000000e+09	-5.767646000000000404e-03	4.632500799999999738e-03
8.700160000000000000e+09	-5.711363399999999819e-03	4.702723300000000335e-03
8.700200000000000000e+09	-5.652751699999999935e-03	4.790039599999999613e-03
8.700240000000000000e+09	-5.574549399999999960e-03	4.867244500000000341e-03
8.700280000000000000e+09	-5.514044499999999800e-03	4.973639400000000321e-03
8.700320000000000000e+09	-5.476677000000000108e-03	5.054176399999999771e-03
8.700360000000000000e+09	-5.369102300000000265e-03	5.126648299999999811e-03
8.700400000000000000e+09	-5.314707000000000112e-03	5.219686400000000427e-03
8.700440000000000000e+09	-5.220140199999999918e-03	5.320998999999999868e-03
8.700480000000000000e+09	-5.171110199999999664e-03	5.400463599999999649e-03
8.700520000000000000e+09	-5.109699100000000133e-03	5.480842300000000195e-03
8.700560000000000000e+09	-5.053697099999999824e-03	5.550966499999999797e-03
8.700600000000000000e+09	-4.951482000000000105e-03	5.638347600000000355e-03
8.700640000000000000e+09	-4.891779800000000018e-03	5.697514899999999750e-03
8.700680000000000000e+09	-4.777508100000000223e-03	5.771337300000000184e-03
8.700720000000000000e+09	-4.705909200000000375e-03	5.876003099999999903e-03
8.700760000000000000e+09	-4.607409199999999878e-03	5.926642999999999668e-03
8.700800000000000000e+09	-4.540024499999999880e-03	6.021276699999999690e-03
8.700840000000000000e+09	-4.455913199999999783e-03	6.088795800000000417e-03
8.700880000000000000e+09	-4.385318499999999765e-03	6.150483600000000196e-03
8.700920000000000000e+09	-4.276675300000000284e-03	6.229501900000000009e-03
8.700960000000000000e+09	-4.204936500000000001e-03	6.296000999999999855e-03
8.701000000000000000e+09	-4.118307100000000338e-03	6.375638000000000312e-03
8.701040000000000000e+09	-4.018818099999999990e-03	6.429988400000000333e-03
8.701080000000000000e+09	-3.914027199999999679e-03	6.489403300000000027e-03
8.701120000000000000e+09	-3.828756799999999839e-03	6.558085299999999625e-03
8.701160000000000000e+09	-3.755206999999999989e-03	6.623084399999999705e-03
8.701200000000000000e+09	-3.642240000000000148e-03	6.689784199999999903e-03
8.701240000000000000e+09	-3.553018199999999870e-03	6.754416699999999871e-03
8.701280000000000000e+09	-3.454426999999999932e-03	6.798447800000000270e-03
8.701320000000000000e+09	-3.357989300000000128e-03	6.863885499999999862e-03
8.701360000000000000e+09	-3.245390900000000214e-03	6.923507100000000219e-03
8.701400000000000000e+09	-3.185720899999999831e-03	6.966526500000000399e-03
8.701440000000000000e+09	-3.031562700000000037e-03	7.000447899999999793e-03
8.701480000000000000e+09	-2.979342399999999978e-03	7.075414399999999625e-03
8.701520000000000000e+09	-2.871507000000000139e-03	7.118423300000000127e-03
8.701560000000000000e+09	-2.758788199999999934e-03	7.159280599999999842e-03
8.701600000000000000e+09	-2.669772800000000217e-03	7.228286300000000102e-03
8.701640000000000000e+09	-2.559652600000000139e-03	7.256793299999999766e-03
8.701680000000000000e+09	-2.466055500000000154e-03	7.313657700000000123e-03
8.701720000000000000e+09	-2.329326100000000087e-03	7.356996400000000332e-03
8.701760000000000000e+09	-2.248068800000000041e-03	7.388525800000000227e-03
8.701800000000000000e+09	-2.148168800000000052e-03	7.445144100000000362e-03
8.701840000000000000e+09	-2.021253499999999936e-03	7.455576700000000022e-03
8.701880000000000000e+09	-1.899095800000000006e-03	7.490985000000000352e-03
8.701920000000000000e+09	-1.787296600000000055e-03	7.539878100000000326e-03
8.701960000000000000e+09	-1.685306400000000050e-03	7.557871300000000396e-03
8.702000000000000000e+09	-1.567259799999999939e-03	7.610937100000000378e-03
8.702040000000000000e+09	-1.483672400000000035e-03	7.623689599999999671e-03
8.702080000000000000e+09	-1.367761299999999992e-03	7.681533699999999742e-03
8.702120000000000000e+09	-1.248831099999999977e-03	7.676210900000000024e-03
8.702160000000000000e+09	-1.139433299999999911e-03	7.732477399999999890e-03
8.702200000000000000e+09	-1.014622800000000019e-03	7.740795200000000036e-03
8.702240000000000000e+09	-9.087381000000000061e-04	7.771838700000000336e-03
8.702280000000000000e+09	-7.746146999999999885e-04	7.775836000000000379e-03
8.702320000000000000e+09	-6.718615000000000047e-04	7.827725199999999856e-03
8.702360000000000000e+09	-5.575273000000000381e-04	7.823577599999999299e-03
8.702400000000000000e+09	-4.507091000000000179e-04	7.819381199999999449e-03
8.702440000000000000e+09	-3.348301000000000250e-04	7.856211499999999834e-03
8.702480000000000000e+09	-2.146082999999999964e-04	7.862196000000000115e-03
8.702520000000000000e+09	-8.607799999999999816e-05	7.891397399999999784e-03
8.702560000000000000e+09	1.156340000000000011e-05	7.892446600000000215e-03
8.702600000000000000e+09	1.552970999999999941e-04	7.876737400000000111e-03
8.702640000000000000e+09	2.593593999999999956e-04	7.879433899999999796e-03
8.702680000000000000e+09	3.824510999999999948e-04	7.879679199999999745e-03
8.702720000000000000e+09	4.659697999999999987e-04	7.880534200000000739e-03
8.702760000000000000e+09	6.350916999999999760e-04	7.896312900000000690e-03
8.702800000000000000e+09	7.502688999999999886e-04	7.867512000000000116e-03
8.702840000000000000e+09	8.340474000000000065e-04	7.868897899999999571e-03
8.702880000000000000e+09	9.930591999999999805e-04	7.859402799999999981e-03
8.702920000000000000e+09	1.092288500000000023e-03	7.865720499999999393e-03
8.702960000000000000e+09	1.194288099999999981e-03	7.828787800000000519e-03
8.703000000000000000e+09	1.326423699999999990e-03	7.823438500000000004e-03
8.703040000000000000e+09	1.456360799999999915e-03	7.827511699999999475e-03
8.703080000000000000e+09	1.564792900000000053e-03	7.809590800000000207e-03
8.703120000000000000e+09	1.687605900000000098e-03	7.803690000000000279e-03
8.703160000000000000e+09	1.800276400000000096e-03	7.773649300000000199e-03
8.703200000000000000e+09	1.898097000000000065e-03	7.752916500000000058e-03
8.703240000000000000e+09	2.042711500000000176e-03	7.735403800000000343e-03
8.703280000000000000e+09	2.149572599999999972e-03	7.700902199999999989e-03
8.703320000000000000e+09	2.251005700000000172e-03	7.672678599999999821e-03
8.703360000000000000e+09	2.374673099999999922e-03	7.654479100000000091e-03
8.703400000000000000e+09	2.490083000000000140e-03	7.624592099999999949e-03
8.703440000000000000e+09	2.621789299999999906e-03	7.591298199999999864e-03
8.703480000000000000e+09	2.752596500000000120e-03	7.552053399999999680e-03
8.703520000000000000e+09	2.838771800000000189e-03	7.520956199999999717e-03
8.703560000000000000e+09	2.955747900000000195e-03	7.490281700000000348e-03
8.703600000000000000e+09	3.078291400000000063e-03	7.461936100000000210e-03
8.703640000000000000e+09	3.193234999999999997e-03	7.400282999999999688e-03
8.703680000000000000e+09	3.308119400000000127e-03	7.353698799999999931e-03
8.703720000000000000e+09	3.446352699999999988e-03	7.313935300000000243e-03
8.703760000000000000e+09	3.530146300000000167e-03	7.262014800000000068e-03
8.703800000000000000e+09	3.641866300000000216e-03	7.208487000000000401e-03
8.703840000000000000e+09	3.755920900000000139e-03	7.179137300000000034e-03
8.703880000000000000e+09	3.860313199999999834e-03	7.122581499999999961e-03
8.703920000000000000e+09	3.969980700000000362e-03	7.042182499999999866e-03
8.703960000000000000e+09	4.070856200000000369e-03	7.020396400000000064e-03
8.704000000000000000e+09	4.175165399999999916e-03	6.941296999999999918e-03
8.704040000000000000e+09	4.301484799999999789e-03	6.885063200000000362e-03
8.704080000000000000e+09	4.376880599999999864e-03	6.831389700000000016e-03
8.704120000000000000e+09	4.529269800000000103e-03	6.747148100000000155e-03
8.704160000000000000e+09	4.619884000000000317e-03	6.726938899999999888e-03
8.704200000000000000e+09	4.720010699999999983e-03	6.638131099999999840e-03
8.704240000000000000e+09	4.844261400000000016e-03	6.544598599999999766e-03
8.704280000000000000e+09	4.923130700000000193e-03	6.482426799999999739e-03
8.704320000000000000e+09	5.028884499999999695e-03	6.414614199999999974e-03
8.704360000000000000e+09	5.133305999999999807e-03	6.367453799999999754e-03
8.704400000000000000e+09	5.241864100000000193e-03	6.297577700000000188e-03
8.704440000000000000e+09	5.289847299999999967e-03	6.227436200000000324e-03
8.704480000000000000e+09	5.405162500000000418e-03	6.123929999999999652e-03
8.704520000000000000e+09	5.509190199999999815e-03	6.057547299999999600e-03
8.704560000000000000e+09	5.597625699999999975e-03	5.979253799999999751e-03
8.704600000000000000e+09	5.678762300000000061e-03	5.916720900000000186e-03
8.704640000000000000e+09	5.783721900000000221e-03	5.801495000000000263e-03
8.704680000000000000e+09	5.885444299999999761e-03	5.724949800000000283e-03
8.704720000000000000e+09	5.985442900000000413e-03	5.627437300000000427e-03
8.704760000000000000e+09	6.059324300000000149e-03	5.551665699999999704e-03
8.704800000000000000e+09	6.133870500000000205e-03	5.456214299999999698e-03
8.704840000000000000e+09	6.240209400000000170e-03	5.387604100000000298e-03
8.704880000000000000e+09	6.298255200000000067e-03	5.295401699999999733e-03
8.704920000000000000e+09	6.403670000000000195e-03	5.178469399999999917e-03
8.704960000000000000e+09	6.456683999999999861e-03	5.123070700000000206e-03
8.705000000000000000e+09	6.563705500000000144e-03	5.007308299999999913e-03
8.705040000000000000e+09	6.639466000000000118e-03	4.933637599999999603e-03
8.705080000000000000e+09	6.715808600000000399e-03	4.811119699999999791e-03
8.705120000000000000e+09	6.790570899999999986e-03	4.737614799999999640e-03
8.705160000000000000e+09	6.857316300000000121e-03	4.632238599999999665e-03
8.705200000000000000e+09	6.924014699999999842e-03	4.538678499999999720e-03
8.705240000000000000e+09	6.996224900000000413e-03	4.403997199999999841e-03
8.705280000000000000e+09	7.062246099999999922e-03	4.306388199999999604e-03
8.705320000000000000e+09	7.128042499999999969e-03	4.219848400000000138e-03
8.705360000000000000e+09	7.230830799999999996e-03	4.082714900000000181e-03
8.705400000000000000e+09	7.313768200000000073e-03	4.009110300000000293e-03
8.705440000000000000e+09	7.336506300000000119e-03	3.916024199999999789e-03
8.705480000000000000e+09	7.387766799999999877e-03	3.801202799999999892e-03
8.705520000000000000e+09	7.453592499999999940e-03	3.680216200000000111e-03
8.705560000000000000e+09	7.509353600000000066e-03	3.550023499999999978e-03
8.705600000000000000e+09	7.589177699999999707e-03	3.438365799999999924e-03
8.705640000000000000e+09	7.636745300000000007e-03	3.363727500000000120e-03
8.705680000000000000e+09	7.696919200000000051e-03	3.238982200000000127e-03
8.705720000000000000e+09	7.748397700000000422e-03	3.102318399999999879e-03
8.705760000000000000e+09	7.806499800000000003e-03	3.004806599999999828e-03
8.705800000000000000e+09	7.876851000000000685e-03	2.860043400000000183e-03
8.705840000000000000e+09	7.899875599999999984e-03	2.767157699999999929e-03
8.705880000000000000e+09	7.950003900000000498e-03	2.677158499999999965e-03
8.705920000000000000e+09	7.983422900000000308e-03	2.516879400000000214e-03
8.705960000000000000e+09	8.019255200000000375e-03	2.425347600000000211e-03
8.706000000000000000e+09	8.081341800000000838e-03	2.280370299999999982e-03
8.706040000000000000e+09	8.103158399999999331e-03	2.140586500000000048e-03
8.706080000000000000e+09	8.133546999999999652e-03	2.043309899999999971e-03
8.706120000000000000e+09	8.157226999999999534e-03	1.920096700000000064e-03
8.706160000000000000e+09	8.206456500000000598e-03	1.782597900000000004e-03
8.706200000000000000e+09	8.220070299999999996e-03	1.671253400000000068e-03
8.706240000000000000e+09	8.261505299999999385e-03	1.549507199999999949e-03
8.706280000000000000e+09	8.293552299999999711e-03	1.427213199999999944e-03
8.706320000000000000e+09	8.311575700000000538e-03	1.313144899999999903e-03
8.706360000000000000e+09	8.334876700000000416e-03	1.173545800000000069e-03
8.706400000000000000e+09	8.367128899999999592e-03	1.051874400000000088e-03
8.706440000000000000e+09	8.351772999999999836e-03	9.255507999999999747e-04
8.706480000000000000e+09	8.405088099999999396e-03	8.036003000000000113e-04
8.706520000000000000e+09	8.416111999999999899e-03	6.551785999999999548e-04
8.706560000000000000e+09	8.421093899999999161e-03	5.727468000000000099e-04
8.706600000000000000e+09	8.453910699999999181e-03	4.429039999999999865e-04
8.706640000000000000e+09	8.451404600000000239e-03	3.078900000000000083e-04
8.706680000000000000e+09	8.479929599999999970e-03	1.844822999999999938e-04
8.706720000000000000e+09	8.477917700000000417e-03	4.100970000000000141e-05
8.706760000000000000e+09	8.478442500000000701e-03	-5.805060000000000287e-05
8.706800000000000000e+09	8.465237999999999929e-03	-2.168419999999999950e-04
8.706840000000000000e+09	8.471730999999999706e-03	-3.534828999999999966e-04
8.706880000000000000e+09	8.469068099999999336e-03	-4.675484999999999841e-04
8.706920000000000000e+09	8.464198600000000239e-03	-6.084670000000000139e-04
8.706960000000000000e+09	8.429511000000000642e-03	-7.234343000000000067e-04
8.707000000000000000e+09	8.444884399999999861e-03	-8.711330999999999892e-04
8.707040000000000000e+09	8.470596000000000375e-03	-9.698737999999999500e-04
8.707080000000000000e+09	8.419650100000000345e-03	-1.105311400000000017e-03
8.707120000000000000e+09	8.411091000000000747e-03	-1.235048199999999943e-03
8.707160000000000000e+09	8.379207700000000300e-03	-1.362999699999999960e-03
8.707200000000000000e+09	8.375339900000000615e-03	-1.478419599999999902e-03
8.707240000000000000e+09	8.360381199999999263e-03	-1.607257699999999978e-03
8.707280000000000000e+09	8.356558999999999515e-03	-1.742591799999999988e-03
8.707320000000000000e+09	8.341182000000000804e-03	-1.862582800000000052e-03
8.707360000000000000e+09	8.307636700000000859e-03	-1.975749699999999973e-03
8.707400000000000000e+09	8.274438500000000016e-03	-2.115673599999999977e-03
8.707440000000000000e+09	8.239674799999999188e-03	-2.236381400000000096e-03
8.707480000000000000e+09	8.199327100000000645e-03	-2.377713000000000049e-03
8.707520000000000000e+09	8.163346499999999881e-03	-2.494690800000000201e-03
8.707560000000000000e+09	8.134471600000000094e-03	-2.617577500000000008e-03
8.707600000000000000e+09	8.090605500000000450e-03	-2.716650699999999946e-03
8.707640000000000000e+09	8.067250499999999505e-03	-2.845488199999999818e-03
8.707680000000000000e+09	8.016586900000000765e-03	-2.981989400000000130e-03
8.707720000000000000e+09	7.991103200000000337e-03	-3.107927800000000185e-03
8.707760000000000000e+09	7.930364999999999984e-03	-3.238203199999999896e-03
8.707800000000000000e+09	7.880033800000000102e-03	-3.376486100000000191e-03
8.707840000000000000e+09	7.831045199999999221e-03	-3.481635500000000022e-03
8.707880000000000000e+09	7.820225899999999966e-03	-3.585885000000000027e-03
8.707920000000000000e+09	7.754688699999999837e-03	-3.693585000000000097e-03
8.707960000000000000e+09	7.710208999999999986e-03	-3.847770999999999830e-03
8.708000000000000000e+09	7.652074299999999697e-03	-3.943008399999999719e-03
8.708040000000000000e+09	7.578419599999999638e-03	-4.046691399999999966e-03
8.708080000000000000e+09	7.511814599999999675e-03	-4.185491700000000190e-03
8.708120000000000000e+09	7.463709300000000331e-03	-4.275874800000000094e-03
8.708160000000000000e+09	7.423950799999999746e-03	-4.422218099999999930e-03
8.708200000000000000e+09	7.353123599999999808e-03	-4.518942700000000423e-03
8.708240000000000000e+09	7.274033200000000129e-03	-4.654402200000000260e-03
8.708280000000000000e+09	7.196799099999999852e-03	-4.751758200000000092e-03
8.708320000000000000e+09	7.152191999999999925e-03	-4.867369100000000330e-03
8.708360000000000000e+09	7.055571899999999938e-03	-4.970832599999999886e-03
8.708400000000000000e+09	6.987628099999999669e-03	-5.057691100000000044e-03
8.708440000000000000e+09	6.913203199999999778e-03	-5.192300000000000387e-03
8.708480000000000000e+09	6.830589599999999963e-03	-5.290584200000000153e-03
8.708520000000000000e+09	6.778524000000000181e-03	-5.397167999999999931e-03
8.708560000000000000e+09	6.677060799999999692e-03	-5.505009200000000012e-03
8.708600000000000000e+09	6.602390799999999921e-03	-5.604117399999999742e-03
8.708640000000000000e+09	6.512501500000000138e-03	-5.707470600000000283e-03
8.708680000000000000e+09	6.437181200000000221e-03	-5.813968099999999688e-03
8.708720000000000000e+09	6.374982099999999992e-03	-5.892214199999999853e-03
8.708760000000000000e+09	6.265129300000000026e-03	-5.985902100000000010e-03
8.708800000000000000e+09	6.197616799999999815e-03	-6.103616699999999881e-03
8.708840000000000000e+09	6.066752699999999714e-03	-6.204905699999999948e-03
8.708880000000000000e+09	5.974995399999999575e-03	-6.278223399999999579e-03
8.708920000000000000e+09	5.912972499999999583e-03	-6.416254700000000380e-03
8.708960000000000000e+09	5.797265700000000035e-03	-6.483196400000000234e-03
8.709000000000000000e+09	5.718313299999999710e-03	-6.562708399999999699e-03
8.709040000000000000e+09	5.595057300000000171e-03	-6.650615900000000219e-03
8.709080000000000000e+09	5.522531599999999999e-03	-6.718383799999999920e-03
8.709120000000000000e+09	5.411501400000000121e-03	-6.822479299999999885e-03
8.709160000000000000e+09	5.301703900000000365e-03	-6.923211900000000169e-03
8.709200000000000000e+09	5.197115900000000288e-03	-6.999037599999999824e-03
8.709240000000000000e+09	5.110220199999999588e-03	-7.070523300000000101e-03
8.709280000000000000e+09	4.993914500000000076e-03	-7.142174000000000265e-03
8.709320000000000000e+09	4.888873099999999777e-03	-7.236684699999999977e-03
8.709360000000000000e+09	4.787597400000000343e-03	-7.307226200000000067e-03
8.709400000000000000e+09	4.646919600000000428e-03	-7.382706499999999901e-03
8.709440000000000000e+09	4.549753000000000130e-03	-7.454909200000000083e-03
8.709480000000000000e+09	4.448556700000000017e-03	-7.511871399999999963e-03
8.709520000000000000e+09	4.342155299999999989e-03	-7.583400500000000294e-03
8.709560000000000000e+09	4.195572300000000379e-03	-7.661150599999999589e-03
8.709600000000000000e+09	4.098499999999999713e-03	-7.730450199999999890e-03
8.709640000000000000e+09	3.975954500000000030e-03	-7.786948299999999802e-03
8.709680000000000000e+09	3.869273900000000203e-03	-7.853086699999999379e-03
8.709720000000000000e+09	3.733095899999999950e-03	-7.905282399999999723e-03
8.709760000000000000e+09	3.619732499999999808e-03	-7.960705999999999685e-03
8.709800000000000000e+09	3.482280500000000095e-03	-8.013906200000000396e-03
8.709840000000000000e+09	3.383889900000000041e-03	-8.105279800000000229e-03
8.709880000000000000e+09	3.280810600000000094e-03	-8.118510400000000793e-03
8.709920000000000000e+09	3.127516700000000129e-03	-8.187913800000000061e-03
8.709960000000000000e+09	3.021116600000000110e-03	-8.234236000000000680e-03
8.710000000000000000e+09	2.901991000000000032e-03	-8.291141300000000672e-03
8.710040000000000000e+09	2.790413800000000107e-03	-8.302634300000000245e-03
8.710080000000000000e+09	2.634900899999999789e-03	-8.361142699999999164e-03
8.710120000000000000e+09	2.523133400000000023e-03	-8.418115300000000856e-03
8.710160000000000000e+09	2.383748000000000204e-03	-8.468724900000000264e-03
8.710200000000000000e+09	2.266440299999999877e-03	-8.495631999999999490e-03
8.710240000000000000e+09	2.118378399999999891e-03	-8.508412899999999793e-03
8.710280000000000000e+09	2.015771899999999842e-03	-8.557039400000000795e-03
8.710320000000000000e+09	1.848812800000000081e-03	-8.598190199999999547e-03
8.710360000000000000e+09	1.741809700000000001e-03	-8.607356700000000707e-03
8.710400000000000000e+09	1.605399599999999963e-03	-8.649893999999999986e-03
8.710440000000000000e+09	1.480074100000000094e-03	-8.671086799999999997e-03
8.710480000000000000e+09	1.354097899999999943e-03	-8.700039200000000625e-03
8.710520000000000000e+09	1.217475300000000083e-03	-8.719043799999999511e-03
8.710560000000000000e+09	1.072649200000000023e-03	-8.750793399999999903e-03
8.710600000000000000e+09	9.645667999999999820e-04	-8.758382800000000593e-03
8.710640000000000000e+09	8.175717999999999571e-04	-8.765290699999999172e-03
8.710680000000000000e+09	6.984241999999999664e-04	-8.773254799999999701e-03
8.710720000000000000e+09	5.504528999999999759e-04	-8.778209299999999160e-03
8.710760000000000000e+09	4.209713000000000127e-04	-8.818250600000000772e-03
8.710800000000000000e+09	3.026427000000000153e-04	-8.791518499999999639e-03
8.710840000000000000e+09	1.324778999999999941e-04	-8.847147399999999787e-03
8.710880000000000000e+09	3.094239999999999702e-05	-8.805772700000000577e-03
8.710920000000000000e+09	-1.141757000000000053e-04	-8.825534600000000535e-03
8.710960000000000000e+09	-2.490735999999999797e-04	-8.833022600000000474e-03
8.711000000000000000e+09	-3.921840000000000113e-04	-8.799986100000000561e-03
8.711040000000000000e+09	-5.119467000000000158e-04	-8.800047599999999415e-03
8.711080000000000000e+09	-6.442168999999999543e-04	-8.810746600000000581e-03
8.711120000000000000e+09	-7.783986000000000117e-04	-8.811251600000000184e-03
8.711160000000000000e+09	-8.935227000000000230e-04	-8.788778699999999500e-03
8.711200000000000000e+09	-1.021162799999999994e-03	-8.795970499999999914e-03
8.711240000000000000e+09	-1.169602700000000077e-03	-8.771794499999999162e-03
8.711280000000000000e+09	-1.266054599999999952e-03	-8.755182099999999842e-03
8.711320000000000000e+09	-1.448456799999999932e-03	-8.742037899999999251e-03
8.711360000000000000e+09	-1.573520099999999944e-03	-8.719486499999999987e-03
8.711400000000000000e+09	-1.673297600000000010e-03	-8.692403700000000261e-03
8.711440000000000000e+09	-1.836046899999999905e-03	-8.676713299999999629e-03
8.711480000000000000e+09	-1.954036399999999844e-03	-8.643997999999999959e-03
8.711520000000000000e+09	-2.074354699999999847e-03	-8.641145500000000854e-03
8.711560000000000000e+09	-2.230753399999999952e-03	-8.563364699999999330e-03
8.711600000000000000e+09	-2.350844400000000074e-03	-8.560184900000000069e-03
8.711640000000000000e+09	-2.478719199999999956e-03	-8.529246000000000744e-03
8.711680000000000000e+09	-2.621954499999999862e-03	-8.473814499999999389e-03
8.711720000000000000e+09	-2.721427199999999855e-03	-8.465066300000000793e-03
8.711760000000000000e+09	-2.879113400000000121e-03	-8.410627699999999318e-03
8.711800000000000000e+09	-2.992376299999999819e-03	-8.354723899999999537e-03
8.711840000000000000e+09	-3.129243600000000073e-03	-8.330802599999999336e-03
8.711880000000000000e+09	-3.236069700000000077e-03	-8.278859799999999797e-03
8.711920000000000000e+09	-3.377180799999999865e-03	-8.242657699999999393e-03
8.711960000000000000e+09	-3.511733400000000092e-03	-8.170952599999999760e-03
8.712000000000000000e+09	-3.624441799999999787e-03	-8.128078800000000659e-03
8.712040000000000000e+09	-3.744047099999999947e-03	-8.074105800000000097e-03
8.712080000000000000e+09	-3.888604300000000034e-03	-8.033465800000000323e-03
8.712120000000000000e+09	-3.981584600000000022e-03	-7.963513999999999662e-03
8.712160000000000000e+09	-4.105552200000000228e-03	-7.875554700000000560e-03
8.712200000000000000e+09	-4.233297900000000322e-03	-7.837844099999999661e-03
8.712240000000000000e+09	-4.368964900000000227e-03	-7.776677400000000205e-03
8.712280000000000000e+09	-4.455236500000000176e-03	-7.712697699999999934e-03
8.712320000000000000e+09	-4.596201599999999617e-03	-7.650469099999999620e-03
8.712360000000000000e+09	-4.698788399999999886e-03	-7.567842400000000108e-03
8.712400000000000000e+09	-4.829217999999999705e-03	-7.514498199999999732e-03
8.712440000000000000e+09	-4.928192900000000383e-03	-7.421927499999999775e-03
8.712480000000000000e+09	-5.054015000000000243e-03	-7.366859299999999576e-03
8.712520000000000000e+09	-5.147863699999999723e-03	-7.283376499999999996e-03
8.712560000000000000e+09	-5.284294699999999949e-03	-7.207981700000000262e-03
8.712600000000000000e+09	-5.378432199999999899e-03	-7.134755300000000106e-03
8.712640000000000000e+09	-5.483199299999999901e-03	-7.036924200000000025e-03
8.712680000000000000e+09	-5.605360299999999872e-03	-6.979957400000000312e-03
8.712720000000000000e+09	-5.694615400000000230e-03	-6.871013599999999805e-03
8.712760000000000000e+09	-5.828846900000000247e-03	-6.809515099999999960e-03
8.712800000000000000e+09	-5.908589199999999750e-03	-6.711223599999999873e-03
8.712840000000000000e+09	-6.008946599999999590e-03	-6.614082000000000294e-03
8.712880000000000000e+09	-6.119647899999999634e-03	-6.532983400000000156e-03
8.712920000000000000e+09	-6.219470700000000185e-03	-6.441932299999999709e-03
8.712960000000000000e+09	-6.310969999999999948e-03	-6.348959399999999642e-03
8.713000000000000000e+09	-6.417822099999999710e-03	-6.241481699999999917e-03
8.713040000000000000e+09	-6.484162100000000380e-03	-6.150117200000000152e-03
8.713080000000000000e+09	-6.584540399999999974e-03	-6.054772400000000068e-03
8.713120000000000000e+09	-6.692616600000000394e-03	-5.964445599999999847e-03
8.713160000000000000e+09	-6.783338400000000004e-03	-5.847285399999999946e-03
8.713200000000000000e+09	-6.881204099999999740e-03	-5.739010499999999855e-03
8.713240000000000000e+09	-6.966259800000000092e-03	-5.636031100000000148e-03
8.713280000000000000e+09	-7.057594700000000172e-03	-5.550301700000000345e-03
8.713320000000000000e+09	-7.139745799999999698e-03	-5.428034099999999584e-03
8.713360000000000000e+09	-7.213968700000000095e-03	-5.324379100000000212e-03
8.713400000000000000e+09	-7.288011199999999690e-03	-5.217675199999999812e-03
8.713440000000000000e+09	-7.383228599999999697e-03	-5.101102300000000256e-03
8.713480000000000000e+09	-7.485970599999999982e-03	-5.016961000000000337e-03
8.713520000000000000e+09	-7.528610800000000089e-03	-4.899638000000000430e-03
8.713560000000000000e+09	-7.597072399999999989e-03	-4.784165699999999750e-03
8.713600000000000000e+09	-7.686458699999999984e-03	-4.668396800000000277e-03
8.713640000000000000e+09	-7.757384299999999649e-03	-4.550391499999999721e-03
8.713680000000000000e+09	-7.821776399999999171e-03	-4.438422800000000300e-03
8.713720000000000000e+09	-7.876297000000000853e-03	-4.337883800000000116e-03
8.713760000000000000e+09	-7.975037500000000529e-03	-4.171149800000000137e-03
8.713800000000000000e+09	-8.024845200000000137e-03	-4.048971799999999573e-03
8.713840000000000000e+09	-8.076825600000000355e-03	-3.965146600000000326e-03
8.713880000000000000e+09	-8.146205499999999849e-03	-3.801024999999999977e-03
8.713920000000000000e+09	-8.187983899999999246e-03	-3.699797999999999802e-03
8.713960000000000000e+09	-8.245985799999999352e-03	-3.603721900000000141e-03
8.714000000000000000e+09	-8.331122899999999706e-03	-3.462777499999999953e-03
8.714040000000000000e+09	-8.370687999999999393e-03	-3.346572800000000188e-03
8.714080000000000000e+09	-8.411368199999999865e-03	-3.181310799999999966e-03
8.714120000000000000e+09	-8.458661200000000199e-03	-3.074350100000000034e-03
8.714160000000000000e+09	-8.496042000000000524e-03	-2.954441099999999959e-03
8.714200000000000000e+09	-8.590321899999999594e-03	-2.820162900000000063e-03
8.714240000000000000e+09	-8.624745200000000570e-03	-2.673119600000000047e-03
8.714280000000000000e+09	-8.629392600000000690e-03	-2.561583999999999996e-03
8.714320000000000000e+09	-8.675701399999999341e-03	-2.447669600000000178e-03
8.714360000000000000e+09	-8.718734800000000826e-03	-2.316096900000000000e-03
8.714400000000000000e+09	-8.772781900000000202e-03	-2.180763799999999898e-03
8.714440000000000000e+09	-8.785651099999999825e-03	-2.044617500000000046e-03
8.714480000000000000e+09	-8.820075499999999874e-03	-1.929049599999999942e-03
8.714520000000000000e+09	-8.887547399999999251e-03	-1.750915200000000092e-03
8.714560000000000000e+09	-8.860725899999999725e-03	-1.632668799999999936e-03
8.714600000000000000e+09	-8.910946100000000786e-03	-1.505423799999999930e-03
8.714640000000000000e+09	-8.926239399999999144e-03	-1.369241800000000047e-03
8.714680000000000000e+09	-8.956572899999999324e-03	-1.218167700000000056e-03
8.714720000000000000e+09	-8.957654799999999196e-03	-1.090455400000000076e-03
8.714760000000000000e+09	-8.963997799999999863e-03	-9.548261000000000161e-04
8.714800000000000000e+09	-9.009104100000000018e-03	-8.136203999999999529e-04
