8.394945000000000000e+09	1.322938700000000087e-03	1.329319099999999934e-02
8.394950000000000000e+09	1.389211700000000027e-03	1.324701219999999992e-02
8.394955000000000000e+09	1.450338999999999925e-03	1.324049059999999993e-02
8.394960000000000000e+09	1.515075799999999898e-03	1.320982459999999956e-02
8.394965000000000000e+09	1.536312800000000020e-03	1.317792209999999950e-02
8.394970000000000000e+09	1.586431099999999943e-03	1.315886129999999966e-02
8.394975000000000000e+09	1.632539300000000011e-03	1.316223639999999917e-02
8.394980000000000000e+09	1.635613099999999988e-03	1.314494010000000039e-02
8.394985000000000000e+09	1.685126099999999932e-03	1.315106559999999931e-02
8.394990000000000000e+09	1.709234399999999933e-03	1.311568859999999968e-02
8.394995000000000000e+09	1.760988700000000028e-03	1.311134769999999956e-02
8.395000000000000000e+09	1.769583400000000056e-03	1.311744999999999925e-02
8.395005000000000000e+09	1.840372999999999966e-03	1.313256399999999935e-02
8.395010000000000000e+09	1.844169299999999989e-03	1.309922099999999943e-02
8.395015000000000000e+09	1.874865000000000082e-03	1.309383549999999959e-02
8.395020000000000000e+09	1.917419100000000102e-03	1.308031609999999942e-02
8.395025000000000000e+09	1.939341000000000025e-03	1.306051400000000050e-02
8.395030000000000000e+09	1.953990999999999974e-03	1.307710320000000058e-02
8.395035000000000000e+09	1.990903000000000030e-03	1.307112210000000059e-02
8.395040000000000000e+09	2.026584799999999950e-03	1.306307089999999942e-02
8.395045000000000000e+09	2.079110400000000036e-03	1.302949370000000030e-02
8.395050000000000000e+09	2.088056100000000061e-03	1.305009740000000022e-02
8.395055000000000000e+09	2.124449000000000042e-03	1.305802900000000051e-02
8.395060000000000000e+09	2.168946000000000155e-03	1.302872360000000007e-02
8.395065000000000000e+09	2.188530100000000197e-03	1.302669600000000080e-02
8.395070000000000000e+09	2.218981200000000147e-03	1.303920710000000018e-02
8.395075000000000000e+09	2.263442799999999897e-03	1.300243599999999916e-02
8.395080000000000000e+09	2.304858700000000146e-03	1.302896909999999922e-02
8.395085000000000000e+09	2.307457199999999806e-03	1.300581970000000073e-02
8.395090000000000000e+09	2.350620600000000084e-03	1.299006280000000041e-02
8.395095000000000000e+09	2.384867699999999955e-03	1.296972960000000036e-02
8.395100000000000000e+09	2.423487499999999947e-03	1.298466440000000006e-02
8.395105000000000000e+09	2.428506500000000151e-03	1.294450169999999956e-02
8.395110000000000000e+09	2.467150600000000190e-03	1.296378060000000047e-02
8.395115000000000000e+09	2.508037600000000058e-03	1.295108919999999990e-02
8.395120000000000000e+09	2.534992199999999869e-03	1.294165409999999995e-02
8.395125000000000000e+09	2.568068000000000174e-03	1.292453210000000033e-02
8.395130000000000000e+09	2.585906499999999966e-03	1.292837600000000010e-02
8.395135000000000000e+09	2.637560599999999936e-03	1.290218060000000028e-02
8.395140000000000000e+09	2.662263499999999953e-03	1.289616759999999938e-02
8.395145000000000000e+09	2.682326899999999941e-03	1.287801700000000028e-02
8.395150000000000000e+09	2.717667899999999873e-03	1.288333130000000014e-02
8.395155000000000000e+09	2.772483400000000202e-03	1.287264880000000070e-02
8.395160000000000000e+09	2.802012899999999865e-03	1.286294579999999917e-02
8.395165000000000000e+09	2.816586199999999898e-03	1.285624649999999973e-02
8.395170000000000000e+09	2.845370399999999980e-03	1.284635469999999974e-02
8.395175000000000000e+09	2.882051699999999862e-03	1.282457669999999966e-02
8.395180000000000000e+09	2.895779399999999938e-03	1.283321899999999988e-02
8.395185000000000000e+09	2.956542999999999845e-03	1.281109239999999976e-02
8.395190000000000000e+09	2.972156699999999908e-03	1.279987959999999945e-02
8.395195000000000000e+09	2.988529399999999888e-03	1.279830619999999981e-02
8.395200000000000000e+09	3.042685199999999902e-03	1.280738520000000019e-02
8.395205000000000000e+09	3.076680899999999913e-03	1.276644000000000043e-02
8.395210000000000000e+09	3.092319899999999930e-03	1.277966910000000005e-02
8.395215000000000000e+09	3.154766700000000059e-03	1.277046000000000084e-02
8.395220000000000000e+09	3.157485199999999874e-03	1.273764020000000066e-02
8.395225000000000000e+09	3.197516599999999844e-03	1.275098139999999991e-02
8.395230000000000000e+09	3.204248499999999989e-03	1.272603249999999971e-02
8.395235000000000000e+09	3.261123400000000023e-03	1.268933830000000020e-02
8.395240000000000000e+09	3.284284499999999898e-03	1.269548470000000061e-02
8.395245000000000000e+09	3.321487599999999908e-03	1.271707910000000052e-02
8.395250000000000000e+09	3.383571699999999953e-03	1.267847010000000031e-02
8.395255000000000000e+09	3.389150200000000130e-03	1.268246559999999974e-02
8.395260000000000000e+09	3.413370900000000079e-03	1.267933339999999937e-02
8.395265000000000000e+09	3.446992500000000022e-03	1.266536669999999976e-02
8.395270000000000000e+09	3.488311100000000050e-03	1.263998380000000074e-02
8.395275000000000000e+09	3.494378600000000012e-03	1.265272119999999965e-02
8.395280000000000000e+09	3.553694000000000037e-03	1.261443230000000061e-02
8.395285000000000000e+09	3.563693100000000190e-03	1.263242130000000012e-02
8.395290000000000000e+09	3.615006500000000206e-03	1.259549429999999928e-02
8.395295000000000000e+09	3.649916000000000011e-03	1.259965629999999955e-02
8.395300000000000000e+09	3.666706999999999952e-03	1.257425719999999934e-02
8.395305000000000000e+09	3.688513100000000069e-03	1.257731139999999914e-02
8.395310000000000000e+09	3.706974400000000169e-03	1.254149950000000083e-02
8.395315000000000000e+09	3.734069400000000153e-03	1.253017900000000066e-02
8.395320000000000000e+09	3.778090899999999881e-03	1.251368939999999985e-02
8.395325000000000000e+09	3.836121400000000198e-03	1.252305069999999979e-02
8.395330000000000000e+09	3.857519399999999928e-03	1.250364309999999965e-02
8.395335000000000000e+09	3.900122700000000029e-03	1.247344929999999984e-02
8.395340000000000000e+09	3.925045999999999743e-03	1.247782000000000058e-02
8.395345000000000000e+09	3.943494999999999986e-03	1.246159039999999996e-02
8.395350000000000000e+09	3.984208999999999841e-03	1.242991289999999943e-02
8.395355000000000000e+09	3.985593499999999685e-03	1.244104069999999937e-02
8.395360000000000000e+09	4.035509300000000160e-03	1.242272219999999983e-02
8.395365000000000000e+09	4.064451799999999580e-03	1.239746639999999948e-02
8.395370000000000000e+09	4.103270400000000144e-03	1.239673529999999954e-02
8.395375000000000000e+09	4.136754500000000036e-03	1.238548930000000006e-02
8.395380000000000000e+09	4.168004700000000132e-03	1.235127169999999941e-02
8.395385000000000000e+09	4.184045200000000020e-03	1.233839240000000025e-02
8.395390000000000000e+09	4.205811900000000145e-03	1.236318280000000061e-02
8.395395000000000000e+09	4.251381900000000130e-03	1.234560910000000004e-02
8.395400000000000000e+09	4.278478199999999690e-03	1.232105780000000012e-02
8.395405000000000000e+09	4.320285899999999971e-03	1.228139349999999956e-02
8.395410000000000000e+09	4.342358099999999756e-03	1.226842019999999957e-02
8.395415000000000000e+09	4.370459900000000023e-03	1.226404619999999987e-02
8.395420000000000000e+09	4.418219400000000276e-03	1.223227120000000036e-02
8.395425000000000000e+09	4.443108399999999569e-03	1.224627720000000079e-02
8.395430000000000000e+09	4.467857599999999763e-03	1.222452589999999985e-02
8.395435000000000000e+09	4.504639999999999860e-03	1.220290249999999958e-02
8.395440000000000000e+09	4.510165200000000076e-03	1.219979459999999925e-02
8.395445000000000000e+09	4.579189899999999876e-03	1.216084469999999945e-02
8.395450000000000000e+09	4.581654400000000245e-03	1.216050070000000011e-02
8.395455000000000000e+09	4.629762899999999813e-03	1.214179580000000064e-02
8.395460000000000000e+09	4.655020400000000301e-03	1.212385510000000069e-02
8.395465000000000000e+09	4.673593299999999860e-03	1.213851470000000023e-02
8.395470000000000000e+09	4.711433699999999919e-03	1.212260910000000080e-02
8.395475000000000000e+09	4.746522300000000083e-03	1.208537990000000013e-02
8.395480000000000000e+09	4.779677599999999742e-03	1.208537940000000040e-02
8.395485000000000000e+09	4.812976699999999865e-03	1.207362000000000019e-02
8.395490000000000000e+09	4.841801800000000017e-03	1.206139640000000041e-02
8.395495000000000000e+09	4.869258700000000245e-03	1.203923479999999963e-02
8.395500000000000000e+09	4.898594899999999912e-03	1.200057369999999943e-02
8.395505000000000000e+09	4.909975799999999856e-03	1.200525139999999991e-02
8.395510000000000000e+09	4.965441999999999599e-03	1.196807830000000059e-02
8.395515000000000000e+09	4.995107700000000171e-03	1.198026909999999959e-02
8.395520000000000000e+09	5.000781000000000150e-03	1.194931029999999998e-02
8.395525000000000000e+09	5.049390800000000228e-03	1.192933220000000002e-02
8.395530000000000000e+09	5.091016299999999960e-03	1.189482489999999990e-02
8.395535000000000000e+09	5.113024499999999604e-03	1.188330850000000015e-02
8.395540000000000000e+09	5.142294900000000252e-03	1.187998099999999953e-02
8.395545000000000000e+09	5.150471400000000352e-03	1.185622989999999925e-02
8.395550000000000000e+09	5.179830300000000387e-03	1.184182680000000001e-02
8.395555000000000000e+09	5.224784399999999815e-03	1.182441000000000048e-02
8.395560000000000000e+09	5.253665200000000313e-03	1.178759750000000009e-02
8.395565000000000000e+09	5.302728700000000281e-03	1.180629490000000004e-02
8.395570000000000000e+09	5.311098600000000412e-03	1.177298960000000040e-02
8.395575000000000000e+09	5.344031800000000228e-03	1.176169120000000040e-02
8.395580000000000000e+09	5.365617199999999677e-03	1.172849739999999932e-02
8.395585000000000000e+09	5.427393499999999711e-03	1.172830310000000029e-02
8.395590000000000000e+09	5.420775800000000345e-03	1.169835200000000040e-02
8.395595000000000000e+09	5.459130999999999879e-03	1.168362249999999915e-02
8.395600000000000000e+09	5.483588999999999651e-03	1.166067299999999987e-02
8.395605000000000000e+09	5.510667399999999612e-03	1.166045459999999999e-02
8.395610000000000000e+09	5.553617999999999749e-03	1.162370870000000063e-02
8.395615000000000000e+09	5.600727699999999594e-03	1.160101239999999923e-02
8.395620000000000000e+09	5.618043799999999921e-03	1.156471279999999983e-02
8.395625000000000000e+09	5.648129800000000270e-03	1.155148710000000051e-02
8.395630000000000000e+09	5.673001399999999701e-03	1.155429300000000020e-02
8.395635000000000000e+09	5.724191200000000070e-03	1.154504140000000081e-02
8.395640000000000000e+09	5.725533599999999869e-03	1.153807630000000008e-02
8.395645000000000000e+09	5.762086500000000201e-03	1.149671960000000007e-02
8.395650000000000000e+09	5.789077200000000180e-03	1.147346399999999919e-02
8.395655000000000000e+09	5.805555100000000038e-03	1.144950819999999980e-02
8.395660000000000000e+09	5.887991999999999879e-03	1.143674660000000044e-02
8.395665000000000000e+09	5.882439599999999928e-03	1.139465760000000008e-02
8.395670000000000000e+09	5.924420100000000154e-03	1.139217309999999983e-02
8.395675000000000000e+09	5.924709099999999826e-03	1.137336459999999973e-02
8.395680000000000000e+09	5.977622699999999949e-03	1.134459070000000055e-02
8.395685000000000000e+09	6.009553100000000411e-03	1.135178080000000082e-02
8.395690000000000000e+09	6.039567000000000026e-03	1.130103070000000078e-02
8.395695000000000000e+09	6.076026499999999733e-03	1.129957229999999958e-02
8.395700000000000000e+09	6.078345199999999823e-03	1.126354620000000022e-02
8.395705000000000000e+09	6.129092200000000115e-03	1.125472140000000065e-02
8.395710000000000000e+09	6.147388299999999826e-03	1.123251989999999971e-02
8.395715000000000000e+09	6.153307400000000357e-03	1.120552340000000036e-02
8.395720000000000000e+09	6.176417099999999619e-03	1.120704110000000052e-02
8.395725000000000000e+09	6.204883900000000320e-03	1.115834519999999927e-02
8.395730000000000000e+09	6.259063799999999879e-03	1.113902389999999951e-02
8.395735000000000000e+09	6.279669300000000412e-03	1.109068149999999954e-02
8.395740000000000000e+09	6.313764099999999956e-03	1.107496900000000048e-02
8.395745000000000000e+09	6.342808200000000195e-03	1.106685320000000070e-02
8.395750000000000000e+09	6.391998399999999567e-03	1.104691690000000025e-02
8.395755000000000000e+09	6.402816199999999611e-03	1.102159230000000073e-02
8.395760000000000000e+09	6.433402599999999728e-03	1.100357000000000071e-02
8.395765000000000000e+09	6.468459799999999593e-03	1.097315039999999936e-02
8.395770000000000000e+09	6.470077400000000430e-03	1.095018499999999943e-02
8.395775000000000000e+09	6.525634699999999580e-03	1.092362160000000075e-02
8.395780000000000000e+09	6.554452500000000278e-03	1.090697789999999986e-02
8.395785000000000000e+09	6.556245599999999812e-03	1.089857009999999939e-02
8.395790000000000000e+09	6.613723200000000239e-03	1.087585519999999945e-02
8.395795000000000000e+09	6.638339800000000318e-03	1.085065550000000045e-02
8.395800000000000000e+09	6.647041999999999708e-03	1.081724100000000001e-02
8.395805000000000000e+09	6.692712200000000035e-03	1.079584259999999928e-02
8.395810000000000000e+09	6.718152300000000340e-03	1.074449130000000065e-02
8.395815000000000000e+09	6.733165900000000030e-03	1.073618489999999918e-02
8.395820000000000000e+09	6.780610900000000156e-03	1.069985029999999913e-02
8.395825000000000000e+09	6.812512899999999608e-03	1.069383590000000037e-02
8.395830000000000000e+09	6.836788199999999961e-03	1.066993720000000007e-02
8.395835000000000000e+09	6.844666000000000118e-03	1.064543400000000049e-02
8.395840000000000000e+09	6.883283399999999726e-03	1.061059410000000057e-02
8.395845000000000000e+09	6.917654700000000316e-03	1.060742699999999913e-02
8.395850000000000000e+09	6.925716299999999832e-03	1.056069750000000057e-02
8.395855000000000000e+09	6.982963499999999754e-03	1.053712530000000015e-02
8.395860000000000000e+09	6.989458500000000213e-03	1.052990569999999980e-02
8.395865000000000000e+09	7.020025299999999718e-03	1.049060450000000033e-02
8.395870000000000000e+09	7.073516200000000247e-03	1.046828389999999998e-02
8.395875000000000000e+09	7.078347100000000058e-03	1.045425409999999923e-02
8.395880000000000000e+09	7.093911300000000156e-03	1.041510149999999926e-02
8.395885000000000000e+09	7.115948000000000412e-03	1.039603820000000074e-02
8.395890000000000000e+09	7.181468899999999753e-03	1.036115760000000038e-02
8.395895000000000000e+09	7.172142000000000274e-03	1.034137559999999921e-02
8.395900000000000000e+09	7.221025699999999645e-03	1.030893899999999960e-02
8.395905000000000000e+09	7.257105500000000410e-03	1.029030799999999975e-02
8.395910000000000000e+09	7.278791500000000338e-03	1.023908310000000085e-02
8.395915000000000000e+09	7.316061999999999912e-03	1.019221319999999951e-02
8.395920000000000000e+09	7.353524900000000045e-03	1.018566090000000077e-02
8.395925000000000000e+09	7.338425899999999856e-03	1.015735069999999969e-02
8.395930000000000000e+09	7.379855999999999742e-03	1.015090329999999985e-02
8.395935000000000000e+09	7.395262799999999942e-03	1.010766819999999941e-02
8.395940000000000000e+09	7.423472500000000140e-03	1.006977830000000025e-02
8.395945000000000000e+09	7.466092300000000230e-03	1.006413999999999920e-02
8.395950000000000000e+09	7.488518000000000431e-03	1.002738589999999964e-02
8.395955000000000000e+09	7.517606999999999935e-03	1.000222849999999990e-02
8.395960000000000000e+09	7.529965500000000179e-03	9.969761400000000731e-03
8.395965000000000000e+09	7.541314900000000224e-03	9.938587500000000199e-03
8.395970000000000000e+09	7.612547800000000163e-03	9.930266999999999566e-03
8.395975000000000000e+09	7.608087099999999957e-03	9.869500700000000473e-03
8.395980000000000000e+09	7.647975300000000101e-03	9.860303600000000154e-03
8.395985000000000000e+09	7.665068599999999913e-03	9.831255800000000822e-03
8.395990000000000000e+09	7.689271800000000399e-03	9.785991500000000565e-03
8.395995000000000000e+09	7.697183800000000076e-03	9.745894999999999211e-03
8.396000000000000000e+09	7.756779299999999773e-03	9.723078099999999183e-03
8.396005000000000000e+09	7.766245399999999882e-03	9.684531300000000231e-03
8.396010000000000000e+09	7.800784499999999580e-03	9.668476000000000500e-03
8.396015000000000000e+09	7.806645499999999814e-03	9.650855700000000523e-03
8.396020000000000000e+09	7.829048400000000046e-03	9.611357100000000528e-03
8.396025000000000000e+09	7.860088200000000386e-03	9.591279399999999566e-03
8.396030000000000000e+09	7.895992100000000583e-03	9.533890200000000661e-03
8.396035000000000000e+09	7.921162600000000026e-03	9.519039700000000645e-03
8.396040000000000000e+09	7.949046700000000215e-03	9.484566700000000503e-03
8.396045000000000000e+09	7.973918899999999851e-03	9.452491400000000502e-03
8.396050000000000000e+09	7.995183299999999993e-03	9.438970300000000188e-03
8.396055000000000000e+09	8.014167100000000460e-03	9.409830399999999373e-03
8.396060000000000000e+09	8.022121700000000785e-03	9.365575399999999384e-03
8.396065000000000000e+09	8.083223500000000228e-03	9.333680400000000585e-03
8.396070000000000000e+09	8.110464100000000856e-03	9.305650500000000117e-03
8.396075000000000000e+09	8.089351800000000106e-03	9.281665099999999308e-03
8.396080000000000000e+09	8.127528000000000183e-03	9.224527099999999327e-03
8.396085000000000000e+09	8.158000699999999258e-03	9.212901600000000107e-03
8.396090000000000000e+09	8.164237899999999409e-03	9.150569000000000758e-03
8.396095000000000000e+09	8.188799700000000750e-03	9.145462599999999373e-03
8.396100000000000000e+09	8.213007799999999872e-03	9.079074899999999351e-03
8.396105000000000000e+09	8.264804299999999396e-03	9.059599200000000713e-03
8.396110000000000000e+09	8.270337299999999670e-03	9.033176299999999201e-03
8.396115000000000000e+09	8.283376000000000280e-03	8.965218299999999294e-03
8.396120000000000000e+09	8.329970000000000777e-03	8.935686899999999849e-03
8.396125000000000000e+09	8.371040700000000404e-03	8.925998100000000560e-03
8.396130000000000000e+09	8.363305200000000633e-03	8.881838899999999412e-03
8.396135000000000000e+09	8.402992600000000825e-03	8.862560400000000366e-03
8.396140000000000000e+09	8.404037099999999219e-03	8.827903200000000727e-03
8.396145000000000000e+09	8.466144800000000373e-03	8.798624799999999954e-03
8.396150000000000000e+09	8.466124400000000355e-03	8.730882500000000310e-03
8.396155000000000000e+09	8.486685399999999158e-03	8.705523399999999870e-03
8.396160000000000000e+09	8.507251699999999334e-03	8.681331800000000737e-03
8.396165000000000000e+09	8.540907199999999561e-03	8.639060299999999290e-03
8.396170000000000000e+09	8.538975199999999932e-03	8.593394699999999664e-03
8.396175000000000000e+09	8.552447300000000016e-03	8.570578900000000444e-03
8.396180000000000000e+09	8.590889000000000858e-03	8.534366200000000763e-03
8.396185000000000000e+09	8.615630399999999259e-03	8.489759799999999773e-03
8.396190000000000000e+09	8.647079300000000759e-03	8.447867399999999666e-03
8.396195000000000000e+09	8.655740800000000582e-03	8.434803600000000470e-03
8.396200000000000000e+09	8.685267499999999724e-03	8.367989200000000224e-03
8.396205000000000000e+09	8.674034299999999406e-03	8.332809599999999386e-03
8.396210000000000000e+09	8.720856000000000788e-03	8.320280700000000015e-03
8.396215000000000000e+09	8.738299099999999320e-03	8.274145599999999448e-03
8.396220000000000000e+09	8.755261000000000293e-03	8.219234400000000745e-03
8.396225000000000000e+09	8.799613799999999805e-03	8.202633699999999778e-03
8.396230000000000000e+09	8.799707000000000362e-03	8.141740700000000414e-03
8.396235000000000000e+09	8.832680500000000476e-03	8.093983799999999312e-03
8.396240000000000000e+09	8.845054300000000300e-03	8.077751500000000806e-03
8.396245000000000000e+09	8.873845300000000533e-03	8.032069600000000392e-03
8.396250000000000000e+09	8.895435300000000683e-03	7.992533799999999855e-03
8.396255000000000000e+09	8.884998899999999727e-03	7.974736499999999367e-03
8.396260000000000000e+09	8.919587399999999791e-03	7.929562500000000846e-03
8.396265000000000000e+09	8.929697400000000465e-03	7.887468700000000582e-03
8.396270000000000000e+09	8.952475999999999143e-03	7.825170200000000284e-03
8.396275000000000000e+09	8.969963900000000809e-03	7.791573100000000023e-03
8.396280000000000000e+09	8.987222799999999845e-03	7.752948600000000162e-03
8.396285000000000000e+09	9.009849199999999531e-03	7.728963400000000289e-03
8.396290000000000000e+09	9.015306799999999246e-03	7.657830800000000292e-03
8.396295000000000000e+09	9.041133099999999409e-03	7.601179500000000179e-03
8.396300000000000000e+09	9.070364600000000235e-03	7.588789200000000366e-03
8.396305000000000000e+09	9.074282700000000160e-03	7.545081799999999762e-03
8.396310000000000000e+09	9.103176200000000218e-03	7.504052500000000375e-03
8.396315000000000000e+09	9.125275500000000137e-03	7.448757000000000295e-03
8.396320000000000000e+09	9.143515799999999902e-03	7.420222100000000223e-03
8.396325000000000000e+09	9.154499099999999570e-03	7.396401099999999965e-03
8.396330000000000000e+09	9.165008100000000130e-03	7.329963999999999577e-03
8.396335000000000000e+09	9.173561199999999416e-03	7.268484700000000208e-03
8.396340000000000000e+09	9.192822999999999273e-03	7.234188400000000040e-03
8.396345000000000000e+09	9.220568300000000703e-03	7.191751300000000235e-03
8.396350000000000000e+09	9.211848400000000048e-03	7.139493000000000228e-03
8.396355000000000000e+09	9.227963400000000621e-03	7.118677900000000211e-03
8.396360000000000000e+09	9.259903800000000157e-03	7.069964199999999831e-03
8.396365000000000000e+09	9.273581700000000164e-03	6.990382899999999719e-03
8.396370000000000000e+09	9.302068300000000678e-03	6.960430000000000089e-03
8.396375000000000000e+09	9.297176500000000482e-03	6.940015699999999704e-03
8.396380000000000000e+09	9.297860200000000741e-03	6.890571199999999917e-03
8.396385000000000000e+09	9.311404199999999756e-03	6.833020999999999887e-03
8.396390000000000000e+09	9.316811899999999369e-03	6.789057799999999657e-03
8.396395000000000000e+09	9.352394499999999722e-03	6.743354400000000151e-03
8.396400000000000000e+09	9.352689299999999636e-03	6.690232499999999687e-03
8.396405000000000000e+09	9.379501700000000830e-03	6.662449699999999780e-03
8.396410000000000000e+09	9.395155599999999857e-03	6.608248100000000194e-03
8.396415000000000000e+09	9.401463400000000664e-03	6.556386400000000121e-03
8.396420000000000000e+09	9.407514400000000637e-03	6.510690399999999670e-03
8.396425000000000000e+09	9.429450400000000815e-03	6.487901199999999979e-03
8.396430000000000000e+09	9.455156299999999819e-03	6.406993599999999921e-03
8.396435000000000000e+09	9.452647800000000058e-03	6.348085300000000375e-03
8.396440000000000000e+09	9.462292000000000619e-03	6.302584899999999837e-03
8.396445000000000000e+09	9.451817600000000583e-03	6.265360200000000268e-03
8.396450000000000000e+09	9.479894000000000862e-03	6.208999699999999573e-03
8.396455000000000000e+09	9.471778900000000015e-03	6.178269000000000122e-03
8.396460000000000000e+09	9.485257900000000283e-03	6.106117099999999916e-03
8.396465000000000000e+09	9.471886599999999878e-03	6.077775500000000275e-03
8.396470000000000000e+09	9.527014000000000316e-03	6.008127700000000064e-03
8.396475000000000000e+09	9.515456900000000134e-03	5.930251899999999972e-03
8.396480000000000000e+09	9.520203700000000324e-03	5.923421199999999963e-03
8.396485000000000000e+09	9.528497900000000229e-03	5.894748200000000070e-03
8.396490000000000000e+09	9.534677099999999683e-03	5.828225099999999846e-03
8.396495000000000000e+09	9.521289800000000761e-03	5.763468699999999695e-03
8.396500000000000000e+09	9.544341200000000525e-03	5.717737799999999919e-03
8.396505000000000000e+09	9.556761800000000695e-03	5.663919600000000103e-03
8.396510000000000000e+09	9.560867799999999209e-03	5.651255600000000198e-03
8.396515000000000000e+09	9.572909699999999911e-03	5.548867399999999998e-03
8.396520000000000000e+09	9.568751699999999277e-03	5.505156100000000233e-03
8.396525000000000000e+09	9.568410499999999153e-03	5.479479800000000046e-03
8.396530000000000000e+09	9.561244199999999194e-03	5.405825999999999860e-03
8.396535000000000000e+09	9.588358400000000087e-03	5.374367599999999891e-03
8.396540000000000000e+09	9.586359100000000494e-03	5.297938999999999773e-03
8.396545000000000000e+09	9.605827500000000546e-03	5.238630999999999670e-03
8.396550000000000000e+09	9.582653000000000004e-03	5.194036899999999839e-03
8.396555000000000000e+09	9.596953000000000081e-03	5.131328400000000241e-03
8.396560000000000000e+09	9.583999600000000368e-03	5.078869500000000349e-03
8.396565000000000000e+09	9.597293300000000332e-03	5.031765700000000348e-03
8.396570000000000000e+09	9.589585200000000365e-03	4.965121900000000164e-03
8.396575000000000000e+09	9.595023799999999672e-03	4.935162199999999950e-03
8.396580000000000000e+09	9.584797900000000676e-03	4.889359400000000376e-03
8.396585000000000000e+09	9.588772500000000351e-03	4.824163200000000304e-03
8.396590000000000000e+09	9.594388800000000841e-03	4.771489799999999691e-03
8.396595000000000000e+09	9.580197400000000502e-03	4.689331799999999981e-03
8.396600000000000000e+09	9.579311700000000748e-03	4.645262500000000433e-03
8.396605000000000000e+09	9.579989900000000433e-03	4.591950099999999625e-03
8.396610000000000000e+09	9.573804300000000531e-03	4.540574500000000083e-03
8.396615000000000000e+09	9.577508199999999403e-03	4.491861399999999907e-03
8.396620000000000000e+09	9.563644200000000553e-03	4.424845299999999836e-03
8.396625000000000000e+09	9.591133899999999823e-03	4.378771699999999857e-03
8.396630000000000000e+09	9.573628900000000566e-03	4.318504400000000056e-03
8.396635000000000000e+09	9.565509099999999418e-03	4.267653100000000192e-03
8.396640000000000000e+09	9.557201499999999281e-03	4.189307500000000357e-03
8.396645000000000000e+09	9.530052500000000398e-03	4.136436700000000084e-03
8.396650000000000000e+09	9.547931699999999758e-03	4.071837000000000026e-03
8.396655000000000000e+09	9.507914799999999528e-03	4.026274500000000429e-03
8.396660000000000000e+09	9.500573300000000540e-03	3.980465400000000008e-03
8.396665000000000000e+09	9.483577499999999716e-03	3.925664199999999784e-03
8.396670000000000000e+09	9.491513899999999906e-03	3.857024299999999798e-03
8.396675000000000000e+09	9.500041399999999137e-03	3.800862700000000143e-03
8.396680000000000000e+09	9.494695299999999713e-03	3.742085300000000132e-03
8.396685000000000000e+09	9.444314000000000528e-03	3.651067000000000028e-03
8.396690000000000000e+09	9.451371099999999678e-03	3.627807299999999922e-03
8.396695000000000000e+09	9.425351900000000088e-03	3.568154599999999801e-03
8.396700000000000000e+09	9.418061099999999741e-03	3.504512999999999899e-03
8.396705000000000000e+09	9.399098899999999701e-03	3.449703299999999813e-03
8.396710000000000000e+09	9.391902400000000720e-03	3.388968899999999888e-03
8.396715000000000000e+09	9.376654899999999765e-03	3.331038399999999844e-03
8.396720000000000000e+09	9.352455399999999239e-03	3.266525000000000158e-03
8.396725000000000000e+09	9.357878899999999903e-03	3.233244200000000203e-03
8.396730000000000000e+09	9.321568400000000698e-03	3.170480499999999997e-03
8.396735000000000000e+09	9.309292599999999598e-03	3.091680199999999930e-03
8.396740000000000000e+09	9.294606299999999197e-03	3.032985299999999863e-03
8.396745000000000000e+09	9.266600599999999174e-03	2.980655500000000194e-03
8.396750000000000000e+09	9.233974299999999497e-03	2.943479599999999918e-03
8.396755000000000000e+09	9.231177800000000405e-03	2.863539599999999786e-03
8.396760000000000000e+09	9.201974999999999391e-03	2.788241900000000204e-03
8.396765000000000000e+09	9.173313299999999448e-03	2.737853800000000001e-03
8.396770000000000000e+09	9.162120100000000628e-03	2.695909900000000112e-03
8.396775000000000000e+09	9.129961400000000810e-03	2.612759599999999859e-03
8.396780000000000000e+09	9.123273499999999189e-03	2.557106400000000099e-03
8.396785000000000000e+09	9.100323299999999241e-03	2.499393500000000098e-03
8.396790000000000000e+09	9.049188200000000612e-03	2.445262699999999935e-03
8.396795000000000000e+09	9.016901900000000650e-03	2.370735499999999853e-03
8.396800000000000000e+09	9.011784400000000250e-03	2.321032700000000022e-03
8.396805000000000000e+09	8.947707799999999462e-03	2.255492200000000069e-03
8.396810000000000000e+09	8.947458300000000683e-03	2.211281800000000110e-03
8.396815000000000000e+09	8.912232200000000035e-03	2.160825400000000035e-03
8.396820000000000000e+09	8.877983000000000749e-03	2.070854500000000181e-03
8.396825000000000000e+09	8.832767199999999250e-03	2.031347199999999822e-03
8.396830000000000000e+09	8.810246100000000344e-03	1.978803400000000035e-03
8.396835000000000000e+09	8.777432300000000479e-03	1.907954600000000105e-03
8.396840000000000000e+09	8.738622099999999310e-03	1.875543699999999937e-03
8.396845000000000000e+09	8.719859400000000080e-03	1.810615700000000033e-03
8.396850000000000000e+09	8.688208299999999884e-03	1.737757400000000067e-03
8.396855000000000000e+09	8.639187899999999434e-03	1.693254599999999927e-03
8.396860000000000000e+09	8.595822799999999764e-03	1.622591899999999924e-03
8.396865000000000000e+09	8.553822399999999257e-03	1.567392799999999973e-03
8.396870000000000000e+09	8.515043400000000054e-03	1.513486799999999924e-03
8.396875000000000000e+09	8.483600900000000736e-03	1.460389400000000008e-03
8.396880000000000000e+09	8.424123199999999576e-03	1.398464999999999995e-03
8.396885000000000000e+09	8.386271699999999635e-03	1.338682199999999961e-03
8.396890000000000000e+09	8.350218899999999403e-03	1.297886100000000082e-03
8.396895000000000000e+09	8.287211100000000524e-03	1.228241599999999913e-03
8.396900000000000000e+09	8.271084499999999465e-03	1.168154600000000012e-03
8.396905000000000000e+09	8.192584100000000619e-03	1.136215500000000052e-03
8.396910000000000000e+09	8.164620200000000105e-03	1.057921500000000032e-03
8.396915000000000000e+09	8.111241700000000610e-03	1.005777299999999902e-03
8.396920000000000000e+09	8.054130499999999360e-03	9.397350000000000278e-04
8.396925000000000000e+09	8.013725200000000257e-03	8.944078000000000054e-04
8.396930000000000000e+09	7.968651599999999544e-03	8.378568999999999774e-04
8.396935000000000000e+09	7.910558499999999563e-03	8.067320000000000003e-04
8.396940000000000000e+09	7.869340199999999910e-03	7.343551000000000462e-04
8.396945000000000000e+09	7.801864199999999569e-03	6.844218000000000003e-04
8.396950000000000000e+09	7.781495799999999657e-03	6.507072000000000030e-04
8.396955000000000000e+09	7.666745899999999857e-03	5.991686999999999881e-04
8.396960000000000000e+09	7.629361900000000175e-03	5.521960000000000236e-04
8.396965000000000000e+09	7.577116600000000264e-03	5.046401999999999529e-04
8.396970000000000000e+09	7.521798900000000419e-03	4.447650000000000149e-04
8.396975000000000000e+09	7.438055199999999909e-03	4.022621999999999786e-04
8.396980000000000000e+09	7.400610900000000048e-03	3.566171000000000250e-04
8.396985000000000000e+09	7.354624100000000178e-03	3.049672000000000233e-04
8.396990000000000000e+09	7.288275799999999714e-03	2.395881000000000041e-04
8.396995000000000000e+09	7.211477899999999865e-03	1.947769000000000019e-04
8.397000000000000000e+09	7.159351100000000030e-03	1.676903000000000096e-04
8.397005000000000000e+09	7.088632200000000161e-03	1.125255999999999988e-04
8.397010000000000000e+09	7.025100500000000005e-03	5.706730000000000163e-05
8.397015000000000000e+09	6.960008400000000303e-03	5.987149999999999758e-05
8.397020000000000000e+09	6.852195400000000297e-03	-9.862300000000000425e-06
8.397025000000000000e+09	6.811272600000000364e-03	-4.336090000000000018e-05
8.397030000000000000e+09	6.744486299999999726e-03	-7.011589999999999728e-05
8.397035000000000000e+09	6.656050999999999634e-03	-1.137334999999999979e-04
8.397040000000000000e+09	6.604022600000000395e-03	-1.419752000000000091e-04
8.397045000000000000e+09	6.538994099999999830e-03	-1.783250000000000113e-04
8.397050000000000000e+09	6.441371799999999828e-03	-1.993386000000000094e-04
8.397055000000000000e+09	6.398527600000000412e-03	-2.459809999999999883e-04
8.397060000000000000e+09	6.332739599999999761e-03	-2.824831999999999994e-04
8.397065000000000000e+09	6.252269000000000403e-03	-3.155726000000000082e-04
8.397070000000000000e+09	6.166461300000000353e-03	-3.275628999999999737e-04
8.397075000000000000e+09	6.104319000000000411e-03	-3.804812000000000190e-04
8.397080000000000000e+09	6.005838700000000127e-03	-4.237061999999999990e-04
8.397085000000000000e+09	5.932203199999999677e-03	-4.189884999999999747e-04
8.397090000000000000e+09	5.852918700000000161e-03	-4.671076000000000134e-04
8.397095000000000000e+09	5.794839399999999682e-03	-4.960366999999999598e-04
8.397100000000000000e+09	5.732861799999999959e-03	-4.891350999999999512e-04
8.397105000000000000e+09	5.657046699999999581e-03	-5.215606000000000018e-04
8.397110000000000000e+09	5.557683600000000099e-03	-5.397769000000000395e-04
8.397115000000000000e+09	5.463990099999999767e-03	-5.807998999999999887e-04
8.397120000000000000e+09	5.418818100000000193e-03	-5.956520000000000087e-04
8.397125000000000000e+09	5.347217100000000063e-03	-6.109201999999999992e-04
8.397130000000000000e+09	5.273301299999999872e-03	-6.245047999999999572e-04
8.397135000000000000e+09	5.199393299999999739e-03	-6.211157000000000136e-04
8.397140000000000000e+09	5.097314999999999832e-03	-6.376090999999999530e-04
8.397145000000000000e+09	4.986001700000000127e-03	-6.714413000000000456e-04
8.397150000000000000e+09	4.921974800000000240e-03	-6.613696999999999979e-04
8.397155000000000000e+09	4.853278899999999806e-03	-6.784284000000000451e-04
8.397160000000000000e+09	4.763530499999999931e-03	-7.031093000000000412e-04
8.397165000000000000e+09	4.709286499999999764e-03	-7.012993999999999825e-04
8.397170000000000000e+09	4.591611300000000319e-03	-7.099409999999999575e-04
8.397175000000000000e+09	4.525211000000000337e-03	-7.137801000000000475e-04
8.397180000000000000e+09	4.461447200000000397e-03	-7.134542000000000444e-04
8.397185000000000000e+09	4.350087899999999751e-03	-7.169773999999999635e-04
8.397190000000000000e+09	4.291316600000000085e-03	-7.093288000000000110e-04
8.397195000000000000e+09	4.226587199999999600e-03	-7.137782000000000501e-04
8.397200000000000000e+09	4.135515400000000334e-03	-7.104887000000000268e-04
8.397205000000000000e+09	4.049762400000000290e-03	-7.302726000000000052e-04
8.397210000000000000e+09	3.960985999999999674e-03	-7.072666000000000022e-04
8.397215000000000000e+09	3.903351599999999987e-03	-7.001477999999999782e-04
8.397220000000000000e+09	3.811700600000000102e-03	-6.969132999999999535e-04
8.397225000000000000e+09	3.714021200000000144e-03	-7.090656999999999559e-04
8.397230000000000000e+09	3.645942699999999911e-03	-6.669512000000000053e-04
8.397235000000000000e+09	3.548575999999999901e-03	-6.529983000000000055e-04
8.397240000000000000e+09	3.484087700000000100e-03	-6.392939999999999951e-04
8.397245000000000000e+09	3.411801299999999999e-03	-6.445377999999999871e-04
8.397250000000000000e+09	3.342647399999999942e-03	-6.395037999999999808e-04
8.397255000000000000e+09	3.230243600000000034e-03	-5.939400999999999752e-04
8.397260000000000000e+09	3.141477599999999929e-03	-5.925853999999999931e-04
8.397265000000000000e+09	3.105436899999999920e-03	-5.615053000000000058e-04
8.397270000000000000e+09	3.026452900000000095e-03	-5.445034000000000289e-04
8.397275000000000000e+09	2.935523599999999983e-03	-5.403937999999999624e-04
8.397280000000000000e+09	2.897222999999999986e-03	-5.495218000000000281e-04
8.397285000000000000e+09	2.807033000000000011e-03	-4.945846999999999744e-04
8.397290000000000000e+09	2.718328299999999993e-03	-4.688108000000000075e-04
8.397295000000000000e+09	2.646316799999999959e-03	-4.429665999999999747e-04
8.397300000000000000e+09	2.568503599999999963e-03	-3.809115000000000070e-04
8.397305000000000000e+09	2.501100999999999932e-03	-3.849597000000000067e-04
8.397310000000000000e+09	2.435638400000000089e-03	-3.480439000000000102e-04
8.397315000000000000e+09	2.359939599999999905e-03	-3.363611000000000075e-04
8.397320000000000000e+09	2.325375399999999888e-03	-2.993995000000000055e-04
8.397325000000000000e+09	2.218202199999999916e-03	-2.857372999999999857e-04
8.397330000000000000e+09	2.173993200000000001e-03	-2.309276999999999879e-04
8.397335000000000000e+09	2.111801600000000161e-03	-2.012643999999999902e-04
8.397340000000000000e+09	2.025132499999999971e-03	-1.864505999999999932e-04
8.397345000000000000e+09	1.977498099999999877e-03	-1.323507999999999933e-04
8.397350000000000000e+09	1.917176499999999990e-03	-8.975370000000000093e-05
8.397355000000000000e+09	1.819867800000000025e-03	-3.033769999999999924e-05
8.397360000000000000e+09	1.801492200000000092e-03	-2.489549999999999906e-05
8.397365000000000000e+09	1.691476199999999985e-03	2.593460000000000069e-05
8.397370000000000000e+09	1.659789600000000044e-03	5.464490000000000260e-05
8.397375000000000000e+09	1.595522000000000043e-03	1.057668999999999987e-04
8.397380000000000000e+09	1.533018300000000026e-03	1.287016999999999946e-04
8.397385000000000000e+09	1.458474699999999990e-03	1.881536000000000005e-04
8.397390000000000000e+09	1.408614999999999997e-03	2.048982000000000028e-04
8.397395000000000000e+09	1.341800700000000002e-03	2.641812000000000110e-04
8.397400000000000000e+09	1.283697299999999979e-03	3.255225000000000262e-04
8.397405000000000000e+09	1.232476500000000098e-03	3.278441000000000211e-04
8.397410000000000000e+09	1.187410100000000105e-03	4.015258000000000173e-04
8.397415000000000000e+09	1.131986399999999893e-03	4.356531000000000184e-04
8.397420000000000000e+09	1.078164499999999899e-03	4.931506999999999471e-04
8.397425000000000000e+09	1.019886600000000001e-03	5.323415999999999652e-04
8.397430000000000000e+09	9.640443000000000493e-04	5.912543999999999612e-04
8.397435000000000000e+09	9.403878999999999754e-04	6.344245000000000309e-04
8.397440000000000000e+09	8.764641000000000098e-04	6.760397999999999711e-04
8.397445000000000000e+09	8.121111000000000519e-04	7.407079999999999697e-04
8.397450000000000000e+09	7.897447000000000147e-04	8.150966999999999848e-04
8.397455000000000000e+09	7.322544999999999532e-04	8.423029000000000497e-04
8.397460000000000000e+09	6.803624000000000303e-04	8.983754000000000045e-04
8.397465000000000000e+09	6.429931000000000492e-04	9.532091000000000348e-04
8.397470000000000000e+09	6.119450999999999493e-04	1.006399000000000052e-03
8.397475000000000000e+09	5.592312000000000541e-04	1.050760599999999963e-03
8.397480000000000000e+09	5.184195999999999856e-04	1.104201300000000070e-03
8.397485000000000000e+09	4.881290999999999950e-04	1.159689700000000011e-03
8.397490000000000000e+09	4.548256999999999778e-04	1.220046000000000021e-03
8.397495000000000000e+09	4.112728999999999972e-04	1.251403600000000095e-03
8.397500000000000000e+09	3.610137999999999824e-04	1.321165200000000081e-03
8.397505000000000000e+09	3.313929999999999762e-04	1.372755200000000094e-03
8.397510000000000000e+09	3.003508999999999910e-04	1.431713000000000039e-03
8.397515000000000000e+09	2.620777999999999931e-04	1.472847200000000070e-03
8.397520000000000000e+09	2.336989999999999998e-04	1.556221999999999901e-03
8.397525000000000000e+09	2.150346000000000028e-04	1.609514700000000062e-03
8.397530000000000000e+09	1.734221999999999945e-04	1.655232599999999958e-03
8.397535000000000000e+09	1.062253000000000009e-04	1.714963599999999892e-03
8.397540000000000000e+09	7.851649999999999949e-05	1.763562999999999893e-03
8.397545000000000000e+09	5.486450000000000300e-05	1.830558500000000095e-03
8.397550000000000000e+09	5.173340000000000176e-05	1.886643300000000016e-03
8.397555000000000000e+09	1.848510000000000027e-05	1.937580099999999979e-03
8.397560000000000000e+09	-9.280000000000000512e-07	2.009607200000000128e-03
8.397565000000000000e+09	-4.301290000000000283e-05	2.060258699999999946e-03
8.397570000000000000e+09	-7.424079999999999568e-05	2.141820000000000009e-03
8.397575000000000000e+09	-7.116580000000000226e-05	2.161741100000000044e-03
8.397580000000000000e+09	-8.999360000000000519e-05	2.228122600000000120e-03
8.397585000000000000e+09	-1.335619000000000129e-04	2.304391499999999988e-03
8.397590000000000000e+09	-1.506571000000000115e-04	2.374226399999999817e-03
8.397595000000000000e+09	-1.480936000000000080e-04	2.441603699999999894e-03
8.397600000000000000e+09	-1.780980999999999949e-04	2.480707700000000203e-03
8.397605000000000000e+09	-1.862807999999999868e-04	2.539364599999999889e-03
8.397610000000000000e+09	-2.248804000000000026e-04	2.596089199999999843e-03
8.397615000000000000e+09	-2.434854999999999984e-04	2.657901500000000011e-03
8.397620000000000000e+09	-2.421780999999999912e-04	2.719181700000000007e-03
8.397625000000000000e+09	-2.436430999999999916e-04	2.789762700000000123e-03
8.397630000000000000e+09	-2.801131999999999797e-04	2.815440900000000090e-03
8.397635000000000000e+09	-2.775054000000000214e-04	2.890497799999999957e-03
8.397640000000000000e+09	-3.015013000000000198e-04	2.928993600000000166e-03
8.397645000000000000e+09	-3.117053999999999853e-04	3.025719000000000065e-03
8.397650000000000000e+09	-3.093241000000000154e-04	3.092523199999999868e-03
8.397655000000000000e+09	-3.371916999999999992e-04	3.149563699999999994e-03
8.397660000000000000e+09	-3.302542999999999798e-04	3.192700499999999875e-03
8.397665000000000000e+09	-3.123601999999999846e-04	3.248830700000000099e-03
8.397670000000000000e+09	-3.500086000000000017e-04	3.343196599999999873e-03
8.397675000000000000e+09	-3.386878999999999866e-04	3.351681000000000018e-03
8.397680000000000000e+09	-3.510416999999999834e-04	3.413216499999999903e-03
8.397685000000000000e+09	-3.623457999999999757e-04	3.505465499999999880e-03
8.397690000000000000e+09	-3.721595000000000068e-04	3.542173300000000125e-03
8.397695000000000000e+09	-3.502177000000000198e-04	3.621822800000000075e-03
8.397700000000000000e+09	-3.599230999999999828e-04	3.654762800000000041e-03
8.397705000000000000e+09	-3.569301000000000201e-04	3.730972500000000105e-03
8.397710000000000000e+09	-3.706587000000000228e-04	3.778836499999999998e-03
8.397715000000000000e+09	-3.637865000000000109e-04	3.841201900000000124e-03
8.397720000000000000e+09	-3.685580000000000041e-04	3.901609199999999961e-03
8.397725000000000000e+09	-3.825437000000000217e-04	3.952506899999999601e-03
8.397730000000000000e+09	-3.500479999999999933e-04	3.984491300000000263e-03
8.397735000000000000e+09	-3.530470999999999761e-04	4.073028999999999712e-03
8.397740000000000000e+09	-3.297207000000000024e-04	4.113264600000000361e-03
8.397745000000000000e+09	-3.466575999999999859e-04	4.188482099999999916e-03
8.397750000000000000e+09	-3.378810999999999794e-04	4.243166100000000072e-03
8.397755000000000000e+09	-3.352087000000000014e-04	4.284037200000000156e-03
8.397760000000000000e+09	-3.032069000000000192e-04	4.343825800000000216e-03
8.397765000000000000e+09	-2.996035000000000191e-04	4.412893700000000002e-03
8.397770000000000000e+09	-2.971830000000000175e-04	4.471047899999999568e-03
8.397775000000000000e+09	-3.060405999999999782e-04	4.514515999999999668e-03
8.397780000000000000e+09	-2.907249999999999787e-04	4.585857399999999744e-03
8.397785000000000000e+09	-2.587962999999999874e-04	4.653209600000000369e-03
8.397790000000000000e+09	-2.359026999999999869e-04	4.664223000000000327e-03
8.397795000000000000e+09	-2.390581999999999874e-04	4.725863200000000354e-03
8.397800000000000000e+09	-2.324891000000000099e-04	4.785729699999999656e-03
8.397805000000000000e+09	-2.180805999999999869e-04	4.837818100000000274e-03
8.397810000000000000e+09	-2.267105999999999906e-04	4.882458600000000315e-03
8.397815000000000000e+09	-2.048998000000000063e-04	4.922654700000000071e-03
8.397820000000000000e+09	-1.519055000000000112e-04	4.978133299999999706e-03
8.397825000000000000e+09	-1.667289000000000021e-04	5.055851400000000231e-03
8.397830000000000000e+09	-1.489995000000000089e-04	5.059344700000000146e-03
8.397835000000000000e+09	-1.334646999999999895e-04	5.143260999999999666e-03
8.397840000000000000e+09	-1.259512000000000012e-04	5.178205299999999629e-03
8.397845000000000000e+09	-8.907660000000000025e-05	5.235645100000000177e-03
8.397850000000000000e+09	-8.644529999999999716e-05	5.300064000000000164e-03
8.397855000000000000e+09	-6.423200000000000437e-05	5.345193100000000287e-03
8.397860000000000000e+09	-8.989900000000000104e-06	5.409446099999999646e-03
8.397865000000000000e+09	-1.048890000000000049e-05	5.453551800000000331e-03
8.397870000000000000e+09	-6.257300000000000213e-06	5.498905099999999713e-03
8.397875000000000000e+09	3.143699999999999734e-05	5.551359799999999907e-03
8.397880000000000000e+09	5.266889999999999983e-05	5.608136799999999950e-03
8.397885000000000000e+09	6.785579999999999498e-05	5.647225799999999914e-03
8.397890000000000000e+09	1.002712000000000031e-04	5.667135099999999828e-03
8.397895000000000000e+09	1.068094000000000010e-04	5.753294800000000216e-03
8.397900000000000000e+09	1.371105000000000013e-04	5.792848899999999621e-03
8.397905000000000000e+09	1.706854000000000108e-04	5.821400400000000148e-03
8.397910000000000000e+09	1.860626000000000098e-04	5.867451699999999895e-03
8.397915000000000000e+09	2.286140000000000036e-04	5.920354400000000204e-03
8.397920000000000000e+09	2.297930000000000003e-04	5.958025100000000074e-03
8.397925000000000000e+09	2.748510000000000016e-04	5.993835799999999714e-03
8.397930000000000000e+09	3.069904999999999943e-04	6.034513800000000303e-03
8.397935000000000000e+09	2.933747000000000221e-04	6.072613999999999616e-03
8.397940000000000000e+09	3.549844000000000025e-04	6.130392900000000006e-03
8.397945000000000000e+09	4.043731000000000061e-04	6.178027099999999598e-03
8.397950000000000000e+09	4.167222000000000265e-04	6.236848700000000370e-03
8.397955000000000000e+09	4.251780000000000143e-04	6.267110799999999621e-03
8.397960000000000000e+09	4.743063999999999961e-04	6.274351400000000196e-03
8.397965000000000000e+09	4.842750999999999740e-04	6.343923999999999917e-03
8.397970000000000000e+09	5.278988000000000083e-04	6.392747399999999976e-03
8.397975000000000000e+09	5.304052000000000289e-04	6.436716200000000380e-03
8.397980000000000000e+09	5.815459000000000253e-04	6.479624199999999869e-03
8.397985000000000000e+09	6.195509000000000519e-04	6.512836099999999746e-03
8.397990000000000000e+09	6.469152999999999622e-04	6.561164500000000142e-03
8.397995000000000000e+09	6.583110999999999997e-04	6.605085099999999723e-03
8.398000000000000000e+09	7.226507999999999760e-04	6.620551500000000297e-03
8.398005000000000000e+09	7.278741999999999504e-04	6.689618500000000210e-03
8.398010000000000000e+09	7.634392000000000478e-04	6.704878200000000121e-03
8.398015000000000000e+09	8.185300999999999645e-04	6.749971300000000111e-03
8.398020000000000000e+09	8.519801000000000457e-04	6.790113700000000203e-03
8.398025000000000000e+09	8.918139999999999965e-04	6.845780899999999967e-03
8.398030000000000000e+09	9.178234000000000392e-04	6.850532599999999660e-03
8.398035000000000000e+09	9.578733000000000299e-04	6.888815399999999659e-03
8.398040000000000000e+09	9.771288999999999409e-04	6.935245900000000345e-03
8.398045000000000000e+09	1.017007099999999928e-03	6.985970999999999674e-03
8.398050000000000000e+09	1.049291200000000007e-03	7.000052399999999800e-03
8.398055000000000000e+09	1.098370300000000091e-03	7.006053600000000138e-03
8.398060000000000000e+09	1.145904799999999946e-03	7.078691699999999608e-03
8.398065000000000000e+09	1.172031600000000015e-03	7.125430200000000373e-03
8.398070000000000000e+09	1.193061000000000035e-03	7.119568199999999798e-03
8.398075000000000000e+09	1.240874699999999905e-03	7.189271500000000287e-03
8.398080000000000000e+09	1.291805499999999990e-03	7.185841999999999577e-03
8.398085000000000000e+09	1.308323699999999930e-03	7.235691300000000360e-03
8.398090000000000000e+09	1.343078799999999993e-03	7.245947600000000183e-03
8.398095000000000000e+09	1.393467600000000001e-03	7.287036000000000208e-03
8.398100000000000000e+09	1.423798599999999978e-03	7.309648400000000323e-03
8.398105000000000000e+09	1.449279699999999954e-03	7.355921300000000176e-03
8.398110000000000000e+09	1.520066700000000061e-03	7.373117099999999813e-03
8.398115000000000000e+09	1.540564400000000046e-03	7.414317400000000266e-03
8.398120000000000000e+09	1.569573699999999910e-03	7.435814100000000260e-03
8.398125000000000000e+09	1.618288299999999947e-03	7.451065800000000044e-03
8.398130000000000000e+09	1.637851100000000098e-03	7.484837499999999998e-03
8.398135000000000000e+09	1.712027600000000068e-03	7.534606899999999989e-03
8.398140000000000000e+09	1.718551800000000076e-03	7.565915299999999982e-03
8.398145000000000000e+09	1.775178600000000073e-03	7.577515499999999682e-03
8.398150000000000000e+09	1.827466600000000017e-03	7.604582599999999692e-03
8.398155000000000000e+09	1.872447499999999911e-03	7.633868299999999919e-03
8.398160000000000000e+09	1.892552999999999944e-03	7.639930100000000106e-03
8.398165000000000000e+09	1.952008600000000073e-03	7.702176800000000087e-03
8.398170000000000000e+09	1.984355799999999986e-03	7.701906599999999888e-03
8.398175000000000000e+09	2.029368299999999813e-03	7.738640399999999892e-03
8.398180000000000000e+09	2.050514199999999877e-03	7.748117700000000350e-03
8.398185000000000000e+09	2.105288299999999967e-03	7.772610400000000246e-03
8.398190000000000000e+09	2.145885199999999788e-03	7.809254100000000316e-03
8.398195000000000000e+09	2.181266500000000018e-03	7.828701000000000410e-03
8.398200000000000000e+09	2.215145200000000029e-03	7.858271000000000006e-03
8.398205000000000000e+09	2.237514300000000012e-03	7.854697299999999563e-03
8.398210000000000000e+09	2.313432099999999849e-03	7.882846900000000517e-03
8.398215000000000000e+09	2.332430199999999988e-03	7.899283300000000535e-03
8.398220000000000000e+09	2.362160800000000140e-03	7.923815500000000456e-03
8.398225000000000000e+09	2.426911500000000083e-03	7.917915799999999601e-03
8.398230000000000000e+09	2.481002899999999820e-03	7.935037299999999488e-03
8.398235000000000000e+09	2.502543299999999971e-03	7.984194899999999886e-03
8.398240000000000000e+09	2.547024199999999797e-03	7.989331900000000430e-03
8.398245000000000000e+09	2.599728800000000208e-03	8.026537699999999192e-03
8.398250000000000000e+09	2.656477500000000141e-03	8.038395599999999599e-03
8.398255000000000000e+09	2.686447299999999896e-03	8.045470100000000346e-03
8.398260000000000000e+09	2.756039300000000161e-03	8.094751299999999525e-03
8.398265000000000000e+09	2.785562200000000176e-03	8.086738499999999302e-03
8.398270000000000000e+09	2.807266899999999975e-03	8.108570799999999246e-03
8.398275000000000000e+09	2.850250300000000021e-03	8.119946600000000486e-03
8.398280000000000000e+09	2.885346699999999810e-03	8.146912100000000545e-03
8.398285000000000000e+09	2.935717400000000150e-03	8.144269699999999793e-03
8.398290000000000000e+09	3.005630400000000157e-03	8.192131700000000738e-03
8.398295000000000000e+09	3.051328199999999921e-03	8.197587200000000171e-03
8.398300000000000000e+09	3.067634999999999980e-03	8.193087499999999676e-03
8.398305000000000000e+09	3.124919900000000181e-03	8.227774900000000072e-03
8.398310000000000000e+09	3.156212499999999990e-03	8.225586899999999882e-03
8.398315000000000000e+09	3.200082800000000199e-03	8.227973700000000210e-03
8.398320000000000000e+09	3.263872900000000001e-03	8.258453900000000542e-03
8.398325000000000000e+09	3.286009299999999994e-03	8.279840999999999590e-03
8.398330000000000000e+09	3.342008999999999952e-03	8.280087300000000747e-03
8.398335000000000000e+09	3.376132300000000107e-03	8.287424599999999170e-03
8.398340000000000000e+09	3.405637999999999894e-03	8.298699099999999260e-03
8.398345000000000000e+09	3.471994799999999787e-03	8.291406700000000102e-03
8.398350000000000000e+09	3.515751399999999822e-03	8.310770099999999910e-03
8.398355000000000000e+09	3.537062799999999944e-03	8.340474000000000498e-03
8.398360000000000000e+09	3.589568999999999920e-03	8.333847400000000266e-03
8.398365000000000000e+09	3.623434000000000030e-03	8.352044899999999314e-03
8.398370000000000000e+09	3.676767899999999929e-03	8.372549499999999700e-03
8.398375000000000000e+09	3.708324299999999924e-03	8.386284799999999331e-03
8.398380000000000000e+09	3.759516999999999980e-03	8.374942899999999676e-03
8.398385000000000000e+09	3.813711500000000181e-03	8.381576999999999431e-03
8.398390000000000000e+09	3.841155199999999811e-03	8.400779800000000852e-03
8.398395000000000000e+09	3.889443199999999875e-03	8.403717700000000457e-03
8.398400000000000000e+09	3.942673800000000110e-03	8.415962500000000526e-03
8.398405000000000000e+09	3.986122299999999598e-03	8.430481999999999559e-03
8.398410000000000000e+09	4.026593299999999855e-03	8.435103399999999488e-03
8.398415000000000000e+09	4.074375800000000145e-03	8.441623299999999330e-03
8.398420000000000000e+09	4.113290500000000086e-03	8.440507899999999744e-03
8.398425000000000000e+09	4.137617799999999957e-03	8.432790100000000372e-03
8.398430000000000000e+09	4.211249700000000047e-03	8.448468799999999182e-03
8.398435000000000000e+09	4.257045200000000168e-03	8.440491399999999755e-03
8.398440000000000000e+09	4.281543999999999975e-03	8.466737300000000757e-03
8.398445000000000000e+09	4.303194100000000237e-03	8.448777399999999466e-03
8.398450000000000000e+09	4.368266099999999590e-03	8.467247199999999863e-03
8.398455000000000000e+09	4.419590499999999887e-03	8.491441599999999951e-03
8.398460000000000000e+09	4.469359099999999606e-03	8.461507999999999530e-03
8.398465000000000000e+09	4.498475800000000316e-03	8.477170299999999686e-03
8.398470000000000000e+09	4.556170699999999817e-03	8.485586800000000096e-03
8.398475000000000000e+09	4.616529700000000097e-03	8.486589299999999780e-03
8.398480000000000000e+09	4.652594599999999685e-03	8.463628200000000018e-03
8.398485000000000000e+09	4.656460000000000286e-03	8.463967399999999461e-03
8.398490000000000000e+09	4.705592300000000297e-03	8.474573799999999407e-03
8.398495000000000000e+09	4.761238200000000170e-03	8.488075100000000775e-03
8.398500000000000000e+09	4.799242199999999639e-03	8.481054599999999360e-03
8.398505000000000000e+09	4.863711100000000197e-03	8.499005800000000721e-03
8.398510000000000000e+09	4.879048700000000217e-03	8.492671000000000248e-03
8.398515000000000000e+09	4.917412900000000218e-03	8.490696699999999639e-03
8.398520000000000000e+09	4.966388399999999669e-03	8.484036099999999955e-03
8.398525000000000000e+09	5.014615600000000249e-03	8.511000200000000404e-03
8.398530000000000000e+09	5.061988499999999641e-03	8.480173500000000308e-03
8.398535000000000000e+09	5.094809500000000227e-03	8.482473600000000127e-03
8.398540000000000000e+09	5.120519799999999865e-03	8.463724199999999795e-03
8.398545000000000000e+09	5.176356400000000149e-03	8.474530299999999752e-03
8.398550000000000000e+09	5.233526100000000097e-03	8.475402300000000472e-03
8.398555000000000000e+09	5.245131600000000303e-03	8.479821999999999707e-03
8.398560000000000000e+09	5.306011799999999640e-03	8.483458699999999950e-03
8.398565000000000000e+09	5.365451799999999653e-03	8.464290600000000386e-03
8.398570000000000000e+09	5.381105800000000015e-03	8.488720499999999683e-03
8.398575000000000000e+09	5.446911399999999730e-03	8.482605199999999901e-03
8.398580000000000000e+09	5.473511300000000017e-03	8.446494800000000844e-03
8.398585000000000000e+09	5.512387900000000410e-03	8.459779000000000604e-03
8.398590000000000000e+09	5.548668900000000397e-03	8.469529499999999683e-03
8.398595000000000000e+09	5.598505099999999748e-03	8.450955899999999452e-03
8.398600000000000000e+09	5.632764999999999647e-03	8.459359799999999902e-03
8.398605000000000000e+09	5.684419700000000256e-03	8.448413999999999577e-03
8.398610000000000000e+09	5.713123599999999844e-03	8.435691699999999307e-03
8.398615000000000000e+09	5.746355100000000334e-03	8.429995699999999828e-03
8.398620000000000000e+09	5.795248099999999840e-03	8.419290899999999286e-03
8.398625000000000000e+09	5.832194500000000351e-03	8.408813299999999893e-03
8.398630000000000000e+09	5.870923800000000387e-03	8.405470700000000628e-03
8.398635000000000000e+09	5.941344599999999650e-03	8.407655199999999190e-03
8.398640000000000000e+09	5.956019100000000364e-03	8.408237500000000433e-03
8.398645000000000000e+09	6.011735100000000290e-03	8.370602899999999430e-03
8.398650000000000000e+09	6.067949700000000238e-03	8.373619900000000421e-03
8.398655000000000000e+09	6.096390400000000279e-03	8.373981100000000427e-03
8.398660000000000000e+09	6.115712500000000315e-03	8.367929300000000181e-03
8.398665000000000000e+09	6.186744299999999766e-03	8.348454800000000217e-03
8.398670000000000000e+09	6.196190699999999663e-03	8.367454899999999737e-03
8.398675000000000000e+09	6.245944899999999675e-03	8.345545899999999226e-03
8.398680000000000000e+09	6.275536899999999835e-03	8.365439400000000691e-03
8.398685000000000000e+09	6.332817400000000270e-03	8.343946300000000191e-03
8.398690000000000000e+09	6.365517600000000428e-03	8.335115000000000579e-03
8.398695000000000000e+09	6.397315599999999977e-03	8.300564399999999995e-03
8.398700000000000000e+09	6.435107899999999680e-03	8.296867700000000109e-03
8.398705000000000000e+09	6.484527599999999684e-03	8.294734600000000860e-03
8.398710000000000000e+09	6.540553900000000039e-03	8.275216900000000042e-03
8.398715000000000000e+09	6.566706900000000152e-03	8.275339600000000684e-03
8.398720000000000000e+09	6.568028600000000265e-03	8.268148200000000406e-03
8.398725000000000000e+09	6.632889099999999920e-03	8.243650300000000472e-03
8.398730000000000000e+09	6.666323600000000245e-03	8.234083799999999953e-03
8.398735000000000000e+09	6.690658999999999842e-03	8.215049300000000845e-03
8.398740000000000000e+09	6.760897000000000087e-03	8.216901900000000286e-03
8.398745000000000000e+09	6.802162100000000086e-03	8.180939400000000056e-03
8.398750000000000000e+09	6.840321299999999570e-03	8.191834699999999206e-03
8.398755000000000000e+09	6.859221100000000015e-03	8.194595100000000298e-03
8.398760000000000000e+09	6.875353800000000119e-03	8.167769300000000607e-03
8.398765000000000000e+09	6.922103300000000299e-03	8.174383699999999281e-03
8.398770000000000000e+09	6.976177800000000345e-03	8.135684799999999203e-03
8.398775000000000000e+09	7.008675699999999606e-03	8.116577999999999293e-03
8.398780000000000000e+09	7.044077900000000024e-03	8.133220199999999234e-03
8.398785000000000000e+09	7.074075299999999650e-03	8.110699299999999529e-03
8.398790000000000000e+09	7.125915400000000163e-03	8.102217199999999300e-03
8.398795000000000000e+09	7.168116199999999619e-03	8.096863100000000618e-03
8.398800000000000000e+09	7.200795799999999691e-03	8.056851300000000826e-03
8.398805000000000000e+09	7.208568900000000140e-03	8.041664999999999924e-03
8.398810000000000000e+09	7.267021400000000381e-03	8.064720299999999717e-03
8.398815000000000000e+09	7.310923000000000421e-03	8.021052799999999275e-03
8.398820000000000000e+09	7.353196400000000348e-03	8.001886799999999994e-03
8.398825000000000000e+09	7.392101100000000348e-03	8.003731999999999513e-03
8.398830000000000000e+09	7.384799899999999924e-03	7.972524800000000203e-03
8.398835000000000000e+09	7.437530000000000356e-03	7.989526599999999604e-03
8.398840000000000000e+09	7.468866200000000288e-03	7.965760100000000149e-03
8.398845000000000000e+09	7.505362600000000002e-03	7.931147200000000438e-03
8.398850000000000000e+09	7.565408899999999902e-03	7.941555399999999584e-03
8.398855000000000000e+09	7.583298300000000138e-03	7.912874800000000569e-03
8.398860000000000000e+09	7.630867399999999648e-03	7.899491399999999941e-03
8.398865000000000000e+09	7.652331099999999664e-03	7.866567700000000329e-03
8.398870000000000000e+09	7.692238399999999816e-03	7.869039700000000220e-03
8.398875000000000000e+09	7.739878999999999856e-03	7.825012699999999918e-03
8.398880000000000000e+09	7.765818300000000389e-03	7.844886500000000304e-03
8.398885000000000000e+09	7.802620199999999763e-03	7.832685100000000289e-03
8.398890000000000000e+09	7.839639400000000813e-03	7.820835599999999277e-03
8.398895000000000000e+09	7.862648099999999460e-03	7.785782300000000308e-03
8.398900000000000000e+09	7.914574599999999946e-03	7.784384099999999695e-03
8.398905000000000000e+09	7.911299000000000109e-03	7.749799600000000128e-03
8.398910000000000000e+09	7.973640500000000325e-03	7.743795000000000366e-03
8.398915000000000000e+09	8.006701200000000684e-03	7.720468700000000101e-03
8.398920000000000000e+09	8.025149299999999319e-03	7.685053199999999918e-03
8.398925000000000000e+09	8.069631600000000057e-03	7.695714200000000269e-03
8.398930000000000000e+09	8.095754700000000817e-03	7.686543799999999947e-03
8.398935000000000000e+09	8.126717000000000315e-03	7.661328700000000040e-03
8.398940000000000000e+09	8.157460700000000731e-03	7.644703899999999962e-03
8.398945000000000000e+09	8.210401399999999253e-03	7.616524900000000257e-03
8.398950000000000000e+09	8.232362800000000286e-03	7.609586399999999917e-03
8.398955000000000000e+09	8.266211699999999676e-03	7.555506099999999628e-03
8.398960000000000000e+09	8.309631899999999488e-03	7.574102600000000296e-03
8.398965000000000000e+09	8.334513199999999192e-03	7.541106700000000350e-03
8.398970000000000000e+09	8.353931199999999405e-03	7.507017700000000182e-03
8.398975000000000000e+09	8.417152400000000798e-03	7.489907799999999914e-03
8.398980000000000000e+09	8.449010599999999191e-03	7.492170700000000058e-03
8.398985000000000000e+09	8.474233399999999555e-03	7.460784500000000423e-03
8.398990000000000000e+09	8.508067399999999503e-03	7.448571999999999659e-03
8.398995000000000000e+09	8.522123700000000177e-03	7.439643499999999861e-03
8.399000000000000000e+09	8.551865800000000781e-03	7.406845900000000316e-03
8.399005000000000000e+09	8.603609700000000582e-03	7.384325899999999616e-03
8.399010000000000000e+09	8.617295999999999984e-03	7.355301399999999989e-03
8.399015000000000000e+09	8.659927399999999692e-03	7.332683399999999699e-03
8.399020000000000000e+09	8.680888200000000388e-03	7.333015299999999688e-03
8.399025000000000000e+09	8.703227900000000752e-03	7.287383799999999981e-03
8.399030000000000000e+09	8.738034299999999227e-03	7.281949400000000371e-03
8.399035000000000000e+09	8.764934699999999204e-03	7.274759599999999771e-03
8.399040000000000000e+09	8.790773899999999863e-03	7.250696899999999924e-03
8.399045000000000000e+09	8.833983300000000649e-03	7.211262999999999875e-03
8.399050000000000000e+09	8.836761500000000005e-03	7.193299799999999626e-03
8.399055000000000000e+09	8.910902599999999396e-03	7.171370600000000033e-03
8.399060000000000000e+09	8.928845700000000163e-03	7.181600899999999663e-03
8.399065000000000000e+09	8.966947600000000490e-03	7.145654500000000152e-03
8.399070000000000000e+09	8.981421700000000521e-03	7.115993499999999881e-03
8.399075000000000000e+09	9.003036699999999656e-03	7.085926900000000077e-03
8.399080000000000000e+09	9.049843700000000796e-03	7.041157499999999882e-03
8.399085000000000000e+09	9.070805899999999367e-03	7.057761000000000069e-03
8.399090000000000000e+09	9.106933799999999621e-03	7.040360100000000315e-03
8.399095000000000000e+09	9.149510099999999188e-03	7.025858400000000413e-03
8.399100000000000000e+09	9.156202599999999775e-03	6.992416799999999835e-03
8.399105000000000000e+09	9.212887100000000801e-03	6.979059400000000267e-03
8.399110000000000000e+09	9.224138399999999918e-03	6.939175100000000151e-03
8.399115000000000000e+09	9.248010799999999490e-03	6.914122699999999781e-03
8.399120000000000000e+09	9.285756600000000249e-03	6.895359900000000083e-03
8.399125000000000000e+09	9.304437199999999672e-03	6.889868999999999855e-03
8.399130000000000000e+09	9.340051199999999457e-03	6.846407500000000271e-03
8.399135000000000000e+09	9.377299299999999199e-03	6.825966699999999956e-03
8.399140000000000000e+09	9.396072899999999978e-03	6.790699499999999604e-03
8.399145000000000000e+09	9.443095500000000045e-03	6.781460700000000244e-03
8.399150000000000000e+09	9.456034699999999252e-03	6.770293800000000417e-03
8.399155000000000000e+09	9.491721700000000511e-03	6.735051399999999848e-03
8.399160000000000000e+09	9.514603700000000622e-03	6.724740300000000420e-03
8.399165000000000000e+09	9.520294099999999926e-03	6.689586400000000106e-03
8.399170000000000000e+09	9.544098299999999660e-03	6.657910300000000059e-03
8.399175000000000000e+09	9.574215900000000376e-03	6.650646799999999914e-03
8.399180000000000000e+09	9.609402600000000599e-03	6.638865199999999939e-03
8.399185000000000000e+09	9.627846900000000541e-03	6.613943300000000268e-03
8.399190000000000000e+09	9.658765099999999312e-03	6.562329000000000426e-03
8.399195000000000000e+09	9.684411900000000281e-03	6.542802000000000340e-03
8.399200000000000000e+09	9.716865099999999478e-03	6.528146799999999701e-03
8.399205000000000000e+09	9.754856699999999922e-03	6.493236999999999794e-03
8.399210000000000000e+09	9.760769600000000074e-03	6.485646700000000098e-03
8.399215000000000000e+09	9.788073300000000102e-03	6.467031500000000425e-03
8.399220000000000000e+09	9.813311499999999646e-03	6.425590499999999858e-03
8.399225000000000000e+09	9.856112099999999807e-03	6.451116500000000399e-03
8.399230000000000000e+09	9.852687699999999535e-03	6.391566199999999635e-03
8.399235000000000000e+09	9.889389000000000166e-03	6.366270599999999599e-03
8.399240000000000000e+09	9.917057099999999556e-03	6.322452899999999980e-03
8.399245000000000000e+09	9.942289400000000124e-03	6.329037899999999904e-03
8.399250000000000000e+09	9.974115999999999885e-03	6.297263800000000265e-03
8.399255000000000000e+09	1.000039890000000049e-02	6.278243499999999928e-03
8.399260000000000000e+09	1.002360300000000072e-02	6.238458100000000145e-03
8.399265000000000000e+09	1.004166180000000061e-02	6.216517300000000065e-03
8.399270000000000000e+09	1.006949579999999976e-02	6.204565500000000164e-03
8.399275000000000000e+09	1.008119929999999956e-02	6.156313400000000199e-03
8.399280000000000000e+09	1.013062460000000060e-02	6.145559400000000227e-03
8.399285000000000000e+09	1.016799380000000044e-02	6.103664200000000033e-03
8.399290000000000000e+09	1.015324639999999959e-02	6.104110099999999865e-03
8.399295000000000000e+09	1.019997790000000057e-02	6.052973599999999892e-03
8.399300000000000000e+09	1.022502559999999977e-02	6.049810299999999752e-03
8.399305000000000000e+09	1.021567120000000002e-02	6.021769800000000006e-03
8.399310000000000000e+09	1.028351809999999977e-02	5.973984600000000096e-03
8.399315000000000000e+09	1.029476120000000043e-02	5.967162100000000281e-03
8.399320000000000000e+09	1.031333710000000015e-02	5.957433500000000430e-03
8.399325000000000000e+09	1.033915040000000021e-02	5.916218800000000271e-03
8.399330000000000000e+09	1.035020090000000025e-02	5.897321999999999981e-03
8.399335000000000000e+09	1.037334720000000071e-02	5.848680600000000403e-03
8.399340000000000000e+09	1.040502039999999934e-02	5.822990499999999847e-03
8.399345000000000000e+09	1.041472969999999998e-02	5.820331399999999905e-03
8.399350000000000000e+09	1.042368179999999915e-02	5.814154099999999797e-03
8.399355000000000000e+09	1.047410560000000025e-02	5.771304799999999943e-03
8.399360000000000000e+09	1.048932389999999992e-02	5.745773299999999695e-03
8.399365000000000000e+09	1.050202580000000017e-02	5.695400500000000373e-03
8.399370000000000000e+09	1.052178160000000022e-02	5.668948099999999643e-03
8.399375000000000000e+09	1.054343330000000016e-02	5.644092399999999995e-03
8.399380000000000000e+09	1.058386040000000063e-02	5.631564500000000098e-03
8.399385000000000000e+09	1.059328040000000019e-02	5.603495400000000140e-03
8.399390000000000000e+09	1.060657639999999964e-02	5.580690999999999603e-03
8.399395000000000000e+09	1.063478179999999967e-02	5.552519199999999752e-03
8.399400000000000000e+09	1.067552230000000033e-02	5.506734499999999845e-03
8.399405000000000000e+09	1.066107770000000038e-02	5.478791799999999622e-03
8.399410000000000000e+09	1.070632489999999958e-02	5.484105900000000276e-03
8.399415000000000000e+09	1.071160380000000037e-02	5.458743700000000081e-03
8.399420000000000000e+09	1.074409249999999996e-02	5.420243299999999605e-03
8.399425000000000000e+09	1.075010310000000004e-02	5.397425100000000434e-03
8.399430000000000000e+09	1.078014709999999994e-02	5.369127700000000253e-03
8.399435000000000000e+09	1.079021120000000014e-02	5.347012899999999819e-03
8.399440000000000000e+09	1.084730119999999937e-02	5.324110800000000226e-03
8.399445000000000000e+09	1.084815090000000072e-02	5.276906799999999884e-03
8.399450000000000000e+09	1.086274450000000030e-02	5.267919999999999721e-03
8.399455000000000000e+09	1.090323399999999950e-02	5.245299299999999811e-03
8.399460000000000000e+09	1.090404279999999948e-02	5.193441699999999835e-03
8.399465000000000000e+09	1.093668289999999953e-02	5.222498600000000102e-03
8.399470000000000000e+09	1.095220619999999999e-02	5.160162200000000324e-03
8.399475000000000000e+09	1.097982959999999931e-02	5.122018100000000351e-03
8.399480000000000000e+09	1.098800649999999955e-02	5.082166800000000213e-03
8.399485000000000000e+09	1.100297949999999927e-02	5.102754900000000017e-03
8.399490000000000000e+09	1.103609279999999936e-02	5.047950100000000301e-03
8.399495000000000000e+09	1.102359420000000034e-02	5.025469700000000095e-03
8.399500000000000000e+09	1.106474260000000001e-02	4.979669800000000209e-03
8.399505000000000000e+09	1.107893239999999981e-02	4.967733099999999818e-03
8.399510000000000000e+09	1.109611209999999959e-02	4.941711900000000414e-03
8.399515000000000000e+09	1.112547430000000032e-02	4.918192800000000323e-03
8.399520000000000000e+09	1.112053529999999964e-02	4.857669999999999697e-03
8.399525000000000000e+09	1.114679740000000009e-02	4.857917599999999995e-03
8.399530000000000000e+09	1.116574770000000084e-02	4.823804299999999781e-03
8.399535000000000000e+09	1.117724689999999993e-02	4.772487300000000272e-03
8.399540000000000000e+09	1.121599950000000054e-02	4.779450699999999996e-03
8.399545000000000000e+09	1.122383530000000025e-02	4.729048199999999653e-03
8.399550000000000000e+09	1.125219090000000033e-02	4.706888999999999691e-03
8.399555000000000000e+09	1.125603919999999987e-02	4.687227999999999881e-03
8.399560000000000000e+09	1.127680420000000058e-02	4.642453199999999579e-03
8.399565000000000000e+09	1.130612419999999993e-02	4.617516500000000065e-03
8.399570000000000000e+09	1.131916080000000026e-02	4.596132000000000169e-03
8.399575000000000000e+09	1.133090399999999928e-02	4.556654499999999997e-03
8.399580000000000000e+09	1.134314500000000066e-02	4.536470100000000380e-03
8.399585000000000000e+09	1.136960979999999954e-02	4.518355200000000009e-03
8.399590000000000000e+09	1.139240140000000005e-02	4.483954899999999938e-03
8.399595000000000000e+09	1.141657469999999945e-02	4.450670299999999989e-03
8.399600000000000000e+09	1.139645300000000083e-02	4.433131400000000014e-03
8.399605000000000000e+09	1.144991350000000054e-02	4.402717100000000036e-03
8.399610000000000000e+09	1.145788189999999949e-02	4.372618400000000127e-03
8.399615000000000000e+09	1.145823680000000039e-02	4.351000100000000301e-03
8.399620000000000000e+09	1.147416549999999945e-02	4.316955100000000392e-03
8.399625000000000000e+09	1.148516729999999979e-02	4.288323099999999735e-03
8.399630000000000000e+09	1.150253159999999920e-02	4.255436900000000335e-03
8.399635000000000000e+09	1.154398490000000006e-02	4.217939900000000283e-03
8.399640000000000000e+09	1.153401150000000000e-02	4.207393999999999717e-03
8.399645000000000000e+09	1.155907190000000050e-02	4.164769900000000330e-03
8.399650000000000000e+09	1.156580670000000033e-02	4.142892500000000186e-03
8.399655000000000000e+09	1.159827090000000067e-02	4.124948399999999946e-03
8.399660000000000000e+09	1.159268840000000043e-02	4.088223299999999873e-03
8.399665000000000000e+09	1.162212460000000037e-02	4.066784700000000176e-03
8.399670000000000000e+09	1.164904549999999997e-02	4.024321899999999848e-03
8.399675000000000000e+09	1.165529719999999943e-02	4.019718999999999723e-03
8.399680000000000000e+09	1.168543720000000084e-02	3.975417000000000187e-03
8.399685000000000000e+09	1.167550990000000045e-02	3.939192499999999951e-03
8.399690000000000000e+09	1.169742839999999943e-02	3.908089699999999812e-03
8.399695000000000000e+09	1.171306679999999968e-02	3.880803300000000046e-03
8.399700000000000000e+09	1.173691760000000056e-02	3.862036100000000149e-03
8.399705000000000000e+09	1.175171539999999952e-02	3.833808299999999850e-03
8.399710000000000000e+09	1.173967170000000081e-02	3.815154500000000025e-03
8.399715000000000000e+09	1.177962299999999948e-02	3.796368499999999788e-03
8.399720000000000000e+09	1.177236710000000020e-02	3.732465400000000051e-03
8.399725000000000000e+09	1.178038149999999923e-02	3.694034799999999959e-03
8.399730000000000000e+09	1.183435530000000006e-02	3.688757999999999881e-03
8.399735000000000000e+09	1.183361890000000048e-02	3.663744300000000131e-03
8.399740000000000000e+09	1.184303379999999961e-02	3.627000500000000186e-03
8.399745000000000000e+09	1.186446059999999962e-02	3.603779899999999970e-03
8.399750000000000000e+09	1.185989990000000001e-02	3.561497600000000045e-03
8.399755000000000000e+09	1.187135479999999917e-02	3.556668199999999877e-03
8.399760000000000000e+09	1.189911599999999951e-02	3.498277399999999860e-03
8.399765000000000000e+09	1.189082869999999979e-02	3.471664800000000013e-03
8.399770000000000000e+09	1.191816170000000071e-02	3.449578400000000156e-03
8.399775000000000000e+09	1.193596360000000016e-02	3.417457899999999920e-03
8.399780000000000000e+09	1.193452149999999976e-02	3.411940799999999864e-03
8.399785000000000000e+09	1.196572280000000009e-02	3.371999200000000158e-03
8.399790000000000000e+09	1.197272419999999976e-02	3.336563399999999992e-03
8.399795000000000000e+09	1.197185419999999972e-02	3.315930099999999953e-03
8.399800000000000000e+09	1.199033870000000036e-02	3.258621399999999876e-03
8.399805000000000000e+09	1.199010579999999944e-02	3.229435699999999923e-03
8.399810000000000000e+09	1.202068449999999997e-02	3.196897199999999828e-03
8.399815000000000000e+09	1.202595920000000020e-02	3.200611999999999815e-03
8.399820000000000000e+09	1.203688500000000064e-02	3.169080099999999935e-03
8.399825000000000000e+09	1.205367130000000071e-02	3.138638000000000018e-03
8.399830000000000000e+09	1.208934650000000055e-02	3.100989299999999844e-03
8.399835000000000000e+09	1.210386909999999934e-02	3.050565600000000079e-03
8.399840000000000000e+09	1.209895369999999977e-02	3.033959900000000008e-03
8.399845000000000000e+09	1.213161050000000074e-02	3.013116599999999916e-03
8.399850000000000000e+09	1.211539350000000008e-02	2.977785799999999993e-03
8.399855000000000000e+09	1.212566699999999970e-02	2.966469499999999961e-03
8.399860000000000000e+09	1.212091730000000069e-02	2.923358000000000033e-03
8.399865000000000000e+09	1.214244710000000026e-02	2.889479600000000124e-03
8.399870000000000000e+09	1.215300709999999999e-02	2.852250699999999990e-03
8.399875000000000000e+09	1.217071230000000073e-02	2.844479999999999925e-03
8.399880000000000000e+09	1.219983239999999913e-02	2.795898900000000093e-03
8.399885000000000000e+09	1.220142739999999920e-02	2.767559299999999833e-03
8.399890000000000000e+09	1.220965629999999982e-02	2.744817200000000158e-03
8.399895000000000000e+09	1.222552040000000027e-02	2.717262299999999905e-03
8.399900000000000000e+09	1.220542810000000040e-02	2.693424800000000091e-03
8.399905000000000000e+09	1.222040869999999925e-02	2.638507999999999912e-03
8.399910000000000000e+09	1.223800310000000037e-02	2.619214500000000088e-03
8.399915000000000000e+09	1.223911760000000008e-02	2.588622899999999932e-03
8.399920000000000000e+09	1.226487469999999920e-02	2.565225999999999878e-03
8.399925000000000000e+09	1.227346470000000023e-02	2.547784400000000123e-03
8.399930000000000000e+09	1.228215690000000054e-02	2.500854299999999940e-03
8.399935000000000000e+09	1.228278049999999982e-02	2.497275299999999858e-03
8.399940000000000000e+09	1.231489860000000054e-02	2.455601799999999803e-03
8.399945000000000000e+09	1.232808449999999931e-02	2.444806400000000025e-03
