7.809450000000000000e+09	-1.382891850000000054e-02	-4.682325600000000407e-03
7.809455000000000000e+09	-1.387513230000000063e-02	-4.543531299999999627e-03
7.809460000000000000e+09	-1.393705779999999950e-02	-4.427040400000000278e-03
7.809465000000000000e+09	-1.397030600000000004e-02	-4.331915900000000291e-03
7.809470000000000000e+09	-1.397116460000000053e-02	-4.262581199999999730e-03
7.809475000000000000e+09	-1.399499390000000058e-02	-4.228175500000000420e-03
7.809480000000000000e+09	-1.400585059999999958e-02	-4.166249099999999941e-03
7.809485000000000000e+09	-1.402646150000000022e-02	-4.138440400000000310e-03
7.809490000000000000e+09	-1.401763779999999973e-02	-4.096162300000000082e-03
7.809495000000000000e+09	-1.404247670000000059e-02	-4.026842600000000300e-03
7.809500000000000000e+09	-1.404930019999999988e-02	-3.972621400000000101e-03
7.809505000000000000e+09	-1.405817189999999939e-02	-3.950757899999999927e-03
7.809510000000000000e+09	-1.404981710000000050e-02	-3.912022000000000242e-03
7.809515000000000000e+09	-1.405590410000000061e-02	-3.868805600000000105e-03
7.809520000000000000e+09	-1.407071390000000019e-02	-3.863029000000000029e-03
7.809525000000000000e+09	-1.406689059999999963e-02	-3.823903300000000127e-03
7.809530000000000000e+09	-1.407951009999999954e-02	-3.814640199999999853e-03
7.809535000000000000e+09	-1.409132299999999935e-02	-3.765979899999999901e-03
7.809540000000000000e+09	-1.408595449999999923e-02	-3.734993299999999922e-03
7.809545000000000000e+09	-1.409388959999999941e-02	-3.706722100000000002e-03
7.809550000000000000e+09	-1.411028890000000022e-02	-3.669143299999999813e-03
7.809555000000000000e+09	-1.409575239999999972e-02	-3.641268599999999793e-03
7.809560000000000000e+09	-1.411062570000000058e-02	-3.621486699999999954e-03
7.809565000000000000e+09	-1.412965620000000005e-02	-3.573303700000000135e-03
7.809570000000000000e+09	-1.412580450000000022e-02	-3.548665400000000029e-03
7.809575000000000000e+09	-1.413454869999999919e-02	-3.514941900000000032e-03
7.809580000000000000e+09	-1.413919880000000066e-02	-3.481410900000000194e-03
7.809585000000000000e+09	-1.414074669999999985e-02	-3.449729199999999971e-03
7.809590000000000000e+09	-1.414773289999999954e-02	-3.407148200000000102e-03
7.809595000000000000e+09	-1.414053420000000068e-02	-3.389468200000000150e-03
7.809600000000000000e+09	-1.415791349999999914e-02	-3.363573999999999817e-03
7.809605000000000000e+09	-1.414156899999999967e-02	-3.357955000000000141e-03
7.809610000000000000e+09	-1.416627609999999982e-02	-3.283004099999999991e-03
7.809615000000000000e+09	-1.415305000000000035e-02	-3.271839600000000115e-03
7.809620000000000000e+09	-1.416101659999999957e-02	-3.235537200000000203e-03
7.809625000000000000e+09	-1.416036269999999993e-02	-3.207225699999999985e-03
7.809630000000000000e+09	-1.417118459999999920e-02	-3.166272800000000196e-03
7.809635000000000000e+09	-1.419112810000000037e-02	-3.133540499999999934e-03
7.809640000000000000e+09	-1.417961340000000077e-02	-3.117193299999999976e-03
7.809645000000000000e+09	-1.416608639999999975e-02	-3.082165100000000026e-03
7.809650000000000000e+09	-1.418348139999999966e-02	-3.072511500000000163e-03
7.809655000000000000e+09	-1.419926619999999952e-02	-3.034568699999999879e-03
7.809660000000000000e+09	-1.419237020000000023e-02	-3.003531700000000061e-03
7.809665000000000000e+09	-1.420470289999999948e-02	-2.975335600000000164e-03
7.809670000000000000e+09	-1.421412889999999936e-02	-2.928257699999999887e-03
7.809675000000000000e+09	-1.422398929999999992e-02	-2.904581900000000137e-03
7.809680000000000000e+09	-1.422850739999999975e-02	-2.855197900000000164e-03
7.809685000000000000e+09	-1.421981699999999918e-02	-2.838632800000000060e-03
7.809690000000000000e+09	-1.420483089999999976e-02	-2.812267900000000112e-03
7.809695000000000000e+09	-1.422046930000000001e-02	-2.781958199999999808e-03
7.809700000000000000e+09	-1.421044020000000047e-02	-2.751425899999999924e-03
7.809705000000000000e+09	-1.422214240000000025e-02	-2.719477399999999795e-03
7.809710000000000000e+09	-1.424865990000000020e-02	-2.671728200000000018e-03
7.809715000000000000e+09	-1.425009200000000066e-02	-2.632591399999999800e-03
7.809720000000000000e+09	-1.425005030000000075e-02	-2.617163400000000178e-03
7.809725000000000000e+09	-1.424194709999999919e-02	-2.597802099999999784e-03
7.809730000000000000e+09	-1.424251399999999952e-02	-2.555702100000000008e-03
7.809735000000000000e+09	-1.421565900000000028e-02	-2.520911499999999982e-03
7.809740000000000000e+09	-1.424842140000000083e-02	-2.485349899999999852e-03
7.809745000000000000e+09	-1.423952560000000048e-02	-2.469026000000000033e-03
7.809750000000000000e+09	-1.425393500000000056e-02	-2.434738000000000093e-03
7.809755000000000000e+09	-1.425984700000000084e-02	-2.411111999999999977e-03
7.809760000000000000e+09	-1.423003259999999943e-02	-2.386393499999999845e-03
7.809765000000000000e+09	-1.426432740000000039e-02	-2.324164300000000193e-03
7.809770000000000000e+09	-1.423746050000000013e-02	-2.298449699999999957e-03
7.809775000000000000e+09	-1.426496749999999966e-02	-2.274393699999999793e-03
7.809780000000000000e+09	-1.424760639999999960e-02	-2.245898999999999986e-03
7.809785000000000000e+09	-1.426510930000000031e-02	-2.242499299999999897e-03
7.809790000000000000e+09	-1.426051199999999949e-02	-2.180175199999999976e-03
7.809795000000000000e+09	-1.426166769999999938e-02	-2.166069400000000204e-03
7.809800000000000000e+09	-1.425830779999999985e-02	-2.142160399999999860e-03
7.809805000000000000e+09	-1.427212400000000062e-02	-2.111312800000000010e-03
7.809810000000000000e+09	-1.427524259999999982e-02	-2.058695499999999880e-03
7.809815000000000000e+09	-1.426166799999999991e-02	-2.047440199999999832e-03
7.809820000000000000e+09	-1.427441900000000000e-02	-1.996968799999999846e-03
7.809825000000000000e+09	-1.427027500000000067e-02	-2.011321400000000079e-03
7.809830000000000000e+09	-1.426990579999999967e-02	-1.961830899999999784e-03
7.809835000000000000e+09	-1.428627870000000015e-02	-1.928418899999999976e-03
7.809840000000000000e+09	-1.427012339999999928e-02	-1.893541500000000058e-03
7.809845000000000000e+09	-1.428120029999999964e-02	-1.843189999999999976e-03
7.809850000000000000e+09	-1.426255790000000023e-02	-1.831212600000000018e-03
7.809855000000000000e+09	-1.426885290000000014e-02	-1.794440299999999896e-03
7.809860000000000000e+09	-1.426781369999999965e-02	-1.777636399999999893e-03
7.809865000000000000e+09	-1.428815689999999965e-02	-1.735503200000000070e-03
7.809870000000000000e+09	-1.428564409999999972e-02	-1.703129600000000046e-03
7.809875000000000000e+09	-1.428572749999999954e-02	-1.665161199999999923e-03
7.809880000000000000e+09	-1.429207329999999943e-02	-1.633009099999999970e-03
7.809885000000000000e+09	-1.426388559999999979e-02	-1.586841199999999927e-03
7.809890000000000000e+09	-1.427082699999999982e-02	-1.580282199999999979e-03
7.809895000000000000e+09	-1.424922919999999961e-02	-1.552098399999999939e-03
7.809900000000000000e+09	-1.425056650000000071e-02	-1.523450599999999966e-03
7.809905000000000000e+09	-1.429455850000000035e-02	-1.514376399999999923e-03
7.809910000000000000e+09	-1.425577899999999967e-02	-1.452014800000000008e-03
7.809915000000000000e+09	-1.427071660000000033e-02	-1.417053799999999988e-03
7.809920000000000000e+09	-1.428049309999999961e-02	-1.389929700000000056e-03
7.809925000000000000e+09	-1.427723080000000040e-02	-1.351737100000000025e-03
7.809930000000000000e+09	-1.426714720000000006e-02	-1.324768000000000039e-03
7.809935000000000000e+09	-1.426870809999999934e-02	-1.295762200000000067e-03
7.809940000000000000e+09	-1.427412129999999953e-02	-1.264436199999999927e-03
7.809945000000000000e+09	-1.425841519999999918e-02	-1.235700499999999903e-03
7.809950000000000000e+09	-1.424710170000000053e-02	-1.202223299999999979e-03
7.809955000000000000e+09	-1.427537010000000037e-02	-1.169061099999999919e-03
7.809960000000000000e+09	-1.426371610000000054e-02	-1.160142700000000096e-03
7.809965000000000000e+09	-1.428003700000000063e-02	-1.124634399999999926e-03
7.809970000000000000e+09	-1.426220660000000057e-02	-1.082607699999999992e-03
7.809975000000000000e+09	-1.428072269999999984e-02	-1.062712499999999899e-03
7.809980000000000000e+09	-1.427104000000000046e-02	-1.023282599999999912e-03
7.809985000000000000e+09	-1.426479680000000000e-02	-9.947708999999999458e-04
7.809990000000000000e+09	-1.425335959999999950e-02	-9.687199999999999544e-04
7.809995000000000000e+09	-1.425359609999999992e-02	-9.207764999999999483e-04
7.810000000000000000e+09	-1.426467109999999920e-02	-8.877730000000000126e-04
7.810005000000000000e+09	-1.428053599999999992e-02	-8.545573000000000318e-04
7.810010000000000000e+09	-1.426165469999999928e-02	-8.096886000000000187e-04
7.810015000000000000e+09	-1.424149939999999961e-02	-7.893225000000000241e-04
7.810020000000000000e+09	-1.426621980000000040e-02	-7.743255999999999577e-04
7.810025000000000000e+09	-1.424570449999999940e-02	-7.520437000000000042e-04
7.810030000000000000e+09	-1.424411159999999961e-02	-7.249358999999999924e-04
7.810035000000000000e+09	-1.424558589999999972e-02	-6.745399999999999487e-04
7.810040000000000000e+09	-1.424884289999999928e-02	-6.525301000000000495e-04
7.810045000000000000e+09	-1.422821540000000079e-02	-6.290126999999999958e-04
7.810050000000000000e+09	-1.423725860000000024e-02	-5.806989000000000248e-04
7.810055000000000000e+09	-1.421812190000000010e-02	-5.589610999999999972e-04
7.810060000000000000e+09	-1.423738310000000062e-02	-5.419748999999999530e-04
7.810065000000000000e+09	-1.423251799999999956e-02	-4.968668000000000520e-04
7.810070000000000000e+09	-1.421712949999999996e-02	-4.689903999999999948e-04
7.810075000000000000e+09	-1.421483490000000072e-02	-4.518222999999999922e-04
7.810080000000000000e+09	-1.421747500000000025e-02	-3.916405000000000190e-04
7.810085000000000000e+09	-1.419952390000000023e-02	-3.659164000000000123e-04
7.810090000000000000e+09	-1.420706130000000053e-02	-3.388574999999999790e-04
7.810095000000000000e+09	-1.420461379999999989e-02	-3.223430999999999801e-04
7.810100000000000000e+09	-1.420841039999999958e-02	-2.924658999999999809e-04
7.810105000000000000e+09	-1.419729079999999984e-02	-2.313934999999999929e-04
7.810110000000000000e+09	-1.421329990000000029e-02	-2.072158999999999958e-04
7.810115000000000000e+09	-1.417244500000000053e-02	-2.079693000000000080e-04
7.810120000000000000e+09	-1.420401360000000078e-02	-1.581125000000000011e-04
7.810125000000000000e+09	-1.417804259999999941e-02	-1.237770999999999978e-04
7.810130000000000000e+09	-1.417483180000000086e-02	-1.005783000000000057e-04
7.810135000000000000e+09	-1.417633509999999958e-02	-8.498259999999999506e-05
7.810140000000000000e+09	-1.417482739999999936e-02	-4.492540000000000189e-05
7.810145000000000000e+09	-1.415811930000000080e-02	-2.023280000000000049e-05
7.810150000000000000e+09	-1.417573559999999941e-02	1.177869999999999956e-05
7.810155000000000000e+09	-1.416935960000000050e-02	5.027629999999999838e-05
7.810160000000000000e+09	-1.413803689999999953e-02	9.425590000000000671e-05
7.810165000000000000e+09	-1.414696210000000037e-02	1.111841000000000050e-04
7.810170000000000000e+09	-1.413673600000000044e-02	1.469444999999999888e-04
7.810175000000000000e+09	-1.413856580000000078e-02	1.897899000000000038e-04
7.810180000000000000e+09	-1.413613820000000042e-02	2.440452999999999926e-04
7.810185000000000000e+09	-1.412873639999999952e-02	2.598877000000000088e-04
7.810190000000000000e+09	-1.410151859999999972e-02	2.657700000000000253e-04
7.810195000000000000e+09	-1.413166400000000038e-02	2.943719000000000132e-04
7.810200000000000000e+09	-1.410742040000000086e-02	3.560518000000000255e-04
7.810205000000000000e+09	-1.410719159999999917e-02	3.839940000000000237e-04
7.810210000000000000e+09	-1.409999529999999938e-02	3.986452000000000029e-04
7.810215000000000000e+09	-1.409357290000000026e-02	4.234080000000000092e-04
7.810220000000000000e+09	-1.408947959999999958e-02	4.623302999999999940e-04
7.810225000000000000e+09	-1.409807710000000013e-02	4.742729000000000107e-04
7.810230000000000000e+09	-1.407222399999999950e-02	5.075693000000000262e-04
7.810235000000000000e+09	-1.408964509999999920e-02	5.629164999999999560e-04
7.810240000000000000e+09	-1.408305840000000086e-02	5.945291000000000334e-04
7.810245000000000000e+09	-1.405705500000000059e-02	6.274088999999999621e-04
7.810250000000000000e+09	-1.406021009999999967e-02	6.650052999999999737e-04
7.810255000000000000e+09	-1.406719539999999949e-02	6.828153999999999474e-04
7.810260000000000000e+09	-1.404513500000000026e-02	7.050452000000000238e-04
7.810265000000000000e+09	-1.404622120000000030e-02	7.435064999999999600e-04
7.810270000000000000e+09	-1.405202709999999952e-02	7.706977000000000055e-04
7.810275000000000000e+09	-1.403291689999999932e-02	7.966499999999999840e-04
7.810280000000000000e+09	-1.402584580000000060e-02	8.413128999999999660e-04
7.810285000000000000e+09	-1.398336820000000043e-02	8.650218000000000533e-04
7.810290000000000000e+09	-1.398964519999999941e-02	9.057346000000000407e-04
7.810295000000000000e+09	-1.399637890000000016e-02	9.300022999999999710e-04
7.810300000000000000e+09	-1.400832840000000058e-02	9.668819999999999628e-04
7.810305000000000000e+09	-1.400019610000000081e-02	9.867925999999999954e-04
7.810310000000000000e+09	-1.398588909999999921e-02	1.005080300000000095e-03
7.810315000000000000e+09	-1.397782969999999958e-02	1.034048199999999937e-03
7.810320000000000000e+09	-1.395987110000000003e-02	1.087255000000000079e-03
7.810325000000000000e+09	-1.394778340000000019e-02	1.108258599999999974e-03
7.810330000000000000e+09	-1.396801880000000072e-02	1.152109899999999992e-03
7.810335000000000000e+09	-1.395984670000000039e-02	1.143989700000000009e-03
7.810340000000000000e+09	-1.394053360000000082e-02	1.209189700000000076e-03
7.810345000000000000e+09	-1.393292559999999985e-02	1.234733399999999931e-03
7.810350000000000000e+09	-1.392987799999999970e-02	1.266212600000000054e-03
7.810355000000000000e+09	-1.391614449999999982e-02	1.297207699999999896e-03
7.810360000000000000e+09	-1.390889770000000060e-02	1.318599799999999999e-03
7.810365000000000000e+09	-1.389921799999999964e-02	1.359621099999999911e-03
7.810370000000000000e+09	-1.388466110000000087e-02	1.382069699999999898e-03
7.810375000000000000e+09	-1.388705630000000059e-02	1.408789599999999906e-03
7.810380000000000000e+09	-1.387689180000000085e-02	1.461277900000000065e-03
7.810385000000000000e+09	-1.385745860000000065e-02	1.486824699999999893e-03
7.810390000000000000e+09	-1.385171850000000045e-02	1.528243400000000012e-03
7.810395000000000000e+09	-1.386300870000000025e-02	1.535196400000000093e-03
7.810400000000000000e+09	-1.385467200000000017e-02	1.577340200000000060e-03
7.810405000000000000e+09	-1.383604870000000077e-02	1.614924200000000072e-03
7.810410000000000000e+09	-1.381477889999999965e-02	1.653366099999999898e-03
7.810415000000000000e+09	-1.381623329999999948e-02	1.681718999999999922e-03
7.810420000000000000e+09	-1.378751649999999940e-02	1.699536900000000062e-03
7.810425000000000000e+09	-1.381221109999999919e-02	1.729701900000000028e-03
7.810430000000000000e+09	-1.379482710000000042e-02	1.767616899999999939e-03
7.810435000000000000e+09	-1.375822680000000041e-02	1.787396899999999997e-03
7.810440000000000000e+09	-1.376676760000000027e-02	1.806735299999999954e-03
7.810445000000000000e+09	-1.375990780000000031e-02	1.826282200000000104e-03
7.810450000000000000e+09	-1.374012940000000037e-02	1.870582300000000076e-03
7.810455000000000000e+09	-1.370473529999999968e-02	1.908434299999999971e-03
7.810460000000000000e+09	-1.372342330000000075e-02	1.937984499999999971e-03
7.810465000000000000e+09	-1.369764629999999962e-02	1.982694499999999860e-03
7.810470000000000000e+09	-1.369204480000000071e-02	1.984383900000000027e-03
7.810475000000000000e+09	-1.369459609999999945e-02	2.033486000000000148e-03
7.810480000000000000e+09	-1.369175629999999991e-02	2.044407399999999958e-03
7.810485000000000000e+09	-1.368688510000000066e-02	2.074692200000000011e-03
7.810490000000000000e+09	-1.365633469999999981e-02	2.109310300000000193e-03
7.810495000000000000e+09	-1.366613740000000021e-02	2.164799399999999940e-03
7.810500000000000000e+09	-1.363627700000000047e-02	2.163965900000000206e-03
7.810505000000000000e+09	-1.361368479999999943e-02	2.230913100000000201e-03
7.810510000000000000e+09	-1.361441910000000047e-02	2.247290099999999912e-03
7.810515000000000000e+09	-1.360833560000000025e-02	2.275079399999999866e-03
7.810520000000000000e+09	-1.357849050000000009e-02	2.303196799999999815e-03
7.810525000000000000e+09	-1.359373070000000072e-02	2.337649099999999838e-03
7.810530000000000000e+09	-1.358639229999999976e-02	2.363411499999999894e-03
7.810535000000000000e+09	-1.357427790000000078e-02	2.380119400000000121e-03
7.810540000000000000e+09	-1.355376839999999916e-02	2.424155999999999794e-03
7.810545000000000000e+09	-1.352133229999999929e-02	2.460519300000000090e-03
7.810550000000000000e+09	-1.353066319999999927e-02	2.484930700000000017e-03
7.810555000000000000e+09	-1.349420609999999951e-02	2.521410799999999810e-03
7.810560000000000000e+09	-1.352659709999999918e-02	2.550049300000000081e-03
7.810565000000000000e+09	-1.348148839999999994e-02	2.584487299999999998e-03
7.810570000000000000e+09	-1.347965320000000036e-02	2.616049699999999870e-03
7.810575000000000000e+09	-1.347988819999999983e-02	2.634010600000000202e-03
7.810580000000000000e+09	-1.344656949999999997e-02	2.671808099999999943e-03
7.810585000000000000e+09	-1.343748980000000065e-02	2.709814599999999830e-03
7.810590000000000000e+09	-1.343550190000000061e-02	2.731619099999999835e-03
7.810595000000000000e+09	-1.339962029999999978e-02	2.749814800000000004e-03
7.810600000000000000e+09	-1.340140710000000020e-02	2.788804599999999967e-03
7.810605000000000000e+09	-1.340074850000000026e-02	2.814912299999999812e-03
7.810610000000000000e+09	-1.338235750000000071e-02	2.829025199999999837e-03
7.810615000000000000e+09	-1.334927929999999915e-02	2.870072500000000158e-03
7.810620000000000000e+09	-1.336053320000000003e-02	2.902538100000000114e-03
7.810625000000000000e+09	-1.332871650000000061e-02	2.936343799999999952e-03
7.810630000000000000e+09	-1.333445609999999934e-02	2.977382800000000045e-03
7.810635000000000000e+09	-1.330175599999999965e-02	2.994070199999999786e-03
7.810640000000000000e+09	-1.330725699999999942e-02	3.030188200000000134e-03
7.810645000000000000e+09	-1.327691999999999935e-02	3.071908300000000033e-03
7.810650000000000000e+09	-1.324188299999999943e-02	3.102830300000000100e-03
7.810655000000000000e+09	-1.326283229999999924e-02	3.100666499999999923e-03
7.810660000000000000e+09	-1.326694800000000063e-02	3.149860300000000089e-03
7.810665000000000000e+09	-1.322813519999999944e-02	3.168465499999999820e-03
7.810670000000000000e+09	-1.322438750000000038e-02	3.202322100000000102e-03
7.810675000000000000e+09	-1.320097339999999966e-02	3.237463600000000091e-03
7.810680000000000000e+09	-1.318148419999999946e-02	3.261658199999999813e-03
7.810685000000000000e+09	-1.315474150000000078e-02	3.289106200000000042e-03
7.810690000000000000e+09	-1.315153680000000040e-02	3.309169499999999996e-03
7.810695000000000000e+09	-1.315122330000000062e-02	3.360780500000000014e-03
7.810700000000000000e+09	-1.311225750000000016e-02	3.369842599999999834e-03
7.810705000000000000e+09	-1.310750450000000046e-02	3.426781600000000042e-03
7.810710000000000000e+09	-1.310378870000000057e-02	3.434340000000000136e-03
7.810715000000000000e+09	-1.306924509999999977e-02	3.473038700000000145e-03
7.810720000000000000e+09	-1.306250119999999987e-02	3.494802999999999885e-03
7.810725000000000000e+09	-1.303194539999999978e-02	3.520724700000000054e-03
7.810730000000000000e+09	-1.303423970000000022e-02	3.558802800000000072e-03
7.810735000000000000e+09	-1.303300299999999960e-02	3.576421700000000006e-03
7.810740000000000000e+09	-1.299123070000000012e-02	3.634743699999999980e-03
7.810745000000000000e+09	-1.300624920000000018e-02	3.682018000000000010e-03
7.810750000000000000e+09	-1.295876949999999993e-02	3.676941100000000011e-03
7.810755000000000000e+09	-1.294800089999999931e-02	3.716379100000000157e-03
7.810760000000000000e+09	-1.293961710000000008e-02	3.728592900000000064e-03
7.810765000000000000e+09	-1.292706899999999937e-02	3.780712500000000045e-03
7.810770000000000000e+09	-1.287323309999999915e-02	3.799457200000000076e-03
7.810775000000000000e+09	-1.288286670000000043e-02	3.827058999999999843e-03
7.810780000000000000e+09	-1.285756140000000013e-02	3.855904500000000013e-03
7.810785000000000000e+09	-1.284119010000000019e-02	3.891257700000000201e-03
7.810790000000000000e+09	-1.284188420000000053e-02	3.918459600000000209e-03
7.810795000000000000e+09	-1.278924069999999927e-02	3.943861899999999768e-03
7.810800000000000000e+09	-1.277841329999999942e-02	3.950817300000000233e-03
7.810805000000000000e+09	-1.277585910000000012e-02	3.989921399999999709e-03
7.810810000000000000e+09	-1.276351000000000048e-02	4.028150500000000044e-03
7.810815000000000000e+09	-1.272945749999999931e-02	4.057216300000000310e-03
7.810820000000000000e+09	-1.271099659999999978e-02	4.094456100000000258e-03
7.810825000000000000e+09	-1.269900619999999973e-02	4.127261000000000124e-03
7.810830000000000000e+09	-1.266354920000000057e-02	4.127424799999999602e-03
7.810835000000000000e+09	-1.265498990000000004e-02	4.156075300000000063e-03
7.810840000000000000e+09	-1.265173720000000064e-02	4.195230200000000381e-03
7.810845000000000000e+09	-1.260425169999999928e-02	4.243199399999999719e-03
7.810850000000000000e+09	-1.262227309999999943e-02	4.266899499999999949e-03
7.810855000000000000e+09	-1.259918730000000008e-02	4.291110499999999627e-03
7.810860000000000000e+09	-1.255742710000000081e-02	4.311142599999999783e-03
7.810865000000000000e+09	-1.255113859999999922e-02	4.327329799999999824e-03
7.810870000000000000e+09	-1.254123409999999966e-02	4.370023199999999858e-03
7.810875000000000000e+09	-1.251082769999999934e-02	4.394671499999999904e-03
7.810880000000000000e+09	-1.250865070000000030e-02	4.431480899999999667e-03
7.810885000000000000e+09	-1.246678350000000011e-02	4.465905800000000321e-03
7.810890000000000000e+09	-1.245349829999999915e-02	4.483580899999999904e-03
7.810895000000000000e+09	-1.244546179999999995e-02	4.519382100000000207e-03
7.810900000000000000e+09	-1.240269559999999938e-02	4.559192499999999842e-03
7.810905000000000000e+09	-1.239102389999999915e-02	4.588419499999999568e-03
7.810910000000000000e+09	-1.235306559999999922e-02	4.596690199999999699e-03
7.810915000000000000e+09	-1.233996440000000028e-02	4.610410700000000354e-03
7.810920000000000000e+09	-1.233883629999999940e-02	4.644657600000000157e-03
7.810925000000000000e+09	-1.232126130000000055e-02	4.687089299999999854e-03
7.810930000000000000e+09	-1.228159849999999921e-02	4.712549100000000372e-03
7.810935000000000000e+09	-1.227366939999999934e-02	4.741377399999999881e-03
7.810940000000000000e+09	-1.224985519999999967e-02	4.754896500000000380e-03
7.810945000000000000e+09	-1.221022289999999962e-02	4.784369000000000122e-03
7.810950000000000000e+09	-1.221263260000000038e-02	4.816879500000000210e-03
7.810955000000000000e+09	-1.217688289999999986e-02	4.850186400000000390e-03
7.810960000000000000e+09	-1.216922980000000043e-02	4.867416700000000082e-03
7.810965000000000000e+09	-1.214369199999999933e-02	4.889033600000000299e-03
7.810970000000000000e+09	-1.211333329999999923e-02	4.950643900000000104e-03
7.810975000000000000e+09	-1.209531640000000019e-02	4.954634900000000168e-03
7.810980000000000000e+09	-1.207099820000000039e-02	4.973950599999999757e-03
7.810985000000000000e+09	-1.204318759999999967e-02	5.013255099999999916e-03
7.810990000000000000e+09	-1.202768520000000070e-02	5.031008800000000281e-03
7.810995000000000000e+09	-1.198730959999999915e-02	5.072384499999999831e-03
7.811000000000000000e+09	-1.197237269999999916e-02	5.104554100000000330e-03
7.811005000000000000e+09	-1.195410130000000050e-02	5.134440399999999800e-03
7.811010000000000000e+09	-1.192519520000000048e-02	5.142770100000000101e-03
7.811015000000000000e+09	-1.191661699999999914e-02	5.195760100000000256e-03
7.811020000000000000e+09	-1.188368220000000051e-02	5.187474699999999883e-03
7.811025000000000000e+09	-1.185525200000000015e-02	5.229272699999999892e-03
7.811030000000000000e+09	-1.183034590000000066e-02	5.269126899999999718e-03
7.811035000000000000e+09	-1.179917999999999939e-02	5.284801599999999766e-03
7.811040000000000000e+09	-1.179474349999999963e-02	5.310206500000000211e-03
7.811045000000000000e+09	-1.175734680000000039e-02	5.316226799999999690e-03
7.811050000000000000e+09	-1.174450200000000041e-02	5.347912699999999610e-03
7.811055000000000000e+09	-1.169622059999999956e-02	5.399344500000000102e-03
7.811060000000000000e+09	-1.169860030000000051e-02	5.409062200000000140e-03
7.811065000000000000e+09	-1.165850759999999958e-02	5.460397199999999715e-03
7.811070000000000000e+09	-1.163531460000000010e-02	5.463800599999999764e-03
7.811075000000000000e+09	-1.161475659999999972e-02	5.482076699999999594e-03
7.811080000000000000e+09	-1.158912550000000020e-02	5.516717400000000111e-03
7.811085000000000000e+09	-1.155711440000000041e-02	5.541859799999999947e-03
7.811090000000000000e+09	-1.152086280000000004e-02	5.574838599999999700e-03
7.811095000000000000e+09	-1.151686050000000003e-02	5.588284899999999659e-03
7.811100000000000000e+09	-1.149066060000000083e-02	5.616300099999999886e-03
7.811105000000000000e+09	-1.143883549999999936e-02	5.669034300000000415e-03
7.811110000000000000e+09	-1.143540839999999947e-02	5.680629100000000008e-03
7.811115000000000000e+09	-1.139394359999999946e-02	5.692765500000000409e-03
7.811120000000000000e+09	-1.136703550000000076e-02	5.738461999999999730e-03
7.811125000000000000e+09	-1.134864990000000046e-02	5.758866700000000310e-03
7.811130000000000000e+09	-1.131560960000000012e-02	5.762989700000000284e-03
7.811135000000000000e+09	-1.128291399999999979e-02	5.804010000000000072e-03
7.811140000000000000e+09	-1.125975279999999988e-02	5.821458100000000309e-03
7.811145000000000000e+09	-1.124297819999999989e-02	5.854001299999999838e-03
7.811150000000000000e+09	-1.121732729999999970e-02	5.865235899999999766e-03
7.811155000000000000e+09	-1.116331140000000055e-02	5.918785099999999792e-03
7.811160000000000000e+09	-1.116716620000000014e-02	5.928430299999999827e-03
7.811165000000000000e+09	-1.111729369999999925e-02	5.977408400000000163e-03
7.811170000000000000e+09	-1.108253940000000076e-02	5.981022100000000369e-03
7.811175000000000000e+09	-1.106871899999999943e-02	5.998860400000000093e-03
7.811180000000000000e+09	-1.101169180000000081e-02	6.013237799999999675e-03
7.811185000000000000e+09	-1.098916729999999987e-02	6.048703899999999765e-03
7.811190000000000000e+09	-1.097550989999999949e-02	6.081442400000000408e-03
7.811195000000000000e+09	-1.093595529999999948e-02	6.134455900000000336e-03
7.811200000000000000e+09	-1.091939360000000053e-02	6.134324499999999764e-03
7.811205000000000000e+09	-1.088644610000000061e-02	6.153353599999999632e-03
7.811210000000000000e+09	-1.084946950000000021e-02	6.166433899999999683e-03
7.811215000000000000e+09	-1.081807320000000017e-02	6.167349100000000389e-03
7.811220000000000000e+09	-1.080467059999999993e-02	6.215160600000000160e-03
7.811225000000000000e+09	-1.076818910000000053e-02	6.231200400000000243e-03
7.811230000000000000e+09	-1.074364539999999972e-02	6.261567499999999738e-03
7.811235000000000000e+09	-1.070627329999999933e-02	6.278971700000000183e-03
7.811240000000000000e+09	-1.065607619999999964e-02	6.301989000000000028e-03
7.811245000000000000e+09	-1.064109300000000077e-02	6.340459900000000419e-03
7.811250000000000000e+09	-1.060243089999999937e-02	6.339360500000000218e-03
7.811255000000000000e+09	-1.057064989999999954e-02	6.374595200000000329e-03
7.811260000000000000e+09	-1.053086919999999919e-02	6.379612899999999656e-03
7.811265000000000000e+09	-1.050310209999999987e-02	6.432854600000000207e-03
7.811270000000000000e+09	-1.048880930000000052e-02	6.433297200000000216e-03
7.811275000000000000e+09	-1.044608910000000002e-02	6.498010099999999845e-03
7.811280000000000000e+09	-1.040185910000000075e-02	6.493837899999999573e-03
7.811285000000000000e+09	-1.035999670000000046e-02	6.526346700000000382e-03
7.811290000000000000e+09	-1.034596519999999957e-02	6.546311899999999843e-03
7.811295000000000000e+09	-1.030806649999999915e-02	6.562557800000000385e-03
7.811300000000000000e+09	-1.026029869999999997e-02	6.573583800000000303e-03
7.811305000000000000e+09	-1.023506090000000056e-02	6.603632299999999573e-03
7.811310000000000000e+09	-1.017378499999999943e-02	6.632826300000000189e-03
7.811315000000000000e+09	-1.017657270000000072e-02	6.617111200000000241e-03
7.811320000000000000e+09	-1.012108830000000084e-02	6.657659399999999936e-03
7.811325000000000000e+09	-1.010615240000000033e-02	6.685309000000000390e-03
7.811330000000000000e+09	-1.004857949999999993e-02	6.711118099999999892e-03
7.811335000000000000e+09	-1.000347549999999926e-02	6.709674500000000277e-03
7.811340000000000000e+09	-9.970507700000000653e-03	6.727738300000000136e-03
7.811345000000000000e+09	-9.957991100000000706e-03	6.767111299999999802e-03
7.811350000000000000e+09	-9.892666300000000149e-03	6.777202799999999805e-03
7.811355000000000000e+09	-9.860746300000000630e-03	6.820875300000000217e-03
7.811360000000000000e+09	-9.822649100000000605e-03	6.809028899999999829e-03
7.811365000000000000e+09	-9.790846199999999819e-03	6.827567900000000405e-03
7.811370000000000000e+09	-9.757963099999999307e-03	6.866337499999999872e-03
7.811375000000000000e+09	-9.713198200000000213e-03	6.877873399999999762e-03
7.811380000000000000e+09	-9.684558799999999634e-03	6.912271000000000214e-03
7.811385000000000000e+09	-9.632955900000000210e-03	6.945340500000000104e-03
7.811390000000000000e+09	-9.589979999999999685e-03	6.943797800000000089e-03
7.811395000000000000e+09	-9.545299700000000817e-03	6.948998300000000169e-03
7.811400000000000000e+09	-9.534611099999999728e-03	6.970382800000000066e-03
7.811405000000000000e+09	-9.453090399999999199e-03	6.982150900000000208e-03
7.811410000000000000e+09	-9.439415799999999884e-03	7.002043200000000397e-03
7.811415000000000000e+09	-9.390738500000000641e-03	7.043535699999999879e-03
7.811420000000000000e+09	-9.343855300000000405e-03	7.044382200000000142e-03
7.811425000000000000e+09	-9.302273999999999265e-03	7.068869999999999668e-03
7.811430000000000000e+09	-9.293960699999999353e-03	7.084646400000000135e-03
7.811435000000000000e+09	-9.219873599999999295e-03	7.110735200000000041e-03
7.811440000000000000e+09	-9.182263600000000608e-03	7.122457399999999710e-03
7.811445000000000000e+09	-9.134628900000000412e-03	7.131692099999999840e-03
7.811450000000000000e+09	-9.111181399999999583e-03	7.153659199999999781e-03
7.811455000000000000e+09	-9.081711399999999393e-03	7.157394000000000082e-03
7.811460000000000000e+09	-9.026664599999999553e-03	7.193863600000000198e-03
7.811465000000000000e+09	-8.944268899999999883e-03	7.189418700000000176e-03
7.811470000000000000e+09	-8.934065499999999452e-03	7.207821900000000413e-03
7.811475000000000000e+09	-8.887637199999999515e-03	7.229208200000000056e-03
7.811480000000000000e+09	-8.835698100000000804e-03	7.253575899999999826e-03
7.811485000000000000e+09	-8.783206099999999600e-03	7.256072599999999900e-03
7.811490000000000000e+09	-8.730210000000000400e-03	7.268639999999999823e-03
7.811495000000000000e+09	-8.688417800000000635e-03	7.276536499999999852e-03
7.811500000000000000e+09	-8.649988500000000552e-03	7.297700699999999652e-03
7.811505000000000000e+09	-8.596066899999999303e-03	7.309398699999999742e-03
7.811510000000000000e+09	-8.565826400000000479e-03	7.318596299999999798e-03
7.811515000000000000e+09	-8.526936599999999922e-03	7.336435500000000262e-03
7.811520000000000000e+09	-8.458334099999999245e-03	7.355471199999999779e-03
7.811525000000000000e+09	-8.412428799999999846e-03	7.365511100000000401e-03
7.811530000000000000e+09	-8.355460000000000317e-03	7.370952200000000128e-03
7.811535000000000000e+09	-8.318456899999999987e-03	7.375574299999999861e-03
7.811540000000000000e+09	-8.265413900000000841e-03	7.396283600000000229e-03
7.811545000000000000e+09	-8.196321600000000540e-03	7.406186700000000171e-03
7.811550000000000000e+09	-8.151965000000000600e-03	7.403673099999999972e-03
7.811555000000000000e+09	-8.110317000000000567e-03	7.393412400000000384e-03
7.811560000000000000e+09	-8.075111899999999274e-03	7.431780899999999683e-03
7.811565000000000000e+09	-8.009498599999999649e-03	7.442938700000000310e-03
7.811570000000000000e+09	-7.938306699999999813e-03	7.465703399999999886e-03
7.811575000000000000e+09	-7.910667999999999173e-03	7.467075800000000374e-03
7.811580000000000000e+09	-7.838519699999999327e-03	7.468719000000000399e-03
7.811585000000000000e+09	-7.807765500000000101e-03	7.453496500000000163e-03
7.811590000000000000e+09	-7.751817599999999593e-03	7.472276699999999723e-03
7.811595000000000000e+09	-7.682961299999999973e-03	7.495439900000000315e-03
7.811600000000000000e+09	-7.635969000000000263e-03	7.475692499999999664e-03
7.811605000000000000e+09	-7.561234099999999611e-03	7.502248000000000423e-03
7.811610000000000000e+09	-7.515072900000000118e-03	7.485713100000000210e-03
7.811615000000000000e+09	-7.437269500000000429e-03	7.508471299999999737e-03
7.811620000000000000e+09	-7.385110500000000022e-03	7.493696900000000084e-03
7.811625000000000000e+09	-7.337021299999999663e-03	7.495164700000000145e-03
7.811630000000000000e+09	-7.288710299999999996e-03	7.506089700000000316e-03
7.811635000000000000e+09	-7.241631099999999710e-03	7.494859500000000153e-03
7.811640000000000000e+09	-7.155243000000000367e-03	7.506538800000000372e-03
7.811645000000000000e+09	-7.103985099999999761e-03	7.513075299999999804e-03
7.811650000000000000e+09	-7.052558500000000175e-03	7.509949999999999612e-03
7.811655000000000000e+09	-6.977162299999999963e-03	7.508794699999999864e-03
7.811660000000000000e+09	-6.915659900000000089e-03	7.504880200000000300e-03
7.811665000000000000e+09	-6.837596100000000073e-03	7.493966799999999748e-03
7.811670000000000000e+09	-6.803192300000000109e-03	7.515915399999999885e-03
7.811675000000000000e+09	-6.714642199999999901e-03	7.516453900000000070e-03
7.811680000000000000e+09	-6.643750099999999950e-03	7.483977200000000232e-03
7.811685000000000000e+09	-6.594084600000000261e-03	7.481748400000000007e-03
7.811690000000000000e+09	-6.506406400000000305e-03	7.476447899999999654e-03
7.811695000000000000e+09	-6.457475499999999584e-03	7.461137599999999835e-03
7.811700000000000000e+09	-6.393954799999999709e-03	7.465003300000000105e-03
7.811705000000000000e+09	-6.311253699999999980e-03	7.447065000000000108e-03
7.811710000000000000e+09	-6.245797400000000117e-03	7.435429900000000217e-03
7.811715000000000000e+09	-6.166401400000000310e-03	7.414833499999999751e-03
7.811720000000000000e+09	-6.110389100000000392e-03	7.419766099999999982e-03
7.811725000000000000e+09	-6.036906699999999674e-03	7.404872399999999980e-03
7.811730000000000000e+09	-5.968720900000000149e-03	7.390591699999999979e-03
7.811735000000000000e+09	-5.873124799999999805e-03	7.374382399999999775e-03
7.811740000000000000e+09	-5.801121200000000297e-03	7.357970000000000135e-03
7.811745000000000000e+09	-5.715303799999999976e-03	7.343548699999999894e-03
7.811750000000000000e+09	-5.646741900000000133e-03	7.303132599999999711e-03
7.811755000000000000e+09	-5.591867900000000238e-03	7.281961299999999658e-03
7.811760000000000000e+09	-5.499416899999999900e-03	7.268730999999999630e-03
7.811765000000000000e+09	-5.416730199999999877e-03	7.242555900000000220e-03
7.811770000000000000e+09	-5.329656799999999729e-03	7.235697999999999609e-03
7.811775000000000000e+09	-5.254574799999999976e-03	7.165796299999999987e-03
7.811780000000000000e+09	-5.158488200000000204e-03	7.148165199999999796e-03
7.811785000000000000e+09	-5.093871399999999952e-03	7.132911900000000333e-03
7.811790000000000000e+09	-4.988290900000000132e-03	7.101762900000000052e-03
7.811795000000000000e+09	-4.870327800000000089e-03	7.051705899999999999e-03
7.811800000000000000e+09	-4.802813599999999732e-03	6.992148000000000113e-03
7.811805000000000000e+09	-4.711279799999999914e-03	6.983353799999999709e-03
7.811810000000000000e+09	-4.609494999999999912e-03	6.919957699999999823e-03
7.811815000000000000e+09	-4.522099899999999784e-03	6.887811300000000296e-03
7.811820000000000000e+09	-4.399479900000000283e-03	6.805840399999999769e-03
7.811825000000000000e+09	-4.309166700000000363e-03	6.790138000000000250e-03
7.811830000000000000e+09	-4.246823999999999738e-03	6.751258599999999770e-03
7.811835000000000000e+09	-4.101680499999999646e-03	6.638185599999999777e-03
7.811840000000000000e+09	-4.023963299999999861e-03	6.608424899999999769e-03
7.811845000000000000e+09	-3.905277799999999806e-03	6.508746600000000354e-03
7.811850000000000000e+09	-3.783846799999999837e-03	6.401426600000000196e-03
7.811855000000000000e+09	-3.663962800000000047e-03	6.353491400000000310e-03
7.811860000000000000e+09	-3.573720800000000121e-03	6.270581699999999703e-03
7.811865000000000000e+09	-3.433434799999999804e-03	6.167840100000000422e-03
7.811870000000000000e+09	-3.331766199999999963e-03	6.052761599999999589e-03
7.811875000000000000e+09	-3.182271700000000210e-03	5.969062100000000273e-03
7.811880000000000000e+09	-3.063771199999999924e-03	5.802983700000000078e-03
7.811885000000000000e+09	-2.901285999999999882e-03	5.682945499999999747e-03
7.811890000000000000e+09	-2.809363400000000188e-03	5.577560599999999841e-03
7.811895000000000000e+09	-2.683097900000000046e-03	5.423304299999999988e-03
7.811900000000000000e+09	-2.535680599999999996e-03	5.242717400000000173e-03
7.811905000000000000e+09	-2.376618400000000183e-03	5.032247299999999778e-03
7.811910000000000000e+09	-2.231440400000000036e-03	4.828293600000000199e-03
7.811915000000000000e+09	-2.065824799999999798e-03	4.597503200000000248e-03
7.811920000000000000e+09	-1.866771300000000028e-03	4.299473699999999642e-03
7.811925000000000000e+09	-1.703426100000000106e-03	3.987601700000000145e-03
7.811930000000000000e+09	-1.524778600000000059e-03	3.602219399999999957e-03
7.811935000000000000e+09	-1.329327499999999893e-03	3.176695499999999950e-03
7.811940000000000000e+09	-1.142900399999999999e-03	2.633039900000000086e-03
7.811945000000000000e+09	-1.001544899999999919e-03	2.056809900000000028e-03
7.811950000000000000e+09	-8.625634999999999553e-04	1.283880399999999967e-03
7.811955000000000000e+09	-8.354734000000000162e-04	4.420838999999999975e-04
7.811960000000000000e+09	-8.533679999999999651e-04	-4.119584999999999827e-04
7.811965000000000000e+09	-9.918738999999999768e-04	-1.250559299999999931e-03
7.811970000000000000e+09	-1.130550099999999948e-03	-1.897700800000000050e-03
7.811975000000000000e+09	-1.265162399999999934e-03	-2.365946500000000018e-03
7.811980000000000000e+09	-1.485120400000000066e-03	-2.942816899999999881e-03
7.811985000000000000e+09	-1.670688499999999988e-03	-3.348977500000000114e-03
7.811990000000000000e+09	-1.876870400000000020e-03	-3.739895200000000093e-03
7.811995000000000000e+09	-2.087287800000000009e-03	-4.068174600000000127e-03
7.812000000000000000e+09	-2.269776399999999961e-03	-4.359508699999999591e-03
7.812005000000000000e+09	-2.435838300000000168e-03	-4.596970500000000306e-03
7.812010000000000000e+09	-2.665096699999999850e-03	-4.871404400000000322e-03
7.812015000000000000e+09	-2.864750799999999948e-03	-5.052582600000000111e-03
7.812020000000000000e+09	-3.069973100000000180e-03	-5.260696199999999670e-03
7.812025000000000000e+09	-3.214664299999999992e-03	-5.416453100000000360e-03
7.812030000000000000e+09	-3.422129700000000121e-03	-5.593710000000000002e-03
7.812035000000000000e+09	-3.573864999999999854e-03	-5.747069599999999820e-03
7.812040000000000000e+09	-3.790619299999999949e-03	-5.916013200000000416e-03
7.812045000000000000e+09	-3.954596500000000063e-03	-6.051783899999999689e-03
7.812050000000000000e+09	-4.146464300000000415e-03	-6.193031899999999756e-03
7.812055000000000000e+09	-4.304300999999999960e-03	-6.273035500000000327e-03
7.812060000000000000e+09	-4.460816900000000133e-03	-6.380750900000000010e-03
7.812065000000000000e+09	-4.612566599999999573e-03	-6.484189700000000250e-03
7.812070000000000000e+09	-4.808833400000000341e-03	-6.582937599999999848e-03
7.812075000000000000e+09	-4.975079599999999644e-03	-6.651581699999999965e-03
7.812080000000000000e+09	-5.130301599999999643e-03	-6.751862600000000172e-03
7.812085000000000000e+09	-5.312247699999999781e-03	-6.833639300000000395e-03
7.812090000000000000e+09	-5.441905399999999622e-03	-6.879020599999999784e-03
7.812095000000000000e+09	-5.619929699999999875e-03	-6.937389100000000003e-03
7.812100000000000000e+09	-5.767854600000000415e-03	-7.009177899999999989e-03
7.812105000000000000e+09	-5.924936700000000243e-03	-7.046855299999999975e-03
7.812110000000000000e+09	-6.079285400000000381e-03	-7.104546500000000382e-03
7.812115000000000000e+09	-6.208583200000000225e-03	-7.130525900000000278e-03
7.812120000000000000e+09	-6.372403199999999643e-03	-7.161339800000000345e-03
7.812125000000000000e+09	-6.511756799999999894e-03	-7.234374400000000149e-03
7.812130000000000000e+09	-6.673780300000000353e-03	-7.247675599999999635e-03
7.812135000000000000e+09	-6.833398000000000076e-03	-7.297291499999999757e-03
7.812140000000000000e+09	-6.944903799999999940e-03	-7.300797099999999963e-03
7.812145000000000000e+09	-7.085457600000000071e-03	-7.353939599999999646e-03
7.812150000000000000e+09	-7.214170300000000320e-03	-7.352783400000000025e-03
7.812155000000000000e+09	-7.368612099999999679e-03	-7.389500299999999904e-03
7.812160000000000000e+09	-7.513475300000000030e-03	-7.390019500000000012e-03
7.812165000000000000e+09	-7.661137699999999960e-03	-7.391146300000000016e-03
7.812170000000000000e+09	-7.778817300000000039e-03	-7.407015900000000173e-03
7.812175000000000000e+09	-7.920839299999999500e-03	-7.411343499999999661e-03
7.812180000000000000e+09	-8.035059299999999446e-03	-7.415336600000000007e-03
7.812185000000000000e+09	-8.185315400000000435e-03	-7.420912699999999800e-03
7.812190000000000000e+09	-8.310389899999999497e-03	-7.432482300000000340e-03
7.812195000000000000e+09	-8.434459899999999927e-03	-7.401483099999999968e-03
7.812200000000000000e+09	-8.565024100000000543e-03	-7.420058000000000209e-03
7.812205000000000000e+09	-8.678709999999999203e-03	-7.393381099999999685e-03
7.812210000000000000e+09	-8.805670099999999417e-03	-7.388315799999999739e-03
7.812215000000000000e+09	-8.958431700000000011e-03	-7.365733499999999913e-03
7.812220000000000000e+09	-9.040888299999999198e-03	-7.384092899999999959e-03
7.812225000000000000e+09	-9.155690899999999188e-03	-7.344353399999999782e-03
7.812230000000000000e+09	-9.280743899999999158e-03	-7.338555899999999951e-03
7.812235000000000000e+09	-9.418183899999999983e-03	-7.331774499999999840e-03
7.812240000000000000e+09	-9.527077499999999852e-03	-7.319659699999999866e-03
7.812245000000000000e+09	-9.637871799999999517e-03	-7.283923299999999976e-03
7.812250000000000000e+09	-9.759965500000000391e-03	-7.258367499999999681e-03
7.812255000000000000e+09	-9.871221700000000140e-03	-7.233001000000000187e-03
7.812260000000000000e+09	-1.000634859999999932e-02	-7.223051999999999771e-03
7.812265000000000000e+09	-1.011174490000000051e-02	-7.177397999999999764e-03
7.812270000000000000e+09	-1.023330249999999941e-02	-7.145396299999999708e-03
7.812275000000000000e+09	-1.032951430000000025e-02	-7.134109300000000126e-03
7.812280000000000000e+09	-1.043621739999999951e-02	-7.102052699999999996e-03
7.812285000000000000e+09	-1.054974420000000072e-02	-7.076840200000000108e-03
7.812290000000000000e+09	-1.066204540000000034e-02	-7.023014600000000371e-03
7.812295000000000000e+09	-1.072645709999999961e-02	-7.014841499999999695e-03
7.812300000000000000e+09	-1.086406739999999996e-02	-6.930165299999999952e-03
7.812305000000000000e+09	-1.095546849999999919e-02	-6.911044699999999673e-03
7.812310000000000000e+09	-1.109642469999999950e-02	-6.871885500000000056e-03
7.812315000000000000e+09	-1.117814829999999940e-02	-6.846160900000000313e-03
7.812320000000000000e+09	-1.127566189999999920e-02	-6.798181399999999631e-03
7.812325000000000000e+09	-1.138007499999999991e-02	-6.744127400000000071e-03
7.812330000000000000e+09	-1.145021929999999986e-02	-6.698172300000000169e-03
7.812335000000000000e+09	-1.156176270000000041e-02	-6.666046499999999861e-03
7.812340000000000000e+09	-1.167908840000000080e-02	-6.623793200000000284e-03
7.812345000000000000e+09	-1.176760280000000054e-02	-6.565467000000000178e-03
7.812350000000000000e+09	-1.187023910000000078e-02	-6.517225100000000222e-03
7.812355000000000000e+09	-1.195712569999999968e-02	-6.466318399999999682e-03
7.812360000000000000e+09	-1.205700600000000032e-02	-6.448673299999999921e-03
7.812365000000000000e+09	-1.213565309999999932e-02	-6.384523599999999792e-03
7.812370000000000000e+09	-1.223361149999999987e-02	-6.323859499999999988e-03
7.812375000000000000e+09	-1.233493249999999958e-02	-6.290806500000000086e-03
7.812380000000000000e+09	-1.239748549999999949e-02	-6.239772700000000005e-03
7.812385000000000000e+09	-1.249440159999999980e-02	-6.156649400000000286e-03
7.812390000000000000e+09	-1.256972429999999967e-02	-6.125942799999999945e-03
7.812395000000000000e+09	-1.265808799999999963e-02	-6.045459999999999896e-03
7.812400000000000000e+09	-1.275873880000000064e-02	-5.976388299999999681e-03
7.812405000000000000e+09	-1.280375500000000000e-02	-5.940035399999999896e-03
7.812410000000000000e+09	-1.290508289999999988e-02	-5.873896099999999579e-03
7.812415000000000000e+09	-1.297932000000000079e-02	-5.819295500000000107e-03
7.812420000000000000e+09	-1.305838559999999982e-02	-5.765421500000000345e-03
7.812425000000000000e+09	-1.315631289999999974e-02	-5.713988700000000379e-03
7.812430000000000000e+09	-1.324493149999999946e-02	-5.645034699999999968e-03
7.812435000000000000e+09	-1.330666099999999914e-02	-5.575629700000000154e-03
7.812440000000000000e+09	-1.338334340000000081e-02	-5.516687999999999627e-03
7.812445000000000000e+09	-1.347573539999999924e-02	-5.461846499999999972e-03
7.812450000000000000e+09	-1.353979240000000028e-02	-5.399574300000000403e-03
7.812455000000000000e+09	-1.359128689999999917e-02	-5.328764700000000396e-03
7.812460000000000000e+09	-1.368916650000000061e-02	-5.269480400000000134e-03
7.812465000000000000e+09	-1.375101739999999920e-02	-5.218727499999999998e-03
7.812470000000000000e+09	-1.384323730000000009e-02	-5.103272300000000379e-03
7.812475000000000000e+09	-1.389745159999999924e-02	-5.084898200000000090e-03
7.812480000000000000e+09	-1.398698479999999945e-02	-5.020754100000000136e-03
7.812485000000000000e+09	-1.404380669999999963e-02	-4.944795400000000229e-03
7.812490000000000000e+09	-1.412254129999999941e-02	-4.881217900000000068e-03
7.812495000000000000e+09	-1.419719770000000061e-02	-4.787761899999999626e-03
7.812500000000000000e+09	-1.425480990000000010e-02	-4.737671100000000191e-03
7.812505000000000000e+09	-1.435491170000000039e-02	-4.655500400000000052e-03
7.812510000000000000e+09	-1.438095370000000081e-02	-4.600009700000000194e-03
7.812515000000000000e+09	-1.444937640000000002e-02	-4.508303800000000236e-03
7.812520000000000000e+09	-1.451774330000000016e-02	-4.444669099999999651e-03
7.812525000000000000e+09	-1.458733629999999989e-02	-4.399670700000000295e-03
7.812530000000000000e+09	-1.462159340000000057e-02	-4.287974200000000020e-03
7.812535000000000000e+09	-1.469714490000000040e-02	-4.224536699999999895e-03
7.812540000000000000e+09	-1.474360260000000082e-02	-4.135753500000000429e-03
7.812545000000000000e+09	-1.481105719999999994e-02	-4.084039099999999846e-03
7.812550000000000000e+09	-1.487475260000000084e-02	-3.982011500000000315e-03
7.812555000000000000e+09	-1.493184309999999980e-02	-3.933765599999999862e-03
7.812560000000000000e+09	-1.498283639999999951e-02	-3.860437100000000017e-03
7.812565000000000000e+09	-1.504539130000000051e-02	-3.772160599999999867e-03
7.812570000000000000e+09	-1.508989659999999955e-02	-3.722518100000000215e-03
7.812575000000000000e+09	-1.515246869999999947e-02	-3.632293500000000151e-03
7.812580000000000000e+09	-1.520218979999999991e-02	-3.543892900000000182e-03
7.812585000000000000e+09	-1.527665100000000047e-02	-3.461241199999999952e-03
7.812590000000000000e+09	-1.531005090000000027e-02	-3.406012800000000201e-03
7.812595000000000000e+09	-1.536061839999999963e-02	-3.330926000000000112e-03
7.812600000000000000e+09	-1.542616190000000061e-02	-3.222754300000000086e-03
7.812605000000000000e+09	-1.547838219999999980e-02	-3.192925399999999806e-03
7.812610000000000000e+09	-1.551028379999999998e-02	-3.094839900000000144e-03
7.812615000000000000e+09	-1.557967080000000060e-02	-3.011244900000000033e-03
7.812620000000000000e+09	-1.560211319999999999e-02	-2.928678200000000165e-03
7.812625000000000000e+09	-1.567464429999999853e-02	-2.834212500000000187e-03
7.812630000000000000e+09	-1.570725610000000064e-02	-2.793098400000000071e-03
7.812635000000000000e+09	-1.576215980000000155e-02	-2.703834100000000046e-03
7.812640000000000000e+09	-1.577843480000000118e-02	-2.622399899999999957e-03
7.812645000000000000e+09	-1.583044070000000011e-02	-2.544479799999999937e-03
7.812650000000000000e+09	-1.586368180000000128e-02	-2.465294600000000023e-03
7.812655000000000000e+09	-1.591347740000000066e-02	-2.402297199999999921e-03
7.812660000000000000e+09	-1.596270099999999928e-02	-2.307965199999999998e-03
7.812665000000000000e+09	-1.598831519999999867e-02	-2.215851300000000121e-03
7.812670000000000000e+09	-1.603268450000000164e-02	-2.140790699999999859e-03
7.812675000000000000e+09	-1.608632280000000039e-02	-2.059135100000000166e-03
7.812680000000000000e+09	-1.610185020000000009e-02	-1.983117200000000021e-03
7.812685000000000000e+09	-1.615376110000000046e-02	-1.904248299999999981e-03
7.812690000000000000e+09	-1.619468599999999980e-02	-1.807548300000000070e-03
7.812695000000000000e+09	-1.619252170000000032e-02	-1.735762799999999908e-03
7.812700000000000000e+09	-1.624956619999999921e-02	-1.639720799999999949e-03
7.812705000000000000e+09	-1.628522270000000091e-02	-1.556490300000000103e-03
7.812710000000000000e+09	-1.630749899999999961e-02	-1.487503199999999897e-03
7.812715000000000000e+09	-1.634151780000000012e-02	-1.411467399999999936e-03
7.812720000000000000e+09	-1.639026450000000135e-02	-1.335818400000000038e-03
7.812725000000000000e+09	-1.641841390000000137e-02	-1.231660699999999895e-03
7.812730000000000000e+09	-1.644191459999999952e-02	-1.171045400000000035e-03
7.812735000000000000e+09	-1.648667939999999901e-02	-1.069560599999999986e-03
7.812740000000000000e+09	-1.650969249999999916e-02	-9.935886999999999150e-04
7.812745000000000000e+09	-1.653777210000000053e-02	-9.026360999999999890e-04
7.812750000000000000e+09	-1.656425179999999886e-02	-8.083740000000000500e-04
7.812755000000000000e+09	-1.660204009999999980e-02	-7.514645000000000352e-04
7.812760000000000000e+09	-1.662091900000000136e-02	-6.671335000000000459e-04
7.812765000000000000e+09	-1.666403890000000068e-02	-5.702983000000000011e-04
7.812770000000000000e+09	-1.667161489999999940e-02	-4.923466000000000474e-04
7.812775000000000000e+09	-1.669261169999999850e-02	-4.244454999999999734e-04
7.812780000000000000e+09	-1.672387800000000105e-02	-3.191056999999999965e-04
7.812785000000000000e+09	-1.674386289999999985e-02	-2.540876999999999762e-04
7.812790000000000000e+09	-1.676778790000000088e-02	-1.752296999999999937e-04
7.812795000000000000e+09	-1.677340880000000034e-02	-6.071539999999999809e-05
7.812800000000000000e+09	-1.680141220000000088e-02	-3.598599999999999732e-05
7.812805000000000000e+09	-1.681890509999999991e-02	7.041860000000000372e-05
7.812810000000000000e+09	-1.684230180000000077e-02	1.685343999999999970e-04
7.812815000000000000e+09	-1.685580869999999884e-02	2.629911999999999766e-04
7.812820000000000000e+09	-1.687085389999999976e-02	3.516409999999999762e-04
7.812825000000000000e+09	-1.686893409999999996e-02	4.201920000000000047e-04
7.812830000000000000e+09	-1.691826860000000127e-02	5.032307000000000403e-04
7.812835000000000000e+09	-1.692600400000000144e-02	5.918330000000000509e-04
7.812840000000000000e+09	-1.691887369999999988e-02	6.588988000000000483e-04
7.812845000000000000e+09	-1.695019450000000150e-02	7.462041999999999460e-04
7.812850000000000000e+09	-1.696334789999999829e-02	8.153335999999999960e-04
7.812855000000000000e+09	-1.698416540000000086e-02	9.287125000000000024e-04
7.812860000000000000e+09	-1.699883820000000142e-02	1.014757100000000063e-03
7.812865000000000000e+09	-1.699740240000000013e-02	1.091901200000000008e-03
7.812870000000000000e+09	-1.702970180000000153e-02	1.160206999999999905e-03
7.812875000000000000e+09	-1.702518240000000169e-02	1.263897400000000074e-03
7.812880000000000000e+09	-1.704257370000000077e-02	1.345370399999999949e-03
7.812885000000000000e+09	-1.705133780000000002e-02	1.410068800000000054e-03
7.812890000000000000e+09	-1.705763919999999864e-02	1.493574899999999990e-03
7.812895000000000000e+09	-1.707526460000000079e-02	1.575383600000000066e-03
7.812900000000000000e+09	-1.708349660000000117e-02	1.678729500000000069e-03
7.812905000000000000e+09	-1.709474969999999830e-02	1.739330099999999903e-03
7.812910000000000000e+09	-1.706933039999999902e-02	1.845842299999999984e-03
7.812915000000000000e+09	-1.710495490000000021e-02	1.924245700000000014e-03
7.812920000000000000e+09	-1.709142170000000141e-02	1.992385399999999866e-03
7.812925000000000000e+09	-1.712625079999999939e-02	2.100273699999999962e-03
7.812930000000000000e+09	-1.710543949999999980e-02	2.170002099999999903e-03
7.812935000000000000e+09	-1.709994420000000154e-02	2.235890999999999833e-03
7.812940000000000000e+09	-1.710730920000000030e-02	2.343158399999999836e-03
7.812945000000000000e+09	-1.711858429999999973e-02	2.399000100000000125e-03
7.812950000000000000e+09	-1.712317220000000167e-02	2.502742999999999982e-03
7.812955000000000000e+09	-1.712025069999999899e-02	2.564133200000000192e-03
7.812960000000000000e+09	-1.714093010000000000e-02	2.667733199999999891e-03
7.812965000000000000e+09	-1.711382579999999945e-02	2.737472500000000079e-03
7.812970000000000000e+09	-1.710467879999999843e-02	2.807223199999999818e-03
7.812975000000000000e+09	-1.711606749999999844e-02	2.871719500000000178e-03
7.812980000000000000e+09	-1.713788869999999936e-02	2.980759899999999799e-03
7.812985000000000000e+09	-1.714540330000000057e-02	3.046312700000000043e-03
7.812990000000000000e+09	-1.711561699999999964e-02	3.155294400000000030e-03
7.812995000000000000e+09	-1.711132179999999905e-02	3.222561000000000089e-03
7.813000000000000000e+09	-1.710018779999999960e-02	3.311563500000000177e-03
7.813005000000000000e+09	-1.711533120000000019e-02	3.394123900000000065e-03
7.813010000000000000e+09	-1.709819259999999924e-02	3.440678700000000204e-03
7.813015000000000000e+09	-1.709907260000000095e-02	3.527851499999999987e-03
7.813020000000000000e+09	-1.710562440000000170e-02	3.612733700000000155e-03
7.813025000000000000e+09	-1.707539259999999934e-02	3.667596799999999803e-03
7.813030000000000000e+09	-1.707208110000000070e-02	3.755773200000000079e-03
7.813035000000000000e+09	-1.707375829999999844e-02	3.848087999999999943e-03
7.813040000000000000e+09	-1.705909599999999929e-02	3.930394799999999654e-03
7.813045000000000000e+09	-1.704541269999999831e-02	4.028439600000000183e-03
7.813050000000000000e+09	-1.705733060000000009e-02	4.070085299999999864e-03
7.813055000000000000e+09	-1.704415990000000131e-02	4.169694399999999967e-03
7.813060000000000000e+09	-1.703504809999999842e-02	4.222475100000000307e-03
7.813065000000000000e+09	-1.701784040000000123e-02	4.328870700000000092e-03
7.813070000000000000e+09	-1.702018549999999991e-02	4.363075400000000249e-03
7.813075000000000000e+09	-1.700613910000000131e-02	4.472130199999999577e-03
7.813080000000000000e+09	-1.699072639999999954e-02	4.545533200000000107e-03
7.813085000000000000e+09	-1.698596139999999921e-02	4.631892299999999969e-03
7.813090000000000000e+09	-1.696732949999999948e-02	4.719659400000000317e-03
7.813095000000000000e+09	-1.693771670000000090e-02	4.767786599999999757e-03
7.813100000000000000e+09	-1.693496109999999971e-02	4.835009300000000024e-03
7.813105000000000000e+09	-1.691615930000000059e-02	4.929120700000000181e-03
7.813110000000000000e+09	-1.689385109999999926e-02	4.989430900000000300e-03
7.813115000000000000e+09	-1.689651370000000083e-02	5.066320000000000025e-03
7.813120000000000000e+09	-1.687960869999999974e-02	5.151230199999999766e-03
7.813125000000000000e+09	-1.687357130000000094e-02	5.215642099999999969e-03
7.813130000000000000e+09	-1.684906020000000171e-02	5.273568299999999848e-03
7.813135000000000000e+09	-1.682006730000000158e-02	5.383490799999999729e-03
7.813140000000000000e+09	-1.684863829999999965e-02	5.439354599999999748e-03
7.813145000000000000e+09	-1.679356170000000092e-02	5.507731499999999822e-03
7.813150000000000000e+09	-1.679221059999999946e-02	5.584597699999999977e-03
7.813155000000000000e+09	-1.678301069999999992e-02	5.639148200000000145e-03
7.813160000000000000e+09	-1.673722169999999898e-02	5.736071599999999909e-03
7.813165000000000000e+09	-1.672513659999999916e-02	5.811956600000000271e-03
7.813170000000000000e+09	-1.672047299999999959e-02	5.891670199999999961e-03
7.813175000000000000e+09	-1.669335580000000027e-02	5.967382799999999647e-03
7.813180000000000000e+09	-1.666859019999999969e-02	6.014515599999999997e-03
7.813185000000000000e+09	-1.667666400000000076e-02	6.108334099999999586e-03
7.813190000000000000e+09	-1.662700019999999862e-02	6.159705899999999568e-03
7.813195000000000000e+09	-1.660545769999999949e-02	6.241361100000000425e-03
7.813200000000000000e+09	-1.658712550000000091e-02	6.303404999999999772e-03
7.813205000000000000e+09	-1.658767770000000100e-02	6.363436099999999693e-03
7.813210000000000000e+09	-1.656242109999999865e-02	6.462387600000000197e-03
7.813215000000000000e+09	-1.650877740000000066e-02	6.521513300000000152e-03
7.813220000000000000e+09	-1.652141730000000058e-02	6.595374099999999802e-03
7.813225000000000000e+09	-1.647412209999999863e-02	6.656699799999999702e-03
7.813230000000000000e+09	-1.646105759999999876e-02	6.728031300000000305e-03
7.813235000000000000e+09	-1.643694130000000059e-02	6.809447500000000326e-03
7.813240000000000000e+09	-1.642507359999999944e-02	6.851637800000000104e-03
7.813245000000000000e+09	-1.638434639999999942e-02	6.956065499999999728e-03
7.813250000000000000e+09	-1.636838479999999998e-02	6.997577500000000221e-03
7.813255000000000000e+09	-1.634192539999999860e-02	7.072567699999999895e-03
7.813260000000000000e+09	-1.631867119999999907e-02	7.143314199999999635e-03
7.813265000000000000e+09	-1.628828740000000039e-02	7.180595300000000222e-03
7.813270000000000000e+09	-1.626191589999999992e-02	7.248055300000000312e-03
7.813275000000000000e+09	-1.625069919999999959e-02	7.328775299999999715e-03
7.813280000000000000e+09	-1.622252550000000126e-02	7.377474999999999658e-03
7.813285000000000000e+09	-1.619146139999999914e-02	7.459213299999999797e-03
7.813290000000000000e+09	-1.616213450000000135e-02	7.546527400000000059e-03
7.813295000000000000e+09	-1.614943149999999855e-02	7.589204599999999773e-03
7.813300000000000000e+09	-1.610901190000000108e-02	7.659519099999999650e-03
7.813305000000000000e+09	-1.608263539999999978e-02	7.715980100000000355e-03
7.813310000000000000e+09	-1.604190189999999891e-02	7.805002000000000120e-03
7.813315000000000000e+09	-1.600732809999999909e-02	7.849086999999999384e-03
7.813320000000000000e+09	-1.598963819999999966e-02	7.904431599999999294e-03
7.813325000000000000e+09	-1.597709439999999911e-02	7.954679600000000295e-03
7.813330000000000000e+09	-1.594711420000000102e-02	8.031792899999999277e-03
7.813335000000000000e+09	-1.590403970000000070e-02	8.115501199999999860e-03
7.813340000000000000e+09	-1.587310429999999953e-02	8.154186399999999169e-03
7.813345000000000000e+09	-1.584734670000000067e-02	8.238570000000000615e-03
7.813350000000000000e+09	-1.581909059999999853e-02	8.278637199999999349e-03
7.813355000000000000e+09	-1.580169500000000102e-02	8.359226000000000850e-03
7.813360000000000000e+09	-1.575786469999999884e-02	8.427535200000000823e-03
7.813365000000000000e+09	-1.574039229999999942e-02	8.469016299999999886e-03
7.813370000000000000e+09	-1.570031640000000075e-02	8.544538100000000427e-03
7.813375000000000000e+09	-1.567443890000000048e-02	8.577864600000000353e-03
7.813380000000000000e+09	-1.564401119999999853e-02	8.656576299999999696e-03
7.813385000000000000e+09	-1.559968270000000080e-02	8.705028499999999808e-03
7.813390000000000000e+09	-1.556927879999999917e-02	8.811236400000000205e-03
7.813395000000000000e+09	-1.554370170000000072e-02	8.843325900000000711e-03
7.813400000000000000e+09	-1.552137150000000056e-02	8.914465599999999226e-03
7.813405000000000000e+09	-1.547430649999999991e-02	8.950050299999999862e-03
7.813410000000000000e+09	-1.543584370000000011e-02	9.004943700000000301e-03
7.813415000000000000e+09	-1.540962920000000028e-02	9.048705900000000510e-03
7.813420000000000000e+09	-1.537784040000000040e-02	9.116854599999999961e-03
7.813425000000000000e+09	-1.534557469999999965e-02	9.185906900000000500e-03
7.813430000000000000e+09	-1.531580259999999923e-02	9.240693200000000412e-03
7.813435000000000000e+09	-1.526186099999999983e-02	9.295094900000000146e-03
7.813440000000000000e+09	-1.524969200000000046e-02	9.368221799999999766e-03
7.813445000000000000e+09	-1.522521509999999988e-02	9.415104400000000665e-03
7.813450000000000000e+09	-1.518280540000000074e-02	9.456932700000000164e-03
7.813455000000000000e+09	-1.515834050000000079e-02	9.535198199999999139e-03
7.813460000000000000e+09	-1.508732479999999945e-02	9.565540200000000048e-03
7.813465000000000000e+09	-1.506420150000000076e-02	9.635266899999999843e-03
7.813470000000000000e+09	-1.503823850000000038e-02	9.692689100000000460e-03
7.813475000000000000e+09	-1.501027559999999934e-02	9.747824500000000156e-03
7.813480000000000000e+09	-1.495761169999999980e-02	9.795321799999999468e-03
7.813485000000000000e+09	-1.494913900000000018e-02	9.857563399999999879e-03
7.813490000000000000e+09	-1.487021269999999964e-02	9.926008099999999654e-03
7.813495000000000000e+09	-1.487032760000000023e-02	9.964308800000000119e-03
7.813500000000000000e+09	-1.482419419999999981e-02	1.000335159999999994e-02
7.813505000000000000e+09	-1.478367239999999957e-02	1.006091450000000040e-02
7.813510000000000000e+09	-1.474600409999999966e-02	1.010926619999999963e-02
7.813515000000000000e+09	-1.474630489999999988e-02	1.017767370000000060e-02
7.813520000000000000e+09	-1.470244079999999919e-02	1.019643720000000010e-02
7.813525000000000000e+09	-1.462072879999999978e-02	1.028261540000000029e-02
7.813530000000000000e+09	-1.461221849999999947e-02	1.030147499999999917e-02
7.813535000000000000e+09	-1.454489129999999956e-02	1.036170999999999967e-02
7.813540000000000000e+09	-1.452501999999999960e-02	1.041962819999999942e-02
7.813545000000000000e+09	-1.447363389999999951e-02	1.049282850000000065e-02
7.813550000000000000e+09	-1.446407549999999959e-02	1.052447850000000004e-02
7.813555000000000000e+09	-1.440545780000000026e-02	1.057696579999999921e-02
7.813560000000000000e+09	-1.439987799999999964e-02	1.061245119999999938e-02
7.813565000000000000e+09	-1.434968829999999987e-02	1.067452009999999944e-02
7.813570000000000000e+09	-1.431469389999999973e-02	1.074324339999999968e-02
7.813575000000000000e+09	-1.425410340000000074e-02	1.076438750000000000e-02
7.813580000000000000e+09	-1.425470449999999972e-02	1.081774639999999975e-02
7.813585000000000000e+09	-1.421839230000000037e-02	1.086831490000000032e-02
7.813590000000000000e+09	-1.415510499999999942e-02	1.094105000000000077e-02
7.813595000000000000e+09	-1.412247269999999943e-02	1.094990229999999974e-02
7.813600000000000000e+09	-1.410728900000000029e-02	1.102242869999999972e-02
7.813605000000000000e+09	-1.403092880000000008e-02	1.105010510000000064e-02
7.813610000000000000e+09	-1.401342730000000071e-02	1.109502539999999982e-02
7.813615000000000000e+09	-1.397272389999999927e-02	1.114322369999999965e-02
7.813620000000000000e+09	-1.394372699999999951e-02	1.118216130000000003e-02
7.813625000000000000e+09	-1.387637899999999945e-02	1.124092340000000002e-02
7.813630000000000000e+09	-1.383870629999999977e-02	1.129043579999999998e-02
7.813635000000000000e+09	-1.381268780000000085e-02	1.132213840000000082e-02
7.813640000000000000e+09	-1.379055660000000003e-02	1.139160250000000041e-02
7.813645000000000000e+09	-1.372985569999999982e-02	1.141133570000000055e-02
7.813650000000000000e+09	-1.369213939999999914e-02	1.147210629999999981e-02
7.813655000000000000e+09	-1.365705629999999955e-02	1.150245549999999971e-02
7.813660000000000000e+09	-1.361834280000000057e-02	1.154425960000000050e-02
7.813665000000000000e+09	-1.357881959999999999e-02	1.159649450000000033e-02
7.813670000000000000e+09	-1.352413210000000081e-02	1.164811009999999931e-02
7.813675000000000000e+09	-1.350861910000000082e-02	1.168937310000000077e-02
7.813680000000000000e+09	-1.346126729999999952e-02	1.170775259999999943e-02
7.813685000000000000e+09	-1.341887219999999929e-02	1.177324249999999947e-02
7.813690000000000000e+09	-1.335930450000000040e-02	1.181265090000000080e-02
7.813695000000000000e+09	-1.333696669999999938e-02	1.184775740000000056e-02
7.813700000000000000e+09	-1.329840590000000086e-02	1.191179910000000029e-02
7.813705000000000000e+09	-1.325681209999999936e-02	1.195758929999999991e-02
7.813710000000000000e+09	-1.322212820000000059e-02	1.196430629999999974e-02
7.813715000000000000e+09	-1.319668119999999924e-02	1.201205959999999962e-02
7.813720000000000000e+09	-1.312733490000000079e-02	1.205609049999999995e-02
7.813725000000000000e+09	-1.308990330000000049e-02	1.210335010000000017e-02
7.813730000000000000e+09	-1.307714649999999930e-02	1.214639810000000056e-02
7.813735000000000000e+09	-1.302023589999999967e-02	1.220967239999999968e-02
7.813740000000000000e+09	-1.298554130000000029e-02	1.221196379999999956e-02
7.813745000000000000e+09	-1.293274890000000073e-02	1.228092149999999994e-02
7.813750000000000000e+09	-1.289556929999999962e-02	1.231378600000000018e-02
7.813755000000000000e+09	-1.283768669999999987e-02	1.233477759999999923e-02
7.813760000000000000e+09	-1.282541710000000001e-02	1.237469989999999929e-02
7.813765000000000000e+09	-1.275287320000000058e-02	1.243345560000000058e-02
7.813770000000000000e+09	-1.273361219999999926e-02	1.244478559999999921e-02
7.813775000000000000e+09	-1.269219740000000068e-02	1.248980040000000069e-02
7.813780000000000000e+09	-1.264352919999999977e-02	1.253644750000000065e-02
7.813785000000000000e+09	-1.262013350000000013e-02	1.257403609999999984e-02
7.813790000000000000e+09	-1.256719090000000053e-02	1.259717970000000069e-02
7.813795000000000000e+09	-1.252383619999999920e-02	1.264692310000000049e-02
7.813800000000000000e+09	-1.249314950000000000e-02	1.267576639999999991e-02
7.813805000000000000e+09	-1.244891610000000044e-02	1.272043020000000052e-02
7.813810000000000000e+09	-1.240010149999999992e-02	1.275392940000000079e-02
7.813815000000000000e+09	-1.236662470000000034e-02	1.278280719999999940e-02
7.813820000000000000e+09	-1.232295469999999948e-02	1.283346380000000009e-02
7.813825000000000000e+09	-1.228408330000000000e-02	1.288632179999999947e-02
7.813830000000000000e+09	-1.224787169999999939e-02	1.289794149999999931e-02
7.813835000000000000e+09	-1.219961129999999963e-02	1.294776079999999940e-02
7.813840000000000000e+09	-1.215720129999999996e-02	1.297750720000000017e-02
7.813845000000000000e+09	-1.211924929999999914e-02	1.301906870000000063e-02
7.813850000000000000e+09	-1.208113040000000082e-02	1.304472729999999955e-02
7.813855000000000000e+09	-1.202229590000000042e-02	1.306559120000000060e-02
7.813860000000000000e+09	-1.200828729999999997e-02	1.309149530000000040e-02
7.813865000000000000e+09	-1.195131930000000071e-02	1.317104659999999983e-02
7.813870000000000000e+09	-1.191451420000000025e-02	1.318936350000000056e-02
7.813875000000000000e+09	-1.187636440000000050e-02	1.320645129999999980e-02
7.813880000000000000e+09	-1.182037420000000075e-02	1.323247630000000050e-02
7.813885000000000000e+09	-1.180039329999999984e-02	1.328373730000000086e-02
7.813890000000000000e+09	-1.175644609999999986e-02	1.331329170000000034e-02
7.813895000000000000e+09	-1.172128189999999993e-02	1.334138720000000063e-02
7.813900000000000000e+09	-1.166864859999999955e-02	1.336572119999999975e-02
7.813905000000000000e+09	-1.164125430000000072e-02	1.341934929999999936e-02
7.813910000000000000e+09	-1.157474210000000031e-02	1.344460909999999933e-02
7.813915000000000000e+09	-1.156120929999999991e-02	1.348263840000000005e-02
7.813920000000000000e+09	-1.149263080000000048e-02	1.352400640000000001e-02
7.813925000000000000e+09	-1.146219390000000060e-02	1.353190859999999981e-02
7.813930000000000000e+09	-1.140899570000000057e-02	1.355888100000000006e-02
7.813935000000000000e+09	-1.140921439999999926e-02	1.361397680000000013e-02
7.813940000000000000e+09	-1.133916549999999974e-02	1.363126830000000074e-02
7.813945000000000000e+09	-1.127643409999999971e-02	1.367267150000000056e-02
7.813950000000000000e+09	-1.127903799999999991e-02	1.368293850000000013e-02
7.813955000000000000e+09	-1.121390310000000036e-02	1.371959690000000044e-02
7.813960000000000000e+09	-1.115293789999999979e-02	1.376454809999999931e-02
7.813965000000000000e+09	-1.111735280000000076e-02	1.378372649999999935e-02
7.813970000000000000e+09	-1.109397009999999947e-02	1.380883980000000011e-02
7.813975000000000000e+09	-1.104750680000000061e-02	1.385146660000000085e-02
7.813980000000000000e+09	-1.100145500000000026e-02	1.387903530000000017e-02
7.813985000000000000e+09	-1.094306549999999982e-02	1.388544870000000056e-02
7.813990000000000000e+09	-1.091425390000000037e-02	1.395008539999999936e-02
7.813995000000000000e+09	-1.088093879999999999e-02	1.397114749999999947e-02
7.814000000000000000e+09	-1.082918140000000036e-02	1.398775539999999942e-02
7.814005000000000000e+09	-1.080020660000000077e-02	1.400071739999999947e-02
7.814010000000000000e+09	-1.074467399999999920e-02	1.405746390000000082e-02
7.814015000000000000e+09	-1.070085250000000002e-02	1.408810719999999995e-02
7.814020000000000000e+09	-1.066912149999999990e-02	1.411521949999999977e-02
7.814025000000000000e+09	-1.063465819999999916e-02	1.414239349999999937e-02
7.814030000000000000e+09	-1.057216279999999980e-02	1.414346430000000022e-02
7.814035000000000000e+09	-1.053257150000000072e-02	1.419676540000000022e-02
7.814040000000000000e+09	-1.050706870000000029e-02	1.422921249999999950e-02
7.814045000000000000e+09	-1.046747949999999976e-02	1.424043969999999951e-02
7.814050000000000000e+09	-1.041089880000000030e-02	1.427207959999999935e-02
7.814055000000000000e+09	-1.035511799999999996e-02	1.428248619999999969e-02
7.814060000000000000e+09	-1.033847329999999960e-02	1.433769409999999939e-02
7.814065000000000000e+09	-1.029673029999999927e-02	1.437002440000000048e-02
7.814070000000000000e+09	-1.024412220000000054e-02	1.438412160000000078e-02
7.814075000000000000e+09	-1.020707679999999923e-02	1.439054009999999988e-02
7.814080000000000000e+09	-1.017395339999999961e-02	1.442923729999999981e-02
7.814085000000000000e+09	-1.012011139999999948e-02	1.446021689999999957e-02
7.814090000000000000e+09	-1.008968619999999969e-02	1.445742180000000009e-02
7.814095000000000000e+09	-1.004687519999999945e-02	1.447874740000000028e-02
7.814100000000000000e+09	-9.985215500000000147e-03	1.452249809999999960e-02
7.814105000000000000e+09	-9.964626100000000333e-03	1.454883709999999983e-02
7.814110000000000000e+09	-9.925079300000000382e-03	1.459269499999999928e-02
7.814115000000000000e+09	-9.881648200000000756e-03	1.460746310000000069e-02
7.814120000000000000e+09	-9.838675599999999188e-03	1.463006319999999964e-02
7.814125000000000000e+09	-9.786151300000000414e-03	1.465226860000000061e-02
7.814130000000000000e+09	-9.738759200000000546e-03	1.466495509999999995e-02
7.814135000000000000e+09	-9.687556700000000617e-03	1.470662950000000031e-02
7.814140000000000000e+09	-9.664212700000000822e-03	1.472937650000000036e-02
7.814145000000000000e+09	-9.616597100000000634e-03	1.475433919999999920e-02
7.814150000000000000e+09	-9.569830099999999257e-03	1.475935809999999980e-02
7.814155000000000000e+09	-9.548073500000000408e-03	1.479696169999999977e-02
7.814160000000000000e+09	-9.493650600000000384e-03	1.480483380000000015e-02
7.814165000000000000e+09	-9.468246700000000279e-03	1.485013119999999999e-02
7.814170000000000000e+09	-9.423395899999999215e-03	1.487068559999999914e-02
7.814175000000000000e+09	-9.372979999999999506e-03	1.487642949999999978e-02
7.814180000000000000e+09	-9.335179199999999941e-03	1.489828229999999934e-02
7.814185000000000000e+09	-9.286369399999999316e-03	1.490657670000000018e-02
7.814190000000000000e+09	-9.268774100000000057e-03	1.495226459999999917e-02
7.814195000000000000e+09	-9.232495900000000158e-03	1.498591110000000066e-02
7.814200000000000000e+09	-9.173554400000000567e-03	1.500770040000000069e-02
7.814205000000000000e+09	-9.121639500000000567e-03	1.503140719999999930e-02
7.814210000000000000e+09	-9.081207399999999264e-03	1.504928820000000014e-02
7.814215000000000000e+09	-9.041516200000000378e-03	1.506966040000000048e-02
7.814220000000000000e+09	-8.995264500000000815e-03	1.508871129999999998e-02
7.814225000000000000e+09	-8.953552300000000574e-03	1.511125970000000082e-02
7.814230000000000000e+09	-8.928215099999999363e-03	1.513387939999999952e-02
7.814235000000000000e+09	-8.866750700000000304e-03	1.514016470000000003e-02
7.814240000000000000e+09	-8.844188799999999628e-03	1.516876810000000048e-02
7.814245000000000000e+09	-8.769739299999999155e-03	1.520326009999999929e-02
7.814250000000000000e+09	-8.753667399999999835e-03	1.521593790000000043e-02
7.814255000000000000e+09	-8.708034700000000586e-03	1.521739800000000004e-02
7.814260000000000000e+09	-8.657345599999999655e-03	1.524408910000000020e-02
7.814265000000000000e+09	-8.611312299999999975e-03	1.526399059999999919e-02
7.814270000000000000e+09	-8.570417300000000849e-03	1.528661039999999922e-02
7.814275000000000000e+09	-8.545742500000000005e-03	1.530792230000000038e-02
7.814280000000000000e+09	-8.502996500000000249e-03	1.534017900000000066e-02
7.814285000000000000e+09	-8.463955699999999374e-03	1.533945830000000080e-02
7.814290000000000000e+09	-8.435557499999999514e-03	1.535771579999999949e-02
7.814295000000000000e+09	-8.377137700000000450e-03	1.538636730000000029e-02
7.814300000000000000e+09	-8.333663099999999435e-03	1.542350609999999962e-02
7.814305000000000000e+09	-8.291065900000000113e-03	1.541538119999999977e-02
7.814310000000000000e+09	-8.246486299999999589e-03	1.543000670000000026e-02
7.814315000000000000e+09	-8.221937900000000216e-03	1.543039489999999993e-02
7.814320000000000000e+09	-8.184339199999999745e-03	1.547083689999999984e-02
7.814325000000000000e+09	-8.137211499999999834e-03	1.548735449999999979e-02
7.814330000000000000e+09	-7.659993399999999626e-03	1.562841079999999910e-02
7.814335000000000000e+09	-7.597704500000000000e-03	1.569738559999999880e-02
7.814340000000000000e+09	-7.577254500000000018e-03	1.572806599999999888e-02
7.814345000000000000e+09	-7.497982400000000394e-03	1.579544849999999986e-02
7.814350000000000000e+09	-7.501610799999999975e-03	1.581686339999999885e-02
7.814355000000000000e+09	-7.461391000000000377e-03	1.578651600000000044e-02
7.814360000000000000e+09	-7.446149099999999597e-03	1.585932049999999940e-02
7.814365000000000000e+09	-7.356598899999999656e-03	1.585009189999999832e-02
7.814370000000000000e+09	-7.321539499999999909e-03	1.578126430000000024e-02
7.814375000000000000e+09	-7.252029499999999851e-03	1.586470489999999844e-02
7.814380000000000000e+09	-7.250733900000000398e-03	1.588932529999999982e-02
7.814385000000000000e+09	-7.146421800000000296e-03	1.586217709999999947e-02
7.814390000000000000e+09	-7.182498499999999571e-03	1.595833749999999926e-02
7.814395000000000000e+09	-7.169215700000000288e-03	1.591580810000000137e-02
7.814400000000000000e+09	-7.104277200000000056e-03	1.591112540000000006e-02
7.814405000000000000e+09	-7.026172699999999605e-03	1.593570659999999847e-02
7.814410000000000000e+09	-7.035695100000000264e-03	1.599003480000000046e-02
7.814415000000000000e+09	-6.987454300000000250e-03	1.601120569999999951e-02
7.814420000000000000e+09	-6.909453000000000296e-03	1.597674909999999976e-02
7.814425000000000000e+09	-6.911123600000000124e-03	1.601783290000000082e-02
7.814430000000000000e+09	-6.916275799999999779e-03	1.601319210000000035e-02
7.814435000000000000e+09	-6.854497799999999599e-03	1.600098989999999832e-02
7.814440000000000000e+09	-6.771077099999999946e-03	1.600222490000000053e-02
7.814445000000000000e+09	-6.720013099999999975e-03	1.608327749999999973e-02
7.814450000000000000e+09	-6.687697200000000328e-03	1.606629609999999861e-02
